BOUNDARY

cubic     1.0455159e+01

MOLECULES

species    0
nMolecule  100

molecule   0
  5.40236166524429740e-01  2.03567063890104860e+00  5.45441947532260674e+00
  1.22032544393019116e+00  1.47521428151361045e+00  5.98598368332176545e+00
  2.06331073889059313e+00  1.80882275497278133e+00  6.31420848053137007e+00
  2.70032906769527159e+00  1.43037306694388677e+00  6.93464119732663509e+00
  3.11372116871424920e+00  2.12698718935893982e+00  7.49250702125236145e+00
  3.21707848815188013e+00  2.21739443579691065e+00  8.47727860993330395e+00
  3.95007094350415411e+00  2.80718872606352976e+00  8.81736810202488819e+00
  4.09503970434219777e+00  2.64515971694309160e+00  9.80052563719215186e+00

molecule   1
  6.29983700598201590e+00  2.81922503695316884e+00  7.03482430350671972e+00
  5.95565390826806507e+00  2.94821326457968880e+00  6.20640150986067241e+00
  6.75798173908286870e+00  3.53237934622777638e+00  5.77887952827000539e+00
  7.08863939064269566e+00  3.17514236938683236e+00  4.84057334430050634e+00
  7.45382316225734254e+00  2.32332375515257672e+00  4.52499052401289337e+00
  7.43014501554493823e+00  1.58020388084713326e+00  5.15125362169116485e+00
  7.54783643822958528e+00  9.45648269560928623e-01  4.44116723148758741e+00
  6.79860828253309890e+00  2.79401579912844589e-01  4.26255713329030783e+00

molecule   2
  8.72569617436375644e+00  6.54369255900495772e-01  5.61303080126443543e+00
  7.85744834159551075e+00  3.22154282816645932e-01  5.51872148299687293e+00
  7.31091810836366740e+00  1.91656771863606079e-01  6.40959408953993837e+00
  6.45864666750552896e+00  1.00628977463335918e+01  6.26878967456562730e+00
  6.56271246072406989e+00  9.38635887038043926e+00  7.05942187789907027e+00
  6.49667089401691911e+00  8.49396864986065836e+00  6.82374282563138124e+00
  6.67638219047092818e+00  7.63570285328873943e+00  7.40802997452842504e+00
  5.78475130445830654e+00  7.22643832741270398e+00  7.33554912490826805e+00

molecule   3
  3.41015793372290910e+00  4.03125595378975365e+00  7.59748505748158465e+00
  3.17387351769471593e+00  4.86870679432910070e+00  8.18810340507254075e+00
  3.77683453152495918e+00  5.64699088657438164e+00  8.00061699500138168e+00
  4.76636583217659027e+00  5.49210874310133068e+00  7.73510650599862792e+00
  5.36456646983238272e+00  5.52789207853763997e+00  8.62435969792760915e+00
  6.00376670057426942e+00  6.16776721675995354e+00  8.47249304258587799e+00
  7.07837716305159326e+00  6.32506111227432122e+00  8.35919019506603256e+00
  7.59775184638872325e+00  7.11094483267002797e+00  7.83767921002714196e+00

molecule   4
  7.66669403491070778e+00  2.60912341988163776e+00  6.16626672003876930e+00
  8.25410972115713371e+00  2.74495545428974586e+00  5.37745786617530452e+00
  8.62750927426811565e+00  2.17341288099005414e+00  4.60665215356103186e+00
  8.51824498684316467e+00  2.35366673763224998e+00  3.71273862375972552e+00
  8.55666875694370432e+00  1.56193745888770041e+00  3.10939415026157340e+00
  9.07718410713696322e+00  6.99809338010877746e-01  3.23206176532898937e+00
  9.22541610236351772e+00  1.02952681236110308e+01  2.79452120104246537e+00
  9.58488608102272188e+00  9.53014921400929005e+00  3.33400399294902661e+00

molecule   5
  1.48774764043029539e+00  6.40272471099106788e+00  8.01694620861115048e+00
  9.22583140964613801e-01  5.50947609713140274e+00  8.07270526121250320e+00
  2.31674509882744878e-01  5.53370695294601589e+00  7.39002427397038275e+00
  1.00479450039581533e+01  6.31421976363443349e+00  7.64359193662388225e+00
  1.03165767374643149e+01  6.97873458564587779e+00  7.05853698347577385e+00
  9.79913636591511406e+00  7.70088450610302555e+00  6.60475342818952971e+00
  9.97585882163902760e+00  7.97501960806187604e+00  5.66777084388466701e+00
  9.51352214056275081e+00  7.28336475027605168e+00  5.00424294525215618e+00

molecule   6
  4.62095117158121749e+00  1.28004489741600036e+00  3.88719299134690610e+00
  3.89999311638987045e+00  1.88076042226941698e+00  3.46909827468896159e+00
  3.60538778994579134e+00  1.66049414808638707e+00  2.46710657777778009e+00
  2.71143042972572657e+00  1.28334654208401111e+00  2.36984314341066504e+00
  2.48087762102299569e+00  6.89781072907822090e-01  1.56825037614853691e+00
  1.89317566729222997e+00  8.87610928003195743e-01  8.36089451483259971e-01
  1.32525352495044779e+00  3.61206434080883210e-01  1.21322874652687956e-01
  1.27896642290100870e+00  3.49403706878258891e-01  9.66939250461028976e+00

molecule   7
  8.03328295189110531e-01  4.04739866477821231e+00  6.01553409448960963e-01
  1.87681000872144843e-01  4.84076946825363397e+00  4.71206754411070183e-01
  4.98131593362409197e-01  5.74284854904993036e+00  3.07181845036645362e-01
  1.49372736647601645e+00  5.99923345507774375e+00  2.39697480028122439e-01
  1.85692922230599566e+00  6.23118823845655090e+00  9.70205317943681678e+00
  1.24859713345371937e+00  6.70526891246111045e+00  9.15031623153212337e+00
  1.10118892238713695e+00  7.54499406829088670e+00  8.79760181207927339e+00
  5.28438084465255642e-01  7.41591149912678027e+00  8.04962797580615330e+00

molecule   8
  1.29573262924171506e+00  2.55591181388539157e+00  7.92068884227827574e+00
  9.60566429675677624e-01  3.46949219440497103e+00  7.64293466598556748e+00
  8.84520781470152673e-01  3.93905183364213585e+00  6.79419952798900795e+00
  1.04444960753655121e+01  4.35927548410235666e+00  6.39140267338822099e+00
  3.11301802281328643e-01  5.05183171138448639e+00  5.82429401650710066e+00
  9.87731533214032176e+00  4.93212696792911220e+00  5.49404241361373646e+00
  9.65466480390109716e+00  4.72178853432689483e+00  4.48088067172477178e+00
  8.89659141671505438e+00  4.18096979769344834e+00  4.21291221766281243e+00

molecule   9
  5.75797410701322576e+00  1.67471955793283356e+00  3.64436832627070251e+00
  4.94721668738560982e+00  2.22676031596291057e+00  3.64405941908348607e+00
  5.09814722305453305e+00  3.17204864896147232e+00  3.81913334531432636e+00
  5.29854925908799412e+00  3.22349888765385462e+00  4.80918116422101161e+00
  4.58346734923616417e+00  2.68113083645064965e+00  5.41623359825982931e+00
  4.75386722564970299e+00  2.72695486221413530e+00  6.46932844369896820e+00
  4.44723101356664152e+00  1.88226319006200171e+00  6.95389730546356422e+00
  4.05598714152132001e+00  9.38913597211958995e-01  6.91448821463590679e+00

molecule   10
  7.25717585621705741e+00  1.01006411920259751e+01  7.50737778008341827e+00
  8.18325852888201410e+00  1.04381158433298431e+01  7.73414790111790840e+00
  8.93357376940002013e+00  2.72506698710842710e-01  7.04298693362615413e+00
  8.83993935341116455e+00  1.16859667432408565e+00  6.56126807595961470e+00
  9.60038877709027183e+00  1.86638518705886569e+00  6.54608540239381842e+00
  9.28494314003708432e+00  2.83151688415663516e+00  6.21606648578975296e+00
  9.74884215180496838e+00  3.38211671291066862e+00  6.88584819859984076e+00
  9.56925947931387988e+00  4.39214939469045795e+00  7.21651173313872807e+00

molecule   11
  6.78164044215188166e+00  3.96373948796839937e+00  7.44275372001058066e+00
  6.98612746755141867e+00  3.87299534800521439e+00  8.38943310386924601e+00
  7.65417686072315107e+00  3.08770295438404885e+00  8.47636916098996451e+00
  7.47907816837139805e+00  2.06575854510368151e+00  8.32313576280813905e+00
  8.01703000514481623e+00  1.81106322077147652e+00  7.46335918563370448e+00
  8.76250717864357398e+00  2.36269331046862519e+00  7.28542354106863588e+00
  8.81362453129384171e+00  3.39237922622203714e+00  7.34245474365893269e+00
  8.65803287708443214e+00  4.06384691663743336e+00  6.76227741032081031e+00

molecule   12
  6.86354643488420546e+00  4.40245044194083279e-01  5.31974503674254606e+00
  6.02175276954257388e+00  8.95247141685532655e-01  5.53344934261276400e+00
  5.91374214839679091e+00  1.35502720887110994e+00  4.63693945579610567e+00
  5.85094778724849185e+00  2.31565761994446362e+00  4.49518188247576234e+00
  6.54088998008795475e+00  2.76090435120481015e+00  3.88309201580009455e+00
  6.79624100478267312e+00  3.77107683408322902e+00  3.78109894943565772e+00
  7.37569396115974829e+00  4.16303446599630700e+00  3.12082216618949548e+00
  7.62595710569075269e+00  5.12996988764508899e+00  3.13961579671587332e+00

molecule   13
  7.75427823963530738e+00  8.44740582048026667e+00  5.79077113481223105e+00
  8.60109028129590136e+00  8.43307801136141322e+00  5.38333836164790291e+00
  8.32982557809646451e+00  8.04627542568599807e+00  4.37974777219678657e+00
  7.40428407877944039e+00  8.04479731574072154e+00  3.92647354023414952e+00
  7.57435853941830217e+00  7.22739503512383319e+00  3.27702879224841581e+00
  7.13851003584457544e+00  6.32168197439659085e+00  3.43363500325347681e+00
  7.32894278961718726e+00  5.77809700294609829e+00  4.32460363973553452e+00
  7.13227609872748580e+00  4.79724393742193911e+00  4.04144366999291638e+00

molecule   14
  6.87428286878330752e+00  6.95934773243304594e+00  5.77088083711015543e+00
  6.44454543048685657e+00  6.41591771089613871e+00  6.47440164471830126e+00
  6.99546002257713972e+00  5.75844817748659299e+00  6.92485903986505846e+00
  6.56200984502480011e+00  5.12164691526187710e+00  7.48471084032880274e+00
  5.55686824534745050e+00  4.91128213424027926e+00  7.34985743313364193e+00
  5.08180649059634160e+00  4.66583544477952650e+00  8.20678360345482716e+00
  4.18155818887988762e+00  4.91840350809443816e+00  8.59189674604622944e+00
  4.23740253162342473e+00  5.11700498426772121e+00  9.58545628458168508e+00

molecule   15
  6.21377255389586303e+00  6.38081651593116117e+00  4.07982352911146240e+00
  5.35767259163615250e+00  6.11804672655159187e+00  3.58632779754749897e+00
  4.92626067239623833e+00  6.51369415938215379e+00  2.77598983114848297e+00
  3.87728835324737631e+00  6.34455678411374446e+00  2.85320763883298323e+00
  3.14668043274123965e+00  6.67205614631400579e+00  2.32609851161263936e+00
  2.62416865039287384e+00  7.39952095690823963e+00  2.04939960733578364e+00
  1.80016036204354868e+00  7.52681959050497262e+00  2.69250922863047881e+00
  2.07005720095678170e+00  8.06391824822303249e+00  3.51906161256893268e+00

molecule   16
  9.72441953851683216e+00  2.21299464780672395e+00  2.64883547976893841e+00
  1.00461371610590842e+01  1.74776099908075877e+00  1.84916690396114070e+00
  9.58013275407305720e+00  2.21324488114814688e+00  1.10428215469589941e+00
  1.02324255686234498e+01  2.07452500512592586e+00  2.54761421119436615e-01
  1.01543193692138303e+01  2.53010644905394289e+00  9.81162339802324368e+00
  9.55059154411299183e+00  2.01752722904387793e+00  9.12541159563787119e+00
  9.02608366732368061e+00  1.15762709264361008e+00  9.06981232070139143e+00
  8.87609709256103052e+00  4.58348354489244436e-01  8.31891603868938034e+00

molecule   17
  2.18545540521831638e+00  3.79180366074200670e+00  8.32412344411608451e+00
  2.43676384677255653e+00  2.82787560265924354e+00  8.30830522655337589e+00
  2.10499814342000713e+00  2.17337848393607436e+00  9.08339486056561540e+00
  2.68217661247064454e+00  1.35129551460806852e+00  9.16990765940148655e+00
  2.30965896590962094e+00  9.10040641613026224e-01  9.93980613040810645e+00
  2.76847359448166186e+00  1.39078594378710596e+00  3.23815538763199684e-01
  3.71463882998631956e+00  1.33903324747396435e+00  4.63827896863361899e-01
  4.16194009644494489e+00  8.03980585368639034e-01  1.09594140826454689e+00

molecule   18
  6.50919528126183700e+00  9.46802587103787552e+00  4.79146079451237572e+00
  6.11938521212274456e+00  1.01636696090997347e+01  5.21485871262657597e+00
  5.17556005900185578e+00  1.02630010662759137e+01  5.34664365547332476e+00
  4.85279341744579096e+00  7.26431923401994695e-01  5.40393115726819495e+00
  4.12376537261711817e+00  1.09559708473117934e+00  4.78932490355906904e+00
  3.20264745864653610e+00  1.11468893196294694e+00  5.07755834630740921e+00
  2.37414352896038094e+00  1.71553706292446817e+00  5.06797530836886967e+00
  1.43103024283289026e+00  1.28054405525026094e+00  4.92831164502394437e+00

molecule   19
  3.34300476471347974e+00  4.11328382576586371e+00  3.01224673840973445e+00
  2.98773405231661426e+00  3.63473395454009385e+00  3.83276004395876191e+00
  3.47081568937095319e+00  2.80593461560540725e+00  3.82091218298407798e+00
  2.70650109024997443e+00  2.22854122589378045e+00  4.06196481017297906e+00
  1.88892154419598102e+00  2.70066638285771354e+00  3.63228136226056897e+00
  1.23631901093356600e+00  2.65749289673343325e+00  2.95854862187807344e+00
  8.28294877103214922e-01  3.37261339740335719e+00  2.51485496147402143e+00
  7.86446386971311057e-02  3.94864516479951844e+00  2.83794385984135689e+00

molecule   20
  1.33586590106957237e+00  6.04449286060090074e+00  6.65651621173597086e+00
  1.63635663794846198e+00  5.26047025827030446e+00  6.10656518517011104e+00
  1.88081336858501946e+00  4.52481880411059034e+00  6.83589302444300184e+00
  2.50230213849319760e+00  3.83043050735109425e+00  6.66887462452281987e+00
  2.59305325666997044e+00  3.09757378568858721e+00  7.32816548412906510e+00
  1.95084388182265567e+00  2.29606058350133457e+00  7.16808453405932422e+00
  2.06317865722572558e+00  1.51536238436115167e+00  7.86232478263965628e+00
  1.51268030003526888e+00  1.41975892286252359e+00  8.64320024018810251e+00

molecule   21
  1.39707135057741505e+00  1.39847636170643885e+00  9.93269188472742023e-03
  4.26947114705608588e-01  1.00583645743088934e+00  1.03520293564572086e+01
  1.73731438266911287e-01  2.90556071299841456e-01  9.75818701858466220e+00
  2.32677979378550892e-01  5.19802142437878256e-01  8.92240156771212511e+00
  9.91537601879453945e+00  2.92834695361330555e-01  8.16775599841568045e+00
  1.02049638924556998e+01  1.43081016013985263e-01  7.15030033213842042e+00
  9.67110062228682921e+00  3.20364455603043274e-01  6.42538984466519825e+00
  9.84977885682746468e+00  3.62972883408697211e-01  5.50184708200148176e+00

molecule   22
  5.91411247578403021e+00  6.62642377159723761e+00  1.73505753127210194e+00
  5.86429756498409738e+00  6.97496960702501756e+00  8.28694547549932437e-01
  6.48555845690618415e+00  6.55163304968392790e+00  2.96151978789602588e-01
  6.34404145653216833e+00  5.64180621026510298e+00  3.48203241889196782e-02
  7.19245129936370819e+00  5.43022686738843063e+00  5.01577819837595418e-01
  7.62053746090226980e+00  4.70504104185337901e+00  5.69998586221365719e-02
  8.55848682625256174e+00  4.48396968855676636e+00  1.02324815038084882e+01
  8.12246639009699933e+00  3.68365166152515311e+00  9.85811953425045395e+00

molecule   23
  8.87655622430836999e+00  1.21837364271312887e+00  2.15861081912560415e+00
  8.26066361798262072e+00  8.63894829747024140e-01  1.53438447539051670e+00
  7.24478489402280523e+00  6.86131429161432438e-01  1.63866799021521170e+00
  6.94121797547732644e+00  1.54039865128416209e+00  2.07328100841406382e+00
  6.62908644803553759e+00  2.08053162252654866e+00  1.37442615288768932e+00
  6.32890089235348619e+00  2.93098953240387283e+00  1.76776584582325658e+00
  6.80637447107084359e+00  3.79244807742254197e+00  1.79944212127011949e+00
  6.42752985041580693e+00  4.40480345401806694e+00  2.41640024236620832e+00

molecule   24
  7.26734466454140193e-01  1.00995030887090760e+01  8.79928629473587698e+00
  6.81422323678651520e-01  9.65829053358802625e+00  9.65828747020271905e+00
  6.88177675533923838e-01  1.01213984904105452e+01  3.11163524702404645e-02
  8.49982409480114942e-01  9.68033241607509076e+00  9.73739497150239441e-01
  1.57085266924354960e+00  1.03724922714038392e+01  1.35378114587813014e+00
  1.63281486605406667e+00  1.04363349832860042e+01  2.31607062146313813e+00
  2.30453368004977532e+00  3.83100242799603807e-01  2.96323598814518396e+00
  2.03069670863725626e+00  1.23871291041572706e+00  3.11853885608045678e+00

molecule   25
  7.35566295551100691e+00  6.62709865356808692e+00  9.96567393523524814e+00
  8.07991222593306091e+00  7.20828867137857632e+00  1.03991796752297603e+01
  8.13689275992382655e+00  6.99327213386754654e+00  8.71203316196936028e-01
  7.84303895032740783e+00  6.17451548161075614e+00  1.09652512087137066e+00
  6.85127953714370896e+00  6.38968455414069236e+00  1.27181500813769155e+00
  6.01128465924481414e+00  5.89434822643317080e+00  9.36706851481620917e-01
  5.08533127627709991e+00  6.15056627707396331e+00  1.20777322968527212e+00
  4.37746665853935113e+00  6.35308793901017754e+00  6.69453294426770262e-01

molecule   26
  5.09117998625431589e+00  6.49625616662258309e+00  7.09487413132228895e+00
  4.35605425497263976e+00  5.87890339856302635e+00  6.84007686680250604e+00
  3.73523830318494632e+00  6.30227699532338281e+00  6.14711973349574325e+00
  3.37601920687751145e+00  5.59749447576256998e+00  5.61797325790183599e+00
  3.60799784509284427e+00  5.65594459092770752e+00  4.60583927798221637e+00
  3.43297329130708473e+00  5.01724695959509948e+00  3.81402634034202004e+00
  3.92149476710349942e+00  5.27823790212572597e+00  2.98609345332901377e+00
  4.77377191389216282e+00  5.34720941771908986e+00  2.82548336808264722e+00

molecule   27
  2.65575550919552805e+00  1.00402254494383421e+01  6.28133334772143836e+00
  3.28492405389327669e+00  3.04134458557686116e-01  6.49267706467245809e+00
  3.15866347855017926e+00  1.18047518252258854e+00  6.10520972087621772e+00
  3.97100519594615964e+00  1.83613789104855885e+00  6.08633119243000031e+00
  3.66298354609377519e+00  2.75769584034388027e+00  6.38022296965953561e+00
  3.93601454975903131e+00  3.56565210964674550e+00  5.71610524197208392e+00
  4.78609135051141088e+00  4.03628287596659341e+00  5.59544302377427361e+00
  4.87677396038486854e+00  4.67288825706382571e+00  6.35814474264109553e+00

molecule   28
  9.84478388248112068e+00  3.80224719247271370e+00  9.40581963896496731e+00
  9.09070887232662095e+00  3.44982725625500208e+00  9.67532689532053602e+00
  9.29237314648116275e+00  3.10605476826345273e+00  1.78642262870060603e-01
  8.76634545086997896e+00  3.37826289376189948e+00  9.80135128775003084e-01
  9.00565123454993177e+00  2.80408480903682200e+00  1.90471265782055021e+00
  9.94498447108603045e+00  3.11612361013613404e+00  2.22243975966183749e+00
  2.88009782105007717e-01  2.57551471646421115e+00  2.14499435406526295e+00
  2.48094448645933358e-01  2.22287399247498296e+00  1.21209656968065271e+00

molecule   29
  5.30254964179025201e+00  8.05851844271930906e-01  9.24635079553780415e+00
  4.75998504816563006e+00  7.03100659564889985e-01  1.00837881843609658e+01
  5.11102692627330946e+00  5.92424934281647220e-01  5.46725505693888114e-01
  5.17810330811447717e+00  1.00977374660351238e+01  8.69419532646468096e-01
  5.76861535758093247e+00  9.39969778993335048e+00  7.35509305522622614e-01
  5.86280796292761153e+00  8.42735971277848073e+00  9.82550005313395647e-01
  6.68135804530116406e+00  8.16057872714672605e+00  4.84771751285001773e-01
  6.97479302612639529e+00  7.30993002592660002e+00  6.57889491500914914e-01

molecule   30
  8.40694626648758891e+00  6.25964842409962685e+00  1.01737060984904595e+01
  7.97718764603737451e+00  5.51407896794061791e+00  9.74243141250473421e+00
  7.04193806239667275e+00  5.45559080588726086e+00  9.75329081457006453e+00
  6.62462160672895894e+00  6.17354038898902946e+00  9.32777389936602752e+00
  6.79208582280866402e+00  7.08412196863549504e+00  9.13911924039754275e+00
  6.37869445598472939e+00  7.45064806494403342e+00  8.37732421511122283e+00
  6.39940839691020358e+00  8.43567130400948173e+00  8.50472115893198044e+00
  7.05474471465858155e+00  9.02818985613951952e+00  8.06712649695795569e+00

molecule   31
  2.01025339088691446e+00  7.11834013463074022e+00  4.19782556299773368e+00
  2.43732066736002784e+00  6.90819063693441837e+00  3.28029468498280830e+00
  3.22975494819996944e+00  7.51885922009283902e+00  3.03508699973212748e+00
  3.85683055690020726e+00  7.75934895470745811e+00  2.34730955197966384e+00
  3.92609056007278445e+00  8.75502326659711727e+00  2.08261808069650911e+00
  4.87974623094940085e+00  9.12666657367251588e+00  2.06651953152260370e+00
  5.08164722042514949e+00  9.85728304957778612e+00  2.58066680786161706e+00
  5.95040821040245760e+00  1.03023713414479676e+01  2.55529241095838300e+00

molecule   32
  6.19000179244428139e+00  4.00861035485472694e+00  5.68655050205886248e-01
  6.01251230194695907e+00  4.79626543354359924e+00  1.11306363366272421e+00
  6.76955145710632067e+00  5.39246607027544567e+00  1.46373390612505228e+00
  6.82901646726463785e+00  5.96915550501403036e+00  2.23490955343240216e+00
  7.73723929196228255e+00  6.49032000882484894e+00  2.13486110759666392e+00
  7.71781656660935500e+00  7.56842141626008313e+00  1.92392514055295427e+00
  7.19737411284951278e+00  8.36337796771562125e+00  2.35727172712742838e+00
  7.49750914197285034e+00  9.23151227913205119e+00  2.25098572916629802e+00

molecule   33
  8.56741057477584178e+00  4.32188768584668370e+00  3.22060794556571661e+00
  9.19076162823953347e+00  5.07460684638427129e+00  3.32410139342308941e+00
  1.02355166111015787e+01  5.04071495176274276e+00  3.21967113036880992e+00
  1.75013727090139987e-01  4.23227363095690379e+00  3.77450419364738732e+00
  1.04857464956824686e+00  3.87083424414839827e+00  3.46564647634390210e+00
  1.72372809600272459e+00  3.70634228605772709e+00  4.21865425338471933e+00
  1.60809085694924536e+00  2.76586961548278643e+00  4.61482008291126800e+00
  9.02684088467434309e-01  2.18641104779174800e+00  4.15634915275369821e+00

molecule   34
  7.14316630272823705e+00  1.03313751595538914e+01  2.55015220168796564e+00
  6.55728491694815485e+00  6.34329039166148689e-01  2.73704963762332909e+00
  5.55965129243772882e+00  6.85932875235875650e-01  2.76681064475532734e+00
  5.23475340277668177e+00  3.68876506633279699e-01  3.73245341306737233e+00
  4.26146045032377074e+00  2.68708244356506032e-01  4.09577932095217534e+00
  4.12124140888324142e+00  7.17009676904740573e-02  5.12987265481021293e+00
  3.33145135355532895e+00  9.96532703349743088e+00  5.35432529073049324e+00
  3.47123694338000988e+00  9.31032964455249257e+00  6.02661383737347567e+00

molecule   35
  8.56413952587551286e+00  2.66260772587963102e+00  8.96974641463922673e+00
  8.20754406234697242e+00  1.73559431424271549e+00  9.30304022588135204e+00
  7.12126849782888804e+00  1.60515913303669344e+00  9.28165273744432184e+00
  6.31871424125739178e+00  2.06122959126452621e+00  9.78704446404155348e+00
  5.61942258987354215e+00  1.40927268882259460e+00  1.03065239009056153e+01
  4.84612735065212430e+00  1.56771301436717714e+00  5.13024130183340699e-01
  4.34774449397867269e+00  2.41109648964857737e+00  6.96031733951397058e-01
  4.20703146033469100e+00  1.95640377313909197e+00  1.62696025652542109e+00

molecule   36
  4.23312360205976557e+00  3.71157148249889168e+00  3.09832312965715406e+00
  5.10139763034311589e+00  4.10069736979645594e+00  2.86576641882529870e+00
  5.69558395772379544e+00  4.02978794589215195e+00  3.66557134592837341e+00
  5.44590764344045919e+00  4.29848846117846772e+00  4.52478975934561678e+00
  6.16070780626011683e+00  4.05050632621315376e+00  5.09438258872836336e+00
  6.11325846448534183e+00  4.66495066570230854e+00  5.92279091485128539e+00
  7.00856072799229235e+00  5.10449034030719595e+00  6.09342518476496053e+00
  7.62810476170029705e+00  4.87248738684366955e+00  6.86370277199242640e+00

molecule   37
  4.30843951407714165e+00  4.51829185922643983e+00  7.25591122847888492e+00
  3.53780609544234581e+00  5.13564930035557854e+00  7.11289211654784026e+00
  2.92009597886595396e+00  5.84932514016637217e+00  7.39836920006727627e+00
  2.46823855705903394e+00  5.98248022911333166e+00  6.49131681031416186e+00
  2.01511114555825932e+00  6.81252801317003964e+00  6.41649675973750533e+00
  1.62529623754767893e+00  6.88454043662195136e+00  5.54589024782013329e+00
  1.62870366432466818e+00  7.70777026740605820e+00  5.02201566471518923e+00
  1.99685530316605941e+00  8.44826657846486562e+00  5.63078346113641981e+00

molecule   38
  5.36764956013326167e+00  3.82147508444529560e+00  6.48615778367203966e+00
  5.71055901211287065e+00  3.78666817295121971e+00  7.44076382731432506e+00
  5.64848898952289602e+00  2.88334526734327312e+00  8.04349850052885706e+00
  6.36534876994603760e+00  2.28270626282380729e+00  8.43970182202316010e+00
  6.25595484913462663e+00  1.51537361020959760e+00  7.93151437147640159e+00
  6.26144314787700296e+00  6.98462820332600653e-01  8.52757819427603003e+00
  6.43316819222687375e+00  1.02026138002115161e+01  8.31558259791586707e+00
  7.28727598622098682e+00  9.82712129175809501e+00  8.56303180606624359e+00

molecule   39
  4.84108403402502674e+00  8.76693658270670007e+00  6.48855340924479385e-01
  5.29371967837390489e+00  8.52011359877938723e+00  1.03446620699115641e+01
  4.83322097478812918e+00  8.95087947497807512e+00  9.59642726583147088e+00
  4.15534830752534656e+00  8.54390195447288825e+00  9.00605519310780345e+00
  3.83118603625914123e+00  9.22606643371132229e+00  8.47763906268056644e+00
  3.35651243392460907e+00  9.95877566441598638e+00  8.98487329893464626e+00
  3.07032053924829107e+00  3.90524823070989235e-01  8.82582898767172352e+00
  3.96497360034156543e+00  8.86566340392115904e-01  9.11417170989996883e+00

molecule   40
  5.94551498021082914e+00  3.94413934477175721e+00  8.82392695864022514e+00
  6.48231969812658093e+00  3.18127656052520180e+00  9.06292785530113321e+00
  7.12410017807903451e+00  3.44503100585576005e+00  9.74152072346177889e+00
  7.24794831995196187e+00  2.63546689944118029e+00  1.02967560587998648e+01
  8.13103741499929278e+00  2.69038506018993306e+00  7.26982927962536440e-02
  8.46517711046044852e+00  2.04990588064922674e+00  5.98059831994656954e-01
  8.25228489924682940e+00  2.30354621859497799e+00  1.41185348633841690e+00
  7.83394901898211948e+00  3.18394854013865869e+00  1.47024150000718068e+00

molecule   41
  8.99318963797081494e+00  7.16931023438140347e+00  7.64610959640253718e+00
  8.79332612466539310e+00  7.98943378770586765e+00  7.07414279393562051e+00
  7.78972669404870111e+00  8.33243273892720104e+00  6.94360741397914438e+00
  7.83216204710099539e+00  9.31313694962553207e+00  6.64011693845850637e+00
  8.40679758162542967e+00  9.34183763393986055e+00  5.81811253036566889e+00
  9.14421218743173903e+00  9.84884777704690428e+00  5.44520558222359874e+00
  9.39766562835131758e+00  9.56901894624642679e+00  4.50380108956275560e+00
  9.23195763448853235e+00  8.64770979662668537e+00  4.58739347428667532e+00

molecule   42
  4.97501335144728341e+00  9.79067948914340036e+00  1.03087344226620505e+01
  4.05605386076864338e+00  9.88098408500783698e+00  2.24208504302102041e-01
  3.66732799943256449e+00  2.65807417804475810e-01  1.02032826355950057e+01
  3.25445903238205592e+00  3.49972338289083362e-01  5.50118253899657406e-01
  3.45617717408835023e+00  1.00760208284284083e+01  1.18658875342599224e+00
  4.11111570606017906e+00  9.84682707418294534e+00  1.75224279335905542e+00
  3.91421826422548369e+00  9.67425685998542306e+00  2.67710684803978172e+00
  4.56693937258133342e+00  9.99331326751473981e+00  3.39041237029684872e+00

molecule   43
  4.30697263769730654e+00  8.10198539582152399e+00  5.24154510930552675e+00
  3.74508441090723743e+00  7.99662064617545276e+00  5.95673155523240627e+00
  4.33424679436698757e+00  7.62946376816217597e+00  6.66460461120697367e+00
  4.05086293039860568e+00  6.91764018410822157e+00  7.40536524409840258e+00
  4.59955856381645400e+00  6.44610050290850545e+00  8.09836700617961824e+00
  4.28414543728350150e+00  6.08194685868812090e+00  8.90963706466884275e+00
  5.00440972875224599e+00  6.30255783852593865e+00  9.52947244300189134e+00
  5.43093384685697522e+00  5.36998609041370845e+00  9.70451945418759365e+00

molecule   44
  1.00325672427764019e+01  6.18563256326699662e+00  1.56803616067953411e+00
  1.82227106624338081e-01  6.65262638603681555e+00  7.93226723421119662e-01
  4.86140630222939019e-01  7.52372808616164868e+00  1.18028577032607185e+00
  1.14876819991752299e+00  7.84526744341701843e+00  5.94134884044129508e-01
  1.87802894715532043e+00  8.33976466787548887e+00  7.45044644440027048e-01
  2.80925756171216534e+00  8.45338610470473029e+00  2.74630787410876154e-01
  3.09008933606269665e+00  8.41030594933014264e+00  9.79602772747415962e+00
  3.86201761874262539e+00  7.77049942610275224e+00  9.65783874504904105e+00

molecule   45
  7.49492486456375229e+00  4.68832785295093046e+00  2.11285915523933232e+00
  8.12239715813639584e+00  3.94006456568931140e+00  2.24772149944882926e+00
  7.85828885355862727e+00  3.06382997160915194e+00  2.78870292642316997e+00
  8.70654317550214962e+00  3.26411447273684185e+00  3.38626780348490053e+00
  9.54992976750286005e+00  2.67136191990951444e+00  3.49561781045767717e+00
  9.72935631342739882e+00  1.83725117167005902e+00  4.07150853091015552e+00
  8.67197328917271304e-02  1.33779165729602134e+00  3.82625833316365727e+00
  3.74080513872102893e-01  6.49213761499909725e-01  4.39823415077822677e+00

molecule   46
  5.85652375285899210e-02  6.19157751129419598e+00  4.54439910471930819e+00
  5.13662674655077423e-01  5.43117654558170226e+00  4.91150945158281438e+00
  1.50014498957758846e+00  5.54845668061553532e+00  4.90463627808960911e+00
  2.15254073161634274e+00  4.79419789779074002e+00  4.70352188035226604e+00
  2.77484727440348156e+00  4.74017450254538453e+00  5.40200619812758376e+00
  3.22884138806928078e+00  3.99584769094635917e+00  4.94960624226310131e+00
  4.21080471689250846e+00  4.04668243596186539e+00  4.62787471639940229e+00
  4.64272437097878843e+00  4.26677786550534854e+00  3.79699022242996342e+00

molecule   47
  3.32208259530164973e+00  6.63958477140127279e+00  1.11616214683036419e+00
  2.97595196465541489e+00  5.66902961541436845e+00  1.12909215053653278e+00
  2.15775429752676207e+00  5.41550445972745376e+00  9.11964708847761485e-01
  1.52359530098485818e+00  4.74921141875624375e+00  1.14287879536232495e+00
  5.59790636367953787e-01  4.73953635226079673e+00  1.42186843877546520e+00
  2.19382192477131019e-02  3.82609978855368871e+00  1.43000507453718573e+00
  9.54033473912441643e+00  4.09447512752332710e+00  1.65932254410788960e+00
  9.50534348454674571e+00  4.13335717563240035e+00  2.69419266697043192e+00

molecule   48
  4.14494941819965224e+00  3.71623339859782309e+00  6.69859293275984236e+00
  4.44028690047463304e+00  3.42044033117702906e+00  7.60081001321143557e+00
  4.17127180500181005e+00  3.70718663675727766e+00  8.44096858951370876e+00
  3.23918086618344736e+00  3.44160775674705111e+00  8.58808718618625200e+00
  2.79196683866523143e+00  2.87804260781809518e+00  9.33075357866028021e+00
  1.99125487328748974e+00  2.93741778619330685e+00  9.92653048259795945e+00
  1.44753420439865077e+00  2.17371012122576168e+00  9.81450789057946338e+00
  8.87030815212306423e-01  2.25729641963762395e+00  8.98841339888095270e+00

molecule   49
  7.40816384201438005e+00  9.26323290732977611e+00  4.78406387168082314e-01
  8.16594690790440580e+00  8.88738698951942929e+00  2.19171302420875236e-02
  8.43820977598536892e+00  8.21052373640932842e+00  7.24966144546469793e-01
  9.40975209277870484e+00  8.38493123862446055e+00  8.66919881931127900e-01
  1.00924733651890026e+01  8.05124892968196804e+00  1.44520930697060224e+00
  1.03845330191338494e+01  8.23050799038487213e+00  2.50764057435288823e+00
  1.02942430411396835e+01  7.53019688429283196e+00  3.12541654658783141e+00
  1.01677656743058193e+01  7.84190539573849676e+00  4.18274348298692988e+00

molecule   50
  8.24359344211216083e+00  1.72533322740181538e+00  5.69556144067675163e+00
  7.58786106404373228e+00  1.39247347447067016e+00  6.41341836559654954e+00
  6.94556441557489368e+00  2.07710238606875564e+00  6.58414702265808316e+00
  5.99480880380555536e+00  1.86174610506118743e+00  6.41260432924795332e+00
  5.40805578466485848e+00  2.28724036201740644e+00  7.12870522138934248e+00
  5.10055196332837291e+00  1.79601738477898176e+00  7.91744289181800998e+00
  4.95547164994243072e+00  2.30083204626457150e+00  8.70417468853434606e+00
  4.51383140726468302e+00  1.77896388868810718e+00  9.37832297569151940e+00

molecule   51
  8.38582074167662839e+00  9.97063160292794315e+00  9.63250051334729029e+00
  8.43375664315217755e+00  9.55209110920110049e+00  8.74740931734290150e+00
  9.19057699250953419e+00  9.51196486908633787e+00  8.00516981644797809e+00
  9.38741166568787122e+00  8.59158341137188408e+00  8.02606022967279031e+00
  1.01016843261091545e+01  8.04108260245873474e+00  7.73471877146803344e+00
  9.96884096610201986e+00  7.25044959893425744e+00  8.45280052279733951e+00
  9.34573413138160092e+00  7.56108711767949693e+00  9.13855748729206496e+00
  8.45367298864530525e+00  7.30177203635743322e+00  9.40091012158079664e+00

molecule   52
  8.87129119005244959e+00  1.03667001907118621e+01  7.45885858650009226e-01
  8.79801403193074627e+00  9.51775048223952780e+00  5.15018514232074676e-01
  9.31312003290374868e+00  9.29941658848982833e+00  1.01411387873915881e+01
  9.87319126484544896e+00  8.62331501738810502e+00  9.73412684335589340e+00
  3.11735036828910905e-01  8.75832985418740328e+00  9.44643464190455262e+00
  4.69801845051870004e-01  8.78756455371564726e+00  8.50634851954969839e+00
  1.41441068657430380e+00  9.21505391405479202e+00  8.37245821828431680e+00
  1.54917226368337402e+00  9.73987306707521583e+00  7.54329445803117959e+00

molecule   53
  2.48086516848407124e+00  7.08921047880342758e+00  9.98284208715826438e+00
  2.57133174413557164e+00  6.26108319528515000e+00  7.19306539359300112e-02
  3.45361666735348560e+00  5.78343664456749096e+00  1.47006238368312864e-01
  4.08412418527243659e+00  6.25601609799881864e+00  9.90297731327251718e+00
  3.49963425460096866e+00  6.65643826194354293e+00  9.35828624976417167e+00
  3.57558574018372655e+00  6.68630667731068762e+00  8.42567192223973116e+00
  4.12132777628456903e+00  7.56362800429523219e+00  8.47928089980528554e+00
  3.61441870828443923e+00  8.09865723708815111e+00  7.89434706390638219e+00

molecule   54
  2.83166804202494626e+00  7.77661472311515656e+00  4.42662855620653328e+00
  3.83622384646609627e+00  7.51439651932942265e+00  4.54416465546654358e+00
  4.63934153141736516e+00  8.05154108794483214e+00  4.14017389519255552e+00
  5.00749881346869774e+00  7.96648206293451455e+00  3.25371783860309138e+00
  5.44482152179591683e+00  8.54893997638311909e+00  2.65063451484326373e+00
  6.31475276434877930e+00  8.41386271708343614e+00  3.06826232021382816e+00
  6.47914568731184737e+00  8.93114312181580239e+00  3.86197847535858196e+00
  6.39735098205410679e+00  9.94137550652481394e+00  3.83929112995128552e+00

molecule   55
  2.61970986408964990e+00  2.92547196404579335e+00  1.93585571246626259e-01
  2.52069067937043156e+00  3.74337984487024400e+00  7.95892171780910429e-01
  3.00465344498765186e+00  4.42862722412181053e+00  4.73053080655010227e-01
  2.76987850398647995e+00  5.05817216482635867e+00  1.03454506125384338e+01
  1.83853938047707244e+00  4.61031193048119281e+00  1.02241071706565592e+01
  1.03375228478819237e+00  5.12304752039731603e+00  1.00803123276473059e+01
  2.66887435360617153e-01  4.64158790450639014e+00  9.68771125490396834e+00
  1.01312237532078200e+01  5.48150433061424813e+00  9.76358820057648025e+00

molecule   56
  7.98500640810027740e+00  3.06068866031574904e+00  4.36667775434700633e+00
  7.89606218008199878e+00  3.83956991922831570e+00  4.85438653895766414e+00
  8.30945838225268218e+00  3.86195289638483885e+00  5.74211698914532942e+00
  7.64447306803435289e+00  3.82663802200125858e+00  6.63605079538347820e+00
  7.86720454901137245e+00  3.66931396178133440e+00  7.63045550814408013e+00
  8.48112498615392063e+00  4.44708524083684775e+00  7.89113915285168588e+00
  9.23638686800917341e+00  4.42463464116170702e+00  8.49141047230398094e+00
  1.00297150396202106e+01  5.04987370273752489e+00  8.39018044333758972e+00

molecule   57
  9.83529955298807046e+00  1.36578251939070516e+00  9.86254307390493423e+00
  9.05009507745951858e+00  1.91597132285911598e+00  1.00486865657173983e+01
  8.69456747630968074e+00  1.08746609107267367e+00  1.02458960358290447e+01
  7.88640446537271078e+00  9.12907650853397756e-01  5.06982832978681408e-01
  7.19328927031399168e+00  1.95793559991040311e-01  6.85187568648771061e-01
  7.41299134983852603e+00  9.88233862276647024e+00  1.44953365467506545e+00
  7.92027363059444589e+00  9.05720264587613499e+00  1.34784212194077035e+00
  8.47599012653855155e+00  8.46900410999173126e+00  2.13693277718209185e+00

molecule   58
  5.20594458497448276e+00  2.96427297493450981e+00  9.59084434439982836e+00
  4.69220596888258523e+00  3.83488507664800515e+00  9.48692561278276258e+00
  4.87834623787045896e+00  4.54697081329310571e+00  1.01258481583443807e+01
  3.99670738708145024e+00  4.85883600590494424e+00  1.01006399286106649e-01
  3.92931498426677583e+00  4.71209119406544463e+00  1.06901213066008238e+00
  3.41869126910742605e+00  4.04823717537340322e+00  1.60931548178467154e+00
  2.62906520256842846e+00  4.31752895300131367e+00  1.87185133846128160e+00
  2.33529003201162544e+00  3.81955737587514799e+00  2.71662244337886616e+00

molecule   59
  9.25375725562962970e+00  3.19137974021607862e+00  4.94267999161242688e+00
  9.81945783566663444e+00  3.57028573803774485e+00  4.22843214411406887e+00
  1.54167937594537008e-01  3.09282778246514800e+00  3.80056857266367532e+00
  1.09745451071794009e-01  2.35726821148232180e+00  3.19698487312210577e+00
  8.96050668514027815e-01  1.66989345940959044e+00  3.15568081589195826e+00
  1.30765711922989203e+00  1.44810667128332504e+00  2.23468317277637940e+00
  1.05934925948086112e+00  8.01632065727587717e-01  1.75372684805168899e+00
  8.43526068703026710e-01  1.10660532185213212e+00  8.60133840362381052e-01

molecule   60
  1.01765941624917797e+01  1.14254367186262273e+00  9.79213551379474079e-01
  9.46998657037313407e+00  8.34571192403711692e-01  3.99563085928874462e-01
  9.36783673601131106e+00  4.30160053868010803e-02  1.03526539435259259e+01
  9.58520987256727075e+00  1.04399270124979235e+01  9.39606415834081155e+00
  1.00087640687801489e+01  9.69859137357308931e+00  8.89918535834840974e+00
  3.73741457519454964e-02  9.71807622550577221e+00  7.98090108401813492e+00
  1.85260242663006190e-02  9.05067753814240206e+00  7.26862030404474790e+00
  3.14609943992217658e-02  9.50740808907111479e+00  6.45148283996730409e+00

molecule   61
  1.63369789882283967e+00  7.61418667522927439e+00  1.50855417338892916e+00
  8.86012692797325863e-01  7.56218829772942058e+00  2.21371344288305583e+00
  9.51486507017837435e-01  8.21230454929277975e+00  2.97633017457290183e+00
  2.09591165470000618e-01  8.86322104254347387e+00  3.26150938398273160e+00
  1.11534310854923741e-01  8.75605904782949729e+00  4.16319440218372971e+00
  3.82515155390898309e-01  9.41789707115518304e+00  4.71704361878512302e+00
  1.02347791853898364e+01  9.75664683592289528e+00  5.39054600427024511e+00
  9.88800727135451574e+00  9.00301679171234959e+00  5.83678157682362109e+00

molecule   62
  6.43090332848450341e+00  9.16950769317890990e-01  7.66707983588980402e-01
  6.03634216332647178e+00  4.38465052562346747e-01  1.54792956122177872e+00
  5.06688809578144905e+00  4.06773596861058406e-01  1.68759036052713030e+00
  4.50626971182216263e+00  6.92130757962366117e-01  2.41236934746810272e+00
  3.53363471807530871e+00  5.90586485892496849e-01  2.24018171034477165e+00
  3.08077126580643101e+00  1.01764565672535294e+01  2.30821221656325326e+00
  2.94163608468220916e+00  9.34848431893215981e+00  1.69171710871871595e+00
  2.80014353691507845e+00  8.36913280822872885e+00  1.99429285745681684e+00

molecule   63
  1.02218631494606882e+01  1.11678836070547693e+00  2.83514471549185920e+00
  4.79314977517481366e-01  4.53240648814220604e-01  2.49093622666074577e+00
  9.58199510547373512e-01  5.06495555784437390e-01  3.26959789451471883e+00
  1.46853487460559751e+00  1.02907953506913437e+01  3.81830476367179283e+00
  2.22809886815141045e+00  9.86782448026252546e+00  3.47062170902926637e+00
  2.65773699884153336e+00  9.07808692293705555e+00  3.91270096403805923e+00
  3.25450534540413550e+00  8.95626748088762703e+00  3.12241241271370162e+00
  3.96059161726902609e+00  8.63329128525558964e+00  3.62033548481888845e+00

molecule   64
  8.09396668592274970e+00  6.38582601672264882e+00  8.91943175208735006e+00
  7.82993567934262735e+00  5.53699758345387227e+00  8.56162360273515333e+00
  8.42344070593070526e+00  4.85172807982534060e+00  9.03134420569291763e+00
  9.03838437877737100e+00  5.37139503830187159e+00  9.68431873198277593e+00
  9.58250723434470508e+00  5.05750968978255244e+00  1.65562796549849622e-02
  9.66100564980725629e+00  5.52923445185611317e+00  7.91595115529529769e-01
  9.77063562616118197e+00  5.07123793745414542e+00  1.64883004102204556e+00
  9.86497324798684616e+00  5.74807902549914651e+00  2.41945878444061035e+00

molecule   65
  7.29174808684771847e+00  4.75010383986426188e+00  5.16216584036104553e+00
  7.91539226226622716e+00  4.77090985366312914e+00  5.86163545933074381e+00
  8.94211022714033277e+00  5.07751861804955684e+00  5.93815981927636027e+00
  9.59270408937489805e+00  5.54103310431002605e+00  6.57519309309846989e+00
  1.03033070279917762e+01  5.95161433050971844e+00  6.09191547164271174e+00
  1.51538911668575693e-01  6.90362499466739266e+00  6.12601463574610339e+00
  5.94121378435086500e-01  7.07438633095191882e+00  5.37626757132398847e+00
  5.18710324444099036e-01  8.00211214355692313e+00  5.11103243551769548e+00

molecule   66
  2.49430849431521079e-01  2.64028824690972330e+00  6.72346083250558113e+00
  3.75956120000912997e-01  1.62046610515003131e+00  6.83571201600001999e+00
  1.03429879798731559e+01  1.08707830315305776e+00  7.60570159915445654e+00
  1.02464123143932362e+01  1.41691555155426352e+00  8.55999864416107670e+00
  1.03821903390100179e+01  2.48628022066346910e+00  8.65418958536394456e+00
  4.48836379680373154e-01  3.14952194429446841e+00  9.17428934957894526e+00
  1.04298413675324619e+00  3.83109472126337103e+00  8.76218637948037582e+00
  1.62429692381496604e+00  3.97868438181608708e+00  9.54922660147009061e+00

molecule   67
  1.34090882161012059e+00  8.69176852468656413e+00  2.17140803735623367e+00
  1.50420712750087371e+00  9.41853369884552549e+00  2.82970652484847651e+00
  5.34504473845337502e-01  9.80551423726369720e+00  3.03712387969850361e+00
  8.75792887973346618e-02  1.00139693515043380e+01  3.87729258363575369e+00
  9.64743980662010259e+00  1.03504543235281350e+01  3.85662909210483029e+00
  9.45904318613223438e+00  6.48526405296191433e-01  4.43499967741458612e+00
  8.54980811757539172e+00  5.28658555102835437e-01  4.28306108860680634e+00
  8.12176635294954252e+00  1.01239203324636620e+01  4.43788309495712419e+00

molecule   68
  2.20782997680664028e+00  8.64676238807877917e-01  4.10245397520312061e+00
  3.16086943347588267e+00  5.60241776229301824e-01  4.01082378768024128e+00
  3.46242514922160582e+00  1.01835145274872438e+01  3.59320681510034401e+00
  3.80733974792729990e+00  9.55417532629652655e+00  4.35676497735639767e+00
  3.37738183000368686e+00  8.68410068893270548e+00  4.55323550081683770e+00
  2.76395376631653633e+00  8.96604222172053866e+00  5.26959350496947110e+00
  1.84528166440448094e+00  9.16027714103811164e+00  4.79129613638164731e+00
  1.29518890516724472e+00  8.59590711506213445e+00  4.21015879258168724e+00

molecule   69
  1.82445860893069534e+00  2.31583189181423776e+00  7.40858174340901510e-01
  2.49556022573817282e+00  1.83879398698196606e+00  1.26736962559039967e+00
  3.34276911550593159e+00  2.18500345106653260e+00  9.38804795377165768e-01
  3.60779853401652728e+00  2.98549348824227545e+00  1.47112318570917155e+00
  4.59092711145301102e+00  2.95142991149528866e+00  1.60290763745725640e+00
  4.71859318592945165e+00  2.70486554848753569e+00  2.58254743304674861e+00
  5.65638873521046293e+00  2.63459301963562131e+00  3.03370507399196887e+00
  6.32432877266512605e+00  2.04855720987611312e+00  2.81670336396319154e+00

molecule   70
  7.03608874173940535e+00  1.86145710520839036e+00  3.71947526261854255e+00
  7.56761575436797340e+00  1.84836423971794495e+00  2.80278854861032434e+00
  7.81834770153719294e+00  1.01227299788868041e+00  2.43137978117725906e+00
  8.30000039595643990e+00  1.35311199556677475e-01  2.48773655086726997e+00
  8.50449200846752973e+00  1.00025604145251226e+01  1.73902016187187969e+00
  9.40047073227515639e+00  9.52626818288913313e+00  1.65604461440599793e+00
  1.00559140500548772e+01  9.93916831312069782e+00  1.00750627976797325e+00
  2.08843019491900289e-01  1.55694396969113746e-01  1.48258574196731385e+00

molecule   71
  4.95621546443830496e+00  1.60523686636573015e+00  2.74122469691476267e+00
  5.31425511966109188e+00  1.91541317624577867e+00  1.82875396863500694e+00
  5.73451258731410718e+00  1.76252194799252559e+00  1.00540476054822969e+00
  5.42206381505109469e+00  2.54056409306741227e+00  3.25802834154833687e-01
  6.10774033195110100e+00  3.11689710167474665e+00  1.03005856332899697e+01
  5.87634580971535669e+00  3.97215036282541956e+00  1.00293050835680440e+01
  6.61396120538209775e+00  4.46809261031548299e+00  9.61912591181714127e+00
  6.30018030790646399e+00  5.04786483823130627e+00  8.88036428525922972e+00

molecule   72
  4.85009507048858879e+00  5.29373664626728146e+00  4.28610751012453051e+00
  5.41583935535545535e+00  5.41218375648677519e+00  4.99730741598288830e+00
  5.57550761060427202e+00  6.33414588809204115e+00  5.30332287464663743e+00
  5.02001255112856537e+00  6.95369712542309859e+00  5.91528698726981794e+00
  5.72622403598125373e+00  7.43853354038065806e+00  6.36272291148906266e+00
  5.97584392083178795e+00  8.25282922127519036e+00  5.84750780448989538e+00
  6.01333503882658782e+00  9.16808999490101684e+00  6.14915304499970450e+00
  6.98892048469453098e+00  9.33298602321783832e+00  5.85839864392461784e+00

molecule   73
  9.44672336832739923e+00  6.71684461438741920e+00  2.74567443355709928e+00
  8.72577596694828017e+00  7.07222513154189247e+00  3.35662585211097930e+00
  8.30458725872334469e+00  7.73129487050753994e+00  2.80590928128870409e+00
  7.82752009321477171e+00  8.57968426149510321e+00  3.05608984470921285e+00
  8.08810564193434800e+00  9.53102087685167554e+00  2.98528840743521906e+00
  7.56343960717063712e+00  1.02550643536252082e+01  3.54146144208327218e+00
  7.38987818049471290e+00  7.79233626171812355e-01  3.44315658021268867e+00
  6.45864199832229957e+00  1.04757259449630791e+00  3.75230494397501335e+00

molecule   74
  2.00357914808848481e+00  5.86027491666007894e+00  2.09364019190817530e+00
  2.73863617317666508e+00  5.17484645144190658e+00  2.35649828542568862e+00
  3.57363165718810860e+00  5.27850850123035986e+00  1.98420198687658011e+00
  4.26284486289274156e+00  4.49620168296898637e+00  2.09443607136665388e+00
  5.07205385118714158e+00  4.32746523468930633e+00  1.59194549975553690e+00
  5.57759818239503868e+00  3.64338315911189525e+00  1.98573284121230276e+00
  6.06111095599159189e+00  3.58649783797224853e+00  2.86882125549716793e+00
  6.75765232435122520e+00  3.02641298938663539e+00  2.88761375751899463e+00

molecule   75
  1.80527301808229845e-01  6.89093247208199955e+00  9.30053621901121730e+00
  5.04743973690436443e-01  7.65442621553517899e+00  9.78804613606958185e+00
  1.03752278393658610e+01  8.05280541952265771e+00  7.92719623026445358e-02
  3.85092773276145328e-01  8.71708602990757164e+00  6.39573858634574943e-01
  1.03351926008175123e+01  8.99723556867145291e+00  1.34402830161149089e+00
  2.83464871943525487e-01  9.48805016083754538e+00  2.11468192977263625e+00
  1.01346359931656451e+01  9.95337339934480703e+00  2.53845636951915354e+00
  9.86832761889344567e+00  2.56786436072269919e-01  1.99690965721970826e+00

molecule   76
  5.83505153972608603e+00  5.39415976666076435e+00  2.16686524168765393e+00
  5.69228777840658040e+00  4.99623741622302209e+00  3.10308472801110069e+00
  6.20234821805144954e+00  5.34990486799072862e+00  3.83320321952583232e+00
  6.24867671748414377e+00  4.96377729076053420e+00  4.79746515781874994e+00
  6.61481472877035692e+00  5.66545744712716637e+00  5.30645588682245339e+00
  7.63183929160877561e+00  5.86568206180716434e+00  5.27863703794853745e+00
  8.11979435543647377e+00  5.81001932486894113e+00  6.00992329376236967e+00
  8.84820106099409820e+00  6.39026444437991259e+00  6.47132180715281535e+00

molecule   77
  4.54878052160002522e+00  1.03228864587553684e+01  6.10039006379850424e+00
  4.72337623480711510e+00  9.42202863124698453e+00  5.61740886748920953e+00
  5.52643187591067520e+00  9.11418108548600081e+00  5.16641140374407826e+00
  5.48206732226561133e+00  8.61360443631485495e+00  4.38951377846791058e+00
  5.56865219023922631e+00  9.24830988440600521e+00  3.39688798827011595e+00
  6.38348906379879111e+00  9.42526753782623672e+00  2.84416379987414114e+00
  6.25740367678492859e+00  9.06977974486692418e+00  1.83440912144184898e+00
  6.92931763684191360e+00  8.83329846071888980e+00  1.22967098219742499e+00

molecule   78
  1.02388790672288899e+01  3.66901899466316950e+00  3.13953863137303779e-01
  5.05264573364539116e-01  3.34159901601523002e+00  1.01694163996528726e+01
  1.07151736329036784e+00  2.65060195824957390e+00  1.47700101396008171e-01
  1.35196838641766948e+00  3.16454695971391375e+00  8.79917381115966180e-01
  1.22626524249430613e+00  2.67796653309745425e+00  1.71030821060739502e+00
  1.98078159911228036e+00  2.94723637425155216e+00  2.27851595715539545e+00
  2.80551345632160709e+00  2.39593182816590744e+00  2.20330656137334113e+00
  3.58177658498256246e+00  2.63304410023489766e+00  2.77857283888766160e+00

molecule   79
  3.84931158836665022e+00  8.51091629608500000e+00  7.01276882810299806e+00
  4.47555027884294354e+00  9.23618901688326943e+00  6.91406247683758135e+00
  5.15113314579774073e+00  9.32480773882940817e+00  7.73341725195064811e+00
  5.43179359823028740e+00  1.03214628420576968e+01  7.69320957131686267e+00
  6.33478190055514556e+00  4.41639905413385436e-01  7.45798516262929123e+00
  7.08936011939918398e+00  8.81603304724707937e-01  8.00052206300746249e+00
  7.16687820602149106e+00  5.17700794998696145e-01  9.00435662774212986e+00
  7.91642278551244072e+00  6.66968380962958296e-01  9.60032241070410386e+00

molecule   80
  5.16628056498232846e-01  2.90182780198618273e+00  4.95406880353051626e+00
  1.01115513880488752e+01  2.32561883886506404e+00  4.99897869660514083e+00
  1.00359447100803791e+01  1.39700742942799172e+00  5.34378064355968174e+00
  3.90807724505759624e-01  9.20338516951191066e-01  5.79685785162744782e+00
  2.01842269239470073e-01  1.03833516203935421e+01  6.06241478008199941e+00
  1.09522377598809517e+00  9.75295376333683528e+00  6.09710474031573835e+00
  1.38467980264109936e+00  8.87361701615442833e+00  6.38508440246725062e+00
  9.78806010547361716e-01  8.41818041797691308e+00  7.21594582682288976e+00

molecule   81
  2.03890767978951137e+00  9.08054409245203153e+00  1.03509460716976243e+01
  1.88336670620472679e+00  1.00375859360235538e+01  9.95772773744751483e+00
  2.13204900172862466e+00  1.04213604601917087e+01  8.95528177159972216e+00
  1.51146970944128056e+00  5.46549193412110348e-02  8.19410022551079464e+00
  1.85964862240193551e+00  2.90923362378758932e-01  7.28792628211109950e+00
  1.62447169036171291e+00  8.52062943282602347e-01  6.59251816446205741e+00
  1.76859539082678330e+00  1.57134722330222576e-01  5.71614631360467484e+00
  9.73016709055180784e-01  1.03884683054364331e+01  5.19871548011796225e+00

molecule   82
  7.39073088784997534e+00  1.94680897819492826e+00  6.16493054211786240e-01
  6.82733643152975489e+00  1.37410279006332225e+00  1.03732032546139390e+01
  6.90873916081775885e+00  3.11365666175006828e-01  1.02086884873716528e+01
  6.05446680769081969e+00  2.27655703574611221e-02  1.01204758054625987e+01
  5.94640367277730064e+00  9.45163971379288270e+00  1.01540635841356721e+01
  6.44628748651588523e+00  8.87486882560880730e+00  9.52012615397920747e+00
  6.64314380982860175e+00  7.95247268809986707e+00  9.88793779154160468e+00
  5.89648326250437727e+00  7.38350262410336544e+00  9.87849288549633719e+00

molecule   83
  3.92694543806704299e+00  4.72098842389265982e+00  5.96228339150256126e+00
  4.52447097558861966e+00  5.57630221800086545e+00  5.84048362933378762e+00
  4.44537116447442049e+00  6.30456215387749719e+00  5.16202662357629727e+00
  4.77387120185970293e+00  7.16434212533513737e+00  4.94321942898111022e+00
  5.70095438783914066e+00  7.33670734483842679e+00  5.25113750239581289e+00
  6.25559237204859464e+00  8.10505757249944558e+00  4.84128423528951402e+00
  7.23817992617473127e+00  8.25816770055240035e+00  4.94875335687146389e+00
  7.81630674782770019e+00  9.04490045143016985e+00  4.97458654661038224e+00

molecule   84
  1.66346361051693714e+00  6.53183685515974943e+00  1.12714810482020478e+00
  1.89707060842501729e+00  7.09773462016155499e+00  3.83060238893774829e-01
  2.78130585911119699e+00  7.49946590822557724e+00  4.54938907850751972e-01
  3.63711996772437685e+00  7.05901083161055976e+00  8.23230308117285925e-02
  4.29401774557200255e+00  7.76666073697905013e+00  2.50118871387017494e-01
  5.09021270085832978e+00  7.64242130828393140e+00  8.19898895629548208e-01
  5.23121511033137843e+00  7.69758370628371935e+00  1.82688488009294825e+00
  6.10219328621623003e+00  8.00482445860373382e+00  2.11646522775449197e+00

molecule   85
  4.70694681636820544e-01  7.97960994730579198e+00  6.37630110640399295e+00
  1.14252247838789978e+00  7.33515301072758508e+00  6.81605604750104188e+00
  2.00694864244508064e+00  7.22627485309580653e+00  7.32682640990307910e+00
  2.44990391289083087e+00  6.74682460891250280e+00  7.92632109279301833e+00
  2.68836954870094758e+00  7.12655673590276617e+00  8.84790293264991057e+00
  2.21934346165764929e+00  7.90552303130898970e+00  9.01885242035891288e+00
  1.76073100284793260e+00  7.96554509143707179e+00  9.92478970754301493e+00
  1.09553131844766471e+00  8.67900470338204322e+00  1.02212247321867675e+01

molecule   86
  4.32634419438106477e+00  1.00698755501547890e+01  7.46848927086500503e+00
  3.40203984841927332e+00  9.77674163486075010e+00  7.05739535857947153e+00
  2.62091684417498261e+00  9.29948825159354975e+00  7.37968541899218344e+00
  2.52356304145144916e+00  9.90334253313520563e+00  8.09435713684048430e+00
  3.00437125559605667e+00  2.39688893815082293e-01  7.65625772903391510e+00
  3.05021213334051922e+00  1.13241176931858312e+00  8.14676596640897799e+00
  3.99539485674842565e+00  1.51310495440273196e+00  8.03426535294447675e+00
  4.24031075669517854e+00  2.42103452209209502e+00  7.95993718818579499e+00

molecule   87
  4.93924961836489818e+00  3.71758210735037320e+00  6.90623850894298563e-01
  4.09044332792426513e+00  3.39844676141935631e+00  3.14847125043222154e-01
  3.75944801135273599e+00  3.87206830599298302e+00  9.95177009987432015e+00
  2.73335143912007705e+00  4.13094517493193614e+00  9.82630727147106242e+00
  2.19945015053697324e+00  4.72257408552922886e+00  8.99659779727321585e+00
  1.18276019638341379e+00  4.80762492181835199e+00  8.82039105177554639e+00
  5.58921262807693831e-01  5.67628164143185820e+00  9.21028372514192384e+00
  3.29721222293406668e-01  6.31362883783663253e+00  8.52545859716248167e+00

molecule   88
  4.76960647310128572e+00  6.86314582987079258e-01  8.09050982482172287e+00
  4.67291562922583559e+00  1.03048365247017468e+01  8.56433086852257119e+00
  4.32288185922377632e+00  9.94243517464138726e+00  9.42415475334335362e+00
  3.68008661411530413e+00  9.34911693788550124e+00  9.88655097813059669e+00
  4.00680361522259876e+00  8.65865203818011864e+00  2.41922828276681795e-02
  3.75490380343491292e+00  8.72694489535703610e+00  8.78472896688035965e-01
  3.66475975752872740e+00  7.85512755324024781e+00  1.12804422209466737e+00
  4.36818485513615062e+00  7.22806592093565481e+00  1.52701405369123022e+00

molecule   89
  5.02887313452074469e+00  5.22411842777861857e+00  9.46367006060389260e-01
  5.06160856709194640e+00  5.75216062513290094e+00  9.31113981041249150e-02
  5.29236850697145655e+00  6.69838046048452540e+00  1.04530624313505029e+01
  4.71960290486596090e+00  7.22582725377148272e+00  9.88554577552829805e+00
  5.14882060738640401e+00  7.65368839105704257e+00  9.11166012370007827e+00
  5.28248956363435873e+00  7.46841290375022560e+00  8.23672065501487616e+00
  5.36574220776087518e+00  8.20088645840327679e+00  7.54812884523305616e+00
  5.25433637184061642e+00  8.42694893234595632e+00  6.66662306813446026e+00

molecule   90
  5.52808125785020987e+00  7.11579423626290097e+00  4.17279057899447370e+00
  4.67227480194956435e+00  7.02685585110111255e+00  3.63052738545768916e+00
  4.06937330475058179e+00  6.24310747329977200e+00  3.82325911373350991e+00
  3.09569373768033529e+00  6.33663725885990470e+00  3.91668527044280390e+00
  2.39771130080832151e+00  5.69920018634270242e+00  3.61792545101967855e+00
  1.57642354934008000e+00  5.93311210983450366e+00  3.10873565388854844e+00
  9.11973034130679761e-01  6.05948925781409553e+00  3.78745245555096277e+00
  6.51432285747224338e-01  7.01344852493999671e+00  3.94460899944769849e+00

molecule   91
  8.18772770856052290e+00  5.03958579148255392e+00  4.29786330654662052e+00
  8.87748958530279175e+00  5.50037137251761354e+00  4.63990160915718253e+00
  8.86528176325996142e+00  6.03733708629156052e+00  3.78719162239155027e+00
  9.58047879695023852e+00  6.77422490420660850e+00  3.74193385678333001e+00
  1.04199150134187644e+01  6.48911880477804370e+00  3.25761614394002486e+00
  2.14507182019649661e-01  6.50908465173273409e+00  2.31231572547255437e+00
  5.18246438750066707e-01  5.72492248685535010e+00  1.74059045252656519e+00
  1.26443445562485257e+00  5.69449139438645258e+00  1.19879740598560125e+00

molecule   92
  9.37099035967561989e+00  8.87813414106866716e+00  2.52688749533839596e+00
  9.28756743376011151e+00  7.87671911519803114e+00  2.52448622739949657e+00
  9.20210563722442743e+00  7.27598332841517248e+00  1.88144251810897933e+00
  8.73865201512115064e+00  6.37334965063993586e+00  2.02178425957505059e+00
  8.73899725657800452e+00  5.41668223018410178e+00  1.66932779047102842e+00
  8.09765871275187443e+00  5.08034633865914742e+00  1.06996751805615320e+00
  7.86250136261987809e+00  4.09393772197229389e+00  9.01421960402473021e-01
  7.11019774216955902e+00  3.52696142607600782e+00  5.70838882194142472e-01

molecule   93
  9.02320558210916168e+00  1.45209884979569193e+00  7.95435703837519714e+00
  9.68453669094567893e+00  2.22191950420524664e+00  7.64341938539659349e+00
  9.52472669411280037e+00  2.93213467030541564e+00  8.41742990389659518e+00
  9.84216160559796904e+00  3.72576324988054530e+00  7.93979344646149254e+00
  1.91932214160338510e-01  4.07877370481308343e+00  8.20949658707783847e+00
  7.15371201433956827e-01  4.52167616345176526e+00  7.61669429276077992e+00
  1.66031650182183510e+00  4.58972267214419372e+00  7.91970905983221751e+00
  1.92996586170145190e+00  5.44016048459401969e+00  7.44700834087322949e+00

molecule   94
  9.13586372489406173e+00  7.92668043664358013e+00  1.03387717047588392e+01
  8.80352470854612967e+00  8.58540657184044065e+00  9.64629142311703269e+00
  7.90936879117238778e+00  8.80682582826884364e+00  9.24121673294525792e+00
  7.72161708100198574e+00  7.90130255780144175e+00  8.79550026281667385e+00
  8.18794324384681538e+00  7.97946334395060131e+00  7.91722723284876029e+00
  8.40051962523412676e+00  8.92927606394830242e+00  7.58838040371530109e+00
  8.91983486811353465e+00  9.00979249710067442e+00  6.86090980205684975e+00
  9.56666227870701213e+00  9.74450315249167964e+00  6.79649011031204076e+00

molecule   95
  6.78703209575390964e+00  7.16871449210844780e+00  2.15141640522641664e+00
  5.98572329404026249e+00  7.16786327948014090e+00  2.72417193103286692e+00
  6.28812561520776558e+00  7.59356574512871862e+00  3.59045085839312073e+00
  6.76853124837108933e+00  7.23931322443372416e+00  4.32766501356528011e+00
  7.69456678873210809e+00  7.36853318925268752e+00  4.75026497722240126e+00
  8.50816220611668150e+00  6.90388097746008800e+00  4.31610648276101561e+00
  8.87998472184622045e+00  6.47341982814747929e+00  5.21884073035820695e+00
  9.73732213505842736e+00  5.91704902610173278e+00  5.13565551964259637e+00

molecule   96
  7.99191663032887778e+00  7.02368994346745623e+00  6.31503874797545173e+00
  7.96009841678798846e+00  6.28482153979958014e+00  7.07441794333417739e+00
  8.76320069093943310e+00  6.19406081878150694e+00  7.60721963783093180e+00
  9.03739323617499579e+00  5.59885363660326352e+00  8.33286779713346171e+00
  9.71376759864357808e+00  5.87414218996558457e+00  8.97034634406423237e+00
  9.20072074491120695e+00  6.52856993869820990e+00  9.49983863669777051e+00
  9.80398254053570817e+00  7.07772167793054763e+00  1.00761893920295726e+01
  9.51258237786564287e+00  7.15245259198477967e+00  5.71107844118208696e-01

molecule   97
  2.09507967763319947e+00  8.98260318876943309e+00  9.34355329681573998e+00
  2.79487566642923779e+00  9.09420775461705411e+00  8.65404094110269639e+00
  2.49718220066415020e+00  8.33756454050425688e+00  8.05069414716621523e+00
  2.66724486181473663e+00  8.23290947353237001e+00  7.07804214379444119e+00
  3.14475031562633056e+00  7.46880602488959511e+00  6.72200041084276023e+00
  2.91841709307030239e+00  7.37306205184866759e+00  5.65529817919977962e+00
  3.22336505931509532e+00  6.60539304475145173e+00  5.18647541996465744e+00
  2.68374723547865113e+00  5.90676315082401704e+00  5.00025573541230450e+00

molecule   98
  6.45871890855357123e+00  1.93364864952351789e+00  5.30927586351327818e+00
  5.53832591574491584e+00  2.22255920764003978e+00  5.51227317654934978e+00
  4.94178147552506886e+00  1.79041828247346380e+00  4.86818107022762003e+00
  4.07557017743814320e+00  2.30931366333501042e+00  4.51179518847774563e+00
  3.25283083311673771e+00  2.32949536816235714e+00  4.98411880816810893e+00
  2.59226872843000455e+00  3.02496336541429045e+00  4.95879901136482992e+00
  1.86202346891933890e+00  3.21141297851583207e+00  5.67858651789712088e+00
  1.66617598136382017e+00  4.18839893627738480e+00  5.78893597979719043e+00

molecule   99
  1.52770742361056278e+00  3.80789355497442727e+00  1.83655942237415060e+00
  1.52543460878116566e+00  4.67524043504330500e+00  2.37473145425699439e+00
  7.96567873357522771e-01  4.76697011877884425e+00  3.03176776662227843e+00
  1.35257820198051171e+00  4.82457919436242921e+00  3.97085330974306672e+00
  1.07136833084769800e+00  4.39021284761182873e+00  4.77434935349802192e+00
  1.41546100200543146e-01  4.34564025357607253e+00  5.09198754634653561e+00
  1.02692435195441298e+01  3.62435911378239206e+00  5.66800500615387115e+00
  9.40101303317316805e+00  4.01986466440945467e+00  5.80353374750286832e+00
