BOUNDARY

orthorhombic       1.0455159000e+01    1.0455159000e+01    1.0455159000e+01

MOLECULES

species    0
nMolecule  100

molecule  0
    3.0589671642e+00    2.4818747281e+00    1.2480936928e+00
    2.7561561872e+00    2.6619790682e+00    2.1745141144e+00
    2.1601429725e+00    2.1601230208e+00    1.5449012337e+00
    1.8755701931e+00    2.2274186401e+00    6.0416122532e-01
    1.1666717482e+00    1.5874319037e+00    9.1433826694e-01
    9.9317666705e-01    2.0329012557e+00    3.4245024506e-02
    8.8494639129e-01    3.0029589837e+00    3.1969437375e-01
    1.3198483993e+00    3.6758567644e+00    9.7541046020e-01

molecule  1
    8.2852587973e+00    3.7161845076e+00    6.9969207338e+00
    7.9650438736e+00    3.3840030499e+00    7.8902038611e+00
    7.6986677312e+00    4.2885799063e+00    7.8085605791e+00
    7.4030367669e+00    4.7297994666e+00    8.6595074782e+00
    7.5868682043e+00    5.0202378513e+00    9.5644033423e+00
    7.2577122926e+00    5.7890391162e+00    9.0111197635e+00
    6.3119716834e+00    5.8045820058e+00    9.4352880143e+00
    6.4712052204e+00    6.7053142046e+00    8.9595054074e+00

molecule  2
    4.8975557711e+00    5.3614442876e+00    1.0403087422e+01
    5.5313814061e+00    5.7414846146e+00    5.9819206167e-01
    5.2062775915e+00    6.5380579181e+00    8.2917158792e-02
    4.9273578054e+00    6.2023767151e+00    9.6062599394e+00
    4.0764357389e+00    6.3055487661e+00    9.1005977404e+00
    3.0941623963e+00    6.1126081547e+00    8.9923778355e+00
    2.1513653709e+00    6.1107378102e+00    8.9047143787e+00
    2.4983386222e+00    6.9588662654e+00    9.3116752110e+00

molecule  3
    7.2515872153e+00    2.0088780516e+00    9.4365451445e+00
    6.9814828845e+00    1.9946559671e+00    1.0442224026e+01
    7.8635312595e+00    2.3870027773e+00    3.0039213073e-01
    7.3527548035e+00    3.0243211838e+00    9.4504487975e-01
    7.0354110617e+00    3.6081190349e+00    1.7020941267e+00
    6.8904132042e+00    4.2953916876e+00    2.4326901420e+00
    7.7622080209e+00    3.9283202936e+00    2.6854558717e+00
    8.2129281588e+00    4.5329975148e+00    3.3563698368e+00

molecule  4
    1.0406622705e+01    2.2509585725e+00    4.9367524746e-01
    9.7489441316e+00    2.3094271266e+00    1.2621548250e+00
    9.4021447781e+00    1.3803310537e+00    1.0992227759e+00
    9.8987901655e+00    1.1548194460e+00    1.9154308140e+00
    2.7627363809e-01    1.6049782336e+00    1.6894147107e+00
    7.7982464734e-01    9.9764440803e-01    2.3398297285e+00
    1.3595063759e+00    1.6798831348e+00    2.8044833942e+00
    6.5088551020e-01    2.3496063649e+00    2.5667409546e+00

molecule  5
    9.8371595801e+00    3.3981611166e+00    5.7129316659e+00
    9.9929933816e+00    3.6908156787e+00    6.6719386889e+00
    1.0200816687e+01    4.6552720496e+00    6.8668399231e+00
    2.7832774976e-01    5.1168908595e+00    6.1764537952e+00
    1.0343506130e+01    5.9881009992e+00    6.3286392027e+00
    2.6590244353e-01    5.8015581203e+00    7.2435435208e+00
    9.9362010215e-01    6.4817327511e+00    6.9167503236e+00
    1.2697612584e+00    5.5905015764e+00    6.7312374841e+00

molecule  6
    1.9694480202e+00    7.1283231952e+00    4.3356557161e+00
    1.6378364375e+00    6.3181300074e+00    3.8825570464e+00
    2.5810105977e+00    6.2286005176e+00    3.5177360999e+00
    3.2621790856e+00    6.2861682961e+00    2.8528207562e+00
    2.4877680960e+00    6.1503133942e+00    2.1865991777e+00
    2.6974117385e+00    7.1214520014e+00    2.4662739137e+00
    3.0710267838e+00    8.0042596807e+00    2.1415909317e+00
    2.2911475457e+00    8.6197316290e+00    2.2125599657e+00

molecule  7
    1.6559670884e+00    5.8714200050e+00    7.7580317660e+00
    2.1135046488e+00    6.7352041212e+00    7.6627146042e+00
    2.7910551357e+00    6.9189693200e+00    8.3121656924e+00
    3.7359197036e+00    6.9566244371e+00    8.0641588531e+00
    3.6071048747e+00    5.9999996373e+00    7.7762710584e+00
    2.7686528052e+00    5.4118882343e+00    7.8721352072e+00
    1.9516253062e+00    4.8904833474e+00    8.1544683914e+00
    2.4420596029e+00    5.0683193805e+00    9.0198000721e+00

molecule  8
    6.6045996761e+00    1.0160098698e+01    2.4455521793e+00
    6.2761494284e+00    1.0257893234e+01    1.5061802107e+00
    6.2675686089e+00    9.2430265520e+00    1.5492118414e+00
    5.6080725975e+00    9.4363528061e+00    2.2826532089e+00
    5.5505538191e+00    1.0363295905e+01    2.6577432203e+00
    6.2066280957e+00    1.0405690505e+01    3.3668935387e+00
    6.4598586677e+00    9.6951892194e+00    4.0280572435e+00
    7.2810540225e+00    1.0039552400e+01    4.5245259350e+00

molecule  9
    2.7607108220e+00    2.1649904710e+00    1.0276009317e+01
    1.8637172316e+00    2.5307661155e+00    1.0021573885e+01
    9.9021787180e-01    2.7016047749e+00    9.5192901255e+00
    8.5349836290e-01    3.0836818096e+00    8.6470203679e+00
    2.8624187175e-01    3.2425173414e+00    7.8409248919e+00
    9.9022267536e+00    3.6569393712e+00    8.0875281627e+00
    9.3893611428e+00    3.3882489263e+00    8.9196193959e+00
    9.5721121085e+00    4.0884114822e+00    9.6347598124e+00

molecule  10
    3.7561590418e+00    2.8548800018e+00    3.5539740816e+00
    3.6843450020e+00    3.1420816908e+00    2.5703585476e+00
    3.4388843328e+00    3.8921854614e+00    1.8951639357e+00
    3.7738327953e+00    3.9732333269e+00    9.4875455869e-01
    4.5350874452e+00    4.1333383511e+00    3.1355517746e-01
    3.7990845776e+00    4.5828856050e+00    1.0268328258e+01
    3.0660347078e+00    5.3037435586e+00    1.0428855693e+01
    3.7296990279e+00    5.9113720219e+00    1.0074161559e+01

molecule  11
    2.1994142876e+00    4.6897229262e+00    1.0271687286e+01
    1.8818434200e+00    5.6129695096e+00    1.0147305691e+01
    2.0613322995e+00    6.5996350151e+00    1.0121920981e+01
    1.0611551288e+00    6.4206778884e+00    1.0307322743e+01
    1.2774862729e+00    5.8360111764e+00    6.4466753763e-01
    2.0331203505e+00    6.2559495122e+00    1.1551130216e+00
    2.0997820228e+00    5.3483117259e+00    1.5624277903e+00
    2.6278463880e+00    5.2303257734e+00    2.3876508584e+00

molecule  12
    4.7293320421e+00    9.0967634188e+00    3.9068370519e+00
    5.5489664541e+00    9.2961167182e+00    3.3308869072e+00
    5.2722049784e+00    1.0153290443e+01    3.7705279341e+00
    5.5537522034e+00    6.1431726918e-01    4.0585205409e+00
    4.8483520417e+00    7.5385877375e-01    3.3875699230e+00
    4.1008455807e+00    1.5721519771e-01    3.4382665717e+00
    3.5663313899e+00    1.0001600620e+01    2.8573862120e+00
    4.3181134155e+00    9.3640089925e+00    2.8978268585e+00

molecule  13
    6.6039501638e-01    5.9472767403e+00    4.1798951947e+00
    8.9892557403e-01    5.8754709738e+00    3.1969223187e+00
    1.5538019688e+00    5.4854693388e+00    2.5851970435e+00
    1.7705359835e+00    4.5352803202e+00    2.7892049636e+00
    1.5048146249e+00    3.8992635851e+00    2.1003322482e+00
    1.3623015560e+00    2.9367582092e+00    2.0386913964e+00
    3.7574699277e-01    3.0895899998e+00    2.0752573753e+00
    1.3519934002e-01    3.9135976084e+00    2.5207591505e+00

molecule  14
    9.3041631400e+00    6.3729445960e+00    9.7794684139e+00
    9.6590356041e+00    5.5518071521e+00    1.0231165116e+01
    1.0229476592e+01    6.2868176326e+00    4.9053094632e-03
    1.0443645286e+01    6.8051663433e+00    9.6641062883e+00
    9.5964290150e+00    7.3537682370e+00    9.5724465583e+00
    8.6664753501e+00    7.2330495067e+00    9.9193980826e+00
    8.8982905635e+00    8.0685716300e+00    9.4247251586e+00
    8.1933938908e+00    8.3019068088e+00    8.7626965519e+00

molecule  15
    4.7335643537e+00    7.2134435291e+00    5.0721674761e+00
    4.6268299756e+00    7.1487181993e+00    6.0433532349e+00
    4.6566729954e+00    6.3626944610e+00    6.6445738832e+00
    4.1499770416e+00    6.2946242509e+00    5.7793513553e+00
    3.6044162102e+00    6.6841665503e+00    5.0120370285e+00
    2.9852335247e+00    7.1103953978e+00    4.3298357480e+00
    3.5874641238e+00    6.4388245500e+00    3.8363064733e+00
    4.4682175426e+00    6.8203464226e+00    3.5714846484e+00

molecule  16
    9.4396327883e+00    9.5115454736e+00    6.2911918273e-01
    8.7702654378e+00    9.1093337076e+00    1.0437377037e+01
    8.0880749162e+00    8.8794705714e+00    9.8202228074e+00
    8.1411462082e+00    9.9008703574e+00    9.7913008886e+00
    7.2432468758e+00    9.7042131390e+00    1.0214406026e+01
    7.7222533983e+00    9.8113155012e+00    6.1250190946e-01
    7.6010979910e+00    9.6126252653e+00    1.5952864237e+00
    8.4978035013e+00    1.0035084303e+01    1.5265566465e+00

molecule  17
    7.4772992265e-01    2.4903144841e+00    1.3084686143e+00
    1.0399481900e+01    3.1062055565e+00    1.0773919781e+00
    9.9060924999e+00    3.9447031096e+00    8.0869837361e-01
    9.3583444240e+00    4.7491164594e+00    5.7470160568e-01
    8.6975177774e+00    5.4556426868e+00    3.1010142976e-01
    8.4062054093e+00    5.6538201917e+00    9.8189675710e+00
    8.8235593284e+00    4.9954767923e+00    9.1872609573e+00
    8.5251919566e+00    4.4683922965e+00    9.9340248571e+00

molecule  18
    4.3026446526e+00    6.4011324439e+00    1.8894641698e+00
    4.5372969621e+00    5.9968120857e+00    9.8981919154e-01
    4.1720066600e+00    6.7095559183e+00    3.9944801916e-01
    3.2899955641e+00    6.5427400912e+00    7.8498809685e-01
    3.4294937689e+00    7.2755170974e+00    1.3872531065e+00
    3.6943178333e+00    8.1055778774e+00    8.7009914732e-01
    3.1541816507e+00    8.9527719471e+00    9.9200740988e-01
    3.6007024696e+00    9.2772853020e+00    1.8039037936e+00

molecule  19
    3.0658311660e+00    1.0440539322e+01    3.6117599149e+00
    2.4256932545e+00    1.0034607840e+01    4.2677001789e+00
    3.2594878860e+00    1.0222949043e+01    4.7240513946e+00
    4.2104697980e+00    6.8739351799e-02    4.5174886192e+00
    4.9739943011e+00    1.0442355376e+01    5.1877830676e+00
    5.0332869744e+00    9.5010909250e+00    4.8393602136e+00
    4.0788961153e+00    9.2637999355e+00    4.6543761903e+00
    3.0547285910e+00    9.1473015005e+00    4.7727506994e+00

molecule  20
    2.4287308203e+00    9.2999918714e+00    5.5582980602e+00
    2.3035226464e+00    9.5405464532e+00    6.4715412222e+00
    1.4780264317e+00    9.0171961570e+00    6.6384201103e+00
    5.0004294254e-01    8.8510407786e+00    6.5213269729e+00
    1.0159555539e+01    9.3681207953e+00    6.3010591132e+00
    9.5948328397e+00    9.5949771934e+00    5.4672921976e+00
    1.0383426498e+01    9.1662442562e+00    4.9888710647e+00
    4.9427357129e-01    9.8133313969e+00    5.5341066343e+00

molecule  21
    4.2555099403e+00    2.6608921466e+00    6.2540896783e+00
    4.3198600062e+00    3.1720244619e+00    5.4185599433e+00
    3.6199991992e+00    2.6016929412e+00    4.9944606273e+00
    2.9951375620e+00    1.8725116233e+00    4.7988969882e+00
    3.3681878272e+00    1.1035824249e+00    4.2954311827e+00
    2.7702735420e+00    7.1486489473e-01    4.9586208751e+00
    2.3151763768e+00    9.0807345808e-01    4.0702124631e+00
    1.3678598358e+00    1.0940794273e+00    3.8997887319e+00

molecule  22
    9.2379568040e+00    5.3200943357e+00    3.4585685754e+00
    9.5189515113e+00    5.8279461210e+00    4.2985129589e+00
    9.5866039791e+00    6.7913698610e+00    4.1257976653e+00
    9.6499789262e+00    7.0827807950e+00    5.0999313965e+00
    1.2561082290e-01    6.7104484366e+00    5.2162312019e+00
    8.5115303215e-01    7.3444294765e+00    4.9224780540e+00
    1.5053308025e+00    8.0654249069e+00    4.7583555691e+00
    2.3878006772e+00    8.4149566851e+00    4.4195448464e+00

molecule  23
    5.3630451843e+00    6.8449694378e-01    6.2444547857e+00
    5.9710738685e+00    1.0348329605e+01    6.3623611528e+00
    6.4805398985e+00    2.0104999399e-01    7.1424410455e+00
    7.2891368818e+00    1.0128791035e+01    6.8652702757e+00
    6.6731597168e+00    9.4572985028e+00    6.4723557814e+00
    6.6901389829e+00    9.3461520562e+00    5.4675839397e+00
    5.7115801104e+00    9.5245872131e+00    5.5874656468e+00
    5.6722877994e+00    8.5414181512e+00    5.3672940828e+00

molecule  24
    6.6093970102e-01    1.0457470321e+01    3.2668151677e+00
    1.0379481256e+01    4.7059172942e-01    2.7760124582e+00
    9.7929729943e+00    6.4123071041e-01    3.5776822344e+00
    8.8412299776e+00    7.4399363592e-01    3.4086308491e+00
    9.2212753330e+00    1.0310023316e+01    3.2600319651e+00
    8.9766242014e+00    9.4680800604e+00    2.7212746341e+00
    7.9715565754e+00    9.4734609219e+00    2.6325444089e+00
    6.9821436675e+00    9.2245743710e+00    2.5092088551e+00

molecule  25
    8.5100361647e+00    8.4301993915e+00    9.0985156254e-01
    8.5636920400e+00    9.0225570709e+00    1.7310341770e+00
    9.4969026232e+00    9.2444999245e+00    1.7072326931e+00
    9.4514457249e+00    8.2954334799e+00    1.4359774805e+00
    1.0426339549e+01    8.5155907781e+00    1.4736572976e+00
    1.0426494959e+01    9.4770249228e+00    1.1959079826e+00
    7.6011366944e-01    9.0248559644e+00    7.6915869856e-01
    1.0406377675e+01    8.9166632181e+00    1.6633019433e-01

molecule  26
    4.3933979715e+00    1.4812852919e+00    4.1138198443e+00
    4.1742983381e+00    1.8073376202e+00    3.1877728385e+00
    3.2676706084e+00    1.3088910376e+00    3.2451549553e+00
    2.3631379977e+00    1.3762880473e+00    3.0086732016e+00
    2.6725437431e+00    1.3896401733e+00    2.0692676744e+00
    3.5745363171e+00    1.7328645939e+00    2.2292461854e+00
    4.2092829118e+00    1.9458073082e+00    1.4756422892e+00
    4.2063691291e+00    2.9673084203e+00    1.4916760818e+00

molecule  27
    1.8159948415e+00    3.8085292501e+00    9.3001054034e+00
    1.8246629750e+00    3.6246247236e+00    8.3470128592e+00
    2.5938865871e+00    4.0328706304e+00    7.8513510213e+00
    1.8421658533e+00    3.9732609059e+00    7.1890085904e+00
    9.8299860169e-01    4.3324419448e+00    7.5821589554e+00
    8.3543843096e-01    5.2332096800e+00    7.9547040693e+00
    5.7378527471e-01    6.1227913282e+00    8.1555914602e+00
    1.0191533641e+00    7.0202099687e+00    8.1069799128e+00

molecule  28
    9.2268338133e+00    1.0148517630e+01    9.5922805396e+00
    8.6901622948e+00    5.1170349186e-01    9.7569818615e+00
    8.3622795941e+00    1.6120331146e-01    8.8744377304e+00
    7.4076867739e+00    4.1428363752e-02    8.6003104218e+00
    7.8534153582e+00    4.6109316607e-01    7.7722500758e+00
    8.2126541021e+00    1.1478169252e+00    7.1101614051e+00
    8.4594017309e+00    1.0827988062e+00    6.1548237828e+00
    8.1466124823e+00    1.3302862477e-01    6.3955516538e+00

molecule  29
    6.3184074453e+00    4.8392131083e+00    5.4888249761e+00
    5.5915069038e+00    4.5449126923e+00    6.0310128261e+00
    4.6827150611e+00    4.2998072736e+00    5.6185778308e+00
    3.7827736904e+00    4.2695521948e+00    5.1392694397e+00
    3.1877332526e+00    3.6258971684e+00    4.7202250554e+00
    2.8191310838e+00    3.9901991620e+00    3.8799346371e+00
    2.2464014917e+00    4.4301643804e+00    4.4658981466e+00
    2.1879198083e+00    5.0872368276e+00    3.6937428942e+00

molecule  30
    5.2814524851e+00    8.2024650204e+00    2.2867690308e+00
    4.7752557693e+00    8.3166493223e+00    3.1559656415e+00
    4.1135970659e+00    7.8899600144e+00    3.7760656875e+00
    3.1846531693e+00    8.2000264782e+00    3.8025980366e+00
    3.3125640214e+00    8.9786921974e+00    3.1900954175e+00
    2.6589724309e+00    9.6178822311e+00    2.8490278904e+00
    2.2734682850e+00    8.7683984004e+00    3.2310932593e+00
    1.4753984524e+00    9.2846176524e+00    2.8345478914e+00

molecule  31
    9.0198139982e+00    3.2584619318e+00    3.8324806153e+00
    8.8468768743e+00    2.3707453904e+00    4.2367759234e+00
    9.0920594539e+00    1.7282797103e+00    3.5215764882e+00
    9.7555069606e+00    2.4760375756e+00    3.5768636005e+00
    1.0073553540e+01    1.8276248317e+00    2.9482826187e+00
    9.4381230365e+00    2.0303593347e+00    2.1643415481e+00
    8.9920138156e+00    1.2661301874e+00    2.5490789043e+00
    8.4082506333e+00    8.8580498847e-01    1.8168429583e+00

molecule  32
    9.6587020705e+00    8.1625068324e+00    4.9278369161e+00
    8.9303044011e+00    8.7272087462e+00    4.7206567056e+00
    8.1149173515e+00    8.3431662632e+00    5.0942246050e+00
    7.9422891107e+00    9.1790822599e+00    4.4648839813e+00
    8.2817281372e+00    9.4404801411e+00    3.5904832406e+00
    7.3606170407e+00    9.3133666037e+00    3.4803469406e+00
    7.2242095366e+00    1.0325480341e+01    3.4055195441e+00
    7.8443252852e+00    1.1432172372e-01    2.6591041616e+00

molecule  33
    4.7419586938e+00    3.3335827967e+00    1.0102429180e+01
    3.7702439524e+00    3.2687771562e+00    1.0314680361e+01
    4.3420240289e+00    2.6368220692e+00    3.2473873492e-01
    3.6293442506e+00    1.9676840216e+00    5.2458880175e-01
    2.8965906725e+00    1.4909473886e+00    1.0108614947e+00
    2.0224624903e+00    1.1259053773e+00    1.2161875137e+00
    1.1712925009e+00    5.6538704554e-01    1.2408776891e+00
    1.9871654188e-01    8.2777790707e-01    1.0175930046e+00

molecule  34
    3.1557638595e+00    6.9420167475e+00    1.0125718105e+01
    2.4974065921e+00    7.6779420206e+00    1.0112336276e+01
    2.3438544804e+00    8.0804095584e+00    9.2248559159e+00
    2.9613174589e+00    8.8832023158e+00    9.3219830870e+00
    3.8212111876e+00    8.3794792714e+00    9.3060892065e+00
    3.5299172956e+00    8.0788638532e+00    1.0221736434e+01
    4.4227339155e+00    7.7258961690e+00    9.9836177590e+00
    4.0456834092e+00    7.4394132134e+00    9.1016730776e+00

molecule  35
    3.1153250138e+00    4.0761941381e+00    9.7149641039e+00
    2.7315718482e+00    3.2195800730e+00    1.0175010559e+01
    1.8458536374e+00    3.6507221809e+00    1.0415482483e+01
    2.2980661833e+00    3.2131913008e+00    7.0699053220e-01
    2.4251357991e+00    4.2028619283e+00    8.6371768414e-01
    3.0808251445e+00    4.8150927498e+00    1.2423548786e+00
    4.0005622430e+00    5.1161681767e+00    1.2417929337e+00
    3.2915444038e+00    5.7306237897e+00    1.6285585970e+00

molecule  36
    2.7476291735e+00    3.5897807234e-01    7.6132263123e-01
    1.9816673157e+00    3.3048896356e-02    2.0687417414e-01
    2.5520619146e+00    9.7295899842e+00    4.7409539639e-01
    3.2785951799e+00    9.3758298361e+00    1.0347256575e+01
    3.8372082187e+00    1.0210525863e+01    1.0415479814e+01
    3.6295624153e+00    7.1565207458e-01    1.3726912098e-01
    3.4620050154e+00    1.2699696992e+00    9.7959769015e+00
    3.1005803729e+00    1.4468071229e+00    8.9262033195e+00

molecule  37
    7.1263569184e+00    2.7448098851e+00    5.8037614589e+00
    7.5447830151e+00    1.9530041732e+00    6.3271119643e+00
    7.4941904445e+00    2.7899032864e+00    6.8362059367e+00
    6.5694959937e+00    2.4516495054e+00    6.9813031561e+00
    6.5649012731e+00    3.2938502092e+00    7.5581258572e+00
    7.1024972207e+00    3.2924796784e+00    8.4245723951e+00
    7.8104337215e+00    3.6577470246e+00    9.0512386017e+00
    6.9144995717e+00    3.9073780476e+00    9.3508341696e+00

molecule  38
    5.0418028809e+00    6.2220480624e-01    1.0059967727e+01
    4.6065325704e+00    1.4447770190e+00    9.6645107457e+00
    4.8867689701e+00    1.8962787366e+00    8.7800858134e+00
    4.6716148043e+00    2.4870338711e+00    7.9870022093e+00
    5.5006027954e+00    2.0018852587e+00    7.7340739730e+00
    6.0173073369e+00    1.5140824775e+00    7.0351570239e+00
    5.2358313836e+00    1.6847782279e+00    6.5039534719e+00
    5.8795084924e+00    2.2427803795e+00    5.9413394243e+00

molecule  39
    7.3446403296e+00    6.8182943399e+00    2.2892172832e+00
    6.5816277015e+00    6.4174910721e+00    2.8275328219e+00
    6.3103035712e+00    6.6864787334e+00    3.7258692802e+00
    5.4918058358e+00    6.2310764954e+00    4.1344675780e+00
    6.2076016641e+00    5.8691947871e+00    4.7270026665e+00
    6.1819685752e+00    5.2487918843e+00    3.9403095954e+00
    7.0170676232e+00    5.7372408084e+00    4.2049728549e+00
    7.0210176402e+00    5.5942033028e+00    5.1867338314e+00

molecule  40
    8.5132199490e+00    2.7635247673e+00    2.9766032262e+00
    8.0614525770e+00    1.9136457387e+00    3.2907155536e+00
    7.4800978783e+00    2.7367602719e+00    3.3802586037e+00
    7.0893102873e+00    3.6430557653e+00    3.5785260311e+00
    7.4344448234e+00    3.0814750038e+00    4.3827978285e+00
    6.7387248802e+00    2.4261393995e+00    4.5439656818e+00
    5.9616595377e+00    2.9570703940e+00    4.8089616409e+00
    5.2112523736e+00    2.5935245018e+00    5.3554188682e+00

molecule  41
    6.5324595566e+00    8.0390932990e+00    5.4834641714e+00
    7.3303168737e+00    7.7069790156e+00    5.9703133370e+00
    7.8709363820e+00    7.0140543782e+00    5.5293415625e+00
    8.6793787900e+00    7.4815122202e+00    5.0427728868e+00
    8.4775147848e+00    7.3739576352e+00    4.0410049985e+00
    7.8934772125e+00    6.7039052372e+00    4.4733315633e+00
    7.9415053405e+00    5.6882381310e+00    4.7205745719e+00
    8.7954540391e+00    6.2259404095e+00    4.9343377399e+00

molecule  42
    3.7246046164e+00    5.2407271329e+00    9.0312836929e+00
    4.4184046615e+00    4.6650190113e+00    9.4941493095e+00
    5.2614366639e+00    4.1143431857e+00    9.5003602911e+00
    5.8254592051e+00    4.6185912067e+00    1.0119852591e+01
    5.8858910915e+00    4.7961344417e+00    9.1369409982e+00
    6.0429116775e+00    3.9285506539e+00    8.6312196750e+00
    6.1384980367e+00    4.1984511615e+00    7.6722919652e+00
    5.8474933678e+00    5.0963422179e+00    7.6403216820e+00

molecule  43
    2.5511624320e+00    4.5125726838e-01    6.6034112476e+00
    3.0134841019e+00    1.0268428133e+01    7.1828899742e+00
    2.5544187321e+00    1.0147146252e+01    8.0218742115e+00
    3.1483131311e+00    9.6558821655e+00    8.6084936723e+00
    2.2127152857e+00    9.7366110364e+00    9.0134867113e+00
    1.7847310948e+00    7.8031758359e-02    8.6383168698e+00
    2.2494661841e+00    4.4898992760e-01    9.3940998964e+00
    3.0622598368e+00    1.0268588653e+01    9.5529333126e+00

molecule  44
    7.0712640207e+00    1.7064740848e+00    7.4571152651e+00
    6.9149511708e+00    8.3971380596e-01    7.9353270307e+00
    6.0005085585e+00    1.1649664966e+00    8.1050389748e+00
    6.2862487970e+00    2.0438746171e+00    8.4027007861e+00
    5.6077022477e+00    2.7255403554e+00    8.5090649414e+00
    4.8624105823e+00    3.1453127049e+00    9.0705745087e+00
    4.0558295787e+00    3.5954840863e+00    8.7049105181e+00
    3.6006840691e+00    4.4263914090e+00    8.3406330156e+00

molecule  45
    6.3083084901e+00    8.9452443901e+00    7.5974521965e+00
    6.3373531473e+00    9.8149275128e+00    8.0659080311e+00
    5.8575572402e+00    7.8844898352e-02    8.5632144818e+00
    5.0303774336e+00    5.5031803616e-01    8.9038991192e+00
    4.0324833623e+00    7.4571241233e-01    8.9245799262e+00
    4.1121273912e+00    1.0201865309e+01    9.2388279204e+00
    4.1663214430e+00    9.3532944628e+00    9.7668633722e+00
    4.3281263025e+00    8.7101253335e+00    6.4082814648e-03

molecule  46
    8.2754688593e+00    5.9600885506e+00    5.9539449521e+00
    7.6232957871e+00    5.2829425678e+00    6.2334130712e+00
    7.7256946875e+00    4.8632533515e+00    5.3332131572e+00
    8.2843339533e+00    4.0721692773e+00    5.5150418242e+00
    7.5197800519e+00    4.0151667426e+00    6.1658612953e+00
    6.7876437609e+00    4.1258471617e+00    6.8279279297e+00
    7.0454095392e+00    4.9674490890e+00    7.2624241960e+00
    6.3016995158e+00    5.0949476545e+00    6.6011845481e+00

molecule  47
    1.0301812484e+01    2.2611533925e+00    6.3728807672e+00
    3.6483227310e-01    2.1864453723e+00    7.2368402823e+00
    1.3265056249e+00    1.9878025081e+00    6.9553516331e+00
    1.8711593917e+00    1.4257018395e+00    6.2989235494e+00
    1.8255399115e+00    2.1144506821e+00    5.6088583753e+00
    1.2326788461e+00    2.9153829442e+00    5.6370934490e+00
    2.0903536082e+00    3.2764491499e+00    5.2598298175e+00
    2.4171302274e+00    3.9459578378e+00    5.8561736734e+00

molecule  48
    9.0354974935e-01    7.8262265195e+00    6.7596558232e+00
    8.6684958970e-01    7.3442354596e+00    5.9160715450e+00
    3.3015887126e-02    7.8461192313e+00    5.7530274059e+00
    6.6881704444e-01    8.5206150183e+00    5.3086873205e+00
    2.9898730871e-01    8.3940443080e+00    4.3726434260e+00
    1.0403439848e+01    8.4646926057e+00    3.4419915249e+00
    1.0075066642e+01    8.8096565057e+00    2.5837736097e+00
    9.2043610339e+00    8.2812578662e+00    2.5713698256e+00

molecule  49
    8.5321506327e+00    4.6377019381e+00    1.1970827040e+00
    9.0904035801e+00    5.4713220918e+00    1.2577242823e+00
    8.6336221113e+00    6.2969566698e+00    1.4053410733e+00
    9.0148057769e+00    6.3804264033e+00    4.7716845608e-01
    9.6991421138e+00    6.1918137941e+00    1.1469671389e+00
    1.0182369566e+01    7.0955618362e+00    1.1366200844e+00
    9.4741258187e+00    7.1301010365e+00    1.8339880024e+00
    8.6994809191e+00    7.0497774676e+00    2.4066762735e+00

molecule  50
    7.7946621901e+00    8.3621482955e-01    3.4687951430e+00
    7.8046062799e+00    1.4748729005e+00    4.2668444805e+00
    7.6269857211e+00    5.9960220942e-01    4.7443192068e+00
    7.2320755366e+00    1.1757020772e+00    5.4570584705e+00
    6.5181235963e+00    1.3943711277e+00    4.7756489008e+00
    5.8501434290e+00    1.2458237224e+00    5.5322708622e+00
    6.0321388034e+00    3.4289279691e-01    5.1277791547e+00
    6.6617969749e+00    4.3816849938e-01    4.3607431473e+00

molecule  51
    1.0058937023e+01    1.0144428090e+01    8.1416968648e+00
    9.6139061340e+00    1.0220232397e+01    7.2297345863e+00
    8.6353202761e+00    1.0127235307e+01    7.0650474308e+00
    9.0164134627e+00    9.8674647175e+00    6.1904887890e+00
    8.5798436131e+00    9.3696968990e+00    5.4704208649e+00
    7.7350912937e+00    9.8499629021e+00    5.7953120135e+00
    6.9065749276e+00    1.0360503322e+01    5.8939850183e+00
    6.6458727877e+00    7.4723567416e-01    6.2602721581e+00

molecule  52
    1.7400831740e+00    5.6650122176e+00    4.8449414218e+00
    1.6751618641e+00    6.4883806144e+00    5.3654674281e+00
    2.6060820923e+00    6.1474256609e+00    5.4199956546e+00
    1.9238266163e+00    5.6430432542e+00    5.9424311361e+00
    1.8656212585e+00    4.7621222333e+00    6.4001700958e+00
    1.4689567608e+00    4.4456295577e+00    5.5592159859e+00
    8.2747007606e-01    5.1398959949e+00    5.2894332240e+00
    1.0311550112e+01    5.4919121628e+00    5.0923536270e+00

molecule  53
    5.2777019340e+00    3.3779929232e+00    6.3203103090e+00
    5.8952461854e+00    3.6710279492e+00    5.5144281688e+00
    6.7893878969e+00    3.9770413923e+00    5.3271846171e+00
    6.8740825190e+00    4.7521709918e+00    4.6654447585e+00
    6.3619710432e+00    3.9406981028e+00    4.3216010162e+00
    5.8573893906e+00    3.3603619406e+00    3.6706799045e+00
    5.2339877734e+00    4.0901880304e+00    3.7933214057e+00
    5.5255117235e+00    4.3833976425e+00    4.7121842735e+00

molecule  54
    4.8267155116e+00    6.7006899750e-01    9.2867577682e-01
    3.8634479929e+00    4.2785577846e-01    1.1077398402e+00
    3.2554586352e+00    1.0296748976e+01    1.6404197968e+00
    2.4401972976e+00    9.7492798743e+00    1.8648689870e+00
    1.5728323298e+00    9.9990945418e+00    1.4522546071e+00
    1.9617299701e+00    3.0030573780e-01    2.0036366573e+00
    1.9594734207e+00    2.5706743898e-02    2.9194405851e+00
    2.8597332524e+00    3.7679140343e-01    2.6859469645e+00

molecule  55
    7.8505307114e-01    2.3302652434e-01    5.3935043452e+00
    7.1043023225e-01    9.7434515835e-01    4.7526976360e+00
    1.9698233702e-01    1.1269513431e+00    5.5887625948e+00
    8.4869612843e-01    1.1852042424e+00    6.3313555316e+00
    2.0661219019e-01    8.6703603285e-01    6.9878970707e+00
    9.0191985365e-01    1.9382089159e-01    6.8230366127e+00
    1.4424120073e+00    4.0724293145e-01    7.5899336742e+00
    2.2450058851e+00    1.0096837730e+00    7.6124631897e+00

molecule  56
    6.0653313290e+00    7.4304917780e+00    8.3912802455e+00
    5.5768432863e+00    7.9290846447e+00    9.1190344352e+00
    6.4463297881e+00    8.3252621398e+00    8.7789874927e+00
    7.0805140000e+00    9.0363886674e+00    9.1387335236e+00
    6.2447399211e+00    9.5361010417e+00    9.1615943228e+00
    5.4353204784e+00    8.9867943045e+00    9.4375041338e+00
    5.0982585284e+00    9.4666498311e+00    1.0247701024e+01
    5.4770588091e+00    1.0048422819e+01    9.5274501124e+00

molecule  57
    3.7934522139e-01    6.2268394023e+00    1.1455990581e+00
    5.5541409638e-01    6.1403456154e+00    2.1139619235e+00
    8.4430393154e-01    6.7938243576e+00    2.8094095836e+00
    1.7777413526e+00    6.6052902186e+00    2.7778423170e+00
    1.5459312152e+00    7.4306649593e+00    3.2693434941e+00
    7.5244018934e-01    7.4201944379e+00    3.7851501931e+00
    1.0352861057e+01    7.0832723189e+00    3.3484896463e+00
    1.0341259883e+01    7.5695511151e+00    2.4773595596e+00

molecule  58
    5.8306362974e+00    4.9536613563e+00    2.9578076917e+00
    6.5824494167e+00    5.3569738251e+00    2.5326327244e+00
    7.2279194966e+00    5.9153701447e+00    1.9804924010e+00
    8.1751006291e+00    5.7674651687e+00    2.2962767301e+00
    9.1562358729e+00    5.5401429904e+00    2.4665988711e+00
    9.2614747173e+00    6.2976671558e+00    3.1034385138e+00
    8.4751764609e+00    6.0435421807e+00    3.6692090734e+00
    7.6358809724e+00    6.5608866314e+00    3.4096236744e+00

molecule  59
    2.8969744435e+00    9.2702303740e+00    7.6688536172e+00
    3.2226626530e+00    9.0970853081e+00    6.7609282158e+00
    3.9819628144e+00    9.4069496321e+00    7.3510702886e+00
    3.9559812637e+00    1.0149999153e+01    6.6413717193e+00
    4.8713078611e+00   -5.5019749544e-02    6.9811204592e+00
    4.5726313474e+00    9.4883929513e-01    7.2103781265e+00
    3.6619030641e+00    6.5868790765e-01    7.0073021357e+00
    3.2875219286e+00    8.9276206556e-01    7.8880790512e+00

molecule  60
    7.4008238538e+00    7.3613453017e+00    9.2689822769e+00
    7.5494838402e+00    6.7001358258e+00    8.5406016179e+00
    7.1014465744e+00    6.0982411018e+00    7.8986417581e+00
    6.3404910455e+00    6.5523503923e+00    7.4310668973e+00
    7.1881724354e+00    7.0372517456e+00    7.4411318004e+00
    7.0854901653e+00    7.7031328132e+00    8.1458478295e+00
    6.5564631899e+00    7.9361090633e+00    7.3281370679e+00
    5.9521639489e+00    7.9668925888e+00    6.5106586933e+00

molecule  61
    9.2311084820e+00    2.8519852783e+00    6.4193795365e+00
    8.9790348736e+00    3.7519045901e+00    6.1512762139e+00
    9.3797281086e+00    4.2123384066e+00    5.3331355762e+00
    9.0836832844e+00    5.1111535120e+00    5.0241296950e+00
    9.1366604054e+00    5.1661987654e+00    6.0202337116e+00
    9.1587364551e+00    5.9727998077e+00    6.5929897870e+00
    8.8487300525e+00    6.8236025131e+00    6.1782009671e+00
    9.7798468666e+00    6.8241932075e+00    6.5863824330e+00

molecule  62
    1.0355654866e+01    7.6091411578e+00    7.2048856171e+00
    6.0807907445e-01    7.9460329604e+00    7.8405211476e+00
    6.7565432416e-01    8.8945203736e+00    7.5835077735e+00
    1.5253556342e+00    8.3945426600e+00    7.6579719260e+00
    2.2721534775e+00    8.0391069599e+00    7.0315601166e+00
    2.7062682455e+00    7.8560349789e+00    7.8989226025e+00
    3.5760146962e+00    8.1740142291e+00    7.4630016424e+00
    4.0434323123e+00    8.7408124385e+00    8.1578028827e+00

molecule  63
    7.1944228133e+00    4.9264030425e+00    9.8512613169e-01
    7.8579303801e+00    5.6501305727e+00    1.1161212446e+00
    7.7915398511e+00    6.0959240397e+00    2.3727128320e-01
    7.2947703573e+00    6.4507567783e+00    9.9017344478e+00
    7.0391633580e+00    7.1340834372e+00    7.9645596112e-02
    7.8159773706e+00    7.7007568273e+00    1.0420847956e+01
    7.8148665671e+00    7.5036036392e+00    9.7028276151e-01
    7.2001973512e+00    6.7061172013e+00    1.1231447043e+00

molecule  64
    1.0705356518e+00    6.6496734104e+00    9.2120779191e+00
    1.1479415024e+00    5.5988076108e+00    9.0624300998e+00
    9.0532456029e-01    4.5952389007e+00    8.9922980255e+00
    3.6530110853e-02    4.0665459178e+00    8.7917807298e+00
    9.6987613634e+00    4.6116575675e+00    8.5184152038e+00
    9.9210892192e+00    5.2150045368e+00    7.6941765203e+00
    9.4295233491e+00    6.0588705613e+00    7.8282568082e+00
    9.5135853194e+00    5.8613426429e+00    8.7943857527e+00

molecule  65
    6.3314851139e+00    5.7857550702e+00    9.8076571849e-02
    6.2595772256e+00    6.6691862815e+00    4.8443771342e-01
    6.5653231146e+00    5.9005395626e+00    1.0847636801e+00
    5.7033571154e+00    6.2162496400e+00    1.4882766527e+00
    5.7730718475e+00    6.7112672687e+00    2.3855053042e+00
    5.3974604325e+00    6.1502443429e+00    3.0872060984e+00
    4.4841188980e+00    5.7583028339e+00    2.9750446205e+00
    4.6835301512e+00    5.2632684901e+00    2.1673244484e+00

molecule  66
    5.0323421747e+00    1.6360500405e+00    4.8753207815e-01
    5.9650853275e+00    1.8660933943e+00    1.2453296424e-01
    6.2285950073e+00    1.8421394987e+00    9.5939615546e+00
    5.4433821568e+00    2.4373567978e+00    9.7120599899e+00
    6.1352113228e+00    3.1505737794e+00    9.5895701689e+00
    7.0364539086e+00    3.0624408159e+00    1.0057469802e+01
    6.9061897403e+00    3.9530258502e+00   -1.0380758448e-03
    6.9086789166e+00    4.8878705299e+00    1.0188464794e+01

molecule  67
    4.0265889522e+00    3.3802463925e+00    7.6431385666e+00
    3.2452292399e+00    3.0481726909e+00    8.1668079782e+00
    3.4839203764e+00    2.4117925002e+00    8.8362562012e+00
    3.4933095028e+00    1.9636352282e+00    7.9339018265e+00
    3.9741781662e+00    2.0072989672e+00    7.0319553415e+00
    4.1417013458e+00    1.7017813716e+00    6.1057834469e+00
    4.1680156932e+00    1.2554330873e+00    5.2480401359e+00
    5.0360753951e+00    1.7011424735e+00    5.0247478459e+00

molecule  68
    1.2894228798e-01    2.5620682202e+00    5.3223149494e+00
    9.2362367233e-01    2.5740102106e+00    4.7383920420e+00
    1.5446527535e+00    1.7764351696e+00    4.6108631515e+00
    9.3499013180e-01    1.9612982834e+00    3.8616633614e+00
    1.3494732876e+00    2.7680206095e+00    3.6612953489e+00
    2.1421103577e+00    2.4956686648e+00    3.1424468516e+00
    2.3002295551e+00    3.3988711366e+00    2.7897069847e+00
    2.4953279131e+00    4.1241811946e+00    2.1129264868e+00

molecule  69
    6.0434190803e+00    7.5686222181e+00    4.6652212486e+00
    6.2633537048e+00    7.0348292587e+00    5.4971944013e+00
    6.6073145480e+00    6.6431205975e+00    6.3830178492e+00
    7.4978569810e+00    6.3083775707e+00    6.6098166675e+00
    8.1126778397e+00    5.6445252348e+00    7.1092218109e+00
    8.4087265984e+00    4.7049207818e+00    6.9532933715e+00
    9.1444915878e+00    4.3591662195e+00    7.5036240843e+00
    8.7166247584e+00    4.0459385809e+00    8.3343341995e+00

molecule  70
    1.6496413066e+00    2.7229849952e+00    7.7091514092e+00
    1.1882899944e+00    1.8470589782e+00    7.9889202198e+00
    2.7678024657e-01    1.5651443183e+00    8.1688414550e+00
    4.3370695393e-01    6.0837024278e-01    8.0325925902e+00
    1.8462096631e-01    2.7174121840e-01    8.9536961859e+00
    3.4976257836e-01    9.7492221501e+00    9.1873587138e+00
    9.9604218011e-01    1.0467416036e+01    9.4936423152e+00
    1.4025249531e+00    9.5659398098e+00    9.6035065042e+00

molecule  71
    5.6446411225e+00    4.8206504700e+00    1.7925398823e+00
    5.7784938685e+00    4.3129131022e+00    9.1434689218e-01
    6.0980000512e+00    3.5246630334e+00    1.3988725612e+00
    6.0229111649e+00    3.3792145908e+00    2.3619500533e+00
    5.0101904665e+00    3.6047894330e+00    2.3227494065e+00
    4.4647894876e+00    3.8470624478e+00    3.0875385031e+00
    4.8153660434e+00    2.9279791837e+00    3.2841779034e+00
    4.8005419602e+00    3.3033100932e+00    4.1842541406e+00

molecule  72
    2.0306782048e-01    3.7561766262e+00    5.2150619189e+00
    7.1050994901e-01    3.8159470566e+00    6.0763156115e+00
    1.0966491460e+00    3.0877541837e+00    6.6642381362e+00
    2.0634506744e+00    2.8693542287e+00    6.5068591273e+00
    2.7067803272e+00    2.7291103845e+00    7.2415333364e+00
    3.1464792481e+00    2.8669709775e+00    6.3596501543e+00
    2.8368260795e+00    2.1171640063e+00    5.7971900296e+00
    3.0129009792e+00    1.2345942663e+00    6.1400676330e+00

molecule  73
    7.4724867691e+00    5.1514373085e+00    2.8936085611e+00
    7.9327024000e+00    4.8158651056e+00    2.0721314143e+00
    8.7849333017e+00    4.4240472086e+00    2.4025580420e+00
    9.5333941055e+00    4.1149244844e+00    1.8493349080e+00
    9.5236292950e+00    3.3545390512e+00    2.5603697880e+00
    1.0188592019e+01    3.4793950412e+00    3.2884923643e+00
    2.8818039615e-01    2.8073374412e+00    3.7405133929e+00
    7.7819126854e-01    3.6330841691e+00    3.4390329779e+00

molecule  74
    8.0109567170e+00    2.1653417924e+00    7.3970221051e+00
    8.0629984239e+00    2.2258335922e+00    8.3970698169e+00
    8.3615319135e+00    2.7496977152e+00    9.1918940486e+00
    8.7730395644e+00    3.1652947006e+00    9.9657321627e+00
    9.0732340203e+00    3.8195067314e+00    1.7979569218e-01
    9.8997936438e+00    3.2120596061e+00    5.9220142342e-02
    8.3668886738e-02    2.9278568124e+00    9.8698739455e+00
    1.0445630006e+01    2.0205291651e+00    9.5396922050e+00

molecule  75
    9.6938067867e+00    2.3376006116e+00    8.6153402892e+00
    9.2364387203e+00    1.7399608621e+00    9.2898821882e+00
    8.9261332100e+00    1.2675043332e+00    8.4275896324e+00
    9.5231969832e+00    5.2174386117e-01    8.7790719503e+00
    1.0009556884e+01    8.8287749596e-01    9.6083349544e+00
    9.8128768423e+00    1.5850209855e+00    1.0324926869e+01
    8.8644417375e+00    1.3801652762e+00    1.0032657209e-01
    9.1607130403e+00    4.3639402886e-01    2.9017716959e-01

molecule  76
    7.7946276679e+00    8.4035474513e+00    2.3991764335e+00
    7.8510225210e+00    7.7924669554e+00    3.1808359630e+00
    7.6729536623e+00    8.1660211880e+00    4.0550760528e+00
    6.9531724411e+00    8.6339598611e+00    4.5863301751e+00
    5.9620312911e+00    8.8158650605e+00    4.4588974248e+00
    5.2288239292e+00    8.1695212423e+00    4.2914741807e+00
    5.8247430583e+00    7.5815327035e+00    3.7098216545e+00
    6.2550283548e+00    8.3290951487e+00    3.1991204744e+00

molecule  77
    3.1125313032e+00    4.2724517030e+00    6.7348297766e+00
    3.7469514113e+00    4.9634158074e+00    6.3882890330e+00
    2.7844866710e+00    5.2169246656e+00    6.2703794045e+00
    2.8346003575e+00    6.1302932841e+00    6.7396742659e+00
    2.0249342483e+00    6.6853240999e+00    6.6928347448e+00
    2.8596659441e+00    7.2461214272e+00    6.7653144208e+00
    3.6495611452e+00    7.7096356901e+00    6.3582588595e+00
    3.3354836248e+00    6.9047899335e+00    5.9400636059e+00

molecule  78
    8.8847460255e+00    6.8489210698e+00    7.4170991814e+00
    9.3590181427e+00    7.3353695165e+00    8.1183048666e+00
    9.9896204839e+00    6.8038092055e+00    8.6850655974e+00
    2.8690460326e-01    7.3936214452e+00    8.9254726397e+00
    7.0494984913e-01    7.8501042487e+00    9.6971575255e+00
    4.8405153448e-01    8.8049769720e+00    9.6253108089e+00
    1.1297909519e+00    8.3659772157e+00    8.9862923773e+00
    1.4020970913e+00    9.2126719952e+00    8.5439021708e+00

molecule  79
    1.7234194427e+00    1.0309757266e+01    6.1580873712e+00
    2.2599185234e+00    1.0255355367e+01    5.3020985907e+00
    1.7373068731e+00    4.0246137244e-01    4.6670674645e+00
    1.5066668054e+00    1.0217881521e+01    3.8768807910e+00
    1.2987689254e+00    9.9418389288e+00    4.8548894788e+00
    1.6149227524e+00    9.1586626423e+00    4.3022285816e+00
    1.0276442246e+00    8.5230322704e+00    3.7471772810e+00
    5.7879116590e-01    9.3181080816e+00    4.1182665051e+00

molecule  80
    9.1840925433e+00    2.3738399052e+00    1.5209038694e-01
    8.7172530766e+00    3.0203669497e+00    7.8052095099e-01
    8.6236538086e+00    2.3120027497e+00    1.4767089101e+00
    8.4984328615e+00    3.2100451774e+00    1.9747583920e+00
    7.7008882596e+00    2.6060174359e+00    2.0725638923e+00
    7.1928988482e+00    1.9748508339e+00    2.6712502765e+00
    6.4237761002e+00    1.8340947566e+00    2.1324833023e+00
    5.7855937660e+00    1.5711327120e+00    1.4115808258e+00

molecule  81
    1.2080973822e+00    9.7739709042e+00    7.4597519518e+00
    2.4889199581e-01    1.0052913975e+01    7.3848244549e+00
    1.0220311823e+01    9.1682431302e+00    7.3334445880e+00
    9.2409769335e+00    9.1811745665e+00    7.5007308755e+00
    9.2690699384e+00    8.1736481742e+00    7.3627658744e+00
    8.3996820362e+00    7.7876199312e+00    7.5798658277e+00
    8.4045977079e+00    7.2719008511e+00    8.4205119040e+00
    8.5447004280e+00    6.4880474104e+00    8.9257568319e+00

molecule  82
    1.5026807670e+00    9.3405210164e+00    1.4217979464e-01
    1.5195101848e+00    8.4706899573e+00    1.0041342844e+01
    1.2931973418e+00    7.5757834001e+00    1.7622102183e-02
    3.2179639316e-01    7.5015008853e+00    2.5436133126e-01
    9.7655024939e+00    7.4656115985e+00    1.5841779935e-01
    9.5229469735e+00    8.4031658686e+00    1.0434456534e+01
    9.4950374565e+00    9.0393140840e+00    9.6601868887e+00
    9.6372286810e+00    9.3038559825e+00    8.7406228223e+00

molecule  83
    7.1047484705e+00    8.8199311972e+00    1.3547409566e+00
    7.5354530821e+00    8.5444462386e+00    4.8057787558e-01
    6.6041422069e+00    8.4398131287e+00    1.4466295525e-01
    6.4480848862e+00    7.9528737970e+00    1.0604898370e+00
    6.4046052904e+00    7.4134087466e+00    1.9017876259e+00
    5.5030533820e+00    7.2648880312e+00    1.5795653908e+00
    4.5378141556e+00    7.2903799142e+00    1.3555846068e+00
    4.4516001517e+00    7.4801322321e+00    2.2908685906e+00

molecule  84
    5.8654918782e+00    6.0612502795e+00    6.6315583670e+00
    5.3006410558e+00    5.6130456427e+00    5.9400493721e+00
    5.0611443474e+00    6.0505326920e+00    5.0500182732e+00
    4.2198629277e+00    5.9023536091e+00    4.5164777132e+00
    3.5263081109e+00    5.3815308804e+00    5.0607146774e+00
    3.3919597114e+00    4.7791327357e+00    4.2590160838e+00
    4.1508877876e+00    5.0315783044e+00    3.6493485408e+00
    3.4718500600e+00    4.5255990846e+00    3.1585066782e+00

molecule  85
    2.6146523610e-01    9.7941631892e+00    1.0277591077e+01
    7.9663611279e-01    1.0122103339e+01    6.3249737075e-01
    6.8128090199e-01    6.0212793940e-01    1.6602910750e-01
    1.5406064427e+00    1.0598007158e+00    1.0382139739e+01
    1.1648865898e+00    1.2986848763e+00    9.4628306648e+00
    1.8268865290e+00    1.6334648654e+00    8.8207759546e+00
    2.4524022577e+00    1.9141364502e+00    8.1301790799e+00
    2.4670312582e+00    2.6644010613e+00    8.7784329831e+00

molecule  86
    8.1708157318e+00    3.8147784274e+00    4.5415531007e+00
    8.1907337639e+00    3.0039140288e+00    5.0957477147e+00
    8.3523536877e+00    2.1683806186e+00    5.5664460712e+00
    8.5440532954e+00    1.3337631664e+00    5.1405781578e+00
    9.3670603096e+00    1.4409738171e+00    4.6356568200e+00
    1.0218103424e+01    2.0408268646e+00    4.4778147593e+00
    9.5994305381e+00    2.2367177698e+00    5.2289399249e+00
    9.7686536998e+00    3.1004200888e+00    4.7321894796e+00

molecule  87
    5.1248980503e+00    4.4371745636e+00    7.3224403572e+00
    4.7425569037e+00    5.2418783230e+00    6.8678920308e+00
    4.0163741482e+00    4.7620603074e+00    7.3600105349e+00
    4.5299826778e+00    5.5060781273e+00    7.7922189428e+00
    5.1756839384e+00    5.7610478036e+00    8.4788525455e+00
    4.8314593831e+00    6.6812097182e+00    8.4894237404e+00
    5.1147509257e+00    6.4358799416e+00    7.5981306882e+00
    5.6341283207e+00    7.2854791712e+00    7.4171984780e+00

molecule  88
    1.2982712438e+00    3.5853704781e+00    4.4591539086e+00
    8.2860917519e-01    4.4466668981e+00    4.4240630757e+00
    4.7183006069e-02    4.0041874082e+00    4.0894092621e+00
    9.5491809967e+00    4.1815995550e+00    3.8719883433e+00
    9.6365059685e+00    4.3782361362e+00    2.9324726197e+00
    1.0242403522e+01    4.9213273205e+00    2.3884157469e+00
    1.7797336067e-01    4.6290522325e+00    3.2898488819e+00
    1.0273470409e+01    5.5725052450e+00    3.2067549980e+00

molecule  89
    8.4836620856e+00    9.2543707085e+00    8.9221813019e+00
    8.0966062924e+00    9.7169071965e+00    8.0783275962e+00
    7.4515389254e+00    8.9825955544e+00    7.9629105968e+00
    7.8968157018e+00    9.2702584510e+00    7.0720196924e+00
    7.2593539296e+00    8.5512159669e+00    6.8866544547e+00
    7.8460914932e+00    8.6702580795e+00    6.0640971127e+00
    8.8538691680e+00    8.5466769453e+00    6.0666989141e+00
    9.6634187077e+00    8.0701487132e+00    6.4405114566e+00

molecule  90
    7.2982228597e+00    4.8075144734e-01    1.6539797062e+00
    7.9899461772e+00    3.7496456010e-01    9.5894876159e-01
    8.0516751188e+00    1.3505492762e+00    7.9722578358e-01
    7.0522803530e+00    1.1703907875e+00    8.1560152810e-01
    7.3956514115e+00    1.9373930950e+00    1.3640320720e+00
    6.4843434774e+00    2.1780453308e+00    1.0438122591e+00
    6.0010257073e+00    2.8728863773e+00    5.1896654946e-01
    5.1390939489e+00    3.0683000036e+00    1.0315643958e+00

molecule  91
    6.5443017405e+00    1.0221020640e+01    4.7117770467e-01
    5.7199628045e+00    2.1567914238e-01    7.9744496040e-01
    6.2468048299e+00    6.6867196223e-01    5.0463168252e-02
    5.9708023721e+00    7.8609125352e-01    9.5506839106e+00
    6.6387472212e+00    5.7619658633e-03    9.6177379878e+00
    7.4676595456e+00    6.0152026878e-01    9.4799453041e+00
    7.9532367975e+00    1.1436324651e+00    1.0165878782e+01
    8.0948725853e+00    1.4841655922e+00    9.2180105775e+00

molecule  92
    9.4020430846e+00    9.4790691602e+00    3.9977954336e+00
    8.7574865850e+00    1.0246053723e+01    4.2613521426e+00
    8.9466894506e+00    2.6860836474e-01    5.0909430702e+00
    9.5486219495e+00    4.9973721463e-01    5.8672376853e+00
    9.5018166289e+00    1.4436060070e+00    6.2462654132e+00
    9.3182625078e+00    1.1506784856e+00    7.2260238414e+00
    9.2262899619e+00    2.1214659866e+00    7.1526267409e+00
    9.0693554079e+00    2.7734572573e+00    7.9176393782e+00

molecule  93
    5.6695814245e+00    7.5566786745e+00    1.0113487792e+01
    5.6480933285e+00    8.5036592896e+00    1.0283550303e+01
    5.9000130936e+00    9.2394126138e+00    4.3980984708e-01
    5.5410469159e+00    8.4344138974e+00    9.2706721417e-01
    4.5972083960e+00    8.3683629873e+00    1.2658908999e+00
    4.5040914276e+00    9.3047183904e+00    9.8888887980e-01
    5.3054328803e+00    9.7865403168e+00    1.3131552697e+00
    4.4574335736e+00    1.0157979568e+01    1.7032820145e+00

molecule  94
    3.7543126670e+00    1.0205197888e+01    8.0031280681e+00
    4.6703523350e+00    1.9497662211e-01    8.0157887894e+00
    4.6597324126e+00    9.7106388005e+00    8.4688998532e+00
    5.1316983493e+00    8.9017630056e+00    8.0369726039e+00
    5.3898522706e+00    9.0351672031e+00    7.0630916905e+00
    4.7101419478e+00    8.2865182252e+00    7.0397065379e+00
    4.5156133419e+00    7.3878527102e+00    7.2983072119e+00
    3.7178950843e+00    6.8486087144e+00    6.9276825240e+00

molecule  95
    2.1796017080e+00    8.5440532731e+00    3.7763392745e-01
    1.7490122825e+00    8.7779812711e+00    1.3123422234e+00
    9.4478782751e-01    8.8893777466e+00    1.9044294046e+00
    8.1517052902e-01    8.1045056689e+00    2.5533687772e+00
    1.3658692119e+00    7.5803447192e+00    1.9562702305e+00
    1.0556915455e+00    7.6558017024e+00    9.7342498436e-01
    1.9282260034e+00    7.2391936555e+00    8.9735636684e-01
    2.5774450906e+00    7.9127905205e+00    1.0636353248e+00

molecule  96
    3.6605896488e+00    2.9367095187e-01    5.8678868401e+00
    4.1749002244e+00    9.9790969005e+00    5.6040371427e+00
    3.7620632768e+00    9.0595437747e+00    5.6732684553e+00
    4.3407033537e+00    8.2905386743e+00    5.3784527845e+00
    3.4600140016e+00    7.9929633519e+00    4.9953763903e+00
    2.7215559571e+00    8.0835874551e+00    5.6869972430e+00
    1.8554295980e+00    7.6082540019e+00    5.6453183702e+00
    1.6348236565e+00    8.5699599157e+00    5.7171617388e+00

molecule  97
    1.5606694967e+00    4.8400927269e+00    7.8781868063e-01
    1.0502474184e+00    4.7876858374e+00    1.6259090634e+00
    3.2857654109e-01    4.0970156757e+00    1.4684627453e+00
    1.9091642883e-01    5.0989675418e+00    1.2652513452e+00
    5.4840187877e-01    4.7513189278e+00    4.1469502791e-01
    5.1600769744e-01    4.1753206503e+00    1.0092883909e+01
    1.4931345707e-01    4.9941787809e+00    9.6805636659e+00
    1.0685901102e+00    5.0440116747e+00    1.0009641880e+01

molecule  98
    3.5216583624e-01    2.3717860269e-01    4.2810841342e+00
    9.8853415050e+00    1.9234978203e-02    4.6002513437e+00
    1.0167742887e+01    1.0120943486e+01    3.6659342873e+00
    2.2493591391e-01    9.7616923171e+00    2.8155528295e+00
    9.8531529985e+00    1.0158614941e+01    2.5143597971e+00
    1.0389286539e+01    7.1351385910e-02    1.7628844647e+00
    9.5986690857e+00    2.8593983018e-01    1.2706986666e+00
    1.0296381334e+01    1.0369623955e+01    7.4950153437e-01

molecule  99
    3.7448128425e+00    6.4627773721e-01    2.0904246150e+00
    4.6388488830e+00    1.0400879202e+00    2.1123360810e+00
    5.2834158749e+00    1.5602338588e+00    2.7548886124e+00
    5.6252888594e+00    7.8139462071e-01    2.1948132433e+00
    6.4143626302e+00    1.0474838040e+00    2.7159826476e+00
    6.3378926587e+00    1.1711209089e+00    3.6894513164e+00
    6.3434517328e+00    2.1157474659e+00    3.4148001175e+00
    5.5214188366e+00    2.0354532353e+00    3.9882561346e+00
