    MdKineticEnergyAverage{
      interval                            1000
      outputFileName          kineticEnergyAve
      nSamplePerBlock                       10
    }

Average     1.1999847e+03
Variance    1.2765809e+03
Std Dev     3.5729273e+01

Hierarchichal Error Analysis:
              0              1  9.2252278e-02         150001
              1              2  1.1230718e-01          75000
              2              4  1.1967007e-01          37500
              3              8  8.9666140e-02          18750
              4             16  8.4662815e-02           9375
              5             32  8.0891230e-02           4687
              6             64  7.9014496e-02           2343
              7            128  7.6774487e-02           1171
              8            256  7.5253755e-02            585
              9            512  7.3898604e-02            292
             10           1024  7.3434786e-02            146
             11           2048  7.5537415e-02             73
             12           4096  8.2366090e-02             36
             13           8192  8.7797596e-02             18
             14          16384  9.3859007e-02              9
             15          32768  1.2398223e-01              4
