    MdPotentialEnergyAverage{
      interval                            1000
      outputFileName        potentialEnergyAve
      nSamplePerBlock                       10
    }

Average     6.0885427e+02
Variance    6.5324162e+02
Std Dev     2.5558592e+01

Hierarchichal Error Analysis:
              0              1  6.5991781e-02         150001
              1              2  7.1133464e-02          75000
              2              4  7.1779454e-02          37500
              3              8  6.1973521e-02          18750
              4             16  6.0432731e-02           9375
              5             32  5.9013976e-02           4687
              6             64  5.8830164e-02           2343
              7            128  5.8861475e-02           1171
              8            256  5.8920827e-02            585
              9            512  6.2389492e-02            292
             10           1024  5.6603421e-02            146
             11           2048  5.7912861e-02             73
             12           4096  5.7340078e-02             36
             13           8192  6.9830938e-02             18
             14          16384  6.9778797e-02              9
             15          32768  9.7710700e-02              4
