BOUNDARY

orthorhombic       1.0455159000e+01    1.0455159000e+01    1.0455159000e+01

MOLECULES

species    0
nMolecule  100

molecule  0
    1.9145186252e+00    5.5954718246e+00    8.5532864022e+00
    2.7566817407e+00    5.1164447975e+00    8.8022529722e+00
    2.4216734501e+00    5.5603296788e+00    9.6527311802e+00
    3.1337663767e+00    5.9607129861e+00    1.0223862668e+01
    3.5543382450e+00    6.8822365843e+00    1.0454751230e+01
    4.1772091562e+00    6.2781728242e+00    9.9236589039e+00
    3.6079852020e+00    6.7447606693e+00    9.2401684630e+00
    4.2377309884e+00    7.4716572783e+00    9.0021751400e+00

molecule  1
    8.0381989931e+00    5.3237772798e+00    2.4198729566e+00
    7.4510152037e+00    4.5063323869e+00    2.6155844068e+00
    7.0495748384e+00    3.7797287784e+00    2.1147350908e+00
    7.2254539075e+00    3.1064012812e+00    2.8550924047e+00
    6.6830839858e+00    2.3179818400e+00    2.6619126148e+00
    6.3379018871e+00    2.1078425791e+00    3.5942214773e+00
    6.2274890414e+00    3.0611666583e+00    3.6691154856e+00
    7.2215054231e+00    3.1781675324e+00    3.9636863377e+00

molecule  2
    8.7910442133e-01    5.5708642493e+00    9.4499611230e+00
    1.3416791985e+00    5.6936946886e+00    1.0319684563e+01
    8.2308283032e-01    5.3467498844e+00    6.5917303270e-01
    7.4748980241e-01    5.5439048809e+00    1.6327272361e+00
    1.0431599065e+01    5.8239796022e+00    1.0568824656e+00
    1.0228193912e+01    6.1318299935e+00    1.0951628601e-01
    9.5713987588e+00    5.7340033967e+00    9.8971404831e+00
    1.0138245071e+01    4.9238187475e+00    9.6588775886e+00

molecule  3
    3.2462513689e+00    7.0349138687e+00    3.8380196225e+00
    2.9026971176e+00    6.5019185667e+00    3.0488836122e+00
    3.8208784421e+00    6.5726352001e+00    2.6736886406e+00
    4.1648588254e+00    6.6884640816e+00    3.5791391277e+00
    4.2378937934e+00    5.8192382990e+00    4.0302870788e+00
    3.7569239245e+00    4.9169249211e+00    3.9746882417e+00
    3.0111592279e+00    5.5104528444e+00    3.6753535127e+00
    2.0680101884e+00    5.7227224085e+00    3.2004856815e+00

molecule  4
    6.2280735582e+00    1.1741364903e+00    1.6347898469e+00
    6.6946182348e+00    9.8355726292e-01    2.5400430150e+00
    7.2023816327e+00    1.2648563372e+00    3.3744473778e+00
    6.7194032928e+00    1.2917662024e+00    4.2375788022e+00
    6.8796895333e+00    3.7912097599e-01    4.6462203327e+00
    6.1019132207e+00    4.2721404966e-01    5.2992679557e+00
    5.6019724149e+00    9.9897093829e+00    5.1664226418e+00
    4.8651941201e+00    1.0216742145e+01    4.5250387511e+00

molecule  5
    1.0406217808e+01    4.9133934600e+00    1.5546747312e+00
    3.6118963838e-01    4.3016862410e+00    8.2280198585e-01
    2.3559180628e-01    3.8371640219e+00    1.6670215745e+00
    2.9380597768e-01    3.1621303769e+00    9.2987640022e-01
    1.8141788690e-01    2.9585663972e+00    1.0428521580e+01
    1.1713310435e-01    3.8979425052e+00    1.0076837032e+01
    7.0612938978e-01    4.6464212101e+00    9.9951641806e+00
    1.6135148412e+00    4.5655721173e+00    1.0436798730e+01

molecule  6
    8.5477362925e+00    9.0171324579e+00    4.8031423582e+00
    8.1902914423e+00    9.5790780753e+00    4.0217673396e+00
    8.6068825101e+00    9.4583425134e+00    3.1181544305e+00
    7.7190360415e+00    9.6137962781e+00    2.5885525636e+00
    8.0924480567e+00    1.0439204156e+01    2.2758131434e+00
    7.8281886269e+00    5.6420177010e-01    1.5367098644e+00
    8.7436025835e+00    8.9091295907e-01    1.9100075447e+00
    9.2284273305e+00    7.0243374600e-01    1.0188537249e+00

molecule  7
    1.0923695756e+00    4.6052404666e+00    2.3600483952e+00
    1.9714503495e+00    4.2499867780e+00    1.9730749451e+00
    1.7066165433e+00    4.8979687098e+00    1.2909895089e+00
    1.9021107414e+00    5.7302385929e+00    1.7204735819e+00
    2.5629852688e+00    5.0956267506e+00    2.0994814011e+00
    2.2343788607e+00    4.7046825387e+00    2.9847013076e+00
    1.6639358247e+00    3.8907459536e+00    3.0740959631e+00
    1.3267332174e+00    4.6864541504e+00    3.5679845384e+00

molecule  8
    7.7480310717e+00    2.3536341711e+00    3.2674913108e+00
    8.6930978395e+00    2.2313150884e+00    2.8960403756e+00
    7.9877495863e+00    2.6404886641e+00    2.3225156149e+00
    8.1271110085e+00    3.1454777114e+00    1.5035499721e+00
    8.7124726582e+00    2.9384535387e+00    7.4610216193e-01
    8.8656442501e+00    2.0181593711e+00    1.0389720205e+00
    7.8325133606e+00    1.9636065002e+00    9.3219891963e-01
    7.1442576166e+00    1.6572634276e+00    1.5621879724e+00

molecule  9
    8.3682629185e+00    5.5886291229e+00    3.7228850917e+00
    8.9240463571e+00    6.4202601165e+00    3.7651152802e+00
    9.1463908772e+00    5.7668427148e+00    3.0630036284e+00
    9.4503361963e+00    5.6219892632e+00    2.1404992608e+00
    9.4847414102e+00    6.6225038877e+00    2.0623195487e+00
    8.6229490685e+00    6.5060959785e+00    1.5510693676e+00
    8.5427554946e+00    7.2265486970e+00    2.2769730111e+00
    8.1897932699e+00    6.3160067573e+00    2.5018650169e+00

molecule  10
    1.3877446158e+00    8.2214508161e+00    3.0442642393e+00
    8.3078090754e-01    7.8005991709e+00    3.7585348275e+00
    1.6771920703e+00    8.1367459665e+00    4.2547735454e+00
    1.9064415322e+00    7.3944788004e+00    4.9108396019e+00
    1.7807604404e+00    6.9553219335e+00    4.0433532648e+00
    2.0326195576e+00    7.0021764745e+00    3.0679024589e+00
    2.4055570126e+00    7.8168974610e+00    3.4774116343e+00
    2.4588282352e+00    8.2913258347e+00    2.6143002952e+00

molecule  11
    3.7281225373e+00    2.1588717541e+00    7.4566215421e+00
    2.9510556693e+00    1.8019332044e+00    7.9106487075e+00
    2.9272746676e+00    8.3062490813e-01    7.9988590214e+00
    2.2461390401e+00    6.7497278519e-01    8.7329231652e+00
    1.3639990751e+00    2.0323607809e-01    8.9886512617e+00
    6.5761072763e-01    4.3158391727e-01    8.3536195054e+00
    2.4800301668e-01    5.6823001611e-01    7.4352398409e+00
    1.2496458225e+00    7.3376731569e-01    7.5430016364e+00

molecule  12
    7.1899490212e+00    5.3263478488e+00    3.4009183209e+00
    6.9692020080e+00    5.0514101182e+00    4.3405446856e+00
    6.7606141732e+00    4.1637085357e+00    4.6920898652e+00
    6.0419822170e+00    3.4499792113e+00    4.6517868026e+00
    5.5515368562e+00    4.3000669623e+00    4.7117178433e+00
    4.8738766819e+00    4.9680890538e+00    4.9426452762e+00
    5.2473250641e+00    5.0685416813e+00    4.0439052798e+00
    5.2961156312e+00    5.2003898595e+00    3.0907004584e+00

molecule  13
    2.4996899501e-01    1.0262349830e+01    9.8230047632e+00
    1.1436722824e+00    1.4276617106e-01    1.0160801968e+01
    5.3556298409e-01    8.3856316604e-01    9.8214481728e+00
    1.1873921911e+00    1.3000340147e+00    9.2147036052e+00
    3.8043253596e-01    1.5875524918e+00    8.7282327645e+00
    1.2382627782e+00    1.7544034933e+00    8.1855594478e+00
    1.7204090722e+00    2.2992333441e+00    7.4846438233e+00
    1.9290282807e+00    1.4685798404e+00    6.9796803514e+00

molecule  14
    7.2540880965e+00    2.8501034169e+00    5.0030286133e+00
    6.4736013097e+00    2.8410627803e+00    5.6132754573e+00
    6.4723432334e+00    3.3582052711e+00    6.4738194406e+00
    7.0122958331e+00    3.9390506881e+00    5.8345593169e+00
    7.8138508824e+00    4.5435935266e+00    5.9333408532e+00
    7.7569742432e+00    3.7263798134e+00    6.4555914067e+00
    8.3875853374e+00    3.8853560798e+00    7.2262576393e+00
    7.6235804155e+00    4.0791093317e+00    7.8355133753e+00

molecule  15
    9.5113656619e+00    7.3122529497e+00    5.0391159022e+00
    9.5131110333e+00    7.2829283670e+00    3.9813498574e+00
    9.6513579185e+00    7.6222143463e+00    3.0613847368e+00
    8.6668882259e+00    7.9609827356e+00    3.2114076105e+00
    8.2075938195e+00    8.2856299872e+00    4.0615513875e+00
    8.4418724450e+00    7.3795989016e+00    4.2241527748e+00
    8.2112191287e+00    6.4629027518e+00    4.4515470761e+00
    7.5722513462e+00    6.6917089911e+00    3.6731269542e+00

molecule  16
    1.1925523170e+00    1.9880642562e+00    3.6087183793e+00
    1.2890450695e+00    1.1737236447e+00    3.0148727265e+00
    1.4982874837e+00    5.8212492925e-01    2.2225157151e+00
    1.1032587549e+00    1.0272278439e+01    2.7965919755e+00
    1.7540684864e+00    9.9576121036e+00    2.1414630437e+00
    2.4393957439e+00    9.3937868188e+00    2.6465290495e+00
    2.1974765942e+00    8.9345486427e+00    1.8119499563e+00
    2.4406023522e+00    9.6139904662e+00    1.1182749258e+00

molecule  17
    9.7146461406e+00    5.4585600582e+00    4.2782445357e+00
    9.6528359693e+00    6.3979240288e+00    4.6012307089e+00
    6.1003046331e-02    6.8708908585e+00    4.5736204598e+00
    1.0433987359e+01    7.8212441798e+00    4.3638646995e+00
    1.0261773161e+01    8.2901762078e+00    5.2158415113e+00
    9.2301438049e+00    8.3541327790e+00    5.1082717140e+00
    8.5269053571e+00    8.6170724153e+00    5.8091615258e+00
    8.1356793505e+00    8.1033494048e+00    5.0163756922e+00

molecule  18
    9.0333667661e+00    3.5908863551e+00    3.9337831275e+00
    8.2179342071e+00    3.3688218348e+00    3.4192303067e+00
    8.3803648507e+00    4.2380342681e+00    2.9381557910e+00
    8.2201396889e+00    4.0225114263e+00    1.9949387271e+00
    9.0633685349e+00    3.8218841700e+00    1.5403899024e+00
    9.1685121679e+00    3.5306790750e+00    2.4642191835e+00
    9.8800046689e+00    3.2232314954e+00    1.8076340845e+00
    9.0946166594e+00    2.5816412469e+00    1.9041410537e+00

molecule  19
    9.4890769630e+00    9.3938618679e+00    5.1340995776e+00
    4.1579931501e-03    9.5886247167e+00    5.0086101985e+00
    4.4096555353e-01    9.5398599842e+00    4.1325752405e+00
    9.0609870158e-01    1.0243532605e+01    4.7325806230e+00
    1.7411895826e+00    1.0368287148e+01    5.3311968758e+00
    2.7000247776e+00    1.0411192358e+01    5.1598087334e+00
    3.2784756634e+00    5.6015402527e-01    4.6071959423e+00
    3.9873308643e+00    2.0310387759e-01    4.0458775444e+00

molecule  20
    7.3279911220e+00    9.8226906259e+00    8.8993065258e+00
    7.3505791981e+00    9.7484464216e+00    9.9453126540e+00
    7.0639647383e+00    9.8473356725e+00    4.4449472328e-01
    6.7130666673e+00    8.9192189640e+00    2.3691343099e-01
    6.5446127883e+00    9.3481784052e+00    1.1402332542e+00
    6.7875352693e+00    9.3443792007e+00    2.0774958056e+00
    7.3266341168e+00    8.7186700444e+00    1.5207639133e+00
    7.5160749591e+00    9.6991754404e+00    1.5016708804e+00

molecule  21
    2.7029426245e+00    2.8195764741e-01    6.1536674775e-01
    2.1293952128e+00    1.0113262248e+01    4.7287453935e-02
    3.1381405454e+00    9.9619059472e+00    1.1747787854e-01
    3.3588951248e+00    1.0139664824e+01    1.0680536081e+00
    4.0651929972e+00    9.6148959728e+00    1.4941707761e+00
    4.8191813923e+00    9.0265322142e+00    1.2239480484e+00
    4.0018916516e+00    9.0132220404e+00    6.8115078889e-01
    4.1400555237e+00    9.5117185283e+00    1.0266626090e+01

molecule  22
    8.8130708231e-01    8.3528992355e+00    6.5823406350e-01
    1.5010992087e+00    7.5871647712e+00    8.4225818691e-01
    1.7138145803e+00    8.2153831481e+00    1.1839065809e-01
    2.0980879058e+00    9.0943714680e+00    5.9295395556e-02
    1.2117642322e+00    9.3132435941e+00    4.8017015776e-01
    8.0706175397e-01    9.3637528120e+00    1.3571494105e+00
    2.3622023963e-01    1.0077139900e+01    1.7284612770e+00
    5.3359269097e-01    1.0301842509e+01    8.2373115729e-01

molecule  23
    9.6511565347e+00    7.6692568227e-01    3.3234968366e+00
    1.0073184205e+01    2.2345027531e-02    2.8090090821e+00
    1.4470200921e-01    5.0092182126e-02    3.6664920876e+00
    1.0300728211e+00    4.4653559742e-01    3.6160849827e+00
    4.8289732684e-01    1.0098938174e+00    4.2302871124e+00
    1.7679657695e-01    1.7767266173e+00    3.6105154265e+00
    3.3783459886e-01    2.3276217496e+00    4.4779157770e+00
    7.9014822637e-01    3.2475132216e+00    4.5984742258e+00

molecule  24
    7.1664640260e+00    3.3248026318e+00    7.3863543059e+00
    6.4735783597e+00    3.4836427151e+00    8.0971262588e+00
    7.0711391162e+00    2.7072424971e+00    8.2972367231e+00
    7.8976499945e+00    2.9768824798e+00    8.7966506751e+00
    7.9281557424e+00    3.7742476437e+00    9.3751405110e+00
    7.5154564751e+00    3.7699644588e+00    1.0249084241e+01
    8.2152773501e+00    4.0745302816e+00    4.6896281072e-01
    7.8042259456e+00    4.6541348925e+00    1.1637950803e+00

molecule  25
    5.5810188707e+00    8.1466527703e+00    7.3714230294e-01
    5.0983894564e+00    7.5009117338e+00    1.2700237663e+00
    4.6854521596e+00    6.7332831696e+00    1.8063549531e+00
    4.6028075719e+00    6.0664009237e+00    1.0848413732e+00
    3.6740700299e+00    6.2554108584e+00    7.8792367687e-01
    3.4715478082e+00    7.2081266015e+00    1.0320177999e+00
    3.7015329167e+00    7.9816255950e+00    4.4460540259e-01
    2.8215399381e+00    8.0713648894e+00    8.9434619992e-01

molecule  26
    5.1195274384e+00    9.7634467127e+00    8.7594605256e+00
    5.5097828194e+00    1.0014663998e+01    7.9023050303e+00
    6.4256257747e+00    9.8368246796e+00    7.5180027328e+00
    7.3694161125e+00    9.6100412060e+00    7.7449472825e+00
    7.0842162937e+00    5.7694287560e-02    7.8842499962e+00
    6.6358596343e+00    9.5017680522e-01    7.9151660557e+00
    6.1883616785e+00    6.0778900450e-01    7.1454224403e+00
    6.1036111090e+00    9.7051885306e-01    6.2645664285e+00

molecule  27
    4.7790806658e+00    1.5078881522e+00    1.2546589710e+00
    4.4158849851e+00    6.5017675668e-01    1.5167448256e+00
    4.4200712846e+00    1.0384475522e+01    8.4869758425e-01
    4.9354785095e+00    3.0687217071e-01    3.9244287996e-02
    5.4907278900e+00    9.9665391682e+00    1.0229085340e+01
    5.6771287953e+00    9.3850797898e+00    5.9391109178e-01
    5.5532132480e+00    1.0184277543e+01    1.1800608575e+00
    6.3366260524e+00    1.5142868606e-01    6.7887594585e-01

molecule  28
    4.8531915007e+00    1.7567669136e+00    2.3621758377e+00
    4.8666966204e+00    2.7331294342e+00    2.0832003517e+00
    4.2421330970e+00    3.0242575124e+00    2.8205855729e+00
    5.1316472831e+00    2.6037191423e+00    3.1542921912e+00
    5.1230503377e+00    2.6566845532e+00    4.1170675083e+00
    4.5830216089e+00    2.6383673112e+00    4.9294430671e+00
    5.4463747473e+00    2.4770202533e+00    5.4815737575e+00
    6.0047558066e+00    2.2406022478e+00    4.7115711040e+00

molecule  29
    5.6443253831e+00    3.7983916486e+00    5.6645441233e+00
    5.3789538166e+00    4.5129823425e+00    6.3294046657e+00
    6.2113208401e+00    4.8433486306e+00    5.8308949147e+00
    6.2116912076e+00    5.5257364114e+00    5.0795082085e+00
    6.6991625380e+00    6.2040175934e+00    4.4747700031e+00
    7.3648149609e+00    5.8987632752e+00    5.1498068106e+00
    7.9934139565e+00    5.2173097181e+00    4.7811039522e+00
    7.9111617061e+00    4.2662306341e+00    4.4728847392e+00

molecule  30
    3.9481651621e+00    9.8704010410e+00    8.1657788568e+00
    3.9128595807e+00    1.0263876110e+01    9.0923445166e+00
    4.7682012407e+00    3.5668040206e-01    9.3552807147e+00
    4.0111629687e+00    9.9508299297e-01    9.5506113594e+00
    3.6044441413e+00    1.9130522563e+00    9.7471784583e+00
    2.9101581888e+00    1.2300594857e+00    9.4732865044e+00
    2.4140218194e+00    2.0272746690e+00    9.2181484380e+00
    2.2916847636e+00    2.4151246278e+00    8.2720561319e+00

molecule  31
    5.4271587083e+00    1.3318670822e+00    5.2782614579e+00
    5.4295121381e+00    1.4776052148e+00    4.2752468962e+00
    4.9777887759e+00    8.4139188998e-01    3.6412509593e+00
    5.9586129741e+00    6.7931118454e-01    3.6699053927e+00
    5.6076202694e+00    4.4867027740e-01    2.7466145273e+00
    5.0688588091e+00    1.0281590687e+01    2.2508403888e+00
    4.7020179634e+00    9.3716308885e+00    2.3189739106e+00
    5.6415641240e+00    9.1988465146e+00    2.1184366864e+00

molecule  32
    9.3999774840e+00    2.3985825618e+00    4.2551084608e+00
    9.7330958958e+00    1.4740011441e+00    4.3299584820e+00
    9.3750203634e+00    7.2814694962e-01    4.8998084012e+00
    8.8954673125e+00    1.0246598968e+01    4.9822413512e+00
    9.7731755680e+00    1.0345246210e+01    4.5473304193e+00
    9.3068999096e+00    9.8430510652e+00    3.7872197078e+00
    8.9128419338e+00    6.4212131885e-02    3.1613749744e+00
    8.3702826577e+00    9.4960929839e-01    3.1722226387e+00

molecule  33
    2.3619001610e+00    5.1719161132e+00    4.0576949486e-01
    2.9730995589e+00    4.7285363599e+00    1.0215917395e+01
    3.3886802004e+00    4.0127914771e+00    9.6528825826e+00
    4.1154022538e+00    3.6902704180e+00    1.0202647998e+01
    3.2067167183e+00    3.8292209342e+00    2.3028495529e-01
    3.1813355004e+00    3.0558204185e+00    1.0051435607e+01
    2.5588803307e+00    2.4670812976e+00    1.1271025546e-01
    3.0220729587e+00    2.7069242699e+00    9.7363494189e-01

molecule  34
    5.2737044353e+00    2.0788315060e+00    5.3576085719e-01
    4.3795399287e+00    2.3280387415e+00    8.1647642537e-01
    4.0393264973e+00    3.2396438340e+00    6.6023743818e-01
    5.0383132045e+00    3.3946106195e+00    4.5484542168e-01
    5.2768356262e+00    3.8782374142e+00    1.0041342675e+01
    5.1009631990e+00    4.3364783646e+00    9.2019677093e+00
    4.8210235554e+00    3.9944077862e+00    8.3765818626e+00
    5.5884698464e+00    4.6213973554e+00    8.2284684391e+00

molecule  35
    6.8149830172e+00    5.0938075527e+00    6.8999121886e+00
    7.1891245240e+00    5.3822043987e+00    7.7923720631e+00
    6.2488044636e+00    5.5942638953e+00    7.8533172947e+00
    5.4289463861e+00    5.9118722082e+00    8.3974908321e+00
    5.0975629884e+00    6.4950613482e+00    9.1090482492e+00
    5.9431201519e+00    6.0609894551e+00    9.5072660075e+00
    5.4062137179e+00    6.2577889394e+00    1.0312690445e+01
    4.6975547658e+00    6.9445393096e+00    1.3645772575e-01

molecule  36
    1.6172293182e+00    9.6826524161e+00    6.2993327234e+00
    2.3995179217e+00    9.2747540529e+00    6.6436303616e+00
    2.8727622511e+00    9.3968898598e+00    7.5226481896e+00
    3.3599215020e+00    1.0213035613e+01    7.3150271699e+00
    3.0097704355e+00    2.6394123894e-01    6.5676292234e+00
    2.3206338978e+00    1.0362316184e+01    7.1984307842e+00
    1.4276437761e+00    9.9421377588e+00    7.2498697916e+00
    5.0972760745e-01    9.9608193830e+00    7.5678451899e+00

molecule  37
    4.1184396732e+00    1.2102318237e+00    4.9376873012e-01
    3.3221135649e+00    9.5020195759e-01    1.0655434607e+00
    3.6619539076e+00    1.2932159863e+00    1.9560620756e+00
    3.4826063632e+00    2.2704610339e+00    2.2961432710e+00
    2.6542307511e+00    1.9605362815e+00    2.7530836899e+00
    2.5014116126e+00    2.9748636633e+00    2.8807158442e+00
    3.2251541210e+00    3.5436761231e+00    3.1133309419e+00
    2.6314403082e+00    3.8441716256e+00    3.8431589579e+00

molecule  38
    7.4093596646e+00    9.1698488215e+00    4.7766209494e+00
    6.7455165617e+00    9.8520240677e+00    5.1468254851e+00
    6.7072856575e+00    9.1138717273e+00    5.8306773933e+00
    7.1224356123e+00    8.2906758235e+00    6.2108374523e+00
    7.6620207948e+00    7.5564171162e+00    5.7901681216e+00
    8.0267906220e+00    6.7273295369e+00    5.4135087233e+00
    7.3376683202e+00    7.0187445611e+00    4.7316535560e+00
    6.5980668545e+00    7.3881968576e+00    4.1457295019e+00

molecule  39
    9.8502482103e-01    9.4096974406e+00    5.4267673604e+00
    2.9100069051e-01    9.2075766454e+00    6.1091823305e+00
    1.0071895811e+01    9.5182373693e+00    6.7442561290e+00
    9.7107651833e+00    8.9324286538e+00    5.9866937824e+00
    1.0273812940e+01    8.4233582090e+00    6.6334495468e+00
    1.0066601485e+01    8.6534753578e+00    7.5451841839e+00
    4.8790931396e-01    8.8471332265e+00    7.9818083236e+00
    1.1467103626e+00    8.7345525614e+00    8.7115495780e+00

molecule  40
    7.2761503082e+00    6.0091091315e+00    1.0232622306e+01
    7.7178234371e+00    5.5541878473e+00    5.4679751895e-01
    7.6743813543e+00    5.8172755203e+00    1.4870642334e+00
    6.7777325928e+00    6.2100254241e+00    1.2237672354e+00
    6.6312472553e+00    5.3150749389e+00    9.0788403180e-01
    6.6767764160e+00    4.4476899635e+00    1.4329086201e+00
    6.1022078624e+00    4.1798346717e+00    6.3090575189e-01
    5.6207158710e+00    5.0225323880e+00    7.3879715240e-01

molecule  41
    9.2622539914e+00    8.5879702285e+00    3.8175238042e+00
    1.0225448463e+01    8.4382094509e+00    3.5798554366e+00
    4.9603142001e-01    8.8760970326e+00    3.0279864030e+00
    1.0408132951e+01    9.6639063331e+00    3.1200883675e+00
    9.8659174734e+00    9.4336370085e+00    2.3131616153e+00
    9.0670875483e+00    1.0047189806e+01    2.2318503142e+00
    9.6755875372e+00    1.0037268311e+01    1.4147262741e+00
    1.0151690790e+01    9.1823446222e+00    1.2482715224e+00

molecule  42
    4.3717678938e+00    2.2052481685e+00    6.5308940427e+00
    4.7239701202e+00    1.4172450253e+00    6.0081015611e+00
    3.8757935769e+00    1.7231592895e+00    5.6538599467e+00
    3.2815631522e+00    2.1282632366e+00    4.9332841769e+00
    3.5278822360e+00    3.0781602230e+00    5.2586901033e+00
    3.1084830058e+00    2.4881650702e+00    5.9200922101e+00
    3.6398353065e+00    3.0649804057e+00    6.5607721778e+00
    3.1657400234e+00    3.7290910570e+00    6.0264575126e+00

molecule  43
    8.1283530142e+00    5.9471834532e+00    7.9429864729e+00
    8.4026733373e+00    5.9576720700e+00    8.9694929662e+00
    7.4383510878e+00    6.0536140224e+00    8.8512476669e+00
    6.8607242568e+00    6.8511132720e+00    8.7485928709e+00
    6.5844645590e+00    7.3149833166e+00    7.9174094240e+00
    7.0973993246e+00    8.1136660286e+00    7.5312772294e+00
    6.4787587166e+00    8.7846709819e+00    7.0595382301e+00
    5.4877408403e+00    8.6046051813e+00    7.0750154981e+00

molecule  44
    8.9225335283e+00    1.2477924188e+00    5.6707965885e+00
    8.1635000129e+00    5.4144571472e-01    5.4185849832e+00
    7.3987304400e+00    1.0493304243e+00    5.8643726774e+00
    6.8983800750e+00    1.8546858305e+00    5.6572835470e+00
    7.6606514401e+00    2.4628251452e+00    5.9066889210e+00
    8.0204225166e+00    2.8190576550e+00    6.7764607760e+00
    8.7860499011e+00    2.2484120009e+00    6.3669164268e+00
    8.9216484063e+00    2.9104116545e+00    7.1342356386e+00

molecule  45
    8.6918993001e+00    2.1727462810e+00    1.0370319777e+01
    8.5895291149e+00    1.1688995168e+00    1.4838440402e-02
    7.9018527264e+00    5.8571823412e-01    4.5817942752e-01
    8.3184894816e+00    1.0452265294e+01    1.0216068720e+01
    8.5872030402e+00    9.5853182268e+00    7.9042531417e-02
    9.4196390447e+00    9.5088493705e+00    5.5454859391e-01
    9.6932419730e+00    9.6729164830e+00    1.0090078827e+01
    9.3292009428e+00    9.1628762180e+00    9.3010727801e+00

molecule  46
    7.4554517777e+00    7.1272729420e+00    7.1787353765e+00
    8.4212622789e+00    6.9084369822e+00    7.1387708201e+00
    8.8385377184e+00    6.1909840595e+00    6.5752263813e+00
    8.5584128084e+00    5.4259587337e+00    7.0947123530e+00
    7.7852924386e+00    4.7796382512e+00    7.0626746089e+00
    8.2783949323e+00    4.8802769373e+00    7.9447421364e+00
    9.2486013535e+00    5.1261417931e+00    8.1454317267e+00
    9.5054492225e+00    5.9463925069e+00    7.6680860632e+00

molecule  47
    9.8545318150e+00    3.5248706289e+00    8.1319060174e-01
    9.9608060118e+00    2.5568131025e+00    7.4128428863e-01
    9.6892535727e+00    1.7573961700e+00    2.2605224735e-01
    9.8554223016e+00    1.5167789268e+00    1.2131703700e+00
    1.5512799037e-01    1.2606537489e+00    5.6020829743e-01
    6.7065524042e-01    9.0744927478e-01    1.3192403989e+00
    6.5544057085e-01    1.5541442778e+00    2.0703553167e+00
    5.9663080269e-01    2.0856922060e+00    1.2494161764e+00

molecule  48
    6.4243867451e+00    9.1815939046e+00    8.4091247895e+00
    6.2683850311e+00    9.2409153061e+00    9.3968242465e+00
    6.6026587520e+00    8.3704673333e+00    9.8051535903e+00
    7.2769882250e+00    8.8687543326e+00    9.2351999236e+00
    7.3370600880e+00    8.1151656972e+00    8.6126019340e+00
    8.1197267659e+00    7.6735553884e+00    9.0142809941e+00
    8.1165197520e+00    6.9202111161e+00    8.3488126427e+00
    8.9040692968e+00    6.8776070004e+00    8.9296720572e+00

molecule  49
    2.1158353766e+00    2.1547796947e-01    3.1180934643e+00
    2.8727472005e+00    9.2794099407e-02    3.7251363844e+00
    2.6742008489e+00    9.5851702523e+00    3.5951905481e+00
    1.9135135013e+00    1.0017480742e+01    4.0521001289e+00
    1.3742365449e+00    9.1812181218e+00    3.8142763156e+00
    1.7461062885e+00    9.0621007216e+00    4.7267056576e+00
    1.1982615287e+00    8.3493077928e+00    5.1687772873e+00
    5.6050825188e-01    8.0374915521e+00    5.8690465572e+00

molecule  50
    8.7927673811e+00    6.6845509868e-01    6.6210423390e+00
    7.8645702118e+00    5.6478979196e-01    6.9925054520e+00
    7.9536444427e+00    1.4355304104e+00    6.5452325992e+00
    7.2525676660e+00    1.3641497148e+00    7.2698282894e+00
    6.8684695814e+00    2.1214588187e+00    6.7972232570e+00
    5.9192802407e+00    1.9292452760e+00    7.0508467556e+00
    5.2703410659e+00    1.1939889684e+00    6.8874653790e+00
    4.9563380748e+00    3.0179335550e-01    7.2921880983e+00

molecule  51
    2.0366865040e+00    6.9134854457e-01    4.6708817371e+00
    1.3283574985e+00    1.2212423710e+00    5.0955228626e+00
    3.0941320276e-01    1.3576420489e+00    5.2231880816e+00
    9.3092196065e-01    2.0973234523e+00    5.4977943081e+00
    1.8480677125e+00    2.1048574331e+00    5.0781099831e+00
    2.1163446683e+00    2.6340535876e+00    4.2744717116e+00
    2.9308113425e+00    2.3889780808e+00    3.7174645661e+00
    3.7881979410e+00    1.8992988370e+00    3.5952210358e+00

molecule  52
    1.0822063426e+00    3.1821057071e+00    3.5084830602e+00
    3.1410803976e-01    3.7852337898e+00    3.4375142124e+00
    1.0272469267e+01    4.5167279605e+00    2.9887286789e+00
    9.4187254318e+00    4.7053705582e+00    3.4582397011e+00
    1.0002202689e+01    4.1506131729e+00    4.0293238512e+00
    9.9488745617e+00    3.4637667970e+00    4.6724545301e+00
    1.0265237390e+01    2.9722795426e+00    3.8564777078e+00
    9.4954099504e+00    2.8426746526e+00    3.1862073354e+00

molecule  53
    1.2474629808e+00    8.7982219710e+00    7.0106924396e+00
    1.9071524433e+00    8.5612030533e+00    7.7479546657e+00
    2.6880516359e+00    8.7468783906e+00    8.2916103746e+00
    3.5340040698e+00    8.1994250643e+00    8.1523772295e+00
    3.0097659320e+00    7.6732728347e+00    7.4957446511e+00
    3.9108575097e+00    7.9407452193e+00    7.1205211202e+00
    4.2960780725e+00    8.6896611463e+00    7.6349766143e+00
    3.7884909916e+00    8.8927457832e+00    6.8104397744e+00

molecule  54
    4.7375997581e+00    8.1691186708e+00    6.3602438885e+00
    5.0890103833e+00    7.4774576965e+00    5.7316753767e+00
    5.3371291445e+00    7.0175035031e+00    4.9458027792e+00
    5.2360972559e+00    6.0272753888e+00    5.0312930832e+00
    5.1992860790e+00    5.4557925857e+00    5.7986214643e+00
    4.2108027603e+00    5.4109970983e+00    6.0038996020e+00
    4.3677661423e+00    6.3234516463e+00    5.6280149406e+00
    3.9579449084e+00    5.6291434976e+00    5.0565890537e+00

molecule  55
    1.3888959033e-01    2.1638273984e+00    7.9310261214e+00
    5.0366249556e-01    2.8709695577e+00    7.2794031471e+00
    1.0431074332e+00    2.2320790663e+00    6.7120381454e+00
    1.7155810158e-01    1.7131048980e+00    6.6735843647e+00
    1.0093156868e+01    1.6729784013e+00    5.8446149993e+00
    1.0193882230e+01    6.6870244966e-01    5.7973071700e+00
    3.4283471922e-01    1.0428790440e+01    6.1896329765e+00
    9.4786752601e-01    7.4737872092e-01    5.9932107504e+00

molecule  56
    8.3764459707e+00    1.0166686006e+01    6.6680525642e+00
    8.7762890977e+00    9.6641248981e+00    5.8601132672e+00
    9.3577586591e+00    1.0280509995e+01    6.2548322180e+00
    9.8350135833e+00    4.1759564941e-01    6.9319533137e+00
    8.9819156817e+00    1.1060518815e-01    7.4075081757e+00
    8.3229441063e+00    3.3118344749e-01    8.0873979476e+00
    8.3303747745e+00    3.7431698728e-01    9.0971668001e+00
    8.7252149613e+00    9.9156105809e+00    8.8527085053e+00

molecule  57
    5.1904567714e+00    7.7386410184e+00    9.9399917946e+00
    4.5278017363e+00    8.4864551850e+00    1.0011751370e+01
    3.5457839595e+00    8.3735571126e+00    9.9707984612e+00
    2.6964871333e+00    8.9411096937e+00    9.7594104234e+00
    3.3988416461e+00    9.0933985262e+00    9.1081217918e+00
    4.2597243807e+00    8.7424992311e+00    8.7812393128e+00
    5.1931004829e+00    8.4759674548e+00    8.6044124595e+00
    4.8528881107e+00    7.6911081858e+00    8.0880880158e+00

molecule  58
    7.7410303220e+00    8.1872036315e+00    1.0081646943e+01
    8.4795920971e+00    8.7837735376e+00    9.8109568033e+00
    9.3354660821e+00    8.4912032112e+00    1.0246987843e+01
    8.9937621831e+00    7.5359182271e+00    9.9906930241e+00
    8.4189941660e+00    7.1496106824e+00    2.8752684586e-01
    8.1138427886e+00    7.4203103869e+00    1.2528311463e+00
    7.3841298831e+00    7.1599729078e+00    5.8667527992e-01
    7.2650028297e+00    7.1697689520e+00    1.0047793068e+01

molecule  59
    9.5493185243e+00    4.8964693355e+00    6.1739081354e+00
    9.6463923862e+00    4.7594428426e+00    7.1592899295e+00
    9.7721741479e+00    3.8167022671e+00    6.8792450134e+00
    7.2816244757e-02    4.1515802392e+00    6.3647359022e+00
    9.8345752877e+00    3.8945074585e+00    5.6533331521e+00
    1.0175432853e+01    2.9387689528e+00    5.4387859570e+00
    2.9515220443e-01    2.7246079306e+00    6.2050255917e+00
    9.8595168830e+00    2.6256463468e+00    6.6267971312e+00

molecule  60
    3.2852360363e+00    6.4044280241e+00    5.7262113830e+00
    3.6601264486e+00    6.7642918853e+00    4.8709177653e+00
    3.4228658188e+00    7.7132197350e+00    4.6699953954e+00
    3.3299941184e+00    8.5908132306e+00    4.1922498895e+00
    4.2475517714e+00    8.4392844943e+00    3.8433409110e+00
    4.3741889285e+00    7.5495070822e+00    4.2031826838e+00
    4.9121897928e+00    7.7416098039e+00    3.3934081863e+00
    5.5019402339e+00    7.7306359713e+00    4.1798038655e+00

molecule  61
    3.6793970074e+00    9.9664384210e+00    3.2743170512e+00
    4.4565356572e+00    9.5954464867e+00    3.8090577356e+00
    5.1299734595e+00    9.1097872745e+00    3.2231841035e+00
    5.2104286738e+00    1.0095993660e+01    3.2992253839e+00
    5.9096926668e+00    9.6951201662e+00    3.8976370427e+00
    6.0322413489e+00    8.8339301463e+00    4.4481479176e+00
    6.6045449746e+00    8.1765843010e+00    4.9513805095e+00
    6.1710743918e+00    8.1392321737e+00    5.8414978810e+00

molecule  62
    5.0022625289e+00    6.7415605407e+00    2.7964550414e+00
    5.7313471687e+00    7.1496234182e+00    3.3637943808e+00
    6.6187957841e+00    6.8687978716e+00    2.9720294655e+00
    6.3942186858e+00    7.8570178196e+00    3.0405435626e+00
    5.5781208955e+00    8.1939611766e+00    2.6050200309e+00
    4.6063269474e+00    8.1333233049e+00    2.3854246573e+00
    4.1410618455e+00    8.0282428972e+00    1.4790131113e+00
    3.4210310908e+00    8.6310469940e+00    1.8197446779e+00

molecule  63
    7.6115914375e-01    6.9157696509e+00    2.2006290047e-01
    9.1666003455e-01    6.7990923177e+00    1.1956904081e+00
    1.3860978021e+00    6.9902752804e+00    2.1130817086e+00
    2.3108869697e+00    6.5271370880e+00    2.0750136137e+00
    2.5137114513e+00    7.1963964916e+00    1.3919529392e+00
    2.9163997798e+00    7.4540602405e+00    2.3257820925e+00
    3.7131565408e+00    7.7289480377e+00    2.8897503101e+00
    3.6501698434e+00    8.7016541235e+00    2.9496473720e+00

molecule  64
    7.4021651864e+00    9.7305199429e-01    9.2454418223e+00
    6.5255130450e+00    5.9273164708e-01    9.0451462466e+00
    6.5796852052e+00    1.0436368602e+01    9.7994996507e+00
    6.8142690316e+00    8.0409502296e-01    1.0304451473e+01
    5.8607439813e+00    8.2048398302e-01    1.0001457685e+01
    6.3902978836e+00    1.5824188153e+00    9.6031460008e+00
    6.0826601124e+00    1.6468365340e+00    8.6639174961e+00
    5.1332191893e+00    1.3496950624e+00    9.0085409616e+00

molecule  65
    1.6348595648e+00    2.5731221359e+00    2.8206024280e+00
    1.8338070944e+00    2.6198075024e+00    1.8328027819e+00
    1.0355504962e+00    3.0283545927e+00    2.2198569207e+00
    5.9527298593e-01    2.3478993076e+00    2.7411681963e+00
    1.0221600195e+01    2.0740910472e+00    2.2301148808e+00
    9.5944694168e+00    1.6963556430e+00    2.8783334677e+00
    9.9425091176e+00    1.0647099355e+00    2.1889188156e+00
    2.2790288601e-01    8.6807494895e-01    2.8266619770e+00

molecule  66
    4.5514622493e+00    9.5269595841e+00    6.9115869371e+00
    4.2912849744e+00    1.0376787939e+01    6.4626657593e+00
    5.2319842611e+00    1.0440927395e+01    6.2077251818e+00
    6.0377339062e+00    1.0009482727e+01    6.6061060110e+00
    5.5425192684e+00    9.3010182765e+00    6.0500942246e+00
    4.7486568158e+00    9.4224694560e+00    5.3996749397e+00
    4.9263877876e+00    8.6482133649e+00    4.8227141041e+00
    4.0127259513e+00    8.7054094086e+00    5.2727505240e+00

molecule  67
    1.1193902929e+00    3.0576248824e+00    8.0816163938e+00
    1.7398727268e+00    3.3141823930e+00    7.3303610414e+00
    2.0907716775e+00    3.3707264927e+00    6.3683336235e+00
    1.1418181186e+00    3.7454212269e+00    6.5399811044e+00
    1.3039112249e+00    3.0610120148e+00    5.7770737200e+00
    1.3491423035e+00    3.8385778223e+00    5.1770831168e+00
    2.3254790535e+00    4.0522091658e+00    4.9350242792e+00
    2.4514608626e+00    3.1067812045e+00    5.1816437868e+00

molecule  68
    3.4972027987e+00    5.5180846834e+00    2.7387795879e+00
    4.4489050882e+00    5.6802080993e+00    2.5879368171e+00
    5.3625431394e+00    5.5474673347e+00    2.0686819951e+00
    4.6477016553e+00    4.8966310511e+00    1.7827688011e+00
    4.4508245251e+00    4.4646221579e+00    8.8770337848e-01
    5.0549055501e+00    4.0246309866e+00    1.5445461359e+00
    5.9803991295e+00    3.6558158424e+00    1.5383176241e+00
    5.6736467883e+00    2.8018958978e+00    1.2690954962e+00

molecule  69
    3.1127911552e+00    3.2882582504e+00    1.8950580158e+00
    4.0581885544e+00    3.4184501201e+00    1.7248252328e+00
    3.5930997454e+00    4.2887129398e+00    1.6779830059e+00
    3.7000015957e+00    5.1731296596e+00    1.3928080166e+00
    3.6474817254e+00    5.2261119464e+00    3.9704632637e-01
    4.4511588135e+00    4.9831395766e+00    1.0258035183e+01
    4.3982192446e+00    5.2609337331e+00    9.2861626401e+00
    3.4808770324e+00    5.6818784720e+00    9.2503497237e+00

molecule  70
    2.3164737041e+00    4.9516666822e+00    4.5092687076e+00
    2.5961994995e+00    5.7845971295e+00    5.0114617650e+00
    2.9782199907e+00    4.9125707915e+00    5.4031478470e+00
    2.3237293047e+00    4.4316390874e+00    5.9847900472e+00
    1.3577632512e+00    4.6506034744e+00    5.8920076834e+00
    1.8279331187e+00    5.0295467855e+00    6.6947891814e+00
    2.7874676841e+00    4.8637684645e+00    6.9429562918e+00
    3.4888405748e+00    4.7067073337e+00    6.2573082384e+00

molecule  71
    3.6806566145e+00    3.5961554583e+00    7.8155199265e+00
    3.5585094321e+00    4.5582755713e+00    8.1014498062e+00
    3.2928271847e+00    5.5336809078e+00    8.1279666105e+00
    4.2736600913e+00    5.5289678374e+00    8.1957657679e+00
    4.2104128687e+00    6.4841377128e+00    8.3397179503e+00
    3.8138857088e+00    6.9764958993e+00    7.5943374444e+00
    3.7910323343e+00    7.0421663825e+00    6.5977930435e+00
    4.0083632166e+00    7.5747152591e+00    5.7850507035e+00

molecule  72
    6.1246539761e+00    6.6893197806e+00    4.7460292641e-01
    6.2291893823e+00    7.2622648767e+00    1.2459284682e+00
    6.9014701803e+00    7.8648498309e+00    1.6560780782e+00
    7.4178492138e+00    7.1108291544e+00    2.0831917429e+00
    7.7216700490e+00    7.5576918497e+00    2.9166408300e+00
    7.6166019067e+00    8.4950189914e+00    2.6404462831e+00
    6.8433231884e+00    8.8846209198e+00    3.0717162405e+00
    7.2239998241e+00    8.3235470403e+00    3.7798026571e+00

molecule  73
    4.0673563642e+00    4.1251648780e+00    2.6855904062e+00
    5.0707332841e+00    4.1564247510e+00    2.6744803513e+00
    6.0285599097e+00    4.1458698386e+00    2.4341234533e+00
    5.8807156419e+00    4.1750045608e+00    3.3904048298e+00
    6.2353116957e+00    5.0288176151e+00    3.6917354769e+00
    6.2947956968e+00    5.7192618280e+00    2.9639221206e+00
    6.8856904666e+00    5.9044541096e+00    2.1918698952e+00
    6.1553513339e+00    6.6163873780e+00    2.0229252091e+00

molecule  74
    2.0016376368e+00    4.5394186256e+00    7.5162327859e+00
    1.0145033519e+00    4.3338966943e+00    7.5027612460e+00
    2.6728728384e-01    4.9498552324e+00    7.3811499433e+00
    6.1280349536e-01    5.2951894494e+00    8.2696791928e+00
    1.0139730778e+01    5.5938396323e+00    8.5527621819e+00
    2.2088774283e-02    6.0618510963e+00    7.7371493379e+00
    4.8821163555e-01    6.4009801078e+00    8.5391547400e+00
    1.0376039569e+01    6.2865942746e+00    9.3229371637e+00

molecule  75
    4.0703588503e+00    5.3968117288e-01    7.9926944271e+00
    4.3157590468e+00    1.3213978833e+00    7.4350206121e+00
    4.1914933938e+00    1.6674703275e+00    8.3717544452e+00
    4.7383506523e+00    2.4573232466e+00    7.9821273296e+00
    4.8008605394e+00    3.0434113493e+00    7.1635947005e+00
    5.5478651076e+00    2.9288448494e+00    6.5065431847e+00
    5.8544004133e+00    3.4585419853e+00    7.2733259404e+00
    6.2434855386e+00    4.3589633529e+00    7.4317681222e+00

molecule  76
    6.8269032685e+00    4.4655734886e+00    8.3941165751e+00
    6.9909095275e+00    5.1645782322e+00    9.0887771566e+00
    7.8665759019e+00    5.2779202408e+00    9.5511725993e+00
    8.7649540184e+00    4.9388997682e+00    9.3006434073e+00
    8.8787354654e+00    4.3482906588e+00    1.0103208847e+01
    9.7567886988e+00    4.3657335679e+00    1.2245772305e-01
    9.1499477709e+00    4.6580317778e+00    8.5680808748e-01
    8.6256717477e+00    5.3021298601e+00    1.4661052805e+00

molecule  77
    1.2803982269e+00    3.8820284360e+00    9.6035155163e+00
    1.5340080951e+00    4.7536842354e+00    9.1721879590e+00
    7.4778779654e-01    4.3637824137e+00    8.6350115533e+00
    5.0335841637e-01    3.4983275965e+00    9.0001605825e+00
    9.9847927633e+00    3.7171995646e+00    8.9413110087e+00
    9.5884335502e+00    3.9814821893e+00    8.0570146147e+00
    9.9333406773e+00    3.1797565174e+00    7.5971386380e+00
    1.6496200611e-01    3.8457199174e+00    7.8271480604e+00

molecule  78
    1.4371951904e+00    8.1385714673e+00    1.7564551832e+00
    5.1933553641e-01    8.4029524216e+00    2.0875091805e+00
    9.2973623785e-02    7.6644661319e+00    1.5223065081e+00
    9.9041522804e+00    7.8538398283e+00    7.3214054069e-01
    9.2209878583e+00    7.7833674881e+00    1.4320448207e+00
    9.5026044513e+00    8.4967103371e+00    2.0450692532e+00
    8.5029807544e+00    8.4270579047e+00    2.1687646395e+00
    8.7471929662e+00    8.9910729543e+00    1.3356096463e+00

molecule  79
    1.0151411829e+01    6.3624337111e+00    5.6537505565e+00
    1.0206152941e+01    7.3031767342e+00    6.0027121880e+00
    6.4095149965e-01    6.9530170627e+00    6.2934731147e+00
    1.0381089017e+01    6.3370468116e+00    6.7096108770e+00
    9.9324665711e+00    7.1382650264e+00    6.9826218490e+00
    2.3669734268e-01    7.0892114425e+00    7.6374642053e+00
    9.9253957603e+00    7.3572521376e+00    8.2323958083e+00
    9.3087493501e+00    7.9948409583e+00    8.7557496495e+00

molecule  80
    1.1667496485e-01    7.7246156737e+00    8.9013072024e+00
    9.9835047904e+00    7.5252251117e+00    9.6618878034e+00
    6.8287462051e-02    7.6624288376e+00    3.4114668445e-02
    9.6715742836e+00    7.0932259350e+00    1.2314916426e-01
    9.7253589135e+00    6.6777047913e+00    1.0385751942e+00
    9.3785459411e+00    5.7679099402e+00    1.1044163354e+00
    8.9626971706e+00    6.2653829771e+00    3.6463761953e-01
    8.4617074832e+00    6.0498252295e+00    9.9924989337e+00

molecule  81
    8.1599996048e-01    7.1285294701e+00    2.9220016355e+00
    1.0388413442e+01    6.9727202098e+00    2.5271928277e+00
    1.0386607395e+01    6.7228586254e+00    3.5018852994e+00
    8.2848772654e-01    6.5767688925e+00    3.8283496998e+00
    1.2936863801e+00    5.7381854411e+00    3.8161078233e+00
    1.0095009334e+00    5.9924409980e+00    2.9042783475e+00
    1.4491059755e-01    5.6766480522e+00    2.5023923456e+00
    7.0913570615e-02    5.5496694370e+00    3.4962579729e+00

molecule  82
    3.3461373936e+00    9.3462987206e+00    4.8165689269e+00
    3.0592875731e+00    8.7970676120e+00    5.6474800019e+00
    2.8970253986e+00    8.3349291830e+00    6.4921530970e+00
    2.5806142748e+00    7.8302406795e+00    5.6689172615e+00
    1.6886950301e+00    7.8808827217e+00    6.0018576443e+00
    2.3398351883e+00    7.4033956580e+00    6.6066177542e+00
    2.3082468252e+00    6.4275426122e+00    6.4292493701e+00
    2.3996432704e+00    6.7808188032e+00    7.3736230502e+00

molecule  83
    6.3035576896e+00    7.0682393007e+00    5.3234133399e+00
    6.1226067406e+00    6.3289188096e+00    5.9593658290e+00
    6.6117297993e+00    7.1074483407e+00    6.3054701401e+00
    5.8356008707e+00    7.4740706783e+00    6.8761749100e+00
    5.2381420722e+00    6.7768702165e+00    7.3273478556e+00
    5.0425348799e+00    6.2338226240e+00    6.5256446968e+00
    5.9144644524e+00    5.8692013826e+00    6.9006351915e+00
    5.4666549477e+00    5.1081898636e+00    7.2873041518e+00

molecule  84
    7.7439030190e+00    1.6940302962e+00    9.8954848649e+00
    7.0635496763e+00    1.8171082013e+00    1.3283306731e-01
    7.1504837220e+00    2.6085007315e+00    9.9746025793e+00
    7.7121186382e+00    2.7881840234e+00    2.8376086008e-01
    6.9357486717e+00    3.3102340134e+00    4.9843348854e-01
    6.3065962425e+00    3.5416476406e+00    1.0211675711e+01
    6.0886634849e+00    2.6640583214e+00    1.9140080359e-01
    6.1935290475e+00    1.9075189718e+00    9.2676978364e-01

molecule  85
    7.4050936510e+00    2.0423183576e+00    4.3879809218e+00
    8.3066618681e+00    2.5386020071e+00    4.4083701747e+00
    8.1421230155e+00    1.7184697796e+00    4.9306417842e+00
    8.0860271807e+00    1.0089504855e+00    4.2538098721e+00
    7.7743939005e+00    7.5831405454e-03    4.1174368915e+00
    6.9281234546e+00    9.9565691859e+00    3.9625419504e+00
    6.5527052406e+00    9.9839323361e+00    3.0609421861e+00
    6.8945357284e+00    1.0290541909e+01    2.1806818713e+00

molecule  86
    4.0879518289e+00    1.0087434390e+01    5.1183726178e+00
    3.4515753217e+00    1.0208490734e+01    5.8522883695e+00
    3.9298466630e+00    6.1242000083e-01    5.6491454360e+00
    3.0315500782e+00    1.0257124623e+00    5.8343495683e+00
    3.6640584613e+00    1.0796150701e+00    6.5862534584e+00
    2.8824813672e+00    1.6480649036e+00    6.7104605094e+00
    2.1683086433e+00    2.0955588945e+00    6.1679600966e+00
    2.0729356314e+00    1.1703447805e+00    5.7486229586e+00

molecule  87
    1.7755620775e+00    2.8849958551e+00    9.2353767760e+00
    8.7144595750e-01    2.4605079447e+00    9.4872185503e+00
    1.6718946791e+00    2.1714478971e+00    1.0038704676e+01
    1.1981343017e+00    2.4332931754e+00    4.3629327556e-01
    1.3618956085e+00    3.4002264370e+00    1.0136510891e-01
    1.1991903264e+00    3.8214045743e+00    9.4841875527e-01
    2.0325724097e+00    3.2976495814e+00    1.0553486745e+00
    2.3583941140e+00    4.2245096359e+00    9.1870708986e-01

molecule  88
    1.4858093993e+00    6.8596617793e+00    6.7484132409e+00
    1.6369028842e+00    7.5651347688e+00    7.4709515394e+00
    1.5891905841e+00    6.7202889281e+00    7.9530889594e+00
    1.1966052845e+00    7.3779002083e+00    8.6014194172e+00
    1.1026511295e+00    6.9135538527e+00    9.4753616387e+00
    2.0923726938e+00    7.1507819153e+00    9.5605594478e+00
    1.8597249210e+00    6.6596839901e+00    1.0341703757e+01
    2.5675842641e+00    7.3087302360e+00    2.4794231239e-01

molecule  89
    1.4754047408e+00    9.7007924635e+00    9.3907255132e+00
    1.9980535662e+00    9.5411271852e+00    8.5348080875e+00
    2.7518336971e+00    1.0155252826e+01    8.2177063671e+00
    2.6483891926e+00    9.9645715809e+00    9.1971770412e+00
    2.8781690498e+00    2.4391403733e-01    9.8543742212e+00
    2.0204622079e+00    6.4762532776e-01    1.0153985089e+01
    1.3417127155e+00    1.1367277987e+00    1.6913354594e-01
    1.4382999537e+00    3.1109148453e-01    7.0559150630e-01

molecule  90
    8.1042048002e+00    9.0593410536e+00    8.6259368185e+00
    8.8651816184e+00    8.8277248498e+00    7.9817093834e+00
    8.1782831737e+00    8.1848682247e+00    7.5350951817e+00
    8.1159246367e+00    8.0572476696e+00    6.5645320202e+00
    9.0386111428e+00    7.7936053555e+00    6.9448580586e+00
    9.0284877203e+00    8.7850081849e+00    6.8567323278e+00
    8.1232113035e+00    9.1521625876e+00    6.9896996376e+00
    7.2995989889e+00    9.6916523005e+00    6.7668035290e+00

molecule  91
    2.6875468504e+00    1.5727573357e+00    4.2727405969e+00
    2.4696463945e+00    1.1641392397e+00    3.3728595998e+00
    3.4666955013e+00    9.2400069284e-01    3.0915962949e+00
    4.2431890003e+00    5.4974819298e-01    2.6517304489e+00
    3.5365314543e+00    8.2828633952e-02    2.1284188394e+00
    2.7268772573e+00    6.4132409075e-01    2.4024666048e+00
    2.2892005856e+00    1.2230326321e+00    1.6799769385e+00
    2.0064870969e+00    1.7582662715e+00    9.4530542545e-01

molecule  92
    3.6603508637e+00    5.7162130833e+00    6.9160879507e+00
    4.2925906318e+00    4.9886742056e+00    7.1695346636e+00
    4.4316998420e+00    4.1036739010e+00    6.6367709962e+00
    4.3027090296e+00    3.6770462117e+00    5.7717256698e+00
    3.6676170717e+00    4.1665003613e+00    5.1652071700e+00
    3.7094944072e+00    3.6887979470e+00    4.3089970814e+00
    4.6016066535e+00    4.1083180971e+00    4.4327155908e+00
    5.0053292371e+00    3.7146201840e+00    3.6363653510e+00

molecule  93
    9.9605066496e+00    9.9906760169e+00    9.0372896108e+00
    2.0341326547e-01    9.3809134665e+00    9.3262714113e+00
    1.0247108839e+01    8.6808904005e+00    9.8725158801e+00
    8.3247726217e-01    8.6795228544e+00    9.7726692054e+00
    1.7922955010e+00    8.3701754588e+00    9.5371471973e+00
    2.4193784311e+00    8.0132021002e+00    8.8383240563e+00
    2.7795163793e+00    7.1093954081e+00    8.6827546394e+00
    3.3331180183e+00    7.8156655349e+00    9.1350354021e+00

molecule  94
    8.8359877688e+00    3.9688951278e+00    6.1783337837e+00
    9.0326935669e+00    3.0966914139e+00    5.7072667606e+00
    8.6211495912e+00    3.6557651366e+00    5.0093780281e+00
    8.9114632957e+00    4.5920823744e+00    4.6591247888e+00
    8.8982784425e+00    5.4628250188e+00    5.2047267242e+00
    8.2590123894e+00    5.6157790813e+00    6.0489813999e+00
    7.5471969062e+00    6.2637084259e+00    6.3691206875e+00
    6.9226502767e+00    6.2387435017e+00    7.1527253714e+00

molecule  95
    2.1000113593e+00    3.9147867316e+00    8.7969704443e+00
    3.0918200513e+00    3.8275391888e+00    8.6821507554e+00
    2.8291210756e+00    2.9833431897e+00    9.0960402453e+00
    3.6013688299e+00    2.4933790555e+00    8.6974748922e+00
    4.0687287009e+00    3.0700986209e+00    9.3726941601e+00
    4.6500654479e+00    2.7512453363e+00    1.0119639454e+01
    4.6745526775e+00    1.7243766552e+00    1.0104740919e+01
    4.6951111557e+00    2.2390850042e+00    9.2587580997e+00

molecule  96
    1.6473919471e+00    5.6735981133e+00    7.6136334666e+00
    9.2182518214e-01    6.1425888391e+00    7.1147524262e+00
    1.0683384370e+00    5.9307445711e+00    6.1665111275e+00
    1.6169965750e-01    5.4874421990e+00    6.1322451031e+00
    1.0383970788e+01    4.9249785735e+00    5.3138156521e+00
    5.7279334473e-01    4.4130259206e+00    4.7141230449e+00
    1.1093681936e+00    5.2195217276e+00    4.7492603208e+00
    3.2236453909e-01    5.7854957728e+00    4.7711312106e+00

molecule  97
    1.0052958557e+01    1.0196383506e+01    7.9644245618e+00
    1.0023330280e+01    4.3650076166e-01    8.6542119995e+00
    9.8308176333e+00    1.1765323444e+00    8.0393642507e+00
    9.5012634254e+00    1.9293741354e+00    7.4710946568e+00
    8.7828992617e+00    1.4129362218e+00    7.9924844311e+00
    9.0530556719e+00    1.3371320451e+00    8.9620065294e+00
    8.2704221422e+00    1.9777454231e+00    8.9569088206e+00
    7.6782764400e+00    1.6642522314e+00    8.2360433509e+00

molecule  98
    1.0076403960e+01    2.4359298805e+00    8.8952964267e+00
    9.1422144840e+00    2.8037888761e+00    8.8924698355e+00
    8.4662835254e+00    2.8996786442e+00    9.6235847010e+00
    9.2928785953e+00    3.4030163492e+00    9.7893960044e+00
    9.5142018166e+00    2.4288104505e+00    9.8942658101e+00
    9.8892191685e+00    1.5470655034e+00    9.6356808100e+00
    9.6164268516e+00    6.0910150064e-01    9.7662362114e+00
    9.9564579266e+00    3.9645095776e-01    2.1370105241e-01

molecule  99
    5.7372650433e+00    2.7593645682e+00    8.3459894185e+00
    5.4439000931e+00    3.1420615593e+00    9.2516018811e+00
    6.3292981226e+00    2.7140314710e+00    9.2416318652e+00
    6.8698893591e+00    3.5491919776e+00    9.2555799563e+00
    6.0443773766e+00    4.1213360906e+00    9.1441823945e+00
    6.0958074844e+00    5.0725720552e+00    9.4951509809e+00
    6.5445953210e+00    5.2723135182e+00    1.0354466628e+01
    7.0044436006e+00    4.4868244450e+00    2.3863400407e-01
