    RadiusGyration{
      interval                            1000
      outputFileName            RadiusGyration
      nSamplePerBlock                       10
      speciesId                              0
    }

Average     3.5063369e+00
Variance    7.3269289e-03
Std Dev     8.5597482e-02

Hierarchichal Error Analysis:
              0              1  1.2228199e-04         490001
              1              2  1.7120860e-04         245000
              2              4  2.3903628e-04         122500
              3              8  3.3155364e-04          61250
              4             16  4.5547790e-04          30625
              5             32  6.1737638e-04          15312
              6             64  8.2417642e-04           7656
              7            128  1.0747540e-03           3828
              8            256  1.3696020e-03           1914
              9            512  1.6659570e-03            957
             10           1024  1.9400498e-03            478
             11           2048  2.0670481e-03            239
             12           4096  2.0931832e-03            119
             13           8192  2.0295384e-03             59
             14          16384  2.0854704e-03             29
             15          32768  2.2920262e-03             14
             16          65536  1.9487119e-03              7
