BOUNDARY

cubic     1.0000000e+01

MOLECULES

species    0
nMolecule  10

molecule   0
  2.67925921989537519e-01  3.40752775787752160e+00  9.36072048671105250e+00
  9.28441469740140413e+00  2.98210645319834500e+00  9.60905282552512752e+00

molecule   1
  9.40537522972467244e+00  2.07405689896017265e-01  6.18181335563019552e+00
  9.05292596485214496e+00  5.31315694938069072e-01  6.91432045483266400e+00

molecule   2
  5.76531368210191797e+00  2.17176387273312699e+00  9.95841353309955757e+00
  5.28603008865512258e+00  2.10267474163738610e+00  9.13659740225777739e+00

molecule   3
  8.92326752482606267e+00  3.71342353029579186e-01  5.55140989719514355e+00
  8.17450907719568853e+00  4.75928062103509908e-01  5.20604212422051127e+00

molecule   4
  8.98068830043564303e-01  6.99585224334584765e+00  2.51933842333622282e+00
  1.54708455794227784e+00  6.47683943907728032e+00  3.27889960403139424e+00

molecule   5
  4.62239287326830972e+00  3.87867033042738463e+00  4.00400963697534351e+00
  4.41874582138152938e+00  3.98379490855700613e+00  5.01267853764715365e+00

molecule   6
  5.36495966154967263e+00  2.45114275141409793e-01  2.88634015469487881e+00
  6.01209407439270649e+00  3.12314273577828816e-01  2.18134495985792087e+00

molecule   7
  5.48132066876035928e+00  6.37467678700934393e+00  9.99551348045627064e-01
  5.30217124826548147e+00  5.44424670034195213e+00  1.53486864943696233e+00

molecule   8
  2.39011407587989400e+00  2.18606852530036955e+00  2.21573958732471432e+00
  3.21376893248023121e+00  2.53703735446952416e+00  2.50218821972947136e+00

molecule   9
  5.06488320794628510e+00  3.72132711834691321e-01  5.15611543881324064e+00
  4.62055417028931359e+00  9.99488642710486985e+00  4.55896171061087241e+00
