BOUNDARY

cubic     1.0455159e+01

MOLECULES

species    0
nMolecule  100

molecule   0
  7.01238714e+00  1.02792382e+01  4.05150957e+00
  7.41661829e+00  9.29014142e+00  3.96912305e+00
  7.04305895e+00  8.61052766e+00  4.50035674e+00
  6.87748357e+00  7.63653211e+00  4.73484923e+00
  6.88960826e+00  7.07739259e+00  5.51034380e+00
  6.72306451e+00  6.06912920e+00  5.73445730e+00
  6.37083727e+00  5.15658265e+00  5.94344139e+00
  6.27725276e+00  4.22280871e+00  6.29456622e+00

molecule   1
  9.42350484e+00  9.13001870e+00  6.99116129e+00
  9.18826793e+00  1.00256536e+01  6.53306751e+00
  8.37128959e+00  1.04096618e+01  6.58982170e+00
  8.27187834e+00  1.01227435e+01  5.64582678e+00
  8.89589044e+00  9.33050356e+00  5.46872516e+00
  8.99930882e+00  8.33973852e+00  5.19357504e+00
  9.15008971e+00  8.11534946e+00  4.16454402e+00
  8.72606817e+00  7.90661194e+00  3.27285902e+00

molecule   2
  2.08469337e+00  3.80345193e+00  2.72179242e+00
  2.78019620e+00  3.35447644e+00  2.05730997e+00
  2.73123034e+00  2.86093934e+00  1.14832307e+00
  2.10075091e+00  2.84095235e+00  5.42975205e-01
  1.58958268e+00  3.28778799e+00  1.02869620e+01
  6.81112560e-01  3.14692662e+00  9.80177589e+00
  1.22958533e+00  3.58571986e+00  9.04029260e+00
  1.94793803e+00  3.51700840e+00  8.36800636e+00

molecule   3
  6.62012924e+00  3.44205135e+00  7.67792127e+00
  6.32742515e+00  3.22132753e+00  6.77523392e+00
  5.43074628e+00  2.74467383e+00  6.44752281e+00
  4.78517840e+00  3.43936824e+00  6.47941045e+00
  4.17147235e+00  3.24329816e+00  7.27223944e+00
  3.35894417e+00  2.74246280e+00  7.42152623e+00
  2.45968487e+00  2.95231801e+00  7.60462229e+00
  1.50380925e+00  2.97961786e+00  7.58377896e+00

molecule   4
  8.97862421e+00  4.75699950e+00  4.86358551e+00
  8.06297905e+00  4.98560798e+00  4.57002344e+00
  7.21686437e+00  5.24674089e+00  4.11860184e+00
  7.72417175e+00  5.89421908e+00  3.41461764e+00
  7.16972245e+00  6.43893545e+00  2.67132854e+00
  7.08956491e+00  7.03737849e+00  1.88812376e+00
  7.05644665e+00  6.74667006e+00  8.94746304e-01
  6.87907099e+00  7.25409934e+00  1.37568632e-01

molecule   5
  3.78281911e+00  8.45791155e+00  3.52886315e+00
  4.05505748e+00  8.53748010e+00  4.46229659e+00
  4.50548475e+00  8.25859006e+00  5.19486375e+00
  4.65048535e+00  8.30788414e+00  6.23573111e+00
  4.75365576e+00  8.38120456e+00  7.26117887e+00
  4.92977913e+00  8.49488160e+00  8.24454980e+00
  4.95838573e+00  8.91212267e+00  9.12446844e+00
  5.14075496e+00  8.60070198e+00  1.00292265e+01

molecule   6
  1.03971221e+01  1.59077945e+00  7.13759261e+00
  9.55413487e+00  2.11257039e+00  6.90489102e+00
  8.60234616e+00  2.45152793e+00  6.87856676e+00
  7.72756573e+00  2.16889295e+00  6.80783673e+00
  6.77023748e+00  2.22505886e+00  6.96079085e+00
  6.02016542e+00  1.75585275e+00  6.92345329e+00
  5.51742267e+00  1.00288175e+00  7.30805672e+00
  4.83195041e+00  2.57015568e-01  7.38379176e+00

molecule   7
  9.39575884e+00  4.88754702e+00  9.17059327e+00
  8.54862932e+00  5.11067020e+00  9.57189056e+00
  7.55222638e+00  5.32107506e+00  9.58189320e+00
  6.64625517e+00  5.17111808e+00  9.82743583e+00
  5.67713619e+00  4.97057722e+00  9.95177397e+00
  4.97354673e+00  4.32382142e+00  1.01995925e+01
  4.21301367e+00  3.99812320e+00  3.38537184e-01
  3.46830133e+00  3.62099171e+00  9.08865599e-01

molecule   8
  2.82003887e+00  6.45446379e+00  5.31998662e+00
  2.94812310e+00  7.30616129e+00  5.92315863e+00
  3.18895447e+00  7.93627909e+00  6.70857994e+00
  3.78317509e+00  8.62040354e+00  7.17945103e+00
  4.35722623e+00  9.33462615e+00  7.69831016e+00
  4.81943074e+00  9.97758558e+00  8.33786702e+00
  5.26519485e+00  9.96085022e+00  9.21370763e+00
  4.90261565e+00  1.00685261e+01  1.00953052e+01

molecule   9
  5.99322812e+00  8.75025998e+00  9.16959265e+00
  6.05759777e+00  9.48124468e+00  9.77329295e+00
  6.32700572e+00  1.03221317e+01  1.01452537e+01
  6.95430508e+00  5.68003167e-01  2.46412577e-02
  6.92351845e+00  5.43804449e-01  1.05717757e+00
  6.62257813e+00  1.29958447e+00  1.62164292e+00
  6.33075893e+00  2.19220285e+00  1.26716871e+00
  6.03705691e+00  2.83791350e+00  6.76125808e-01

molecule   10
  7.25819631e+00  2.68272363e+00  4.71746055e+00
  6.33823687e+00  2.40065664e+00  4.82558926e+00
  5.62346134e+00  1.77506040e+00  4.93079792e+00
  5.15759407e+00  8.94407336e-01  4.68036113e+00
  4.58011364e+00  8.85273026e-02  4.52254919e+00
  3.68500592e+00  2.52491872e-03  4.19314358e+00
  3.57924936e+00  9.52488367e+00  3.90631965e+00
  2.78308988e+00  9.16834500e+00  4.23379701e+00

molecule   11
  7.68328768e+00  4.05058749e+00  3.91403085e+00
  6.71357288e+00  3.96326620e+00  3.63866063e+00
  5.78160677e+00  3.71408365e+00  3.92405122e+00
  4.94764043e+00  3.19449198e+00  4.19127165e+00
  3.99514979e+00  2.79887715e+00  4.26183571e+00
  3.11764325e+00  2.37078697e+00  4.39879022e+00
  2.32651586e+00  2.71042458e+00  3.88150085e+00
  1.52920341e+00  3.31499387e+00  3.77673713e+00

molecule   12
  2.86595664e+00  8.52081854e+00  8.10022937e+00
  2.73751474e+00  7.87205807e+00  8.88134394e+00
  2.10755035e+00  7.27458547e+00  8.59414624e+00
  1.54487561e+00  6.42834152e+00  8.27598029e+00
  1.05691160e+00  5.62794621e+00  7.86426791e+00
  3.27621868e-01  4.91326841e+00  7.83163428e+00
  9.98766404e+00  4.49773651e+00  7.97417471e+00
  9.27951389e+00  4.05479632e+00  7.40986910e+00

molecule   13
  1.39625549e+00  4.30317812e+00  3.42105853e+00
  9.22290703e-01  5.20644215e+00  3.60301137e+00
  2.21251669e-01  5.12455426e+00  4.32159382e+00
  3.53199967e-02  4.36621032e+00  4.93958847e+00
  9.68114126e+00  4.12322735e+00  5.55111838e+00
  8.84668964e+00  3.70252681e+00  6.13838005e+00
  8.41051752e+00  3.67916231e+00  7.03440696e+00
  7.89942852e+00  4.41766026e+00  7.50739458e+00

molecule   14
  2.39242847e+00  4.82855372e+00  6.45072496e+00
  3.09166617e+00  4.95229684e+00  7.01908630e+00
  3.97231081e+00  4.56130189e+00  7.21187104e+00
  5.01314264e+00  4.43955077e+00  7.23742575e+00
  5.60257494e+00  5.14454881e+00  6.87877086e+00
  6.32402408e+00  5.79983467e+00  6.96734020e+00
  7.07529842e+00  6.24645261e+00  6.87716484e+00
  7.85268014e+00  6.50345635e+00  7.34472409e+00

molecule   15
  5.12261710e+00  6.85164309e+00  6.80529298e+00
  4.58367041e+00  5.98354840e+00  6.57759269e+00
  4.16318136e+00  5.92081984e+00  5.61914482e+00
  3.71801600e+00  5.92774332e+00  4.80942514e+00
  4.43039002e+00  5.56597702e+00  4.35836277e+00
  5.12251448e+00  5.75996750e+00  3.71462998e+00
  4.37605679e+00  5.32064597e+00  3.43759144e+00
  3.73701982e+00  4.94418185e+00  2.81030182e+00

molecule   16
  2.87727320e+00  6.30135620e+00  1.71913390e+00
  2.65361116e+00  5.70205571e+00  9.56809033e-01
  2.92659601e+00  5.40443296e+00  5.20890671e-02
  2.49838939e+00  4.83955226e+00  9.78453699e+00
  1.87448479e+00  4.47842729e+00  9.03932809e+00
  1.03206684e+00  4.55989869e+00  8.63637471e+00
  1.11698819e+00  4.18792871e+00  7.75343369e+00
  1.79467582e+00  4.14324335e+00  7.06762498e+00

molecule   17
  7.60639423e+00  6.17394903e-01  2.04951179e+00
  7.94555666e+00  8.25321781e-01  1.21283890e+00
  8.17593687e+00  4.19404189e-01  3.12113230e-01
  8.57753562e+00  8.41369873e-02  9.89812037e+00
  8.98971911e+00  1.12906398e-01  8.90766280e+00
  9.72331566e+00  1.02761025e+01  8.26326776e+00
  1.02108925e+01  9.72885009e+00  7.52421500e+00
  1.03162501e+01  1.00223324e+01  6.62207392e+00

molecule   18
  5.11930347e+00  1.95226538e+00  5.87452445e+00
  5.09889936e+00  9.69327103e-01  6.17686699e+00
  5.54369619e+00  1.92641117e-01  5.72806227e+00
  5.69018507e+00  1.00897787e+01  4.97509457e+00
  5.77115927e+00  9.33271170e+00  4.47845180e+00
  5.67945060e+00  8.35792925e+00  4.73987279e+00
  5.23152117e+00  7.28131996e+00  4.76357224e+00
  4.44283234e+00  6.66765644e+00  4.60436720e+00

molecule   19
  8.95310247e+00  8.33108702e+00  2.28044931e+00
  9.45840416e+00  7.98077798e+00  1.48280765e+00
  9.96877502e+00  8.08940158e+00  5.38605831e-01
  3.63482545e-01  8.60369106e+00  7.53396817e-01
  1.27521202e-01  9.08611253e+00  1.61252935e+00
  7.11474199e-01  9.34331496e+00  2.25989676e+00
  1.09448842e+00  9.71476527e+00  3.12364493e+00
  1.98337744e+00  9.35801585e+00  3.41928604e+00

molecule   20
  3.93529574e+00  3.12154050e+00  8.45702447e+00
  3.65820256e+00  2.57376020e+00  9.34428701e+00
  3.59797127e+00  1.86291225e+00  1.00093103e+01
  3.31598517e+00  1.58996457e+00  4.02619014e-01
  3.10599203e+00  9.13723573e-01  1.14630553e+00
  3.03363338e+00  4.44226472e-02  1.61667558e+00
  2.40399387e+00  1.00938325e+01  2.30364503e+00
  1.73754564e+00  2.14630582e-01  2.89301123e+00

molecule   21
  4.74655733e+00  1.62437814e+00  4.07923734e+00
  5.41424233e+00  9.33979057e-01  3.59424154e+00
  6.17046011e+00  1.13774635e+00  4.08254841e+00
  6.84602463e+00  1.39558583e+00  4.74727838e+00
  7.74205821e+00  1.25028166e+00  4.16615187e+00
  8.09314165e+00  1.58334552e+00  3.21060977e+00
  7.94014693e+00  2.20917032e+00  2.49216593e+00
  7.94742146e+00  3.04646945e+00  1.93632471e+00

molecule   22
  4.66799620e+00  6.11003687e+00  8.32069082e+00
  5.53529054e+00  6.40527928e+00  8.19656984e+00
  6.18016967e+00  6.61862497e+00  8.91529469e+00
  5.93830136e+00  5.70268609e+00  8.96151687e+00
  5.84780722e+00  4.80603670e+00  8.52577076e+00
  5.94156966e+00  3.83174894e+00  8.58412431e+00
  5.96677378e+00  2.92291043e+00  8.86568721e+00
  6.79675406e+00  2.59031709e+00  8.77566969e+00

molecule   23
  3.90125970e+00  7.09686455e+00  5.57350416e+00
  4.75110963e+00  6.78638937e+00  5.55691372e+00
  5.67276432e+00  7.23728856e+00  5.84963789e+00
  6.19831532e+00  7.62132821e+00  6.59777526e+00
  5.89488013e+00  7.38158078e+00  7.50733108e+00
  5.40847698e+00  7.56015664e+00  8.32668469e+00
  5.77419827e+00  7.61982330e+00  9.28692307e+00
  5.97022771e+00  7.76873385e+00  1.02838248e+01

molecule   24
  3.16845806e+00  7.84462150e+00  4.89537424e+00
  3.21296537e+00  7.39275260e+00  4.01323718e+00
  3.35647802e+00  7.55308109e+00  3.02716708e+00
  3.22679857e+00  8.01903800e+00  2.18939411e+00
  3.84805819e+00  8.59900705e+00  1.80034386e+00
  4.78781984e+00  8.08831534e+00  1.90706684e+00
  5.64949356e+00  8.29811783e+00  2.42067880e+00
  6.40930947e+00  7.78485271e+00  2.05387332e+00

molecule   25
  9.96863530e+00  6.83638823e+00  2.99195303e+00
  9.79096597e+00  7.42837007e+00  3.66971186e+00
  9.81309279e+00  7.36709266e+00  4.66708451e+00
  1.03262072e+01  7.49529489e+00  5.47476842e+00
  5.24443592e-01  7.36160639e+00  6.26833726e+00
  1.41580194e+00  7.17651651e+00  6.84232103e+00
  2.13779661e+00  7.25001146e+00  7.58464421e+00
  3.09388837e+00  7.24364462e+00  7.98601019e+00

molecule   26
  4.73927514e+00  7.42240921e+00  9.05911043e+00
  4.19178657e+00  8.01259965e+00  9.65225372e+00
  3.22459315e+00  8.37267242e+00  9.68114643e+00
  2.46836120e+00  8.91229844e+00  9.27066520e+00
  1.57177677e+00  9.40337633e+00  9.08602953e+00
  8.43501782e-01  9.78611174e+00  9.53156089e+00
  9.08046595e-01  9.38669290e+00  1.04166730e+01
  1.52719960e+00  9.64297209e+00  6.19695738e-01

molecule   27
  7.32768864e+00  7.32089244e+00  6.58656907e+00
  7.14192103e+00  7.73283355e+00  7.47457543e+00
  6.57142691e+00  7.45952725e+00  8.27374079e+00
  6.90817660e+00  7.88200064e+00  9.17460828e+00
  7.75523843e+00  7.85415043e+00  9.84945470e+00
  8.71160287e+00  8.10422616e+00  1.00324255e+01
  9.50125078e+00  8.52724126e+00  1.00824566e+01
  1.01078963e+01  9.23156305e+00  9.82056582e+00

molecule   28
  6.27309433e+00  1.96969418e+00  5.88682064e+00
  7.12578852e+00  2.51068388e+00  5.91401006e+00
  7.97772718e+00  2.31867822e+00  5.52565079e+00
  8.72087033e+00  1.60411508e+00  5.23765972e+00
  9.66266741e+00  1.44012254e+00  4.99690308e+00
  1.68786303e-01  1.09388342e+00  4.94952461e+00
  1.03505101e+00  1.60470764e+00  5.02884219e+00
  1.52136556e+00  2.31315708e+00  5.52555305e+00

molecule   29
  7.91452654e-01  7.26645999e+00  4.89707710e+00
  7.65688281e-01  8.07084628e+00  4.39789778e+00
  8.35590831e-01  8.42929632e+00  3.54207665e+00
  1.40711083e+00  8.70990950e+00  2.81240740e+00
  1.77067645e+00  9.26792270e+00  2.18025771e+00
  1.53175572e+00  1.00344362e+01  1.57193728e+00
  1.25188802e+00  4.87917466e-01  1.74125033e+00
  6.99111430e-01  8.11093292e-01  2.60768931e+00

molecule   30
  7.71954752e+00  7.70402389e+00  2.48813572e+00
  8.23772542e+00  6.91996069e+00  2.69167831e+00
  8.14037910e+00  5.87764044e+00  2.46320029e+00
  7.86379858e+00  4.93405299e+00  2.41673097e+00
  7.51960331e+00  4.15765504e+00  2.90445423e+00
  7.61561615e+00  3.24185210e+00  3.17399993e+00
  8.11413015e+00  2.64819354e+00  3.64166126e+00
  8.72770517e+00  1.89712559e+00  4.00745677e+00

molecule   31
  8.66498266e+00  8.83684794e+00  7.51838239e+00
  8.27644632e+00  9.40107389e+00  6.82361503e+00
  7.44728738e+00  9.58472207e+00  6.37904828e+00
  7.29300370e+00  9.13377990e+00  5.54801441e+00
  7.81180080e+00  9.58670323e+00  4.88507943e+00
  8.23860563e+00  1.00365855e+01  4.05921561e+00
  8.61947089e+00  9.95683373e+00  3.18185004e+00
  8.96309431e+00  9.78460036e+00  2.25419817e+00

molecule   32
  1.29355491e+00  1.63380594e+00  1.42530609e+00
  2.08933090e+00  2.07902134e+00  1.97171243e+00
  2.52927258e+00  2.62841207e+00  2.68075564e+00
  2.93594488e+00  3.37557894e+00  3.22464190e+00
  3.75549959e+00  3.90841166e+00  3.09014729e+00
  4.41290423e+00  4.11594777e+00  3.85570113e+00
  4.41462128e+00  4.51009075e+00  4.84565474e+00
  4.93739992e+00  5.15631716e+00  5.34930916e+00

molecule   33
  7.26874451e+00  3.72550916e+00  6.86543582e+00
  7.75616940e+00  4.08156979e+00  6.12142053e+00
  7.90814676e+00  4.86657406e+00  5.52126303e+00
  7.20253512e+00  5.40898905e+00  5.16635850e+00
  6.66470827e+00  6.14737747e+00  4.61076910e+00
  6.22233865e+00  6.90923317e+00  4.19165121e+00
  6.16601007e+00  7.82180653e+00  3.97196317e+00
  6.15862544e+00  8.74776269e+00  3.50625496e+00

molecule   34
  9.68229326e+00  6.29832621e+00  1.16387211e+00
  1.01011186e+01  6.72030083e+00  1.96726896e+00
  5.00918280e-01  6.62896050e+00  2.58764446e+00
  1.16428402e+00  6.43336725e+00  3.27241050e+00
  2.03784840e+00  6.15570548e+00  3.85535989e+00
  2.54112693e+00  6.76961030e+00  4.36313267e+00
  3.31682121e+00  6.40507984e+00  3.73402952e+00
  4.24431149e+00  6.68830860e+00  3.41687105e+00

molecule   35
  8.84652283e+00  6.30725625e+00  1.83309472e+00
  8.62906880e+00  7.23430079e+00  1.71340612e+00
  7.81334695e+00  7.64526180e+00  1.31244418e+00
  6.96676681e+00  8.06076916e+00  9.52010068e-01
  6.00446277e+00  7.93599846e+00  9.55084684e-01
  5.01605570e+00  8.06362379e+00  8.08070370e-01
  4.02873196e+00  8.11850335e+00  7.87197799e-01
  3.03477041e+00  7.85403729e+00  9.37466814e-01

molecule   36
  1.17430696e-01  7.20985735e+00  4.14538074e-01
  5.19582832e-01  6.64364241e+00  1.12556123e+00
  3.29759975e-01  5.91744709e+00  1.70326215e+00
  7.31809162e-01  5.08070745e+00  1.51230616e+00
  3.52966484e-01  4.28683780e+00  1.07313642e+00
  9.96653783e+00  3.90854012e+00  8.41983060e-01
  9.26315646e+00  3.24100468e+00  1.03167544e+00
  8.61407638e+00  2.67607908e+00  6.09581665e-01

molecule   37
  7.91356789e+00  9.96906664e+00  2.12788021e+00
  8.10442037e+00  1.01067909e+01  1.13394879e+00
  8.33571603e+00  9.65615098e+00  3.13967000e-01
  8.73404947e+00  9.34183096e+00  9.86227605e+00
  9.43219281e+00  9.57713198e+00  9.22357822e+00
  9.97529866e+00  1.03728143e+01  9.51436705e+00
  1.03855711e+01  1.66295049e-01  1.04006414e+01
  1.02307827e+01  3.46938761e-01  9.30975216e-01

molecule   38
  6.01098793e+00  6.83624648e+00  2.25053132e+00
  5.28906645e+00  7.14461023e+00  1.70295287e+00
  4.54978430e+00  7.13909099e+00  9.91107501e-01
  3.65835971e+00  6.93278744e+00  7.95911018e-01
  2.77014854e+00  6.77525673e+00  5.83261067e-01
  2.18705497e+00  6.46141977e+00  1.03340993e+01
  1.47838190e+00  6.45776903e+00  9.60578767e+00
  5.74653775e-01  6.17988288e+00  9.33317076e+00

molecule   39
  4.23174630e+00  7.08866102e+00  2.30893024e+00
  3.93869467e+00  6.19133158e+00  2.54642320e+00
  4.75198559e+00  5.50090718e+00  2.42086106e+00
  4.80721321e+00  4.48370306e+00  2.29516102e+00
  4.58181212e+00  3.52817448e+00  2.50765175e+00
  4.35326702e+00  2.73713255e+00  2.96020371e+00
  3.54667652e+00  2.35955838e+00  3.42405354e+00
  3.04017074e+00  1.67409194e+00  2.95650039e+00

molecule   40
  7.25099486e+00  1.42979402e+00  9.16255774e+00
  6.61128682e+00  7.68964646e-01  9.06822356e+00
  6.22251789e+00  1.03990609e+01  8.60175687e+00
  5.87700741e+00  9.76710090e+00  7.95590388e+00
  6.68287159e+00  9.54777162e+00  7.51784917e+00
  7.04797066e+00  8.81076934e+00  6.98749710e+00
  7.80696071e+00  8.26561330e+00  6.35934688e+00
  7.89263331e+00  7.46384982e+00  5.67684940e+00

molecule   41
  6.93831528e+00  6.22919323e+00  9.41649013e+00
  8.04556579e+00  6.19975019e+00  9.35464607e+00
  9.01521575e+00  6.15553710e+00  9.20470145e+00
  9.57418238e+00  6.69220065e+00  8.49220135e+00
  9.61641047e+00  7.26387076e+00  7.73813199e+00
  5.17615224e-02  7.37257763e+00  7.35859099e+00
  8.49245359e-01  7.73825890e+00  7.86274518e+00
  1.59411894e+00  8.15353828e+00  8.32033714e+00

molecule   42
  8.82861268e+00  1.74117737e+00  6.16375252e+00
  8.07572839e+00  1.07332311e+00  6.15204454e+00
  7.10008261e+00  9.98139988e-01  6.13476313e+00
  6.36622392e+00  4.99482083e-01  6.45311263e+00
  5.76492814e+00  1.03767517e+01  6.95274157e+00
  4.90206232e+00  1.00359708e+01  6.57888666e+00
  4.25065589e+00  9.32076055e+00  6.33881867e+00
  3.73095241e+00  8.56808457e+00  6.10933123e+00

molecule   43
  8.41257193e+00  4.63135572e-01  2.55227487e+00
  8.58970443e+00  4.43055512e-01  3.53972470e+00
  9.44907528e+00  8.42000489e-01  3.83905915e+00
  1.02707924e+01  1.35116763e+00  3.71958443e+00
  8.52905054e-01  1.30295340e+00  3.83874246e+00
  1.00671947e+00  3.64318121e-01  3.72578916e+00
  1.64103259e+00  1.01477801e+01  3.90975212e+00
  2.54011181e+00  1.01658301e+01  3.98087618e+00

molecule   44
  3.48201433e+00  4.03357371e+00  9.55135184e+00
  2.69695244e+00  3.52362596e+00  9.97047176e+00
  2.63081521e+00  2.66896356e+00  9.60763912e+00
  2.81460683e+00  2.04849337e+00  8.94934269e+00
  2.71710188e+00  1.87629246e+00  7.89329798e+00
  2.50760835e+00  1.25577298e+00  7.18487227e+00
  2.97637189e+00  4.76545834e-01  6.76193660e+00
  3.10813018e+00  9.93091688e+00  7.03771131e+00

molecule   45
  9.80997533e-02  3.28035414e+00  4.91560216e+00
  2.15075810e-02  3.73664768e+00  3.96264539e+00
  1.00444773e-01  4.50077004e+00  3.34412824e+00
  7.05913932e-01  4.44491933e+00  2.53453147e+00
  1.57548049e+00  4.68754118e+00  2.07544556e+00
  2.41578310e+00  5.29180021e+00  2.05232047e+00
  3.33171223e+00  5.34949645e+00  1.93533388e+00
  3.82229788e+00  5.43133363e+00  1.11309122e+00

molecule   46
  7.70385770e+00  8.75493302e+00  5.42854079e-01
  8.54836710e+00  8.25431858e+00  7.23435179e-01
  9.13974162e+00  7.53859362e+00  3.86565510e-01
  9.65376318e+00  6.75599699e+00  1.04073438e+01
  1.43597648e-03  6.17183011e+00  1.07311284e-01
  5.73864433e-01  5.51844621e+00  1.69529134e-01
  1.27997759e+00  4.96949936e+00  4.05207154e-01
  1.91620737e+00  4.37316367e+00  7.82176874e-01

molecule   47
  9.15301479e+00  5.32799603e+00  2.58644114e+00
  8.80207840e+00  5.85218251e+00  3.43104480e+00
  8.40403125e+00  6.55953601e+00  3.95554549e+00
  8.27188480e+00  7.50645573e+00  4.39861963e+00
  8.20875795e+00  8.53081995e+00  4.36355240e+00
  8.98102942e+00  9.12633557e+00  4.33432722e+00
  9.63633434e+00  9.85068781e+00  4.54266524e+00
  1.01338825e+01  1.02116599e+01  5.31082182e+00

molecule   48
  3.76288858e+00  1.02242892e+01  2.29973271e+00
  3.14314564e+00  2.21955631e-01  2.85918294e+00
  2.51774005e+00  8.16348249e-01  3.45410913e+00
  1.95974051e+00  1.59674798e+00  3.60407350e+00
  1.28075745e+00  2.38944916e+00  3.77576516e+00
  3.60166699e-01  2.60157880e+00  3.97573855e+00
  9.89427604e+00  2.46415251e+00  4.26319419e+00
  6.09634686e-02  2.17748563e+00  4.98497593e+00

molecule   49
  5.47611164e+00  9.26491790e+00  2.95952021e+00
  5.80597795e+00  1.01330097e+01  2.50129699e+00
  6.23128527e+00  6.28786472e-01  2.41278543e+00
  5.96271755e+00  1.41685792e+00  2.88066234e+00
  6.39489621e+00  2.08822601e+00  3.42285915e+00
  6.35732264e+00  3.06725186e+00  3.20817839e+00
  5.44772333e+00  2.88881184e+00  2.76436504e+00
  5.46868600e+00  2.30196241e+00  3.56041347e+00

molecule   50
  3.27076547e-01  5.37083787e+00  5.61307381e+00
  1.00216553e+01  5.90806483e+00  5.70603970e+00
  9.57872748e+00  6.26895249e+00  6.46309605e+00
  9.04424209e+00  6.58430953e+00  7.33667688e+00
  8.67259675e+00  6.31927286e+00  8.22323401e+00
  8.06796031e+00  5.58895255e+00  8.60347001e+00
  7.29172750e+00  4.99067738e+00  8.46162375e+00
  6.67186168e+00  4.57077802e+00  7.73326758e+00

molecule   51
  5.99927289e+00  4.56071448e+00  5.11887307e+00
  6.95181883e+00  4.09419256e+00  4.94984328e+00
  7.95894727e+00  3.91011858e+00  5.03168767e+00
  8.54639312e+00  3.66582146e+00  4.28310511e+00
  9.19988712e+00  3.31560872e+00  3.58871034e+00
  9.12967981e+00  3.08913006e+00  2.59542787e+00
  9.09417435e+00  2.34411226e+00  1.88950581e+00
  9.58840158e+00  1.78602706e+00  1.30101877e+00

molecule   52
  5.97140384e+00  6.69043130e+00  1.01898338e+01
  5.27586044e+00  6.07881519e+00  9.77417790e+00
  4.67739560e+00  5.28261686e+00  9.45113274e+00
  4.95247154e+00  4.46905438e+00  8.96357508e+00
  4.83060715e+00  3.62473731e+00  8.30369289e+00
  4.97673376e+00  2.70986911e+00  7.85867147e+00
  4.78553179e+00  2.17416211e+00  7.05013080e+00
  4.05523394e+00  2.08937048e+00  6.50766392e+00

molecule   53
  6.01484336e+00  6.19043771e+00  3.18791080e+00
  6.14672211e+00  5.56080496e+00  2.46115829e+00
  6.15633395e+00  4.85180591e+00  1.74980897e+00
  6.16678217e+00  3.87650981e+00  1.39417371e+00
  6.86367062e+00  3.33485058e+00  1.15102817e+00
  7.34962094e+00  2.78127107e+00  4.54238399e-01
  7.84980261e+00  1.95039086e+00  5.21219235e-01
  8.06318595e+00  1.24442064e+00  1.01988676e+01

molecule   54
  6.10328030e+00  3.68368370e+00  1.04300727e+01
  6.38875690e+00  3.96215228e+00  9.52322186e+00
  7.18555499e+00  4.04554304e+00  8.98946862e+00
  8.18997967e+00  4.10538389e+00  8.85765819e+00
  8.88487565e+00  3.71583319e+00  8.29284039e+00
  9.86080150e+00  3.51094456e+00  8.21985040e+00
  2.92098881e-01  3.53180190e+00  7.89230388e+00
  4.92215892e-01  2.71404996e+00  7.32541087e+00

molecule   55
  1.38513558e-01  3.82963805e-01  4.15057449e+00
  9.75463861e+00  4.16899926e-01  4.75100378e+00
  8.78140933e+00  3.19574591e-01  4.85697247e+00
  7.78711328e+00  4.93916300e-01  4.94151793e+00
  6.86782545e+00  2.51421940e-01  5.04827517e+00
  6.58999584e+00  9.88454990e+00  5.46585280e+00
  6.19211648e+00  8.99083559e+00  5.75711386e+00
  6.32818357e+00  8.13378356e+00  5.69824504e+00

molecule   56
  4.93418557e+00  1.52769756e+00  8.24678699e+00
  5.77044440e+00  1.97275616e+00  8.00364532e+00
  6.69607347e+00  1.60482745e+00  7.92735849e+00
  7.59743354e+00  1.78012200e+00  7.76746799e+00
  8.63159901e+00  1.73848322e+00  7.75780873e+00
  8.95923707e+00  1.22901069e+00  7.05798513e+00
  9.20686622e+00  6.04723327e-01  6.26616026e+00
  1.01376275e+01  6.24811788e-01  6.01818696e+00

molecule   57
  3.30750993e+00  9.19886722e+00  2.86493079e+00
  2.62046909e+00  8.50795441e+00  2.78412671e+00
  2.08830535e+00  8.25672245e+00  3.59444885e+00
  1.83708894e+00  7.84255813e+00  4.59145873e+00
  1.22135023e+00  8.09251552e+00  5.41192942e+00
  1.27708833e+00  8.29420337e+00  6.36255503e+00
  8.52034247e-01  8.56206102e+00  7.29473880e+00
  1.43755892e+00  9.40695462e+00  7.22003864e+00

molecule   58
  3.23731405e+00  4.92464275e+00  4.83586221e+00
  3.12351581e+00  5.21633870e+00  3.96633346e+00
  2.82435774e+00  5.68340249e+00  3.16169855e+00
  2.46475092e+00  6.45390716e+00  2.57853228e+00
  2.04425955e+00  7.31620403e+00  2.38846205e+00
  1.53593319e+00  7.44039446e+00  3.12676334e+00
  6.66118678e-01  7.32542071e+00  3.65311997e+00
  1.20949216e-01  6.48281436e+00  3.68329917e+00

molecule   59
  9.68012336e+00  1.98840399e+00  7.99477447e+00
  9.35228529e+00  2.35327494e+00  8.89980864e+00
  8.81814882e+00  2.93012776e+00  9.41542439e+00
  8.40102615e+00  3.59877903e+00  9.94353921e+00
  8.11235499e+00  3.80271813e+00  2.83887753e-01
  7.82965730e+00  4.72329813e+00  2.69801312e-01
  7.69132592e+00  5.66555361e+00  2.09248055e-01
  6.88726923e+00  6.14719757e+00  5.76997567e-03

molecule   60
  7.25132139e+00  7.55137372e-01  2.94449145e+00
  6.94820959e+00  1.69306561e+00  2.60213955e+00
  7.02395541e+00  2.63020256e+00  2.36995950e+00
  6.60007161e+00  3.49946984e+00  2.25775889e+00
  6.19628941e+00  4.25976500e+00  2.67911565e+00
  6.12289140e+00  4.97973462e+00  3.49287234e+00
  5.82692422e+00  5.28239187e+00  4.43906351e+00
  5.62731137e+00  6.20196845e+00  4.87241618e+00

molecule   61
  9.42291131e-01  5.58253707e+00  4.85146712e+00
  1.15228601e+00  4.66967089e+00  5.19949855e+00
  1.03908112e+00  3.97256093e+00  4.47153972e+00
  1.04788252e+00  3.26594911e+00  5.24021533e+00
  5.63418350e-01  2.71624384e+00  5.87573891e+00
  1.00827765e+01  2.77125256e+00  6.31784514e+00
  1.00049950e+01  3.68120295e+00  6.72800934e+00
  3.45991151e-01  3.77445474e+00  6.16405989e+00

molecule   62
  2.63584919e+00  2.67190854e+00  6.40094410e+00
  2.50056249e+00  2.55604996e+00  5.47206180e+00
  2.28043083e+00  1.87345745e+00  4.68638562e+00
  2.94937319e+00  1.14560166e+00  4.43943311e+00
  3.58987461e+00  9.66442565e-01  3.77795317e+00
  4.37121159e+00  3.83039989e-01  3.34686223e+00
  4.46858805e+00  9.96343315e+00  3.19368393e+00
  4.31037188e+00  9.05650815e+00  2.82217212e+00

molecule   63
  1.25827140e+00  1.14631965e+00  8.76603508e+00
  6.94547623e-01  9.59556182e-01  8.01690906e+00
  1.04511594e+01  5.86687194e-01  7.45419211e+00
  9.43642139e+00  2.05046985e-01  7.32206689e+00
  8.88044598e+00  9.98252276e+00  7.80330556e+00
  8.43426120e+00  9.73570555e+00  8.57462607e+00
  7.95446129e+00  9.85382086e+00  9.36022653e+00
  7.55473639e+00  1.02076018e+01  1.00680361e+01

molecule   64
  7.98464125e+00  3.07958471e+00  7.67377245e+00
  7.93629356e+00  3.09954501e+00  8.70573581e+00
  7.57663509e+00  2.45360079e+00  9.41127004e+00
  7.11540926e+00  1.80798525e+00  1.01808818e+01
  6.16480990e+00  1.70103151e+00  1.04231947e+01
  5.24404836e+00  2.13160635e+00  2.82317708e-01
  4.33955469e+00  2.38432600e+00  1.37015988e-01
  3.45298002e+00  2.92983150e+00  1.19785052e-01

molecule   65
  3.57103508e+00  1.37796333e+00  6.97954426e+00
  4.09658847e+00  5.40054646e-01  6.67942844e+00
  3.85973096e+00  1.02269293e+01  6.08983994e+00
  3.26151379e+00  9.51471351e+00  5.65876633e+00
  2.72895492e+00  8.72266344e+00  5.75703062e+00
  2.20513822e+00  7.97005495e+00  5.69391687e+00
  1.69436297e+00  7.14457990e+00  5.65231927e+00
  1.63181945e+00  6.55485215e+00  4.88062113e+00

molecule   66
  3.87362943e+00  1.62206106e+00  7.92912179e+00
  4.06752227e+00  1.57453664e+00  8.89925833e+00
  4.81081697e+00  1.56139644e+00  9.69314929e+00
  5.34221036e+00  1.05457753e+00  2.32705638e-02
  5.85705137e+00  6.25442346e-01  6.51753169e-01
  5.38961209e+00  5.48454823e-01  1.56778809e+00
  4.83414912e+00  9.81558765e-01  2.37000276e+00
  4.74292597e+00  1.83331860e+00  2.84959060e+00

molecule   67
  1.19403155e+00  1.00244462e+01  4.72290405e+00
  7.62014414e-01  9.97085812e+00  5.55579004e+00
  9.14685148e-01  1.03126943e+01  6.45504411e+00
  1.02585483e+00  4.33779010e-01  7.12494518e+00
  1.68845669e+00  6.39533633e-01  7.87846636e+00
  2.21192569e+00  9.78026685e-01  8.51820995e+00
  2.21257369e+00  1.23840553e+00  9.47499850e+00
  2.38260413e+00  1.83468425e+00  1.01137386e+01

molecule   68
  5.33147983e+00  3.33000709e+00  1.81001140e+00
  5.39349955e+00  2.44703864e+00  1.34743711e+00
  4.84954430e+00  1.68506558e+00  1.23534313e+00
  4.26841885e+00  8.58457053e-01  1.08922829e+00
  4.15228189e+00  1.03076291e+01  1.06568971e+00
  3.51073071e+00  9.63443520e+00  1.32842039e+00
  2.89262853e+00  9.04938796e+00  1.71583212e+00
  2.26556981e+00  8.26368413e+00  1.81674683e+00

molecule   69
  2.31873556e+00  4.57309733e+00  4.04814941e+00
  2.97965493e+00  3.88457560e+00  4.26833062e+00
  2.33200405e+00  3.54279596e+00  4.99633639e+00
  1.87138683e+00  3.81196791e+00  5.79147523e+00
  1.46928066e+00  3.12956535e+00  6.25113093e+00
  1.49142876e+00  2.17112597e+00  6.53633714e+00
  1.36491609e+00  1.87664766e+00  7.52198254e+00
  1.00236248e+00  2.23430114e+00  8.38007483e+00

molecule   70
  1.03887528e+01  9.66080571e+00  4.25603620e-01
  9.61751272e+00  9.13914865e+00  9.11992352e-01
  8.64037059e+00  9.09389804e+00  1.26196797e+00
  7.99640782e+00  8.61054138e+00  1.84066469e+00
  7.31223159e+00  9.06743886e+00  2.52653585e+00
  6.89078389e+00  9.91959922e+00  2.90284264e+00
  6.39797698e+00  2.10337939e-01  3.36911908e+00
  5.39225856e+00  1.03663618e+01  3.57022300e+00

molecule   71
  6.86630611e+00  7.57808497e+00  3.15203696e+00
  7.29370182e+00  8.31103338e+00  3.37430319e+00
  8.21059995e+00  8.71116652e+00  3.25323797e+00
  9.18490624e+00  8.81776233e+00  3.36814894e+00
  1.01127022e+01  8.57976256e+00  3.59713042e+00
  1.02873380e+01  8.82662012e+00  4.60509664e+00
  1.01928924e+01  8.55016480e+00  5.57804749e+00
  1.52367622e-01  9.08989206e+00  6.26247259e+00

molecule   72
  6.80599161e+00  3.22199982e+00  5.40287460e+00
  5.87419034e+00  3.26521723e+00  5.54642626e+00
  5.13973240e+00  3.82641130e+00  5.63990452e+00
  4.30543395e+00  4.19126216e+00  5.88577855e+00
  3.62367611e+00  4.96895096e+00  5.91870259e+00
  2.81960815e+00  5.60736074e+00  5.92932387e+00
  1.97209515e+00  5.36169334e+00  5.57533687e+00
  2.38110852e+00  5.60728660e+00  4.72097607e+00

molecule   73
  1.46378042e+00  5.57801147e+00  8.88617263e+00
  1.00690178e+00  4.99787164e+00  9.60265917e+00
  6.49990119e-01  4.26512914e+00  1.02360645e+01
  7.41990367e-01  3.43291817e+00  3.75206080e-01
  8.10561107e-01  2.87507777e+00  1.11766523e+00
  3.37901688e-01  2.27000759e+00  1.77084865e+00
  1.01123953e+01  2.30403507e+00  2.45667633e+00
  9.58952320e+00  2.07585855e+00  3.18121632e+00

molecule   74
  7.09733362e+00  9.45325300e+00  1.55406979e+00
  6.16885048e+00  9.03673874e+00  1.42177320e+00
  6.11290931e+00  9.04136319e+00  4.53028685e-01
  6.86724438e+00  9.01069142e+00  1.02138217e+01
  7.78380294e+00  8.90020248e+00  9.73687190e+00
  8.58321884e+00  8.57591763e+00  9.19253278e+00
  9.07755672e+00  8.24054080e+00  8.36445632e+00
  9.87218842e+00  8.18370173e+00  7.76246467e+00

molecule   75
  9.10160188e+00  3.24724123e+00  5.19213187e+00
  9.66032422e+00  2.46136319e+00  5.41474046e+00
  1.04301857e+01  1.85371132e+00  5.92428820e+00
  6.54383962e-01  1.26724050e+00  6.22465231e+00
  1.43812833e+00  9.41325042e-01  6.12528609e+00
  1.94799919e+00  1.48369347e-01  6.22899175e+00
  2.23944546e+00  9.64747909e+00  6.50611377e+00
  2.55099266e+00  8.99472676e+00  7.16241136e+00

molecule   76
  2.16895545e+00  3.39489685e-01  1.00164081e+00
  2.25555145e+00  6.32653114e-01  1.97895199e+00
  1.63009669e+00  1.23401713e+00  2.48984652e+00
  1.17040885e+00  2.16619085e+00  2.62934877e+00
  5.01504603e-01  2.80138408e+00  2.82169737e+00
  1.02955055e+01  3.40408286e+00  2.99410431e+00
  9.67366801e+00  4.13383815e+00  3.02098857e+00
  8.56809257e+00  3.92571103e+00  3.02397988e+00

molecule   77
  1.83816632e-02  4.07193427e+00  8.93839499e+00
  1.02812442e+01  3.12705670e+00  9.23386939e+00
  7.94489505e-02  2.16338178e+00  9.09207336e+00
  1.01290488e+01  1.25634804e+00  8.69071588e+00
  9.16358098e+00  1.02589329e+00  8.28429447e+00
  8.49205985e+00  4.39276873e-01  8.07498353e+00
  7.64947636e+00  5.59639618e-01  7.53326737e+00
  6.60446888e+00  5.44173020e-01  7.44760078e+00

molecule   78
  9.18591996e+00  1.00612847e+01  1.18871937e+00
  8.97513281e+00  6.00559675e-01  1.41742396e+00
  9.28817646e+00  1.22720851e+00  2.12426954e+00
  1.02091797e+01  1.30668414e+00  2.64617901e+00
  1.68686544e-01  1.22407575e+00  1.63891550e+00
  3.00825901e-01  1.77189445e+00  7.94063001e-01
  5.90639188e-01  1.90100358e+00  1.03311646e+01
  1.42344355e+00  2.33031843e+00  9.86292331e+00

molecule   79
  7.39099802e+00  3.46816550e+00  9.95947061e+00
  6.74597306e+00  2.67919182e+00  9.93344850e+00
  6.17819261e+00  1.91939492e+00  9.43600424e+00
  5.61108767e+00  1.15898978e+00  8.99069358e+00
  4.80871860e+00  4.14675220e-01  9.12437650e+00
  3.85639500e+00  5.29234249e-01  9.11305207e+00
  2.99977230e+00  4.97020715e-01  9.65851813e+00
  2.31510379e+00  2.95000316e-01  1.02269818e+01

molecule   80
  9.79590162e+00  1.02830818e-01  1.93544376e+00
  1.01821115e+01  1.01858728e+01  2.80414025e+00
  6.79713610e-02  9.74966854e+00  3.74134347e+00
  8.30958712e-01  9.19357864e+00  4.31812633e+00
  1.64216354e+00  8.92205151e+00  4.80267803e+00
  1.92698481e+00  9.66630079e+00  5.29503155e+00
  2.13167450e+00  2.57362300e-01  5.28348546e+00
  2.52345210e+00  1.16186494e+00  5.58732453e+00

molecule   81
  8.25957531e+00  1.88609803e+00  1.39237251e+00
  8.76265334e+00  1.47127562e+00  7.88637237e-01
  9.22694454e+00  9.32547518e-01  2.17338274e-01
  9.91971417e+00  1.32113921e+00  1.02389363e+01
  2.97534286e-01  1.08592054e+00  9.76679224e+00
  8.64227854e-01  4.16850697e-01  9.23999255e+00
  1.53581527e+00  1.03761795e+01  8.62960494e+00
  2.05362620e+00  9.96860159e+00  8.09921538e+00

molecule   82
  6.47341588e+00  8.43463469e+00  8.18335878e+00
  5.96496536e+00  8.52901043e+00  7.28596320e+00
  5.48510169e+00  8.93014029e+00  6.53015841e+00
  5.09228754e+00  9.21341555e+00  5.58976339e+00
  4.76456572e+00  9.45227344e+00  4.66234188e+00
  4.91382628e+00  8.77715063e+00  3.97309294e+00
  5.13411470e+00  7.99500506e+00  3.37927536e+00
  5.11614460e+00  7.12820970e+00  2.93529259e+00

molecule   83
  8.28246012e+00  6.53406565e+00  5.94260069e+00
  9.04788385e+00  6.78692152e+00  5.37869151e+00
  9.29778402e+00  6.16027461e+00  4.65168164e+00
  9.83196929e+00  5.68244319e+00  3.86717971e+00
  1.02632811e+01  5.52958854e+00  2.98531318e+00
  1.01702989e+01  4.85618287e+00  2.33433397e+00
  9.74609172e+00  4.95655561e+00  1.41486134e+00
  9.10305540e+00  4.74868053e+00  6.70599984e-01

molecule   84
  1.75230490e+00  3.57601847e+00  1.53646728e+00
  8.18677124e-01  3.72096152e+00  1.80102823e+00
  1.03817311e+01  3.80369040e+00  2.03111649e+00
  9.38953509e+00  3.86587216e+00  1.99649402e+00
  8.56086912e+00  3.90149579e+00  1.54234178e+00
  7.57185645e+00  4.19406451e+00  1.59920723e+00
  7.01012656e+00  4.87165481e+00  1.00232289e+00
  6.32488362e+00  5.41314029e+00  7.32754982e-01

molecule   85
  8.92851539e+00  7.22771787e+00  6.27461961e+00
  9.85827514e+00  7.25799196e+00  6.46224791e+00
  9.64663827e+00  8.15759295e+00  6.69962268e+00
  8.94006331e+00  7.72607015e+00  7.17653324e+00
  8.14138299e+00  7.90528330e+00  7.50459069e+00
  7.80625046e+00  8.65153376e+00  8.02277622e+00
  7.27269702e+00  8.90632264e+00  8.71170138e+00
  6.78896002e+00  9.61146804e+00  8.97591151e+00

molecule   86
  1.01319109e+01  7.86004387e+00  2.49123915e+00
  6.53544448e-01  7.79486489e+00  2.55498264e+00
  1.20766866e+00  7.96639660e+00  1.73261108e+00
  1.61108355e+00  8.12592380e+00  8.99541958e-01
  2.21457046e+00  8.86299592e+00  4.18321154e-01
  2.16915643e+00  9.47167636e+00  1.01069671e+01
  3.09110160e+00  9.94305264e+00  1.01615869e+01
  3.97805366e+00  1.04294273e+01  1.00864617e+01

molecule   87
  3.76104919e+00  6.23046339e+00  2.32798446e-02
  4.25473450e+00  6.79639963e+00  9.89210560e+00
  4.88854563e+00  7.31075920e+00  1.03834685e+01
  5.47635445e+00  7.07497390e+00  5.77349657e-01
  6.02470227e+00  6.54248406e+00  1.19591329e+00
  6.78794651e+00  6.01033777e+00  1.55288954e+00
  7.77233084e+00  5.50252592e+00  1.46352515e+00
  8.64680438e+00  5.01396418e+00  1.53415318e+00

molecule   88
  1.88627222e+00  5.03939544e+00  7.48022313e+00
  1.06219962e+00  4.93110563e+00  6.93979925e+00
  1.54045735e-01  4.83241457e+00  6.56263600e+00
  9.64020001e+00  4.74883161e+00  6.39108042e+00
  8.97385333e+00  5.18589123e+00  5.88555508e+00
  8.45913832e+00  5.68990684e+00  5.19442839e+00
  7.88912188e+00  6.36615788e+00  4.77777641e+00
  7.34767958e+00  6.65059670e+00  3.98329061e+00

molecule   89
  3.87468664e+00  4.30258821e+00  8.41239420e+00
  3.06443571e+00  4.15318704e+00  7.82545032e+00
  3.20013553e+00  3.89514517e+00  6.80884577e+00
  3.71068570e+00  3.13526059e+00  6.28119418e+00
  3.82112500e+00  2.57665089e+00  5.55444393e+00
  3.77369148e+00  1.80947419e+00  5.02934691e+00
  3.65027881e+00  8.56323879e-01  5.10402222e+00
  3.14001249e+00  1.74226636e-01  5.39264968e+00

molecule   90
  3.01135418e+00  3.36638001e-01  8.48730357e+00
  3.79994230e+00  5.48728261e-02  8.02358464e+00
  3.98784925e+00  1.00119964e+01  8.90114168e+00
  4.02245264e+00  9.42343526e+00  9.62683651e+00
  4.11762766e+00  8.93731243e+00  9.29068302e-02
  4.88119422e+00  9.45867683e+00  5.41713178e-01
  5.69942065e+00  9.93828069e+00  9.71892639e-01
  6.29895354e+00  1.04442189e+01  1.58444522e+00

molecule   91
  7.15192418e+00  5.30361858e+00  6.63331713e+00
  8.02387618e+00  5.42319941e+00  6.96191093e+00
  8.93097401e+00  5.57301733e+00  7.04117045e+00
  9.34218089e+00  5.55074524e+00  7.99800932e+00
  9.98804422e+00  5.75920494e+00  7.23964073e+00
  1.59217903e-01  6.28761385e+00  6.56267901e+00
  4.12629285e-01  6.54838089e+00  5.56492233e+00
  4.58987787e-02  6.27544223e+00  4.66318552e+00

molecule   92
  3.02532676e+00  4.69862249e+00  9.24320888e-01
  3.29202527e+00  4.48868044e+00  1.04242521e+01
  3.68102100e+00  5.07294606e+00  9.80586273e+00
  3.28000749e+00  5.17463802e+00  8.94916107e+00
  2.72565557e+00  5.59597901e+00  8.17183412e+00
  2.37893211e+00  6.21274268e+00  7.50958138e+00
  1.82768709e+00  6.00785742e+00  6.69308016e+00
  1.33510572e+00  6.17350027e+00  5.87719562e+00

molecule   93
  8.38549612e+00  6.64003784e+00  6.46627458e-01
  8.82923052e+00  5.85473838e+00  3.28599710e-01
  9.65947683e+00  5.46275453e+00  7.82153432e-02
  1.00480937e+01  5.69516729e+00  9.54906768e+00
  1.02760656e+01  5.69605356e+00  8.57104167e+00
  1.80692131e-01  6.44521454e+00  8.26698693e+00
  5.09518298e-01  7.21949263e+00  8.80501364e+00
  5.88183697e-01  7.24744486e+00  9.84164176e+00

molecule   94
  1.14048110e+00  3.66832410e-01  3.67556954e-01
  1.83458923e+00  1.13073671e+00  4.08749077e-01
  2.33213006e+00  1.64001438e+00  8.88612059e-01
  3.08395598e+00  1.87171698e+00  1.60685772e+00
  4.06131475e+00  1.97116174e+00  1.75625084e+00
  4.27087382e+00  2.98820456e+00  1.57634405e+00
  3.78726869e+00  3.85145361e+00  1.88154051e+00
  3.05005427e+00  4.32094678e+00  2.40381455e+00

molecule   95
  4.56377703e+00  6.15695210e+00  1.70273460e+00
  4.95761583e+00  6.17844188e+00  8.28480757e-01
  4.75180084e+00  5.45314179e+00  1.59039238e-01
  5.02221817e+00  5.02090516e+00  1.06846100e+00
  5.16678252e+00  4.04413354e+00  1.08463312e+00
  5.12988924e+00  3.21365973e+00  4.66881830e-01
  5.20237819e+00  2.98129573e+00  9.90548875e+00
  4.99011771e+00  2.57457023e+00  8.94893937e+00

molecule   96
  1.31652769e+00  5.56380544e+00  2.53103131e+00
  1.50437563e+00  6.09391617e+00  1.73514892e+00
  1.49214726e+00  6.91274451e+00  1.13844905e+00
  1.91939116e+00  7.38625830e+00  2.31272035e-01
  1.22393664e+00  7.94930497e+00  1.01722029e+01
  6.31782909e-01  8.21519316e+00  9.47312441e+00
  2.34785097e-01  8.80636758e+00  8.82833408e+00
  4.97440359e-01  9.49534632e+00  8.20937653e+00

molecule   97
  4.63183799e+00  4.93628294e+00  8.14478810e+00
  5.35110024e+00  5.50990693e+00  7.81101626e+00
  6.27587098e+00  5.67624240e+00  7.99414728e+00
  6.84879157e+00  6.42427390e+00  8.02695752e+00
  7.57184776e+00  6.97391814e+00  8.49681536e+00
  8.45350605e+00  7.23312907e+00  8.76430909e+00
  9.19281911e+00  7.22618600e+00  9.48533810e+00
  1.00969563e+01  7.49953742e+00  9.26550542e+00

molecule   98
  9.45600268e+00  4.03065166e+00  9.72013908e+00
  1.02058975e+01  3.57604469e+00  1.02711497e+01
  9.99635899e+00  2.63717333e+00  1.01746544e+01
  9.16242705e+00  2.09877686e+00  9.97852491e+00
  8.91741480e+00  1.25295434e+00  9.66226455e+00
  8.12443269e+00  6.46133788e-01  9.14802717e+00
  7.55163930e+00  1.36839740e-01  8.58447416e+00
  7.77056895e+00  9.87049816e+00  7.77144334e+00

molecule   99
  2.81183834e+00  7.38223726e+00  1.01234405e+01
  3.24411473e+00  6.70550133e+00  9.41907355e+00
  3.58423385e+00  6.19741821e+00  8.58029999e+00
  3.49785988e+00  6.07923771e+00  7.62817826e+00
  4.04003556e+00  6.72845853e+00  7.17875244e+00
  4.40791679e+00  7.26466300e+00  7.89810269e+00
  3.85270860e+00  8.01556406e+00  8.39831594e+00
  3.61188847e+00  8.91794179e+00  8.74436646e+00
