BOUNDARY

cubic     1.0455159e+01

MOLECULES

species    0
nMolecule  100

molecule   0
  6.84380657896266520e+00  1.02355662840337907e+01  4.17439083446771342e+00
  6.64600227801405641e+00  9.85285807146171422e+00  3.27278966457397447e+00
  7.43388712478700864e+00  9.60114165114750584e+00  2.77422337076927450e+00
  7.82195218244527979e+00  8.76620115443019188e+00  2.69396170568109694e+00
  8.67033353788837147e+00  8.93975233540314740e+00  2.30018372329416732e+00
  8.62851977512919355e+00  9.89979533284765445e+00  1.90987071379714424e+00
  9.46882104755238352e+00  1.03233809025124010e+01  1.87722967507755567e+00
  9.43560997757377606e+00  5.54713236961896561e-01  1.14536323637095361e+00

molecule   1
  8.65743013533510641e+00  1.02072708473212064e+01  3.88623294098878747e+00
  8.62579152807461114e+00  9.59328860220806945e+00  3.15424115683954120e+00
  9.14142626351414123e+00  8.68881686977392498e+00  3.19325756083880652e+00
  8.54983998234417442e+00  8.08305874131107771e+00  2.97068600471802391e+00
  8.40256975100552950e+00  7.38761574455776149e+00  2.29334430186712979e+00
  7.48869995532975885e+00  6.90597772077944505e+00  2.43444149101317242e+00
  7.00836999112374848e+00  7.45897577100240472e+00  1.78255996100393710e+00
  7.55298072372992468e+00  7.64110582247975678e+00  9.29437978345943216e-01

molecule   2
  5.62537451767189189e+00  5.60341508232183205e+00  2.69151583389686611e+00
  5.20172434859331290e+00  5.08175357727525778e+00  2.05358799775690981e+00
  5.84246155079865392e+00  4.57409959634358021e+00  1.50139552949274990e+00
  6.74659649504823733e+00  4.65693520072397327e+00  1.68197581044057354e+00
  7.22126296593806671e+00  3.84905193775649179e+00  1.87026509418591069e+00
  8.14591161814831466e+00  3.86787744286842905e+00  2.29635256103888974e+00
  8.98104861922415232e+00  3.22626044081154584e+00  2.10812949475083622e+00
  9.92126266409817426e+00  3.33123227015856704e+00  2.00408160074866970e+00

molecule   3
  2.38935180515910561e+00  4.01143989162951264e+00  7.38953116722391457e+00
  2.53838009811321896e+00  4.91663508098559277e+00  7.70070620112190429e+00
  3.41914274761503734e+00  5.25460121634322253e+00  7.61233760316952424e+00
  3.71822965541283335e+00  6.14453163463710350e+00  7.65686416593870955e+00
  4.50757208963325784e+00  6.51305630004210023e+00  7.14715582592247323e+00
  4.33724827669681634e+00  7.10139571350283738e+00  6.42794607981425603e+00
  3.46826189881209235e+00  6.78350361047718842e+00  6.08899615718609155e+00
  3.19641886959052490e+00  6.45563402984856793e+00  5.13802576656106780e+00

molecule   4
  2.60349841028940876e+00  9.32865745224209064e-01  8.91459834753649361e+00
  1.54122036704063015e+00  9.65755769539827669e-01  9.07934364656300552e+00
  1.46022582593644046e+00  1.14256040834870148e-01  8.66978192120561708e+00
  5.94676181375279223e-01  1.01965885103675955e+01  8.10520951587627181e+00
  3.35796953543656462e-01  9.36229549392211702e+00  7.95877776580691876e+00
  6.56323751204866301e-01  9.08781242409900969e+00  7.11939942478849375e+00
  1.68842825322777412e+00  8.81722191295993341e+00  7.19244844423221963e+00
  2.06481487663011709e+00  8.75529205302804314e+00  6.22357329766936829e+00

molecule   5
  1.25386858795394440e+00  6.80177375558392860e+00  1.17746607369690670e+00
  1.88252064121798668e+00  7.50332534382495808e+00  9.29835821518425809e-01
  2.63924934891201213e+00  7.83937968967213283e+00  1.45592355178057820e+00
  3.11081002643794857e+00  8.57533840086057531e+00  1.82395524634290496e+00
  3.97596593120102870e+00  8.75088205276686715e+00  1.38851859545042289e+00
  4.53927007401035532e+00  9.53112478628758808e+00  1.36359856225018850e+00
  5.02541220261569244e+00  9.73915105817858695e+00  2.16953533105079188e+00
  6.03115282716278589e+00  9.51640203790572237e+00  2.34141328341538868e+00

molecule   6
  3.61601203646748948e+00  3.74116817051171369e+00  1.00276399906665574e+01
  3.53951855382689651e+00  2.71730779394780120e+00  1.00871431801912639e+01
  3.85555402236215938e+00  2.25577505715841387e+00  4.67402222413871360e-01
  3.65122197635481482e+00  1.30541922708713054e+00  2.09263765064354075e-02
  3.81827365739391977e+00  3.34695172086454107e-01  2.87188244575465879e-01
  3.53168458446686850e+00  1.01166713637771437e+01  1.00909538575682749e+01
  3.68323465442006892e+00  1.02397036757960134e+01  9.04526249801936544e+00
  3.69441718339584257e+00  9.62467861359463228e+00  8.30903896592135460e+00

molecule   7
  1.24967415592692577e+00  9.80003088886774698e+00  6.04610016864103272e+00
  1.85486958319929940e+00  1.64133136003956931e-01  6.07564163143563007e+00
  2.60253232425508907e+00  1.01811603596831919e+01  6.35743840122977844e+00
  2.75973546842233253e+00  9.33079927599876235e+00  6.89955403121414967e+00
  3.52011290444115055e+00  8.76296786262174976e+00  6.63983826708357494e+00
  3.72424381165159435e+00  7.88460345767985427e+00  7.16624655643795716e+00
  4.66839646580003098e+00  7.53671307307584559e+00  7.35328622622401884e+00
  5.12773508250913324e+00  7.91715808864683357e+00  8.10714120768851387e+00

molecule   8
  1.84547906759653557e+00  6.32611813231906783e+00  3.93403408479358196e+00
  2.00098373882826408e+00  7.20115850579226802e+00  4.32463202834489646e+00
  1.00714311985103167e+00  7.28618585148724307e+00  4.14845642214670374e+00
  3.72709206286853556e-01  7.14482244795451304e+00  4.89521608797033281e+00
  9.91873905540164280e+00  7.61672973859701052e+00  4.92192095741183433e+00
  9.20824617113754229e+00  7.08487297739005584e+00  5.39322793580956716e+00
  8.62565755924853050e+00  6.51891675037625351e+00  4.63358259564409192e+00
  7.65095004192854500e+00  6.53084037986964638e+00  4.45455788431755551e+00

molecule   9
  1.24631720158772330e+00  2.93779515774855327e+00  3.87204643142762883e+00
  1.25774423327513674e+00  2.61428761604591564e+00  2.95277615000657523e+00
  1.67268513609043001e+00  1.89634191432498134e+00  2.47285662852921861e+00
  1.39902937406220729e+00  9.01663164716253740e-01  2.25412980733686874e+00
  1.94852498537355290e+00  8.11712082676681046e-02  2.66390982931073683e+00
  2.51986837113548123e+00  1.04257823369614613e+01  3.45298537476061806e+00
  2.49839607194004909e+00  9.60186563668264448e+00  3.92946046969967488e+00
  3.26211635428369684e+00  9.16673011694494555e+00  4.21266600145007075e+00

molecule   10
  5.97988933293829206e+00  1.02521817882644921e+01  9.25166381384339687e+00
  5.52110120914424485e+00  1.62173105892412406e-01  1.00161603191630562e+01
  4.70180278776362481e+00  6.25201884817261466e-01  1.00748964156620868e+01
  4.63924227169047221e+00  1.06072705417892643e+00  9.22616611078086279e+00
  3.73453278928484966e+00  1.36933418719633981e+00  9.09752760762163248e+00
  3.35792909603656620e+00  2.01953521628640198e+00  8.42576146565190776e+00
  2.47811044924348378e+00  1.73495660198691315e+00  8.28428248054345140e+00
  1.82854956699414406e+00  2.42014175058018166e+00  7.86478009941197254e+00

molecule   11
  4.20956842780646845e+00  3.33804670314315555e+00  4.11535814117146259e+00
  3.33451510234592519e+00  3.60555205552148372e+00  4.44289588292247650e+00
  2.90038472404375325e+00  4.28941302589972651e+00  3.83709194717266255e+00
  2.42678907476072858e+00  5.11632625190232559e+00  4.30869513739661514e+00
  1.42887257987848870e+00  5.25421241958389018e+00  4.22882040652796487e+00
  8.73642377774168977e-01  6.18564703117929238e+00  4.29239554299743542e+00
  1.03986189420487740e+01  6.08520787430271071e+00  4.03453106997580235e+00
  9.60640998663737200e+00  6.54256485140191302e+00  4.33507019588695908e+00

molecule   12
  4.12852297899997644e+00  4.37720040603333160e+00  3.25599360708088970e+00
  3.14454061005599828e+00  4.41902792736179162e+00  2.85634373760591087e+00
  2.77303333275660124e+00  4.05786187580120750e+00  2.01677200709485982e+00
  2.32781997764153692e+00  4.93221407653819544e+00  1.71381320597572295e+00
  3.03386649558952382e+00  5.55384808523306628e+00  1.92709764686173779e+00
  3.80655155978360416e+00  5.38427440491193021e+00  1.28806006490949332e+00
  4.27764624361122348e+00  5.87251306779770665e+00  5.61087428245280240e-01
  5.15878076043541789e+00  6.06090409698408372e+00  8.36288770742589893e-01

molecule   13
  2.29637503901286788e+00  6.46831442117133015e+00  5.88266567792921258e+00
  2.59981425530593890e+00  5.50956873568431593e+00  5.50548119606774744e+00
  1.89639657604672029e+00  4.80898637420243968e+00  5.33896650897463676e+00
  2.27101908010814846e+00  3.98548921295894498e+00  4.99939435022335310e+00
  1.48140942283088939e+00  3.31148872667916550e+00  4.79379404878162596e+00
  1.11731373909697052e+00  2.53405203631905396e+00  5.25686076961136539e+00
  3.28933671638431679e-01  1.94553256845155964e+00  5.06670221666543874e+00
  1.00777953687149613e+00  1.19143812315422926e+00  5.40712218411751078e+00

molecule   14
  9.02991731254439323e+00  3.61248933516937143e+00  7.54579099858896551e+00
  8.82221511399633762e+00  4.46962983015667170e+00  7.10866908278877485e+00
  9.17155817095449244e+00  4.44493380590058695e+00  6.18799746062845202e+00
  9.07909073982903436e+00  5.30260033569467026e+00  5.82470772458940012e+00
  9.80622016987269340e+00  5.91405241183632224e+00  5.55605759228810570e+00
  8.68969172316550187e-02  6.16260568160527811e+00  5.99547469558359403e+00
  9.77789650831104251e-01  6.55289461759775715e+00  5.92086052447013689e+00
  1.54513027959641724e+00  6.22689842379779446e+00  5.23811858064370472e+00

molecule   15
  6.99596711319148223e+00  7.72884440672964157e+00  8.48657156184704675e+00
  7.57606875724539286e+00  7.65221790762225229e+00  9.31746549813197511e+00
  7.19317490523026937e+00  8.30203063514450967e+00  9.94965488531689424e+00
  8.02435701839969440e+00  8.73100830974087216e+00  1.03300386063740159e+01
  8.35151434145291027e+00  9.61450407362496939e+00  9.89480456113822626e+00
  7.72406906315225505e+00  1.02905860267907006e+01  9.55018654467300721e+00
  7.45929729572156042e+00  2.54946162198782356e-01  8.65170279912824824e+00
  6.49686687086385728e+00  5.55847809930132830e-01  8.35095423941715964e+00

molecule   16
  1.01239881751141727e+01  7.24970032044779877e+00  1.10934538964743457e+00
  9.40719041232724429e+00  6.77449069239111257e+00  1.63684507965138071e+00
  8.59542231321987771e+00  7.14859576473908032e+00  1.22944813969529365e+00
  7.76810625573193825e+00  6.58014661397182987e+00  1.31469465461503554e+00
  7.60923332408360409e+00  6.44344637881358295e+00  3.23260060779665293e-01
  6.70129945990154230e+00  6.68946629951350413e+00  2.22578162396355389e-01
  6.28697883329238483e+00  6.12443871735445811e+00  9.97255932110277854e+00
  5.57204527009337713e+00  6.61471012058474894e+00  9.37377775142745229e+00

molecule   17
  1.90106411169353146e-01  8.85246731306118306e+00  6.20445360242847865e+00
  6.40690588715384091e-01  8.83315009123521655e+00  5.36225404814823747e+00
  2.38837333591150752e-01  8.65726606300186852e+00  4.53313384813142495e+00
  2.91740292281587765e-01  8.02759986912893986e+00  3.78721331566187303e+00
  1.02572157824989763e+01  8.65915254875588225e+00  3.25617729992212279e+00
  3.50019774217258106e-01  9.25378001301778497e+00  2.53365769671835839e+00
  1.04050956185103072e+01  9.78744033777900135e+00  1.82446752164512538e+00
  5.19608863445213176e-01  1.80683377616771224e-01  1.55666790867090032e+00

molecule   18
  9.07683235169861291e+00  9.82820363126882235e+00  5.92450717330090004e+00
  9.48327247695044484e+00  9.11174505629930209e+00  6.44519989730207232e+00
  9.69884359247485328e+00  8.96379625264822977e+00  7.47202856319326969e+00
  9.39053413068341492e+00  8.31858002608006153e+00  8.20462361646748661e+00
  9.89730106264570431e+00  8.77854203787447318e+00  8.96731672123971890e+00
  9.68835436537281858e+00  9.78266379539180164e+00  9.11874433617896685e+00
  1.01721397747361504e+01  1.93469106060926738e-01  9.21176436865262716e+00
  9.68310436277837638e+00  9.19022763225148864e-01  9.50329883986366575e+00

molecule   19
  3.46424205750953984e+00  1.02439134444952828e+00  7.58036274006288835e+00
  3.70031774986877338e+00  3.40638358324806656e-01  8.14841699755362825e+00
  4.52480862444711462e+00  1.02095320024191096e+01  7.91863783471895921e+00
  5.36893488130807395e+00  1.10788931404651889e-01  8.12265992587775543e+00
  5.44797033359852634e+00  1.00294006027189009e+00  8.59924453304058645e+00
  6.28373146122956694e+00  1.32698765393356988e+00  9.03893959976616479e+00
  7.16746836168638257e+00  1.47242227950214954e+00  8.63161175288984417e+00
  7.88588298556446077e+00  2.06159504130024773e+00  8.81400194638505852e+00

molecule   20
  1.00769007952039242e+01  3.50898228689953662e+00  9.24880746847552437e+00
  2.23740316042620291e-01  3.78852321284188465e+00  8.47735895753575441e+00
  6.27056292546207955e-02  4.72418836177172707e+00  8.09035466662712643e+00
  1.03374299809057781e+01  5.39426758534924478e+00  8.85220864399085983e+00
  9.45848999766567466e+00  5.59978734028511571e+00  9.18503860088252644e+00
  9.38232387724904271e+00  6.24651093554211645e+00  9.88356667498227637e+00
  8.91891288485702738e+00  7.09685151107550283e+00  9.94421155652929656e+00
  8.61696600541650959e+00  7.71610130059787380e+00  2.40010144860793501e-01

molecule   21
  6.03285461001434165e+00  7.42959587781448416e+00  1.34638511579135445e+00
  5.15573431961333917e+00  7.13313215078447715e+00  1.17300536057290450e+00
  4.48784696197799882e+00  6.61925587249628844e+00  1.60589558479515704e+00
  3.66105300132993117e+00  6.69922572183938758e+00  1.04760416494515907e+00
  2.83252918326072844e+00  6.12979222508560362e+00  8.53823176934817907e-01
  2.29208225226216911e+00  6.46159743372711226e+00  1.61881756316393816e-01
  1.75178270907983435e+00  6.23029708369464608e+00  9.82772835445999959e+00
  1.41282781250889045e+00  7.14437107284431328e+00  9.68787178316894604e+00

molecule   22
  6.83494581500293918e+00  7.80532226445775290e+00  4.81068940385571864e+00
  6.33850650240666358e+00  6.95938352781452974e+00  4.41240239251977595e+00
  6.24822742665497000e+00  6.19104582772072831e+00  4.89908518981909769e+00
  5.39752803310087970e+00  6.15007921922114065e+00  5.55426447008556767e+00
  4.41324079292734073e+00  5.95659472142655400e+00  5.53547399542847440e+00
  4.02174682665947270e+00  5.64006367325274471e+00  6.40361731355004427e+00
  3.19409559058022419e+00  5.08858381469914445e+00  6.53701440205026785e+00
  3.14065214053289088e+00  4.20289397364495620e+00  6.16398965097573814e+00

molecule   23
  5.60594438289573205e+00  9.89718389363886963e+00  4.24672318831821993e+00
  5.43223485285684138e+00  9.75524121291631019e+00  3.33420701412714227e+00
  5.04061342045475858e+00  3.39618332225556763e-01  3.09973069076570518e+00
  5.67840144638554989e+00  4.77347731413717224e-01  2.38211104027518461e+00
  5.52606979438338897e+00  1.20836954207942693e+00  1.79431185845123964e+00
  5.30631424953993136e+00  1.25740709514260751e+00  7.61885065586007992e-01
  4.98878906463826954e+00  2.01226310900907768e+00  1.93031731497714631e-01
  4.53741185847195450e+00  2.01145566586102964e+00  9.73204977214657241e+00

molecule   24
  5.39132834306214459e+00  3.32560360252753684e+00  8.23792024703652359e+00
  4.70535194307438687e+00  2.58018489343483060e+00  8.33457974447412653e+00
  4.35953415946667633e+00  2.22604478433036812e+00  7.60565266798058293e+00
  3.44286697532695207e+00  2.10634478970420780e+00  7.28139473705760398e+00
  3.36337250778941765e+00  1.95644462563387145e+00  6.28953547226273546e+00
  3.83138690740193599e+00  1.53158272505517834e+00  5.59494939664057256e+00
  4.16273682728200001e+00  1.64730713247750260e+00  4.59309556402427432e+00
  4.79139103882609341e+00  1.10175329537290279e+00  4.01971658064081350e+00

molecule   25
  6.43720613508661454e+00  1.69600213608191686e+00  5.01186962709184769e+00
  6.12049625766489225e+00  2.56873727356768766e+00  5.25311431299211140e+00
  5.28334386720551841e+00  2.96942733712449813e+00  5.16096052071881406e+00
  5.30614719023293979e+00  3.83772364309858594e+00  4.61260484254794889e+00
  4.59474014017045818e+00  4.55495904245534433e+00  4.66111396795337640e+00
  4.88043365851991240e+00  5.45809551223028588e+00  4.31737339709815160e+00
  4.28069302898723159e+00  6.19975907563222162e+00  3.97486596334877618e+00
  4.16755701352320163e+00  6.85196701638319805e+00  3.31233297367990920e+00

molecule   26
  8.71258756676339097e+00  2.01624235567837040e+00  9.62173226621155919e+00
  7.94578109037267577e+00  1.26409483817157020e+00  9.60625081937048364e+00
  7.61071540808345226e+00  6.36834320164328394e-01  1.04212407203382735e+01
  7.71793550342836898e+00  1.01435249390886124e+01  1.11497764182814596e-01
  8.46212995476702901e+00  1.01334071935253238e+01  7.13719464889114641e-01
  9.11523069232819871e+00  1.02480735708596420e+01  1.03521712665544392e+01
  1.00458170725855869e+01  9.87344550522944869e-02  4.69008801831846331e-02
  8.57106484992289086e-02  9.87966229739645385e+00  4.60636717916227845e-01

molecule   27
  4.51332096972319885e+00  9.43187052569742779e-01  7.71213636929853497e+00
  4.88071338589317616e+00  3.84231004558578781e-01  6.92729630674092878e+00
  5.77457280119738936e+00  8.70330500704419169e-02  7.00942909309197848e+00
  6.43946570393571704e+00  7.86099556853439685e-01  6.74195117631916840e+00
  6.93716756760449016e+00  7.71522637190033334e-01  5.84541131733475705e+00
  7.34910397818659966e+00  1.55784353956839516e+00  5.86990552154785217e+00
  7.31972819243321737e+00  2.30129133361946048e+00  5.18954561331670572e+00
  7.65302539576922225e+00  3.25936301535320361e+00  5.40510323207197185e+00

molecule   28
  6.59998546006895825e+00  6.10521048708270708e+00  2.36453380179581174e+00
  6.20422127507536203e+00  7.02190211789031427e+00  2.45696342348649344e+00
  5.24167036593373936e+00  7.20231466251260777e+00  2.53897953588247649e+00
  5.14981380406591693e+00  7.63818417539165218e+00  3.45367272885011012e+00
  4.34371101346120003e+00  8.10752152159751205e+00  3.67182022988009171e+00
  4.27317205347792406e+00  8.35165441244759421e+00  4.67142678889404550e+00
  3.92143262830592709e+00  9.26337927515745285e+00  4.93993158998094106e+00
  3.94799882751240760e+00  9.57430244550075038e+00  5.97383228012193435e+00

molecule   29
  2.84762032354561034e+00  2.88775981833979278e+00  2.62938401673126254e+00
  2.90844911397112016e+00  1.96813515821862306e+00  2.50642879746653113e+00
  2.45762511590833510e+00  1.14733376026741629e+00  2.89299452348611341e+00
  1.68732923829770809e+00  8.22003054975288139e-01  3.30927424010947346e+00
  9.85515006820860906e-01  1.45136806222516901e+00  3.01261105788187367e+00
  6.59844743038796033e-02  1.18048450011254347e+00  2.99989706832167391e+00
  9.93147763629596803e+00  8.69997838674347101e-01  2.30905375900096343e+00
  9.28988564852954823e+00  1.66305395725228622e+00  2.17225377962230848e+00

molecule   30
  1.80666309646253603e-01  4.18019561088194891e+00  4.99906773158976969e-01
  6.99191254018348696e-01  4.71074426727029572e+00  1.01664296354027233e+01
  8.25215268157278081e-01  3.97829617672915292e+00  9.48008782471113243e+00
  5.83417591386191758e-01  3.06787222974280027e+00  9.67827895273431515e+00
  1.30650254001688415e+00  2.37007911047835407e+00  9.74948554465169792e+00
  1.57896308258272100e+00  1.88494275880516082e+00  1.34603898559184310e-01
  1.38701851120120656e+00  8.61590674410812829e-01  1.03183923299555030e-01
  8.50352601578703626e-01  1.60530857537281690e-01  5.31180210991283319e-01

molecule   31
  8.44369223278372338e+00  2.11490145017875397e+00  4.85460381964474053e+00
  8.36488808123117522e+00  1.75702452134852649e+00  5.66344910396688661e+00
  8.94425447601819812e+00  1.81887351904402661e+00  6.60244159018690446e+00
  9.75588510767979500e+00  1.30491344339589221e+00  6.52586896400336780e+00
  9.08530931260788677e+00  6.92455612524606967e-01  6.87723283238497185e+00
  9.31880414233001808e+00  5.61385312536412995e-01  7.71930462390880834e+00
  8.65385982375552487e+00  1.03607604526374697e+00  8.41762974186894475e+00
  7.98284823930901943e+00  1.49160715646296493e+00  7.82080700570664078e+00

molecule   32
  1.65927950702905758e+00  3.48073821987872911e+00  8.04738272078087391e+00
  2.63327871022928495e+00  3.28273291464005279e+00  8.24440537497715731e+00
  3.37540140353965112e+00  3.80265771397237584e+00  7.78776867517620630e+00
  4.34015333178250717e+00  3.62902251216788008e+00  8.02760850649010749e+00
  5.03009202452247806e+00  4.43413250521936408e+00  8.16017491543624018e+00
  5.74983900247974233e+00  5.08018082313310781e+00  7.85555898946844611e+00
  5.73626296303708916e+00  5.99181142508667541e+00  8.02807128299059158e+00
  6.58763426176543998e+00  6.48746256552431522e+00  8.16863364526621716e+00

molecule   33
  6.29717514240188958e+00  6.12860857949431903e-01  4.70080557803339438e+00
  7.07566348592778116e+00  1.13659815466668634e+00  4.36637477845396482e+00
  7.53023242553419436e+00  6.69928710806715455e-01  3.63707976428661039e+00
  8.34025998717401329e+00  1.03928255824679483e+00  3.11914930556058723e+00
  9.26744499662875043e+00  1.04236333475592957e+00  3.40124942595115343e+00
  9.89063924509456882e+00  1.89253942472120817e+00  3.41409291663702419e+00
  2.03144134326849163e-01  2.25566784831394562e+00  2.97048757053125057e+00
  2.65254241173135397e-01  3.04705131160820475e+00  3.66167833072616133e+00

molecule   34
  7.10775898141101159e+00  9.75897288355618819e+00  8.12272906633117486e+00
  7.90394011252112616e+00  9.28714366774914168e+00  8.58510787105091744e+00
  8.85223248488211745e+00  9.18184510660695352e+00  8.71909482785337708e+00
  8.71879470166202886e+00  8.57096759899179261e+00  9.54484795091766181e+00
  9.44139729493044300e+00  7.97104166190942820e+00  9.74632795514258277e+00
  1.03351542550060955e+01  8.37798333766235714e+00  9.83809232840143366e+00
  6.12086292570004908e-01  7.74508134838412854e+00  9.96869978172581028e+00
  1.35950923603755558e+00  7.90475064344886924e+00  4.32929334929633217e-02

molecule   35
  4.07888824526915172e+00  2.67062647488962224e+00  4.93311059113326156e+00
  3.10590724154041808e+00  2.39029111697290109e+00  5.08657986893356018e+00
  2.73042490416586725e+00  1.58266542453910675e+00  5.60173478792598534e+00
  1.76231822238095259e+00  1.51701268057792760e+00  5.99146806881381710e+00
  1.52524388853053816e+00  1.11632006031260622e+00  6.82583866027389607e+00
  1.11848636938716939e+00  2.96102865767197576e-01  7.21791676041011598e+00
  1.32679000129364133e+00  9.83464268928083918e+00  7.05074513069149145e+00
  1.63267149657147104e+00  9.48004113948691796e+00  7.95815236263675896e+00

molecule   36
  9.11217086790455788e+00  3.48369761174081383e+00  1.07864487605145540e-01
  1.01442017548601875e+01  3.60765769994659768e+00  1.03015355660211494e+01
  4.79902406544781168e-01  3.15782706516221312e+00  4.09724994291646605e-01
  1.17922849432989740e+00  3.95221779271208096e+00  3.40578758728857178e-01
  1.44585453822091492e+00  4.45241851155817869e+00  1.28767196911481152e+00
  8.73626650253368608e-01  5.11123684886794383e+00  1.81059004316967243e+00
  1.42783757262552480e+00  5.59204574546224009e+00  2.46530410930685884e+00
  9.50592191727670066e-01  5.57889430758362348e+00  3.28999113273530330e+00

molecule   37
  6.09543606667402482e+00  8.71136184608378095e+00  1.75619954509686305e+00
  5.64634798516064951e+00  9.33855604910060144e+00  1.28866803078325964e+00
  6.26937442338933693e+00  1.00469870450985397e+01  1.17477786772804271e+00
  6.48554304061513687e+00  1.00525042698204654e+01  2.07791931619732195e-01
  7.14912852427350920e+00  9.53452645891412587e+00  1.00284263646162692e+01
  6.71771127069172547e+00  9.26824946946454808e+00  9.18293535959834806e+00
  5.63632982355501699e+00  9.20269754765823578e+00  9.21804824907892773e+00
  4.98292381469147561e+00  9.78585590555226581e+00  8.79486862194515595e+00

molecule   38
  4.84357977497869641e+00  2.36215878126847878e+00  6.00104965121485723e+00
  5.71360906389509804e+00  2.51095599339583231e+00  6.28714262175094607e+00
  6.44129186160487244e+00  2.00413187183441988e+00  6.66790392792749476e+00
  6.90261830929090614e+00  2.78450488987739897e+00  7.17943496526358160e+00
  7.88975880627841342e+00  2.82733608465417285e+00  7.23918029265808904e+00
  8.45422526312623823e+00  2.79600379094177232e+00  6.38624003782138150e+00
  9.49794973074775406e+00  2.71796059251729183e+00  6.51545934035728891e+00
  9.99502120755730949e+00  2.34902574789456597e+00  5.79833000719110547e+00

molecule   39
  5.33224439635179603e+00  5.74597942061306544e+00  9.04219155198126856e+00
  4.58164597272426022e+00  5.09485223467350767e+00  9.13169141785743754e+00
  4.82337020010292949e+00  4.10269127968753633e+00  9.20541030280707773e+00
  4.57153233521842495e+00  3.12437187132452010e+00  9.50737056904861255e+00
  3.75341294408742865e+00  2.60388422750708415e+00  9.12368425023409202e+00
  2.99655674133953021e+00  2.07358472721103304e+00  9.43087365767023478e+00
  2.74974457355785873e+00  1.47542390459410289e+00  1.01549180490571889e+01
  3.01106997866860038e+00  4.79207537841620457e-01  1.01034419576795784e+01

molecule   40
  9.92569749142206703e+00  4.57833040022038951e+00  9.21270183877760473e+00
  9.36152969264401058e+00  4.39499068876786847e+00  8.34055957019884886e+00
  8.39033955823596500e+00  4.58963658713100120e+00  8.36492891616797074e+00
  7.81980009509680229e+00  3.95806141511751752e+00  7.75902855625786891e+00
  7.35252125315906824e+00  4.31711467888527611e+00  6.95055615138099814e+00
  6.54154899744099616e+00  4.02461009326732899e+00  6.56217048504195688e+00
  5.60753894723960222e+00  4.32199778009752578e+00  6.87966103500547899e+00
  4.63266841122532824e+00  4.12050138320990911e+00  6.60497402860601657e+00

molecule   41
  8.40360104446807377e+00  6.68364680958266888e+00  6.25120691842526988e+00
  7.52175563376792855e+00  6.61355985969326099e+00  6.63082950045955499e+00
  6.94499544933161062e+00  6.08919380358434115e+00  6.02440889170041327e+00
  6.43199586644283983e+00  5.32136997093511876e+00  6.38531012867291370e+00
  6.13256006728856029e+00  4.67426607873436151e+00  5.77124919699664840e+00
  5.25050339333966765e+00  4.57224193579315052e+00  5.41855217916822429e+00
  4.73837382325661860e+00  3.75105372822942496e+00  5.61767797421534087e+00
  3.73219553285777872e+00  3.91862191173007890e+00  5.34199033119254540e+00

molecule   42
  7.58652208869847033e+00  2.41469641535188684e+00  4.09753778688223314e+00
  8.58331475785700526e+00  2.18857000680449687e+00  3.84094388635572681e+00
  9.04489414904227118e+00  1.41650783775365308e+00  4.22181216493822209e+00
  9.81254962045499823e+00  1.70175042018543565e+00  4.82908921292965498e+00
  6.17618030794449754e-02  1.00332802892158846e+00  4.87795546071402519e+00
  7.86066673068942068e-01  1.38484271425039229e+00  4.20884791952452009e+00
  1.80517821319535621e+00  1.45796452078427929e+00  4.26379144807293375e+00
  2.37629620543253584e+00  1.90629723297186460e+00  3.61793220694159778e+00

molecule   43
  9.78442437698162237e+00  5.75964390448722696e+00  8.08164862409284446e+00
  9.79316826445313282e+00  5.91514670574681656e+00  7.10806789675064632e+00
  8.86899511455539447e+00  5.76635386749995948e+00  6.73157887926282150e+00
  8.21138593325039423e+00  5.65056014048151134e+00  7.40985648745787984e+00
  7.70375624876137621e+00  6.26799538410287482e+00  7.91821799147493444e+00
  7.28465069461399217e+00  5.61685786463287062e+00  8.56384151515253755e+00
  6.39945178275965354e+00  5.48952036640158791e+00  9.00161229764476012e+00
  6.45745237608989520e+00  4.76232852483610625e+00  9.58548852052961031e+00

molecule   44
  2.32310122609347269e+00  8.43983947357837394e+00  3.39274032660795877e+00
  2.41716975222878716e+00  8.79695096538951127e+00  2.57979328219208037e+00
  1.40249193330653310e+00  8.88470728396360521e+00  2.30656010116202204e+00
  1.15838336603541103e+00  9.86623830613310915e+00  2.22907678008619969e+00
  1.61687333873070460e+00  1.41879677269133656e-02  1.50612408194345382e+00
  2.45273996163582320e+00  3.20540242718373392e-01  1.79330180946031037e+00
  3.05812908419000795e+00  6.56414286844824724e-02  1.06212291275049209e+00
  3.65509073054132161e+00  9.76081003095408839e+00  8.06461602632385643e-01

molecule   45
  6.45895281668446009e-01  1.55881485782385565e+00  9.52056623159218240e+00
  1.15402272302092782e-01  1.08496151618212511e+00  8.86750961066863219e+00
  5.05718766995734287e-02  1.20115634170991692e+00  7.80448916101668555e+00
  8.64126845470301608e-02  5.12807210289780935e-01  7.07866238801869319e+00
  5.72126926465787666e-01  5.27828804428935983e-01  6.21413098194188596e+00
  7.58361588381835199e-03  1.23073393270218684e-01  5.53032726795916130e+00
  9.48701741205539051e+00  4.71080516753723422e-01  5.74233841030496173e+00
  8.89070079625906651e+00  4.22483096658989032e-01  4.94338909969298168e+00

molecule   46
  4.53848775081883815e+00  7.65498407889892629e+00  1.79111366559310636e+00
  5.06981621012410599e+00  8.39226800482901858e+00  1.60366026350907287e+00
  5.30698340656358791e+00  8.25809050364317976e+00  5.65642253204057366e-01
  4.74461021293282492e+00  8.60731274401663171e+00  1.02563898086015950e+01
  5.07522941388083115e+00  8.41591931433204365e+00  9.38206157724025935e+00
  5.93735722496999596e+00  8.22593655627277265e+00  9.87181716221236272e+00
  6.29145774792106938e+00  9.01425115672805433e+00  1.04071012881517504e+01
  6.85270539356348429e+00  9.18395556004710478e+00  7.64599306788287580e-01

molecule   47
  9.64642058713197059e+00  8.47895560662731285e+00  2.27580753488667853e-01
  9.38987832237432407e+00  7.85322522813860679e+00  9.53735813757954465e-01
  9.28615966828328609e+00  7.88738458645626750e+00  1.93815974839661420e+00
  9.70869039473428685e+00  7.18247911295349706e+00  2.49573227118784358e+00
  1.03274936268900301e+01  7.29447172274218847e+00  3.22134283448092074e+00
  6.25844182991102560e-01  6.59598142604891091e+00  3.34601197642215542e+00
  1.36785963004705402e+00  6.86531637004238871e+00  2.95882847303267527e+00
  1.33641492992436883e+00  7.80459257186458721e+00  3.28003495885407537e+00

molecule   48
  7.14065081792453427e+00  3.56687927574763419e+00  4.06722993534808008e+00
  6.36421789676246252e+00  4.06019808525035497e+00  3.82357538477409831e+00
  6.07002572952259634e+00  4.72965362835312320e+00  4.44421344475471258e+00
  6.91698861595477599e+00  5.00839013920412945e+00  4.87620646447848749e+00
  7.68969218781165331e+00  4.26828880842047997e+00  4.80598774723593269e+00
  8.66616576354726753e+00  4.69028790698761355e+00  4.84694272958169226e+00
  9.17816465220224309e+00  3.89067242723367412e+00  4.58301883888649364e+00
  1.01735968442064895e+01  4.11642599465213355e+00  4.74441339977321697e+00

molecule   49
  1.03845030310194009e+01  6.15086225066906067e+00  1.01881703585182546e+01
  1.30149671264182337e-01  6.04683434494982386e+00  7.76666220781199290e-01
  1.02992561049595537e+01  5.25670276075331522e+00  1.38991971325294461e+00
  9.53422590633320688e+00  5.48884343503140659e+00  2.03081001059523292e+00
  1.01562734004019042e+01  5.78778884391114712e+00  2.72954372196543771e+00
  4.92996299436925689e-01  6.26992140214532157e+00  2.30124409221095583e+00
  2.03207412968104684e-01  7.18412306486544150e+00  1.96736104803851974e+00
  2.48857980463868866e-01  7.98290570507812269e+00  2.52728691916587600e+00

molecule   50
  9.73945021026628943e+00  1.01920900335447033e+01  6.73840487303460289e+00
  8.80841842575100387e+00  9.94244105359825703e+00  7.08683786185441988e+00
  8.28145540910748323e+00  9.14331109665735120e+00  6.92086197666139213e+00
  7.60867180358839601e+00  8.90383313449081371e+00  7.45238553223469413e+00
  7.12925956276864703e+00  8.25937733893317905e+00  6.93557262720301360e+00
  6.98352190589603961e+00  7.36216727205582622e+00  7.24272034830778111e+00
  6.22359877807529571e+00  7.20825990190857357e+00  6.57508685927897663e+00
  6.46352697028283352e+00  7.15635184202374219e+00  5.60601623443956676e+00

molecule   51
  8.79457057051765290e+00  4.10235016747459158e-01  9.38004595040572831e+00
  8.71383754703816749e+00  1.03358194938244345e+01  8.51807793361797572e+00
  8.11036177379538259e+00  7.84914567986130379e-02  7.77434867283939646e+00
  7.42300907888235262e+00  1.01412801548919784e+01  7.16824388215966302e+00
  7.66069061394320538e+00  1.03219890770313771e+01  6.21409668267898674e+00
  6.85759710329717365e+00  1.02185362248370737e+01  5.54194277522276746e+00
  6.71214786243991046e+00  9.33291917974343654e+00  5.05335896008253727e+00
  7.27912885759228345e+00  8.67952570742145646e+00  4.69398701790114181e+00

molecule   52
  9.75372071362528992e+00  7.93943700347737558e+00  6.64569445787630997e+00
  8.77747121652774887e+00  8.01723160412050539e+00  6.71988585846148290e+00
  8.47607756540877588e+00  8.29401582665550663e+00  5.83817243423456045e+00
  8.23263776738049380e+00  7.54748726710132001e+00  5.28107487470295123e+00
  7.66699796354562046e+00  6.86638585236643184e+00  5.48316493209055533e+00
  7.97659712896615414e+00  5.87308119681968677e+00  5.56006324136342123e+00
  7.71648430950058195e+00  4.97331457738907279e+00  5.93773161828957452e+00
  8.21783982149533543e+00  4.02640213042356265e+00  5.96731378249434918e+00

molecule   53
  1.46926529640186931e+00  2.96878970259165031e+00  1.32895588532003672e-01
  2.46395048606520239e+00  2.53591920525439285e+00  2.97894477563184656e-01
  2.90575587015155090e+00  1.79991541075257788e+00  7.55615283585918451e-01
  3.44623835571047765e+00  2.19639551544140410e+00  1.52800235965617537e+00
  4.36262761936780574e+00  2.41268973272316645e+00  1.49452112948193738e+00
  5.01205605775400365e+00  2.69238638004983555e+00  9.23412308933034609e-01
  5.84117418142385869e+00  2.64550344720042974e+00  1.45646187768257973e+00
  6.19776554361626442e+00  2.21250481139371447e+00  2.33778068818624840e+00

molecule   54
  9.87122366256286554e+00  8.94332071636483583e+00  4.99790291804059006e+00
  8.85849653842627305e+00  8.90303816932793879e+00  4.98041373014079269e+00
  8.36776418535252020e+00  8.47487205154721046e+00  4.15853456834837854e+00
  7.82900353823309914e+00  7.74219316860737283e+00  4.33405702576409002e+00
  7.19930824030157890e+00  7.15621875167974242e+00  3.77541757338214401e+00
  7.60581817189441978e+00  6.32532496676746270e+00  3.39306828960120566e+00
  6.77503997506122779e+00  5.94901884234819089e+00  3.35358423244963477e+00
  5.86432443292691552e+00  6.47986631750162623e+00  3.37452680988391984e+00

molecule   55
  4.34362171745940717e+00  8.65396810587961696e+00  2.67031866482281810e+00
  5.26378878916434090e+00  8.66165909079287033e+00  2.99157326157866743e+00
  5.89311055102645653e+00  8.04594083008427319e+00  2.52721715737618347e+00
  6.73910279011319169e+00  8.55940368683872777e+00  2.55687104622702321e+00
  7.26283690370430435e+00  8.55943482295724678e+00  1.80920176962469270e+00
  7.94813510833147507e+00  9.28287811331330204e+00  1.43754750655752983e+00
  8.66805997410912532e+00  8.84226219466495067e+00  9.33282501859969527e-01
  9.34486880620380234e+00  9.59863005930281510e+00  9.02601022711991940e-01

molecule   56
  3.04836471897510641e+00  7.85099522788887860e+00  3.94918393929393696e+00
  3.28202860505600658e+00  8.09158505778020576e+00  2.96987686208480417e+00
  3.35281203085491564e+00  7.40410929328139833e+00  2.29289833270625243e+00
  3.51617508473605644e+00  6.47448193686533280e+00  2.38418950906101390e+00
  2.54808208245603174e+00  6.08093206247405504e+00  2.66312812643916219e+00
  2.54757328831402940e+00  5.28925534549698106e+00  3.22523685781731784e+00
  1.88662818193994530e+00  4.57630177385722181e+00  3.06002118597054906e+00
  1.61014334565803252e+00  4.01856853650822643e+00  2.23536912139757193e+00

molecule   57
  1.87979714682753629e+00  1.00511650305212648e+01  4.72152240673137213e-01
  2.40468426883383080e+00  9.52167949343461473e+00  1.21573738915807961e+00
  3.11371255236538413e+00  9.70182763150954131e+00  1.86155781711074408e+00
  3.10458218301886957e+00  9.68557481602693926e+00  2.83618071809138161e+00
  4.12014328025401433e+00  9.82990479944660400e+00  2.92372273226405133e+00
  4.43037268152452590e+00  9.79489607177818833e+00  3.80988846788078117e+00
  4.49129556013995668e+00  6.59075080256954493e-03  4.37752735224666267e+00
  5.17877269796570516e+00  4.71336509002920456e-01  4.76495126398897284e+00

molecule   58
  7.62011989325840933e+00  9.11228418080524527e+00  5.68181457034490212e+00
  7.33781993444032654e+00  8.20029773320556821e+00  5.72892387778490342e+00
  6.38738905877281482e+00  8.13029683744768761e+00  6.15620064572504067e+00
  5.93179463638388338e+00  8.87236829769159030e+00  5.87956546221625764e+00
  5.50591969525812353e+00  9.25434988483580057e+00  6.57304191157427642e+00
  4.79281492414764188e+00  9.86099193945008246e+00  6.50195724612044401e+00
  4.00506498837987301e+00  9.60984469198855962e+00  7.09108440444872823e+00
  3.36567455428451812e+00  1.04228919116329912e+01  7.07696555048257547e+00

molecule   59
  2.77779202953960169e+00  8.12942544789954091e+00  7.06612504256135399e+00
  2.98492198652324525e+00  7.90486018327402729e+00  8.06444230749230151e+00
  3.96391320922280777e+00  7.75345713581065610e+00  8.28292285314956978e+00
  4.30962874478605418e+00  8.58649530689052831e+00  8.35894733597361395e+00
  4.87650631699299897e+00  8.89833140300754621e+00  7.40570856565867430e+00
  4.59587894366104077e+00  8.22035628231934012e+00  6.66250996938169049e+00
  5.34845169956650235e+00  7.83490032212608156e+00  6.20548093664053013e+00
  5.82554578833088765e+00  7.95940107725954338e+00  5.30752642373026795e+00

molecule   60
  3.52637762117354070e+00  2.01109092438993819e+00  3.68592281888328399e+00
  3.19699958283233165e+00  1.47032642792036827e+00  4.47226985087058804e+00
  2.61504551735025403e+00  6.03921932870988720e-01  4.41235709288446554e+00
  1.79568804042488384e+00  3.59476869310400515e-01  5.00108612802637698e+00
  9.72995081823059493e-01  3.12357761244297205e-01  4.41436639833432043e+00
  3.25955068050567398e-01  1.02038808475963432e+01  4.71089781835592003e+00
  1.03909951659621438e+01  9.58788564050073155e+00  4.01437273141419659e+00
  9.40598618461731917e+00  9.39563394913270145e+00  4.00857053603223701e+00

molecule   61
  4.28287732211871752e+00  9.46104173810082649e+00  1.03700964417968162e+01
  3.76453142406107277e+00  8.56415513367525882e+00  1.04029771386450260e+01
  4.18621563461666302e+00  7.74878980839905118e+00  2.04803616957766527e-01
  4.89632893579347162e+00  7.47443739111559058e+00  1.00678197999006596e+01
  5.89658914976264192e+00  7.21460265659284605e+00  1.02591864179232299e+01
  6.47053656045138137e+00  7.20167399756911042e+00  9.47826640609601689e+00
  7.25157339280684887e+00  6.68507499945630101e+00  9.83175126282118228e+00
  7.23818944882468429e+00  5.61804514408349132e+00  9.84227032013142278e+00

molecule   62
  2.49760412882735316e-01  9.60203401898786701e+00  9.61353544364756019e+00
  1.09792762964065105e+00  9.18248049348526685e+00  9.40068322205635987e+00
  8.37748288990694756e-01  8.66431302388480162e+00  8.53555518335145891e+00
  1.41056598446984682e+00  8.16610570580430384e+00  7.91511988984600201e+00
  6.39237313375891847e-01  7.79417837423439330e+00  7.43186327104996280e+00
  1.01456523629428528e+01  7.99056542634651201e+00  7.64248016545358766e+00
  9.31985059285838524e+00  7.41045827402685742e+00  7.75352902293456037e+00
  9.39752791882959748e+00  6.66001518055284336e+00  8.48214153809680838e+00

molecule   63
  5.39487387450698108e+00  2.29671397265130794e+00  4.33182147888726998e+00
  5.68717538441180448e+00  1.79088941684204506e+00  3.48818107036605030e+00
  5.86038018952408368e+00  8.49011545913175181e-01  3.62958532952269630e+00
  6.62325800369310791e+00  5.40117841476349669e-01  3.22682360394115930e+00
  6.65578785879154378e+00  7.45584819214961669e-03  2.35803838935398336e+00
  6.41995044229294365e+00  5.60108745699629873e-01  1.56115220919643494e+00
  6.83227432134617807e+00  5.90938791708605082e-01  6.33700321962755164e-01
  6.48234420022426772e+00  5.99064357040747231e-01  1.01443899449377746e+01

molecule   64
  5.60488659266058864e+00  2.17902859220090273e+00  9.46187183768020112e+00
  6.14376968140470137e+00  1.71089914074639182e+00  1.01097861665735245e+01
  7.05527583261175284e+00  1.75865457224049360e+00  1.01161524103936333e+01
  7.73167048593272543e+00  2.51727634021067503e+00  9.87788757869360268e+00
  8.45422810547345804e+00  2.74147221653021189e+00  5.17472390503071755e-02
  8.23714843792567031e+00  2.87643106798958970e+00  1.02534164121638449e+00
  8.35818351370251555e+00  2.42307142567065092e+00  1.86108090589096453e+00
  7.88199476591563197e+00  1.77610952612598072e+00  2.31466373815748172e+00

molecule   65
  6.21514017777659866e+00  4.81243588394694033e+00  3.03577933519242871e+00
  6.99422100345532538e+00  4.88507403308889110e+00  3.67766900426279930e+00
  7.88838121644412116e+00  4.82747020432953544e+00  3.53137407515536017e+00
  8.26132268002864123e+00  5.44318082194400343e+00  4.19029678515470483e+00
  9.00997985178378080e+00  5.86912144997873853e+00  3.65584250833374513e+00
  8.58357676571212203e+00  6.71723661178473552e+00  3.29743927002461534e+00
  9.22290075895484129e+00  7.50635165504385871e+00  3.47981426302810659e+00
  9.06234191127618871e+00  7.78365400997084489e+00  4.30719308313779070e+00

molecule   66
  2.20130148798504166e+00  1.13039918578388554e+00  5.92177398970010760e-01
  1.53724142792704788e+00  1.39458201613442068e+00  1.32566314161297005e+00
  6.39766403416281881e-01  1.22394767783473801e+00  1.16522724065265204e+00
  4.21415459850101759e-01  1.54349398611018174e+00  1.30564230552114691e-01
  1.00707233581707758e+01  2.11688887042761342e+00  1.02541725083593693e+01
  9.92091434591022825e+00  2.28005820073269527e+00  9.29163433345960499e+00
  9.38381620755654744e+00  1.61936052699802069e+00  8.76080056597370138e+00
  9.12864664492117406e+00  1.58520193468706938e+00  7.70531092480148239e+00

molecule   67
  8.29818525905601567e-01  5.47688767007944666e+00  5.57092630297033420e+00
  7.27530419190441369e-01  4.81755306400024175e+00  4.80320901851444937e+00
  1.70177135320167122e-01  4.70480401995078346e+00  3.88979332222478158e+00
  4.78541042805985861e-01  4.62467149114946530e+00  2.85566816637432419e+00
  1.00503896696885615e+01  4.43131557617453087e+00  2.34756507127275960e+00
  1.00650555309080953e+01  4.33634654867325953e+00  1.31422579171183918e+00
  9.98992903524699649e+00  3.29499237060597450e+00  8.87469658753341939e-01
  9.36702773290789104e+00  2.70301999193953213e+00  1.32564648010818797e+00

molecule   68
  3.63562581822193431e+00  4.30859054105740125e+00  1.49174242442360505e+00
  4.42881537304377026e+00  4.05096655896247260e+00  2.11422419337876866e+00
  4.85884538669636878e+00  3.28704763236299868e+00  1.78942322178207225e+00
  5.19353674424204126e+00  2.70403568139589190e+00  2.58540116404654619e+00
  5.28601971973727913e+00  3.33218943998431572e+00  3.40154658538970400e+00
  5.96440445511551687e+00  3.22198921643986669e+00  4.18874577497508760e+00
  6.17162624911280133e+00  3.71577006940533572e+00  5.10005114566744044e+00
  6.58282113950676173e+00  3.24891057784328474e+00  5.86794161601644060e+00

molecule   69
  7.65252073601191007e+00  2.93581550351377230e+00  2.35517671971387621e+00
  8.37243705806058891e+00  2.48895244745441024e+00  2.86108518431821635e+00
  9.38637348552864559e+00  2.56846438808635469e+00  2.75356765180876772e+00
  9.92811165925512817e+00  3.33204842945062962e+00  3.07276284343105077e+00
  3.28645719336421172e-01  3.53034922747954338e+00  2.60185390210489809e+00
  9.65651710256414830e-01  3.84544831756049943e+00  3.25204068072143393e+00
  1.81194162003352077e+00  3.46972305702809436e+00  3.00383368817615537e+00
  2.49942765309821402e+00  3.21067124431384388e+00  3.66225161769067054e+00

molecule   70
  6.23149824796536844e+00  9.04587702400936422e+00  3.79333328816908111e+00
  5.60558365956737426e+00  8.38566094663993766e+00  4.18734700101986679e+00
  5.16561124002419270e+00  8.94019798635361340e+00  4.87059189129149317e+00
  4.88073855204807039e+00  8.55676956753917928e+00  5.62915119847032042e+00
  3.94491931956595732e+00  8.56095751973479047e+00  5.67923169589311172e+00
  3.50334996236804486e+00  7.78493809993611574e+00  6.11164426974728503e+00
  2.53404401280012070e+00  7.66796423149642159e+00  6.14758850920649547e+00
  1.82159509060995384e+00  7.83529183836555720e+00  6.74898351754190085e+00

molecule   71
  7.08444659291988366e+00  2.50896079631173308e+00  3.54506959993331039e-01
  7.66698885796634766e+00  1.68007110912799362e+00  6.45163534585625142e-01
  8.47324981220588924e+00  1.37779819673244996e+00  1.13748676078159883e+00
  8.41937471235264567e+00  4.77295729979612393e-01  1.44774372782576100e+00
  8.92390407562737842e+00  6.65419150365873291e-01  2.34937903047107444e+00
  9.31159991311695734e+00  1.03819348045509390e+01  2.91998653725944379e+00
  9.64535787153941193e+00  1.41407724762453862e-01  3.83067820863078934e+00
  2.23071131525983922e-02  5.28865424427293562e-01  3.95801808097109742e+00

molecule   72
  2.65655945612271038e+00  9.85196896225803798e+00  5.22356895931624265e+00
  2.99816855654271652e+00  8.96495865002323455e+00  5.51635594772949833e+00
  2.80361324871966477e+00  8.03622069005637130e+00  5.05186315989182244e+00
  2.38498116106281532e+00  8.52190154312565618e+00  4.33808998348647101e+00
  1.38603490654355577e+00  8.61191602834239944e+00  4.12392437377469268e+00
  1.47795425694737581e+00  9.28189242000709847e+00  3.43026742313517241e+00
  9.75928824201350520e-01  1.01138147363076829e+01  3.50520248511808052e+00
  5.02122272862199903e-01  1.17956093054709055e-01  2.79854717412298593e+00

molecule   73
  1.25823653422954207e+00  6.98947883173168005e+00  6.99583458727003826e+00
  2.04635661101014321e+00  6.76571823518601612e+00  7.43414331855810406e+00
  2.43428791318852200e+00  5.95699601168609405e+00  7.90568124656276083e+00
  2.26009075814447336e+00  5.82733080442170159e+00  8.84946425480131893e+00
  2.73318348522024834e+00  6.36994264477397731e+00  9.52525016339666486e+00
  3.47158262072703705e+00  6.08717513085717599e+00  1.00526038570988412e+01
  4.34925797201820252e+00  6.29100795546486147e+00  9.60145300514485989e+00
  5.03381597114247636e+00  6.37364978701583063e+00  1.02562938155019108e+01

molecule   74
  8.05957804796861765e+00  3.07916275479460655e+00  8.20398786347065823e+00
  7.20186242144633404e+00  2.58483142696211043e+00  8.08943226237994217e+00
  6.54445427998521456e+00  3.35775118335357226e+00  7.96627139488338898e+00
  5.97652405256307784e+00  3.15158099940504943e+00  7.15560985619614076e+00
  4.93940178044556966e+00  3.09125075660534243e+00  7.23568417704911226e+00
  4.17832886956057159e+00  3.06636127301727690e+00  6.61145781979366287e+00
  3.20954070000370395e+00  3.14724483592705795e+00  6.88741250301248797e+00
  2.46691583335065534e+00  2.42417989609780848e+00  6.77848895365967596e+00

molecule   75
  3.14764948157928326e-01  5.95945356101386459e+00  7.80982986384064848e+00
  8.47123294147419048e-01  6.74207237950904670e+00  7.93931250307406522e+00
  1.48192151840643005e+00  6.64236002631847100e+00  8.75747183475337465e+00
  2.12990046663219434e+00  7.25601934497724255e+00  8.59602205366156014e+00
  1.73653454024474518e+00  8.07205440400740137e+00  9.11917157604320927e+00
  2.02630298983837376e+00  9.06085740802807216e+00  8.88991590549684219e+00
  2.66249276501503962e+00  9.43664405834447706e+00  8.33983636986778443e+00
  2.46908328928742860e+00  1.02667119044803048e+01  8.03257384409049102e+00

molecule   76
  5.30342954151981960e+00  5.46953619965660209e+00  6.54432195874187350e+00
  5.49448014400632001e+00  6.48150707130141157e+00  6.87349407477694196e+00
  5.66799890861099165e+00  6.98854718320285606e+00  7.76027609732380341e+00
  6.16691537051112526e+00  7.83701753061250983e+00  7.74630296118090378e+00
  6.13452574741098289e+00  8.36434377479150548e+00  8.65139867058706358e+00
  6.24053094714472056e+00  9.28833478593468698e+00  8.34711454288803978e+00
  6.38210607672903674e+00  9.12671904089345887e+00  7.40625217305510919e+00
  6.67862175337917385e+00  9.61660911483152603e+00  6.59983380297993349e+00

molecule   77
  5.50266771358256079e+00  3.15835048055247158e+00  1.01767309585411088e+01
  5.81958531047418948e+00  3.50365678265163982e+00  5.86014266049573185e-01
  6.67583960000901389e+00  3.83265296355777352e+00  7.79022599801875382e-01
  6.98631577240198354e+00  4.65775938159354830e+00  3.52734436160680453e-01
  7.87693112747958057e+00  4.80215336486681021e+00  4.82249468567278350e-01
  8.19839627280484073e+00  5.60992945319547243e+00  1.04022556728523465e+01
  9.01638695388096423e+00  5.85727822536713649e+00  2.63925597240866283e-01
  9.34589641774875446e+00  6.59866786278297823e+00  5.04295279752478343e-01

molecule   78
  8.60615932133853256e+00  2.93480723516355946e+00  9.11256715502169889e+00
  9.07345554279465816e+00  2.59970012049869048e+00  8.27711969210342957e+00
  9.82575075134992915e+00  2.89690464490500998e+00  7.77490973650388728e+00
  1.02731261549488622e+01  2.18016385394491241e+00  7.24203357338686171e+00
  3.86725445134395940e-01  2.30404564102872289e+00  6.59912631684304696e+00
  1.25344137876819617e+00  2.56221678758267091e+00  6.63404113156458219e+00
  1.55864656387633782e+00  3.19946897852393475e+00  6.00470127794845698e+00
  2.47465141028606350e+00  3.01119057235262177e+00  5.77918135166680802e+00

molecule   79
  8.72316103218076755e+00  5.61524958837871502e+00  1.44989300553129863e+00
  8.24308513155086331e+00  5.30497141417919238e+00  2.18833535285437941e+00
  7.27390627394037370e+00  5.34248393823374457e+00  2.32788434255955812e+00
  7.00317498377493486e+00  5.83185817420818076e+00  1.42764733585187509e+00
  6.07029354043993408e+00  5.79441999663823903e+00  1.45014679069493413e+00
  6.10229199918599718e+00  5.34284784948977620e+00  5.10453383519168247e-01
  5.55448330535355606e+00  4.56398341687102427e+00  5.20616809375290979e-01
  4.91181826389095111e+00  4.39442447235280387e+00  1.32930546260995741e+00

molecule   80
  1.39889470398824667e+00  4.72647364340568910e+00  8.31686269174394965e+00
  1.17668561034714103e+00  4.49614596166052838e+00  7.36325047741315952e+00
  7.84556851260504118e-01  5.31825816302229804e+00  6.90136144740686497e+00
  1.03614448637832908e+01  5.00134306162365583e+00  6.56141478062740990e+00
  9.94992539005194843e+00  4.38806473729808300e+00  7.23286645702403685e+00
  1.03991483291861595e+01  3.53201788320543830e+00  7.04737253073496639e+00
  5.89415440050291228e-01  3.22958266129881144e+00  7.67868894155204806e+00
  1.76682014953319200e-01  2.71953944501531764e+00  8.39633757083508137e+00

molecule   81
  8.15608919299856794e+00  3.24322949854806764e+00  3.51641563735359330e+00
  7.37822703104142263e+00  3.80226801111050028e+00  3.08713867520454466e+00
  6.50674618231725344e+00  3.25782109968189859e+00  2.67847529269191309e+00
  5.75215384115383621e+00  3.85729351165587708e+00  2.35396797752480413e+00
  5.21774882815523622e+00  4.43711857489112749e+00  2.96931396158776639e+00
  4.57539844652765293e+00  5.25121786361110576e+00  2.89626012324105586e+00
  3.67489534266636975e+00  5.37202323758198741e+00  3.39956233036197730e+00
  3.75020586534970102e+00  5.19445484726264795e+00  4.43065267858163736e+00

molecule   82
  1.00722097103876056e+01  5.14987327274364137e+00  1.02503820142746438e+01
  9.32464416794264217e+00  4.67176243072827813e+00  1.41116629066606963e-01
  9.14245445709654980e+00  4.77079146185034553e+00  1.07626356400292922e+00
  9.05526333377506099e+00  4.31359585498750864e+00  1.95198866693817874e+00
  8.82106861382229290e+00  4.60199156175410629e+00  2.92874093954236736e+00
  9.65463620504089448e+00  4.73309386677363264e+00  3.52890228352747881e+00
  9.68160243527343489e+00  5.15755618744376676e+00  4.41359332385415559e+00
  1.04382550805369476e+01  5.40931116208162255e+00  4.96752663209847967e+00

molecule   83
  4.78930615477054200e+00  6.92369782284903224e+00  8.28826267701316155e+00
  4.75630564518206356e+00  7.49744951612056720e+00  8.97654545711641916e+00
  3.98564198398624114e+00  7.90716109465844497e+00  9.40172691190432985e+00
  3.70895794472302587e+00  8.91405146088030520e+00  9.31017962913512598e+00
  2.89107121254955457e+00  9.27526395224796474e+00  9.40157584460798113e+00
  2.74558651185868552e+00  1.02770839345081004e+01  9.40635358323183723e+00
  2.03875801431786519e+00  2.26669213165519606e-01  9.88281181587363200e+00
  1.01857961942623776e+00  3.23041969741139912e-01  9.64770252778404647e+00

molecule   84
  3.63637403923616365e+00  3.42963218657934288e+00  6.46916889397695649e-01
  2.76594997263587317e+00  3.72698989062069419e+00  6.24503230753732486e-01
  2.50795831325914387e+00  4.23948458904911885e+00  1.03017326847509203e+01
  1.66949258326208438e+00  4.37738805477108261e+00  9.99224706201481894e+00
  1.41314644141863099e+00  5.03377100457206694e+00  9.32478866436191467e+00
  7.05700757299197234e-01  5.74456258881065818e+00  9.59560842282775006e+00
  4.66909908369801396e-01  6.36511630197710243e+00  8.84584194709475291e+00
  1.02499263191086136e+01  7.06785747062539293e+00  9.28003136987828725e+00

molecule   85
  7.12581844167201250e+00  4.02480105095921115e+00  9.41502960762712071e+00
  6.18356360937753813e+00  3.73940820151643738e+00  9.52346341324300738e+00
  6.54299659588826454e+00  3.01842439302522259e+00  1.02112141050208454e+01
  5.85527295483929233e+00  2.43086717412076059e+00  2.63836479355913534e-01
  6.24494307225063494e+00  1.75311762698397211e+00  8.48794562407796827e-01
  6.87922392283884943e+00  1.78923127350502975e+00  1.56433014544481508e+00
  7.52581639136399172e+00  1.05788574056898943e+00  1.56198388525896492e+00
  7.51908947900655011e+00  1.04510568601434244e+01  1.73894084357334466e+00

molecule   86
  6.51831144159920584e+00  7.89834907418019139e+00  3.43746089349800288e+00
  7.45065724449434530e+00  8.30064212792743383e+00  3.60279236326619667e+00
  7.63099781444705449e+00  9.30942302225687079e+00  3.77654348028550491e+00
  8.24363127820021191e+00  9.63625433135681675e+00  4.57264738250899061e+00
  7.79538942208682517e+00  1.04476225349379650e+01  4.98608401810282675e+00
  8.17799988479198703e+00  6.65021051681988662e-01  5.62310523036107934e+00
  7.82858705609985250e+00  9.38338074550433610e-01  6.47333609794851839e+00
  7.92315049996250398e+00  1.93571210901288526e+00  6.62711232851817744e+00

molecule   87
  7.90412112730790994e+00  3.68817397274160763e+00  3.88063195385625836e-01
  7.99821434131105402e+00  3.94807304076008725e+00  9.95233544501980738e+00
  8.82445889669407002e+00  4.32040991285347431e+00  9.65441134844972915e+00
  8.32539568213425518e+00  5.17245186341298968e+00  9.32285155406258070e+00
  8.52656593317475320e+00  5.80916829698589865e+00  8.53946066304531115e+00
  8.07406498495243241e+00  6.64195149823058451e+00  8.84203073998391531e+00
  8.56323183591336168e+00  7.38172062078295532e+00  8.62745384287495121e+00
  7.90701287165413902e+00  8.19832396030283661e+00  8.47764875118208927e+00

molecule   88
  3.03338736246389296e+00  6.84289474591692137e+00  7.13098325347110951e+00
  2.90440176406390638e+00  6.01859479289400401e+00  6.61377640964335356e+00
  2.01455659025931855e+00  5.49283540789266400e+00  6.72436451778539457e+00
  2.00971716194060912e+00  4.63011957623221893e+00  6.70599684916663374e+00
  1.10996773752928246e+00  4.12835234735114209e+00  6.35843675031027100e+00
  4.21078137825139476e-01  4.11709827806361961e+00  5.53054912373922569e+00
  9.99922254937484745e+00  3.69149045191628034e+00  5.75361761385381953e+00
  9.13974943062319944e+00  3.29422981071846754e+00  5.53613739127845150e+00

molecule   89
  6.51725282186765398e+00  6.14839898471364421e+00  7.07152545560080270e+00
  6.85301985319769535e+00  5.29890022768870050e+00  7.25873126040972849e+00
  6.48001797626274101e+00  4.43740297237286985e+00  7.52745948626579953e+00
  6.49187161972308768e+00  4.35143414597503142e+00  8.57375162770970434e+00
  5.65989161806479402e+00  4.63438339038341240e+00  8.97750771713459095e+00
  5.48640353362623134e+00  4.69003875537569481e+00  9.99711021403581235e+00
  4.68877782549563715e+00  4.07983241836479493e+00  1.02151713525978334e+01
  4.75667342017945405e+00  3.59998117170744880e+00  5.60541284272313978e-01

molecule   90
  4.69459113367346514e+00  8.54178846584012441e-01  5.54366449227640778e+00
  3.94057992190294648e+00  1.95565469074610337e-01  5.89694196736283427e+00
  3.34250695145686860e+00  2.06042457662353545e-01  5.10016570112084011e+00
  3.74018934412219517e+00  6.33640697700924127e-01  4.25351922989376252e+00
  3.22153482366560517e+00  7.38150322892039634e-01  3.44884080015494643e+00
  3.44955693889570814e+00  4.53876972154454106e-01  2.58862428169208858e+00
  3.85394393368999388e+00  1.02177959385110517e+00  1.94341285826538046e+00
  4.13105167413315044e+00  1.13867349389486772e+00  8.99282007196269828e-01

molecule   91
  3.70009552938240471e+00  7.14753236898395006e+00  1.00888056176348755e+01
  3.02943334004086440e+00  7.28741151241195428e+00  3.44191323605223309e-01
  2.98424577723166129e+00  8.30299687000360898e+00  5.54143600492338906e-01
  2.04828627031177923e+00  8.57205159208517919e+00  5.00237311734159862e-01
  1.40160502294570866e+00  8.92110153266220784e+00  1.20415829996431412e+00
  4.14619986657418393e-01  8.85849839663466021e+00  8.23277660366304453e-01
  1.00936876590480669e+01  8.57812024447460253e+00  1.27849277385992055e+00
  9.62202906662894364e+00  9.14484668500093179e+00  1.77433588956402177e+00

molecule   92
  9.05080652954881271e-01  7.78627377343241989e+00  1.09520997138083476e+00
  1.19558725866017812e+00  7.50666641921987576e+00  2.05401897333560512e+00
  2.17625240812659904e+00  7.28420410021968223e+00  2.28188046690203628e+00
  2.44406596591315628e+00  6.98299290630932568e+00  3.31027878487127891e+00
  3.09908518746155703e+00  6.46853051636605514e+00  3.77159173716146556e+00
  3.64547204554833293e+00  6.97812781982666230e+00  4.36991607357834599e+00
  4.55267811313155235e+00  7.38558874136744326e+00  4.40444846444107263e+00
  5.08304839340343584e+00  7.21604528133840528e+00  5.21967582388691387e+00

molecule   93
  5.39289891721792980e+00  9.49152822635566196e+00  3.54635097849344383e-01
  4.83720952472974197e+00  1.02087704561614494e+01  5.90595210502526946e-01
  5.29513899890977324e+00  1.93477662431052744e-01  1.35346316727058480e+00
  4.65327441909466266e+00  3.01426765950501385e-01  2.05680536780735856e+00
  4.72150522881224788e+00  1.24735052586651829e+00  2.54938894455742027e+00
  4.05943092910247838e+00  1.82431924650844679e+00  2.89927997570099505e+00
  3.96888363452827297e+00  2.68898086367030853e+00  2.60800877510543039e+00
  3.70032779491488828e+00  3.42330277029378216e+00  3.13610574527344887e+00

molecule   94
  3.04166934912199904e+00  7.57233748387293848e-01  6.39823165316257558e+00
  2.53060352807778566e+00  1.28130466067522408e+00  7.06769299900630976e+00
  2.14272997827740852e+00  8.99933291454944606e-01  7.86811080572551891e+00
  1.29092672215096815e+00  1.29053451959037746e+00  8.02233874181987971e+00
  1.33092386694125175e+00  2.06191933949412576e+00  8.73545132597396723e+00
  2.06569331760880015e+00  2.54509315790041946e+00  8.96681854007350054e+00
  1.98299936093171936e+00  3.62565807642626359e+00  9.15792436163607348e+00
  2.81398608452588483e+00  4.17586322381901454e+00  9.16679336209359263e+00

molecule   95
  1.00589332578904376e+01  7.28730816458644259e+00  1.03797041236908090e+01
  4.64776493729943951e-01  7.10703752339999184e+00  4.39980577275841445e-01
  9.10476049661611109e-01  6.28921668970669678e+00  3.07519351702962816e-02
  1.23869067767181185e+00  5.59315300447154318e+00  6.03251893360766456e-01
  2.20708020741422128e+00  5.50136164180150722e+00  2.36390160256989640e-01
  2.32964167230438335e+00  5.24130782881407775e+00  9.73329040665817935e+00
  3.21801253951977762e+00  5.24687099574154647e+00  9.36041221667955270e+00
  3.47927079198004829e+00  4.73135513673785102e+00  8.52868509904081051e+00

molecule   96
  1.79340486313491509e+00  9.25197495408466963e+00  5.19769807796418082e+00
  1.70911258649521214e+00  8.26544096153944352e+00  5.26881462043193594e+00
  1.10013832214594198e+00  8.00586863074826915e+00  5.99388434301161510e+00
  9.79472637371991139e-02  7.60072797285407376e+00  5.98286704430440963e+00
  1.04133262409967706e+01  6.96102421572191421e+00  6.80540378465480966e+00
  9.33529493713438896e+00  6.87247479822644003e+00  6.78385519036050777e+00
  8.46489992657238055e+00  7.04137604372569825e+00  7.26378900757710255e+00
  8.03224578743725282e+00  7.94787420533005928e+00  7.38490819116272590e+00

molecule   97
  3.24703191723305373e+00  3.20075876128691128e+00  1.57353401185210173e+00
  2.38488891343528397e+00  2.60360941144189040e+00  1.42656044399879178e+00
  1.61385128631527919e+00  3.12238720801033187e+00  1.45772361147951734e+00
  8.38416917098174896e-01  2.64240692737828953e+00  1.90415673823702658e+00
  1.03527725691736521e+01  2.49865297473073822e+00  1.62541675904901073e+00
  9.92754651037722624e+00  1.79295925471887463e+00  1.05127820601274813e+00
  9.11160642928495790e+00  1.81122425956081279e+00  4.01167044121963856e-01
  8.60310353933392236e+00  8.99147116805136815e-01  4.43931288861953988e-03

molecule   98
  6.78254072903980987e+00  2.74570081695905710e+00  9.02384449888975837e+00
  6.03529490730112350e+00  2.36391306713310456e+00  8.54305214196026341e+00
  6.29159358416760384e+00  1.92332630515811998e+00  7.72664496941188883e+00
  5.60096513185120859e+00  1.28773322293097747e+00  7.23932454605076714e+00
  5.20744784521445414e+00  1.41541197351323600e+00  6.34568852547255879e+00
  5.69391219919693636e+00  7.37720195415792479e-01  5.72651571410473625e+00
  5.61093188080319827e+00  1.01787656871936800e+01  5.60179719972395329e+00
  4.83282359563306141e+00  9.89191854490257150e+00  5.19058281044344572e+00

molecule   99
  2.86857248201019255e+00  9.19254734022154985e+00  3.64048334764981441e-02
  2.55658998906305168e+00  8.46043605304388535e+00  1.00497251488730974e+01
  2.95731162811445403e+00  8.27424604945000297e+00  9.13559387996024519e+00
  3.07831474695892426e+00  7.34040285027877815e+00  9.08463400988590308e+00
  3.81286500964750763e+00  6.80834911323294900e+00  8.82711732630832380e+00
  3.74861761216656353e+00  5.76503530262403441e+00  8.58574067587802681e+00
  4.71557176191770644e+00  5.44051310435696855e+00  8.12968734052378927e+00
  4.42359650892195155e+00  5.09802069878905506e+00  7.17041846147481277e+00
