BOUNDARY

cubic     1.0455159e+01

MOLECULES

species    0
nMolecule  100

molecule   0
  5.50466215e+00  1.63120424e+00  9.76117005e+00
  6.17127127e+00  2.21142109e+00  9.32482731e+00
  6.95636350e+00  2.41908733e+00  8.72643626e+00
  7.59405960e+00  2.66330630e+00  7.93333506e+00
  8.53566526e+00  2.18636830e+00  7.73724465e+00
  9.51979221e+00  2.05750037e+00  7.52940615e+00
  8.74945477e-02  1.86141346e+00  7.59578395e+00
  9.72838143e-01  1.96154062e+00  7.12162771e+00

molecule   1
  1.80334901e+00  3.91504424e+00  9.93418616e+00
  1.75639558e+00  3.04400026e+00  1.03276192e+01
  2.39520675e+00  2.41524540e+00  3.06226764e-01
  3.02254228e+00  1.80353309e+00  8.11182547e-01
  2.84512120e+00  8.84764479e-01  1.18486712e+00
  3.45689914e+00  1.74346014e-01  1.21329730e+00
  4.07806324e+00  1.01020482e+01  1.78357796e+00
  3.91023813e+00  9.27829439e+00  2.07427356e+00

molecule   2
  4.29301420e+00  3.94742999e+00  2.17097712e+00
  4.91781554e+00  3.44709158e+00  2.80725525e+00
  5.66192761e+00  3.59600666e+00  3.34585128e+00
  6.58440374e+00  3.05013805e+00  3.30398240e+00
  7.13060918e+00  2.61242998e+00  4.02052838e+00
  7.83334660e+00  2.75971491e+00  4.77226831e+00
  7.64536126e+00  3.22182617e+00  5.67939893e+00
  7.07467755e+00  3.51558258e+00  6.37430212e+00

molecule   3
  3.97289484e+00  2.02631838e+00  2.01797103e+00
  4.43101773e+00  2.88598972e+00  1.70499277e+00
  4.61310023e+00  3.55311993e+00  1.02366560e+00
  4.72398834e+00  4.11122660e+00  1.91915828e-01
  4.73393202e+00  4.60793094e+00  9.71473081e+00
  4.48077067e+00  4.58077997e+00  8.77507414e+00
  4.08145331e+00  4.38174693e+00  7.88689055e+00
  4.20674208e+00  5.13838402e+00  7.30051087e+00

molecule   4
  7.18117179e+00  1.71016781e+00  1.26252526e+00
  7.97759679e+00  1.56435849e+00  1.87762610e+00
  8.57300008e+00  1.80316551e+00  2.60675763e+00
  9.49436030e+00  1.91821635e+00  3.07562854e+00
  1.03210630e+01  2.45539742e+00  3.37399278e+00
  7.61899151e-01  2.28419097e+00  3.69882633e+00
  1.70949690e+00  2.43489766e+00  3.88516496e+00
  2.68227059e+00  2.13230294e+00  3.82133279e+00

molecule   5
  1.91471052e+00  7.00502622e+00  7.85280292e+00
  1.36169112e+00  7.87686987e+00  7.80187927e+00
  9.48341278e-01  8.76593363e+00  7.76171870e+00
  7.75705553e-01  8.39715130e+00  8.69917372e+00
  1.69756876e-01  8.01138654e+00  9.34640344e+00
  9.83137735e+00  7.41972185e+00  9.70165690e+00
  8.86431625e+00  7.62922105e+00  9.94999570e+00
  7.96961439e+00  7.92902884e+00  1.01193720e+01

molecule   6
  8.49259099e+00  9.87924374e+00  8.43611810e+00
  8.37823019e+00  8.90854159e+00  8.68277182e+00
  7.68522815e+00  8.24904297e+00  8.86643231e+00
  7.78975622e+00  7.34319013e+00  9.15347151e+00
  8.13230769e+00  6.40320120e+00  9.07310760e+00
  8.84732141e+00  6.74543477e+00  8.43168148e+00
  8.63379177e+00  7.58709042e+00  7.91462366e+00
  8.44648996e+00  8.61555443e+00  7.55076174e+00

molecule   7
  5.35263235e+00  2.94046068e-01  9.86202312e+00
  4.72495432e+00  1.01363304e+01  9.46747600e+00
  4.10142719e+00  9.43111690e+00  9.09693052e+00
  3.56864576e+00  8.56936001e+00  8.81642777e+00
  3.40579291e+00  7.60891267e+00  9.18241152e+00
  3.21634636e+00  6.90624103e+00  9.85164256e+00
  2.34341000e+00  6.54467612e+00  1.02632404e+01
  1.78572558e+00  6.80164518e+00  6.47798026e-01

molecule   8
  1.99047720e+00  1.03303625e+00  3.68519210e+00
  1.53884310e+00  1.69906832e+00  3.09607771e+00
  1.17017711e+00  2.59012535e+00  2.51611720e+00
  6.91574343e-01  3.44351646e+00  2.71929408e+00
  2.83936230e-01  4.19169991e+00  3.19843620e+00
  1.85685500e-01  5.14113287e+00  3.36944829e+00
  2.41183179e-01  6.03258277e+00  2.96011163e+00
  1.01297373e+00  6.77252036e+00  2.98586524e+00

molecule   9
  2.09369439e+00  7.73445726e+00  5.78734801e+00
  1.12694135e+00  7.57842430e+00  5.71469300e+00
  4.63856984e-01  6.77542182e+00  5.68711252e+00
  6.05215772e-01  5.81703478e+00  6.03376449e+00
  7.13325445e-01  4.99791112e+00  5.47395303e+00
  9.70575741e-01  4.17127624e+00  5.02629268e+00
  8.49574840e-01  3.51274319e+00  4.33846937e+00
  1.04382825e+01  3.70679083e+00  4.04167271e+00

molecule   10
  9.32241803e+00  8.66082388e+00  9.64427231e+00
  8.41744325e+00  8.76728232e+00  9.94850360e+00
  7.46997537e+00  9.11570832e+00  9.81600102e+00
  7.33813807e+00  9.88460564e+00  1.04278235e+01
  7.35739285e+00  4.03317565e-02  7.00124203e-01
  7.98430847e+00  5.90829960e-01  1.09812614e+00
  8.90317512e+00  7.62368674e-01  1.26490350e+00
  9.36979299e+00  8.33890253e-01  2.17687817e+00

molecule   11
  2.92196871e+00  3.95000056e+00  4.38286282e+00
  3.85958307e+00  3.72677585e+00  4.73463192e+00
  4.51442763e+00  2.89591991e+00  4.79561634e+00
  5.16952555e+00  2.12222242e+00  4.97218181e+00
  5.97420177e+00  1.43272746e+00  4.98358481e+00
  6.67136355e+00  7.62906774e-01  5.19299937e+00
  6.98917133e+00  1.03861000e+01  4.90023701e+00
  7.42352542e+00  9.55600269e+00  5.18968193e+00

molecule   12
  5.50071033e+00  2.62438669e+00  2.89106854e+00
  5.69535353e+00  1.70775566e+00  2.31258228e+00
  6.52494517e+00  2.32895840e+00  2.36963995e+00
  7.33743809e+00  2.84070332e+00  2.24901703e+00
  7.87367344e+00  3.09418115e+00  1.54223714e+00
  8.54209248e+00  3.65398510e+00  1.20733074e+00
  9.46338064e+00  3.61932006e+00  1.71161885e+00
  1.01465934e+01  3.72739434e+00  2.44935769e+00

molecule   13
  5.27365145e+00  2.60337709e-01  7.44771123e+00
  5.46094192e+00  7.42528947e-01  6.54151862e+00
  6.45884539e+00  7.97586543e-01  6.24540922e+00
  7.42643194e+00  7.65465700e-01  5.95303632e+00
  7.91693536e+00  5.91588713e-01  5.01649745e+00
  8.62063353e+00  7.33950176e-01  4.39003398e+00
  9.29355974e+00  8.46407612e-01  3.65262949e+00
  1.00292061e+01  8.75508836e-01  2.99425002e+00

molecule   14
  8.19612341e+00  8.50261567e+00  4.26534874e+00
  9.23565452e+00  8.31818094e+00  4.09438919e+00
  1.00935674e+01  8.66827679e+00  4.48951350e+00
  5.58602491e-01  8.67722748e+00  4.09988226e+00
  1.03463246e+00  9.32750575e+00  3.41102340e+00
  1.33821164e+00  9.97760642e+00  2.75711949e+00
  1.34390993e+00  1.00362917e+01  1.75744627e+00
  6.99547837e-01  5.48892740e-02  1.08176313e+00

molecule   15
  4.63472054e+00  4.25330618e+00  5.40074448e+00
  5.24038996e+00  4.92837719e+00  5.21543846e+00
  6.11675329e+00  4.69591380e+00  4.70149957e+00
  6.36722291e+00  4.56693064e+00  3.74082630e+00
  7.07149742e+00  4.24784983e+00  3.23999369e+00
  6.42051537e+00  4.24643289e+00  2.56503429e+00
  6.49471135e+00  3.52021589e+00  1.86059625e+00
  6.92026064e+00  2.86407114e+00  1.15525596e+00

molecule   16
  3.38127194e+00  2.47300289e+00  1.03446407e+01
  2.75436560e+00  3.22945981e+00  1.01342263e+01
  3.12238138e+00  4.15983101e+00  1.01733354e+01
  2.74076086e+00  5.09366905e+00  1.86109829e-02
  1.82212408e+00  5.35893369e+00  1.03048435e+01
  1.31538133e+00  6.19358227e+00  1.03346895e+01
  8.73737719e-01  7.10368656e+00  1.99442717e-02
  1.67573061e-01  7.72576930e+00  5.75101173e-04

molecule   17
  1.67253835e+00  7.87003489e+00  9.75984347e+00
  2.19865374e+00  7.60692159e+00  9.95309634e-02
  2.73919231e+00  7.66061964e+00  8.82788281e-01
  3.14037601e+00  7.70951064e+00  1.84712470e+00
  3.92524862e+00  8.07524424e+00  2.35932234e+00
  4.27474893e+00  8.81157987e+00  2.91245260e+00
  3.96223982e+00  9.78308559e+00  3.09356805e+00
  4.28029890e+00  3.52769239e-01  2.86117291e+00

molecule   18
  3.91239777e-01  7.75487632e+00  1.24213384e+00
  9.59147949e-01  8.48685104e+00  1.46221775e+00
  1.34977276e+00  8.94227313e+00  2.14534093e+00
  1.98331717e+00  9.22911020e+00  2.98843103e+00
  2.29059099e+00  9.74101556e+00  3.82553592e+00
  2.71044520e+00  1.00518017e+01  4.66107774e+00
  3.08135605e+00  1.98017892e-01  5.32276304e+00
  3.30286274e+00  7.00160485e-01  6.14002888e+00

molecule   19
  1.46801959e+00  4.19284731e+00  3.84833380e+00
  1.62214570e+00  3.45474207e+00  3.28399277e+00
  2.42644109e+00  2.96399512e+00  2.86829853e+00
  2.89509374e+00  2.16891935e+00  2.50862265e+00
  3.02804481e+00  1.20946023e+00  2.72298392e+00
  3.36849917e+00  6.09827928e-01  3.29242692e+00
  4.04903569e+00  2.49514041e-01  3.96848117e+00
  4.05445106e+00  8.68251925e-01  4.84631898e+00

molecule   20
  3.13893732e+00  2.82130821e+00  6.11145747e+00
  3.36844500e+00  3.72730558e+00  5.67654170e+00
  3.60675329e+00  4.65626763e+00  5.26797034e+00
  4.20721145e+00  5.36858748e+00  5.29070056e+00
  4.76112710e+00  6.17891252e+00  5.07303636e+00
  4.91687698e+00  7.12037333e+00  5.18709751e+00
  5.58481393e+00  7.60130588e+00  4.78542416e+00
  6.56380630e+00  7.20993178e+00  4.57072912e+00

molecule   21
  5.45247077e-02  1.02858764e+01  7.94110954e+00
  1.04410390e+01  8.34305438e-01  8.00666625e+00
  9.92860528e+00  1.41648272e+00  8.58263416e+00
  8.95246862e+00  1.16072657e+00  8.57822015e+00
  8.14362756e+00  7.37505995e-01  8.37322334e+00
  7.84936722e+00  2.02783788e-01  7.50140935e+00
  8.54004582e+00  9.88984521e+00  7.45955146e+00
  9.36628149e+00  9.22546177e+00  7.55468696e+00

molecule   22
  2.09966308e+00  1.00605683e+01  9.87217877e+00
  2.21112092e+00  1.04468365e+01  8.99824721e+00
  2.16277207e+00  1.03454297e+01  8.02127666e+00
  2.07403933e+00  4.96242068e-02  7.05709567e+00
  1.97541543e+00  1.02973518e+01  6.17811752e+00
  2.45091540e+00  9.61166933e+00  5.54225067e+00
  2.68704165e+00  8.98960851e+00  4.86613851e+00
  2.64076277e+00  8.26336052e+00  4.27824871e+00

molecule   23
  3.08848793e+00  1.02353439e+01  6.75472462e+00
  3.21655090e+00  1.61762880e-01  7.64110102e+00
  3.44922000e+00  5.29019187e-01  8.54804857e+00
  3.99636811e+00  1.00118279e+00  9.15680126e+00
  4.36688301e+00  1.80447216e+00  9.85315434e+00
  3.90581050e+00  2.60314801e+00  9.42542068e+00
  3.05229013e+00  3.27121954e+00  9.14469144e+00
  2.39311316e+00  3.91080145e+00  8.74565153e+00

molecule   24
  6.44363059e+00  5.91855254e+00  5.00180894e+00
  7.07572717e+00  6.17604207e+00  4.31719848e+00
  7.54054069e+00  6.38720567e+00  3.50822193e+00
  8.04394457e+00  7.14089468e+00  3.22088827e+00
  8.48867576e+00  6.92449732e+00  2.35299969e+00
  9.32900334e+00  6.74746939e+00  1.66732947e+00
  1.00888897e+01  7.28518277e+00  1.90362271e+00
  3.49264602e-01  7.65636616e+00  2.45519553e+00

molecule   25
  3.16902400e+00  2.23737540e+00  7.15239292e+00
  2.54746410e+00  2.87371587e+00  6.96118859e+00
  2.05591802e+00  3.58378730e+00  6.96058425e+00
  2.12865401e+00  3.90476920e+00  6.06664946e+00
  1.95646986e+00  4.21731788e+00  5.20264602e+00
  1.73389585e+00  5.07435406e+00  4.78784449e+00
  1.68527709e+00  5.81149256e+00  5.40504187e+00
  1.84879400e+00  6.38642499e+00  6.18596809e+00

molecule   26
  7.82122291e+00  3.14983155e+00  6.95026382e+00
  8.63801805e+00  3.12580120e+00  6.25460186e+00
  9.09204564e+00  2.55670275e+00  5.66279732e+00
  9.94671940e+00  2.04529882e+00  5.41890097e+00
  4.02839134e-01  2.16649736e+00  5.37331196e+00
  1.32648455e+00  2.09842479e+00  5.34843123e+00
  2.10014598e+00  2.34813110e+00  4.89124259e+00
  2.64133152e+00  3.12130211e+00  4.99278630e+00

molecule   27
  7.24273179e+00  2.30220411e+00  6.14753018e+00
  7.98823537e+00  1.83633726e+00  5.54418756e+00
  8.68102342e+00  1.58445572e+00  4.99052458e+00
  9.40276280e+00  8.06563639e-01  5.31789434e+00
  9.97528143e+00  1.04439538e+01  5.54961590e+00
  9.98355665e+00  9.42522127e+00  5.50670836e+00
  1.00546718e+01  8.36502757e+00  5.77496554e+00
  9.84242603e+00  7.35324431e+00  5.69147671e+00

molecule   28
  6.28458994e+00  1.75875515e+00  5.92931129e+00
  6.30108661e+00  2.47404186e+00  5.21076471e+00
  5.62228155e+00  3.05149795e+00  4.81944310e+00
  5.21338036e+00  3.82070309e+00  4.48734162e+00
  4.49168420e+00  4.43713976e+00  4.23589939e+00
  3.92469234e+00  5.20160625e+00  4.32278699e+00
  3.48762890e+00  5.75676189e+00  3.76007551e+00
  3.56952602e+00  6.48878838e+00  3.11232404e+00

molecule   29
  1.02937550e+01  1.68088764e+00  1.56726775e+00
  9.70690036e+00  1.53253971e+00  7.72569162e-01
  8.89708374e+00  1.83121893e+00  3.20388526e-01
  8.06458925e+00  1.73209649e+00  6.37958434e-01
  7.21028647e+00  1.19730737e+00  3.54015201e-01
  6.56140054e+00  6.63006449e-01  1.01673005e+01
  6.22505896e+00  1.01650032e+01  1.01071955e+01
  5.99391444e+00  9.25381801e+00  1.01421973e+01

molecule   30
  7.96178535e+00  4.88533649e+00  1.51253760e+00
  8.81766047e+00  4.68154971e+00  1.08687474e+00
  9.57660636e+00  4.12028258e+00  6.51666597e-01
  5.99382237e-02  3.90622215e+00  1.06244136e+00
  4.75438587e-01  4.74524853e+00  1.48330346e+00
  6.32367250e-01  5.21829386e+00  2.39248104e+00
  1.40492638e+00  5.60946956e+00  2.77594457e+00
  1.89653530e+00  6.19849207e+00  3.28664290e+00

molecule   31
  4.57213966e+00  7.39142649e+00  6.47601276e+00
  5.19380233e+00  7.91897126e+00  5.78373841e+00
  6.04679618e+00  8.38871630e+00  5.49416175e+00
  6.95381706e+00  8.65386673e+00  5.83974637e+00
  7.44727352e+00  9.18623850e+00  6.48620212e+00
  7.42418590e+00  9.50468705e+00  7.28422944e+00
  7.07285223e+00  9.82389452e+00  8.15547189e+00
  6.41260019e+00  1.16740309e-01  8.34069707e+00

molecule   32
  7.64191704e+00  6.91972312e+00  5.96537449e+00
  7.50750675e+00  6.92275945e+00  4.87774810e+00
  7.91021890e+00  7.59043998e+00  4.23196602e+00
  7.96441978e+00  8.13118875e+00  3.38679186e+00
  7.29737224e+00  7.87487181e+00  2.59218697e+00
  6.23832704e+00  7.84105308e+00  2.38728922e+00
  5.35864835e+00  7.24333514e+00  2.47295105e+00
  4.51797351e+00  7.55619550e+00  3.00474679e+00

molecule   33
  4.53181761e+00  7.99396528e+00  4.87786436e+00
  3.69962002e+00  8.58279254e+00  4.63556326e+00
  3.31247494e+00  9.02072053e+00  3.74880449e+00
  2.96861779e+00  9.23683085e+00  2.76600361e+00
  2.77623283e+00  9.81533186e+00  1.89109665e+00
  2.42586554e+00  1.01835106e+01  1.03636129e+00
  1.65101504e+00  1.00527074e+01  4.06071273e-01
  7.90228840e-01  9.55568153e+00  7.92567318e-02

molecule   34
  8.61278307e+00  8.30394267e-02  9.31714053e+00
  7.98578068e+00  9.96907586e+00  9.72371814e+00
  7.07766335e+00  1.01305198e+01  9.43923645e+00
  6.17766887e+00  1.00010674e+01  9.10938098e+00
  5.45958486e+00  9.98973435e+00  8.41015449e+00
  5.02856292e+00  9.54426968e+00  7.52457642e+00
  5.22985518e+00  8.84225768e+00  6.89543055e+00
  5.80680449e+00  8.06384588e+00  6.76034378e+00

molecule   35
  4.54371041e+00  6.08525184e+00  3.62729809e+00
  5.14678064e+00  6.98822938e+00  3.58046987e+00
  5.38739744e+00  7.91094590e+00  3.45921641e+00
  5.51596628e+00  8.76201013e+00  3.88668638e+00
  5.42768871e+00  9.58604403e+00  4.49731586e+00
  4.85782399e+00  1.02800150e+01  4.89966066e+00
  4.52275029e+00  1.19579601e-01  5.73023518e+00
  4.27197288e+00  1.02291438e+01  6.64311424e+00

molecule   36
  5.78564601e+00  6.15343962e+00  9.10612524e+00
  4.84074763e+00  6.38576373e+00  9.14626744e+00
  3.94381513e+00  6.60826025e+00  9.09826229e+00
  3.07364728e+00  6.11121395e+00  9.10666248e+00
  2.16267078e+00  6.27790985e+00  8.60814658e+00
  1.33304788e+00  6.06678876e+00  9.12616535e+00
  9.89770904e-01  5.28769412e+00  8.79129921e+00
  1.83983823e-01  4.80656830e+00  8.97732919e+00

molecule   37
  6.90203953e+00  5.35645929e+00  6.80122568e+00
  7.50574124e+00  5.91191446e+00  6.29957307e+00
  7.70005089e+00  5.89875446e+00  5.26576965e+00
  8.36057216e+00  5.66730347e+00  4.51868053e+00
  8.45286614e+00  4.80167704e+00  3.99330236e+00
  9.18875853e+00  5.03570113e+00  3.32652713e+00
  9.75630903e+00  5.67797356e+00  2.81120331e+00
  1.01596443e+01  5.63352932e+00  1.79379907e+00

molecule   38
  5.07034208e+00  1.68767336e+00  2.84108493e-01
  5.38826569e+00  7.10124478e-01  5.11238853e-01
  5.63248619e+00  1.02547167e+01  7.01238837e-01
  5.24761718e+00  2.27094791e-03  1.63057011e+00
  5.13300364e+00  1.04228360e+01  2.62506203e+00
  5.88203406e+00  1.02780521e+01  3.34127537e+00
  6.16557360e+00  1.03267468e+01  4.29633403e+00
  5.72740178e+00  6.96792403e-02  5.25419724e+00

molecule   39
  2.52511161e-02  6.08699219e+00  4.67290284e+00
  8.10785806e-01  6.43690276e+00  4.22527117e+00
  1.82559499e+00  6.48194858e+00  4.27861660e+00
  2.52574654e+00  5.92484929e+00  4.71398999e+00
  2.63866828e+00  5.12991428e+00  5.40789249e+00
  2.15092568e+00  5.24018189e+00  6.22705301e+00
  1.25446907e+00  5.09093296e+00  6.41302830e+00
  9.43263296e-01  5.36735270e+00  7.29792218e+00

molecule   40
  3.37755728e-01  7.41837268e+00  6.58923812e+00
  1.01339214e+01  7.16124823e+00  7.26741694e+00
  9.62281964e+00  7.22242706e+00  8.14043056e+00
  9.35744271e+00  8.18629360e+00  8.37267671e+00
  9.42830822e+00  9.18961055e+00  8.68619726e+00
  9.53626232e+00  1.01009814e+01  8.31418282e+00
  9.38254022e+00  3.14437736e-01  7.61010970e+00
  8.72412651e+00  6.17200885e-01  6.93031477e+00

molecule   41
  7.02678748e-02  6.43734527e+00  3.06394028e-01
  9.60925085e+00  6.47410692e+00  1.04219337e+01
  8.83399697e+00  6.35505504e+00  9.73887063e+00
  7.99388380e+00  6.63893671e+00  1.02750736e+01
  7.07010077e+00  6.58090977e+00  2.98774856e-01
  6.13771888e+00  6.68279348e+00  7.49587452e-01
  5.38125037e+00  6.17505126e+00  3.72411768e-01
  4.75504119e+00  5.57741414e+00  3.65815426e-02

molecule   42
  6.29805969e+00  9.11743538e+00  2.90965917e+00
  6.52335232e+00  9.61855582e+00  2.04972555e+00
  6.65478465e+00  9.44547570e+00  1.03765170e+00
  6.77769634e+00  8.77228233e+00  3.51662870e-01
  6.76416671e+00  7.88405919e+00  1.03816158e+01
  6.22606083e+00  7.11153071e+00  1.00111133e+01
  5.51782894e+00  7.13877361e+00  9.35101307e+00
  4.61906846e+00  7.48505744e+00  9.58145805e+00

molecule   43
  6.42735751e+00  1.72791256e+00  1.02262924e+01
  6.25723082e+00  1.41856733e+00  7.13010513e-01
  6.13244888e+00  2.15092978e+00  1.33117631e+00
  5.63297291e+00  2.99674479e+00  1.54605857e+00
  5.48448429e+00  3.96915704e+00  1.54818180e+00
  6.05106223e+00  4.60162063e+00  1.13557269e+00
  6.83700066e+00  5.04172041e+00  1.45825606e+00
  7.15244678e+00  5.28349010e+00  2.35097596e+00

molecule   44
  5.50408257e-01  2.58301000e-01  9.94444092e+00
  1.40817042e+00  5.39129763e-01  9.58868375e+00
  1.97084973e+00  1.21390589e+00  9.12457351e+00
  1.86317105e+00  1.71989286e+00  8.22343698e+00
  2.14003673e+00  1.85843776e+00  7.28502677e+00
  2.18694839e+00  1.76169118e+00  6.30542888e+00
  2.29442975e+00  1.46785193e+00  5.43644721e+00
  2.27370676e+00  7.16930348e-01  4.74997639e+00

molecule   45
  1.63954051e+00  2.77171574e+00  6.37164877e+00
  1.04833037e+00  3.20887596e+00  5.74771568e+00
  4.56524251e-01  3.95116033e+00  6.02242759e+00
  1.03089716e+01  3.10010269e+00  6.14682968e+00
  9.83206747e+00  2.40393071e+00  6.44444192e+00
  9.63429180e+00  1.43612569e+00  6.34798777e+00
  9.60162137e+00  3.84811984e-01  6.36819158e+00
  9.33383569e+00  9.93226744e+00  6.64334360e+00

molecule   46
  3.83397531e+00  9.80330133e+00  3.20497107e-01
  4.41056237e+00  1.80394172e-01  5.71177835e-01
  4.37454900e+00  8.68535257e-01  1.26554363e+00
  4.77881430e+00  1.02522386e+00  2.13913136e+00
  4.49735597e+00  1.49463909e+00  2.98391417e+00
  4.04870468e+00  1.92759711e+00  3.72467833e+00
  3.60431176e+00  2.43548079e+00  4.42657791e+00
  3.18313080e+00  2.12596826e+00  5.26978410e+00

molecule   47
  5.96016900e+00  3.30916969e+00  5.73511384e+00
  6.47000180e+00  3.61153508e+00  4.98545042e+00
  7.07277438e+00  3.73896507e+00  4.12393002e+00
  8.07011825e+00  3.92563308e+00  4.37972071e+00
  8.49499844e+00  4.46108924e+00  5.15446584e+00
  9.12773606e+00  5.17801946e+00  5.50387758e+00
  9.39336129e+00  5.35077215e+00  6.53982210e+00
  1.01512634e+01  5.59142122e+00  7.32348345e+00

molecule   48
  9.73388266e+00  6.57209360e+00  6.46414366e+00
  9.55653484e+00  6.37271209e+00  5.45435151e+00
  9.36162316e+00  5.92432431e+00  4.55152891e+00
  1.00510068e+01  6.30930798e+00  3.72394488e+00
  1.03808066e+01  7.17370815e+00  3.34941477e+00
  5.58300501e-02  8.09983174e+00  3.41006398e+00
  1.03587382e+00  8.01562652e+00  3.24773536e+00
  2.02692599e+00  8.23376207e+00  2.97882289e+00

molecule   49
  1.62810955e+00  8.98330961e+00  4.30872634e+00
  1.63781613e+00  9.04394609e+00  5.32859399e+00
  1.91803322e+00  9.09166689e+00  6.32234635e+00
  2.62950060e+00  9.32518818e+00  6.88318839e+00
  2.51012460e+00  9.19562915e+00  7.88081790e+00
  2.22681096e+00  8.52490204e+00  8.43957778e+00
  2.30855455e+00  7.72909621e+00  8.99154971e+00
  1.47392817e+00  7.15170742e+00  8.89506438e+00

molecule   50
  4.86428225e+00  4.17453620e+00  7.29110973e+00
  5.38521799e+00  3.66901207e+00  7.99174685e+00
  5.73325048e+00  2.86842928e+00  8.48250447e+00
  5.15026185e+00  3.12005582e+00  9.30643502e+00
  5.36192067e+00  3.45367612e+00  1.01954830e+01
  6.00461272e+00  3.49300014e+00  5.46461328e-01
  6.82651061e+00  3.99307230e+00  5.02818371e-01
  7.62331795e+00  4.21508141e+00  1.63896863e-02

molecule   51
  8.56958242e+00  5.92622021e+00  2.59240156e+00
  8.62456534e+00  6.11973747e+00  3.56036391e+00
  9.18856669e+00  6.96443349e+00  3.57112756e+00
  9.50901498e+00  7.69868710e+00  2.99122399e+00
  9.15447203e+00  8.52933515e+00  2.57531366e+00
  9.20212175e+00  9.40871022e+00  2.17240297e+00
  9.90461065e+00  9.29170757e+00  1.49452369e+00
  2.86379986e-01  9.53909107e+00  9.90140369e-01

molecule   52
  2.56677724e+00  3.72539323e+00  2.20895300e+00
  1.70415029e+00  3.39368300e+00  2.01565995e+00
  1.34666326e+00  2.68876479e+00  1.37881400e+00
  1.03034925e+00  1.90248253e+00  9.01569223e-01
  4.02741217e-01  1.20860802e+00  6.11276774e-01
  1.00403554e+01  5.39315314e-01  3.26659905e-01
  9.38666626e+00  1.03182566e+01  7.44210003e-01
  8.81573259e+00  1.02712645e+01  1.59482208e+00

molecule   53
  3.09435005e+00  4.02575740e+00  6.81059134e+00
  3.01202315e+00  3.43021864e+00  7.64688067e+00
  2.90586248e+00  2.49375830e+00  8.18808386e+00
  2.09996176e+00  2.63811478e+00  8.74479941e+00
  1.18173801e+00  2.69435434e+00  8.96755670e+00
  5.35485985e-01  2.81253501e+00  9.80649140e+00
  7.87915518e-01  3.16759247e+00  2.54539848e-01
  1.48787129e+00  3.54508756e+00  7.94882461e-01

molecule   54
  5.60188512e+00  6.64162471e+00  4.42372927e+00
  5.68579560e+00  5.65355348e+00  4.35607196e+00
  5.50950232e+00  5.11054506e+00  3.53721033e+00
  4.81329212e+00  4.46403572e+00  3.06262254e+00
  3.90385369e+00  4.88210950e+00  2.88363189e+00
  2.87569992e+00  5.11347399e+00  2.92030975e+00
  2.11976744e+00  4.38207850e+00  2.82727459e+00
  1.17664402e+00  4.51185080e+00  2.89850125e+00

molecule   55
  5.13683619e-01  5.59939210e+00  5.87045342e-01
  8.73239379e-01  6.17598024e+00  1.16096617e+00
  8.28130620e-01  6.92018044e+00  1.90994005e+00
  1.31791384e+00  7.80453998e+00  2.09369839e+00
  2.13532182e+00  8.22989383e+00  1.93939311e+00
  1.76473978e+00  8.09155894e+00  1.01780434e+00
  9.36925513e-01  8.26943811e+00  4.30371099e-01
  9.23744879e-01  8.55010092e+00  1.00048217e+01

molecule   56
  2.73721572e+00  9.30620357e+00  8.96559381e+00
  2.20018715e+00  8.76690914e+00  9.58941167e+00
  1.81540757e+00  9.02466968e+00  2.60240704e-02
  1.96910303e+00  9.11216108e+00  1.01139269e+00
  2.78481093e+00  8.78419392e+00  1.30366433e+00
  3.90427764e+00  8.56666919e+00  1.27903105e+00
  4.71621259e+00  8.64073297e+00  5.72648733e-01
  5.49610894e+00  8.94153574e+00  1.06719611e+00

molecule   57
  6.55105344e+00  1.22416005e+00  7.18706135e+00
  7.04757234e+00  1.82114232e+00  7.69033996e+00
  6.57517986e+00  1.43295544e+00  8.36677936e+00
  5.69457336e+00  1.10616682e+00  8.58205611e+00
  4.97000918e+00  4.24060882e-01  8.63408144e+00
  4.16146899e+00  1.02148647e+01  8.39846620e+00
  3.93588207e+00  9.61623461e+00  7.66745037e+00
  3.59808733e+00  9.01227186e+00  6.90528458e+00

molecule   58
  8.47786274e+00  8.22822529e-01  3.05393312e+00
  8.15271963e+00  2.97915124e-01  2.22657310e+00
  7.75405350e+00  9.96739151e+00  1.87574349e+00
  7.92334090e+00  9.06212985e+00  1.44649684e+00
  7.61181905e+00  8.32931401e+00  7.65462643e-01
  8.57918808e+00  8.17876113e+00  5.85875858e-01
  9.26357005e+00  8.75585710e+00  5.27031223e-01
  9.10039289e+00  9.51869380e+00  1.02824147e+01

molecule   59
  8.18363218e+00  6.73980447e+00  1.39009387e+00
  8.03505104e+00  7.70864155e+00  1.62021863e+00
  8.91846000e+00  8.19899449e+00  1.67574925e+00
  9.91886254e+00  8.27467324e+00  1.84239601e+00
  2.22915212e-01  8.79354718e+00  2.18774453e+00
  3.64989911e-01  9.74278639e+00  2.44208416e+00
  5.23730460e-01  1.35186408e-01  2.96015733e+00
  7.45954772e-01  8.96772592e-01  3.62608221e+00

molecule   60
  8.90036184e+00  5.29302602e+00  1.02116116e+01
  8.64673967e+00  6.13722359e+00  3.89472513e-01
  9.12861202e+00  6.94794581e+00  7.15064236e-01
  9.74613189e+00  7.60085704e+00  6.69705920e-01
  1.02381109e+01  8.44982002e+00  7.96584461e-01
  1.02289363e+01  9.11164554e+00  7.96866600e-02
  1.10774344e-01  9.19613016e+00  9.62476348e+00
  1.01727855e+00  9.37654636e+00  9.22242776e+00

molecule   61
  5.98375092e+00  1.00166321e+01  7.18917430e+00
  6.85648115e+00  1.03429462e+01  6.71140286e+00
  7.81344219e+00  1.03515539e+01  6.42657064e+00
  8.41378352e+00  9.60491111e+00  6.17107202e+00
  8.97273524e+00  8.73552265e+00  6.00555035e+00
  9.17660854e+00  8.01263885e+00  5.27261502e+00
  9.29708679e+00  7.36546605e+00  4.59294662e+00
  8.63378927e+00  6.85546475e+00  4.57626223e+00

molecule   62
  7.16269478e+00  6.46722813e-01  9.04556477e+00
  7.99941087e+00  9.60452449e-01  9.47116454e+00
  8.46370529e+00  1.75730145e+00  9.76263605e+00
  8.69513287e+00  2.76131265e+00  9.60881750e+00
  8.82502528e+00  3.62355675e+00  9.29759921e+00
  8.07534505e+00  4.35834531e+00  9.22127352e+00
  7.55742790e+00  5.23055331e+00  9.25297357e+00
  7.11192985e+00  6.08124411e+00  9.60465912e+00

molecule   63
  1.93071915e+00  3.95394354e-01  1.95027698e+00
  1.88421402e+00  1.42964062e+00  1.91015291e+00
  2.30001454e+00  2.08687243e+00  1.47826578e+00
  2.31785405e+00  2.94119018e+00  1.11241326e+00
  2.66539514e+00  3.94024210e+00  1.17865870e+00
  3.33829725e+00  4.65165488e+00  1.00225236e+00
  3.48458404e+00  5.67040552e+00  9.65139561e-01
  3.74196376e+00  6.58526404e+00  6.64723084e-01

molecule   64
  2.07869481e+00  5.89846167e+00  9.54009722e-01
  2.09606751e+00  6.01585449e+00  1.93333285e+00
  2.63810447e+00  6.67688497e+00  2.55462167e+00
  3.07933246e+00  7.38671235e+00  3.15558004e+00
  3.64700559e+00  7.44884093e+00  4.07912698e+00
  3.78802694e+00  6.73242140e+00  4.76011715e+00
  3.82538908e+00  6.70388507e+00  5.69922962e+00
  3.73053054e+00  6.86538561e+00  6.70948825e+00

molecule   65
  6.31282519e+00  5.87613282e-01  1.91969485e+00
  6.02591460e+00  7.82992246e-01  2.82776174e+00
  5.30497951e+00  9.17696096e-01  3.53735281e+00
  5.05468703e+00  9.33641226e-01  4.53420915e+00
  4.89081885e+00  1.22630935e+00  5.42865220e+00
  4.11686896e+00  1.42625629e+00  6.00563686e+00
  3.98576471e+00  1.17852252e+00  6.99533376e+00
  4.11241864e+00  5.70640243e-01  7.72597514e+00

molecule   66
  7.03933784e+00  1.83130667e+00  4.88570113e+00
  7.84685971e+00  1.90511107e+00  4.16256308e+00
  8.72443661e+00  2.26360251e+00  3.92906968e+00
  9.57460168e+00  2.07518758e+00  4.39936111e+00
  1.01731479e+01  1.26279860e+00  4.48114894e+00
  1.03514769e+01  2.87380641e-01  4.42065852e+00
  1.03406057e+01  9.92002015e+00  3.72620051e+00
  9.97354937e+00  9.11076026e+00  3.40480900e+00

molecule   67
  7.86836889e+00  1.60297756e+00  7.07646967e+00
  8.60214914e+00  2.10015805e+00  6.72303534e+00
  8.63627806e+00  1.36819317e+00  6.08410165e+00
  8.53643133e+00  4.75624258e-01  5.78591189e+00
  8.64910965e+00  1.02381585e+01  5.12782664e+00
  8.41071076e+00  1.00576034e+01  4.17548033e+00
  7.82712527e+00  2.01811419e-02  3.49516335e+00
  7.18052468e+00  9.18453820e-01  3.62193127e+00

molecule   68
  1.10238299e+00  2.98757539e+00  7.76610669e+00
  1.78498249e+00  3.47705745e+00  8.12295489e+00
  1.29961935e+00  4.19940192e+00  7.70908594e+00
  3.78707645e-01  4.53903328e+00  7.55669703e+00
  2.03013135e-02  4.78967606e+00  6.73884050e+00
  1.01494033e+01  5.05233539e+00  5.88234836e+00
  1.00959646e+01  5.12300126e+00  4.83618383e+00
  5.97403814e-01  5.13893625e+00  4.40129435e+00

molecule   69
  5.97125324e+00  9.61516469e+00  5.80494847e+00
  6.44751035e+00  9.25311825e+00  6.48935709e+00
  6.12433501e+00  8.94288516e+00  7.27145224e+00
  5.80348123e+00  8.88555734e+00  8.21115526e+00
  5.53409709e+00  8.64552534e+00  9.09746420e+00
  5.42284298e+00  8.07119872e+00  9.98627363e+00
  5.72643673e+00  7.90052725e+00  5.62379696e-01
  6.25408398e+00  7.66468148e+00  1.38397556e+00

molecule   70
  3.61351000e+00  3.07255438e+00  2.61537017e+00
  3.32118983e+00  2.99066368e+00  1.71190792e+00
  3.51663413e+00  3.27167656e+00  8.21434639e-01
  3.88107596e+00  3.33748349e+00  1.04381645e+01
  4.21436815e+00  3.62690903e+00  9.52806414e+00
  4.47898744e+00  3.53688256e+00  8.53761439e+00
  4.07129188e+00  3.21102172e+00  7.73630091e+00
  3.81291897e+00  3.20535256e+00  6.81783961e+00

molecule   71
  4.79517567e+00  9.65402602e+00  4.45080022e-01
  4.86720321e+00  9.04532222e+00  1.01172095e+01
  4.52459975e+00  8.41922728e+00  9.41661854e+00
  4.76734347e+00  8.01691006e+00  8.60485669e+00
  5.46451002e+00  7.83304066e+00  8.05623513e+00
  5.99554787e+00  7.01771748e+00  7.85770101e+00
  5.84955493e+00  5.95846081e+00  7.92531090e+00
  5.80984569e+00  5.08453085e+00  7.46494198e+00

molecule   72
  1.24100215e-01  2.66886651e+00  4.47920296e+00
  1.04344987e+01  3.41502744e+00  5.06264122e+00
  9.85154681e+00  4.14444116e+00  5.04969161e+00
  9.31580781e+00  3.90364441e+00  4.19552214e+00
  9.64662671e+00  3.70557399e+00  3.29898354e+00
  9.44722518e+00  2.94163759e+00  2.81738686e+00
  8.87829551e+00  2.89998821e+00  2.12459529e+00
  8.68064582e+00  2.34882046e+00  1.41055761e+00

molecule   73
  5.18640749e+00  2.72429124e+00  5.25363310e-01
  4.29005485e+00  2.15795253e+00  5.42987153e-01
  3.80385606e+00  1.38803573e+00  1.93949513e-01
  3.75054886e+00  5.98039780e-01  1.01321742e+01
  3.06871494e+00  1.03178516e+01  9.85939865e+00
  3.12234763e+00  9.35499551e+00  1.01539431e+01
  3.15349564e+00  8.49901396e+00  3.46393136e-01
  3.69317873e+00  7.70859456e+00  5.86816403e-01

molecule   74
  1.31511081e+00  1.02902790e+01  3.93728977e+00
  1.14991601e+00  9.81522119e+00  4.82832600e+00
  4.62379516e-01  9.90887365e+00  5.55931372e+00
  1.71748150e-01  1.03454529e+01  6.40723279e+00
  4.42979615e-01  5.85384427e-01  6.93167361e+00
  4.73962797e-01  1.39623599e+00  6.29647137e+00
  1.95915466e-01  1.01526838e+00  5.51493308e+00
  8.08703785e-01  3.90986541e-01  4.91932991e+00

molecule   75
  6.24115299e+00  5.51087697e+00  2.77857550e-01
  5.90631453e+00  5.21137214e+00  9.76426822e+00
  5.31332978e+00  5.16257900e+00  9.05680123e+00
  4.90305437e+00  5.34789579e+00  8.18552998e+00
  4.63268996e+00  6.07273620e+00  7.58683208e+00
  5.10338710e+00  6.90710506e+00  7.22014777e+00
  5.82679198e+00  6.99885303e+00  6.68695487e+00
  6.41259451e+00  6.76713182e+00  6.03706045e+00

molecule   76
  6.39501640e+00  1.83296499e+00  3.32867391e+00
  5.72409414e+00  2.03392457e+00  3.93953791e+00
  5.01666959e+00  2.75613801e+00  3.83798417e+00
  4.41858373e+00  3.40701172e+00  3.66527115e+00
  3.65894990e+00  3.90002432e+00  3.29378298e+00
  3.31240877e+00  4.63005505e+00  3.75526999e+00
  2.44493277e+00  4.99681622e+00  3.90593794e+00
  1.47964207e+00  5.35962366e+00  3.78004304e+00

molecule   77
  9.13658344e+00  5.59533656e+00  1.84595843e+00
  9.44856504e+00  5.62527167e+00  9.84095660e-01
  9.85331311e+00  5.43029720e+00  5.91302762e-02
  9.99775192e+00  5.62527053e+00  9.60112819e+00
  2.10770046e-02  6.41751414e+00  9.25573235e+00
  4.62526850e-01  7.11601811e+00  8.90612294e+00
  4.30430513e-01  7.65274489e+00  8.03255063e+00
  1.02752086e+01  8.42107887e+00  7.70403128e+00

molecule   78
  7.32208720e+00  4.57389126e+00  8.51871050e+00
  7.04453035e+00  5.31624276e+00  7.95194882e+00
  6.95010729e+00  6.22207096e+00  7.33558571e+00
  7.80112921e+00  6.94482664e+00  7.17599173e+00
  8.67005432e+00  7.37292236e+00  6.80734005e+00
  9.27178090e+00  8.11347071e+00  6.94715470e+00
  9.91532821e+00  8.76305109e+00  6.77010567e+00
  1.02188265e+01  9.62091150e+00  7.25792085e+00

molecule   79
  5.18147015e+00  5.07489443e+00  6.47243533e+00
  5.99557981e+00  4.54650618e+00  6.28954974e+00
  6.88918468e+00  4.57860693e+00  5.74893831e+00
  7.40261439e+00  4.71078349e+00  4.89650086e+00
  7.28200994e+00  5.16775105e+00  3.94499461e+00
  6.75934313e+00  5.65063344e+00  3.21201484e+00
  6.23685382e+00  5.69002568e+00  2.36353431e+00
  5.65378988e+00  5.81405047e+00  1.52535597e+00

molecule   80
  6.11713644e+00  4.42121516e+00  8.90695719e+00
  6.37910506e+00  3.63454435e+00  9.45020487e+00
  7.01714893e+00  3.22807982e+00  1.01444674e+01
  7.29998461e+00  2.50096041e+00  1.29235613e-01
  7.99559882e+00  3.17731252e+00  3.90792337e-01
  8.95722982e+00  3.19478582e+00  3.42083723e-01
  8.81808753e+00  4.04623676e+00  1.01941004e+01
  9.47190194e+00  4.63624714e+00  9.76265316e+00

molecule   81
  3.78829277e+00  5.84618827e+00  1.01794975e+01
  3.90785472e+00  4.96463666e+00  6.43040054e-02
  4.29894736e+00  4.70173062e+00  9.86595696e-01
  4.76348221e+00  5.00645289e+00  1.71273840e+00
  5.15769596e+00  5.37463483e+00  2.50744858e+00
  5.68827037e+00  6.04530073e+00  3.14023083e+00
  6.44152115e+00  6.63202040e+00  3.05134908e+00
  7.01965655e+00  7.49248529e+00  3.46535215e+00

molecule   82
  8.76049189e+00  4.27973734e+00  6.50647347e+00
  9.57884906e+00  3.79874268e+00  6.52452593e+00
  1.03128019e+01  3.59272942e+00  7.15259146e+00
  1.04256399e+01  3.06083057e+00  8.02530457e+00
  3.04490049e-01  3.22287991e+00  8.91577348e+00
  1.00610530e+00  3.93433990e+00  9.15363400e+00
  1.64238159e+00  4.70227961e+00  9.32437953e+00
  2.54390914e+00  5.15738437e+00  9.26264989e+00

molecule   83
  1.66383591e+00  9.57514162e+00  7.51339941e+00
  1.15825042e+00  9.99458474e+00  8.18585885e+00
  6.88988322e-01  1.04181536e+01  8.87437370e+00
  1.08365024e-01  7.29362667e-01  9.02354651e+00
  9.65475829e+00  7.32791150e-01  9.51132853e+00
  8.90877934e+00  6.29739725e-01  1.01338869e+01
  8.42797355e+00  6.67597319e-02  2.96658642e-01
  8.40763871e+00  9.75532264e+00  8.34121342e-01

molecule   84
  4.07041086e-01  8.70351525e+00  6.50911841e+00
  6.79202755e-01  8.59083253e+00  5.54226810e+00
  7.58511555e-01  8.01357076e+00  4.81793180e+00
  1.49148468e+00  7.33067951e+00  4.84543867e+00
  2.43183245e+00  7.27230129e+00  4.77663057e+00
  3.11325274e+00  7.84545338e+00  5.29753843e+00
  3.40717043e+00  8.70639148e+00  5.75048435e+00
  3.73521923e+00  9.59790775e+00  5.91726967e+00

molecule   85
  1.68855647e+00  5.62783244e+00  8.04559631e+00
  2.11954260e+00  6.17544571e+00  7.24828632e+00
  2.90855723e+00  5.87508180e+00  6.73633942e+00
  3.48977939e+00  5.22100655e+00  6.21730117e+00
  4.24408976e+00  4.52444253e+00  6.29985236e+00
  4.36994431e+00  3.57141850e+00  6.09363922e+00
  4.88787480e+00  2.74432202e+00  5.83776459e+00
  5.29380640e+00  1.91659367e+00  6.11655589e+00

molecule   86
  6.16004437e+00  2.19104505e+00  6.90833312e+00
  5.62708542e+00  2.64697463e+00  7.45652300e+00
  4.94091334e+00  2.07713719e+00  7.80253260e+00
  4.10570943e+00  1.69718820e+00  7.88048137e+00
  3.49142504e+00  1.76339920e+00  8.73532488e+00
  2.99520555e+00  1.32078959e+00  9.51266217e+00
  2.24139508e+00  8.63453995e-01  1.01035571e+01
  1.43577192e+00  7.12064601e-01  2.46918913e-01

molecule   87
  4.69313890e+00  6.54747505e+00  1.01814591e+01
  4.84587066e+00  7.16694697e+00  4.75222105e-01
  4.90106101e+00  7.83694451e+00  1.26817188e+00
  4.83398425e+00  8.70605859e+00  1.82745011e+00
  5.30995764e+00  9.22765270e+00  2.32755647e+00
  5.04889034e+00  9.53514702e+00  3.29707709e+00
  4.37388532e+00  9.19400286e+00  3.97534349e+00
  3.73690049e+00  9.63081588e+00  4.49919095e+00

molecule   88
  1.00684672e+01  4.72400796e-01  1.39031398e+00
  9.99798527e+00  8.75670993e-02  2.29302046e+00
  9.28387565e+00  1.02288831e+01  2.78331467e+00
  8.42375075e+00  9.79686927e+00  3.05323676e+00
  7.75869064e+00  9.08045622e+00  3.30394828e+00
  7.05672789e+00  8.48402912e+00  3.72286443e+00
  7.03892336e+00  8.22479201e+00  4.63453912e+00
  7.03258143e+00  7.65870460e+00  5.40750875e+00

molecule   89
  8.29107332e+00  5.56443465e+00  8.54548523e+00
  9.12121899e+00  5.59720467e+00  8.92882626e+00
  1.00742124e+01  5.74653514e+00  8.47863156e+00
  3.37722346e-01  6.24531906e+00  7.86289643e+00
  9.09482575e-01  6.60147553e+00  7.03536266e+00
  1.65283469e+00  7.23417060e+00  6.83456213e+00
  2.28491281e+00  8.04855659e+00  6.92492990e+00
  3.29700115e+00  7.91967842e+00  6.73077758e+00

molecule   90
  9.59715967e+00  1.87386470e+00  9.81661804e+00
  1.04383839e+01  2.01600277e+00  9.48413758e+00
  7.88010944e-01  1.67935871e+00  9.20446672e+00
  1.11628368e+00  9.67414769e-01  8.49043887e+00
  1.52065539e+00  7.56760666e-01  7.57554580e+00
  1.54862809e+00  1.05128985e+00  6.66405188e+00
  1.34860970e+00  9.43258412e-01  5.66650223e+00
  1.34021817e+00  1.28825463e+00  4.82478124e+00

molecule   91
  4.38593661e+00  6.97580709e+00  1.47551712e+00
  5.41561354e+00  6.93562629e+00  1.46909939e+00
  6.30145480e+00  6.82534562e+00  1.93378305e+00
  7.14872913e+00  6.32629972e+00  2.13160350e+00
  7.34797921e+00  6.20058654e+00  1.17525491e+00
  7.59249002e+00  5.74595182e+00  3.08960736e-01
  7.12177149e+00  5.07624889e+00  1.03315303e+01
  7.02734592e+00  4.38039893e+00  9.56918682e+00

molecule   92
  6.78303610e+00  7.32264634e+00  6.81360151e+00
  6.72849462e+00  7.81386296e+00  7.71310658e+00
  6.49058235e+00  7.79526366e+00  8.69718080e+00
  7.00142258e+00  6.90553614e+00  8.85415090e+00
  7.17999616e+00  6.04882664e+00  8.55623258e+00
  7.88608575e+00  6.12418570e+00  7.89010311e+00
  8.62819821e+00  6.28873198e+00  7.17836418e+00
  8.70786975e+00  6.27416660e+00  6.19983902e+00

molecule   93
  1.93849490e+00  2.19705528e+00  9.76232577e+00
  1.08584872e+00  2.14789784e+00  1.03294600e+01
  3.83489620e-02  2.11174348e+00  7.67351678e-02
  1.02231931e+01  2.65559701e+00  8.83972170e-01
  4.04961589e-01  2.55843839e+00  1.51989586e+00
  7.02757159e-02  2.45167704e+00  2.37445307e+00
  4.47653472e-01  1.64398315e+00  2.56923045e+00
  9.11393326e-01  7.93350731e-01  2.21562264e+00

molecule   94
  4.44457373e+00  8.93751115e+00  5.57398472e+00
  4.38074042e+00  8.40527817e+00  6.35165995e+00
  4.67150016e+00  8.15212488e+00  7.32967173e+00
  3.77409470e+00  7.96218457e+00  7.72401895e+00
  3.07673743e+00  7.44188790e+00  8.25714051e+00
  3.16742104e+00  6.39001150e+00  7.93655873e+00
  2.88554147e+00  5.42058781e+00  7.91926151e+00
  2.66694638e+00  4.44158950e+00  7.93065173e+00

molecule   95
  9.98544440e+00  3.23046212e+00  9.70263221e+00
  2.47329238e-01  4.03606962e+00  9.82430894e+00
  7.12781602e-01  4.66720397e+00  1.04419902e+01
  1.45523798e+00  4.86245654e+00  6.70396719e-01
  2.09784027e+00  4.85188617e+00  1.34002381e+00
  2.82411955e+00  5.24046234e+00  1.81045538e+00
  3.55624724e+00  5.72315290e+00  2.04350105e+00
  4.29042423e+00  6.29017656e+00  2.34843392e+00

molecule   96
  8.78723211e+00  3.38325302e+00  7.35511257e+00
  8.42461379e+00  3.27998070e+00  8.24245745e+00
  7.63578826e+00  3.44900801e+00  8.88055300e+00
  7.63881926e+00  2.70333857e+00  9.52422940e+00
  7.23519461e+00  1.64594626e+00  9.39465402e+00
  7.89845475e+00  1.80166953e+00  8.66053927e+00
  8.70553644e+00  2.31154690e+00  8.75961757e+00
  9.64661285e+00  2.68478194e+00  8.74286032e+00

molecule   97
  8.97916066e+00  4.59329054e+00  2.22798797e+00
  8.53268539e+00  4.10566113e+00  2.87429425e+00
  7.90281551e+00  3.52552152e+00  3.35937122e+00
  7.69907164e+00  2.49041800e+00  3.10809897e+00
  7.58643500e+00  1.64188984e+00  2.83344905e+00
  7.20886160e+00  7.67235290e-01  2.58878452e+00
  6.90397844e+00  1.03844427e+01  3.01163923e+00
  6.93974806e+00  9.73693872e+00  3.74768206e+00

molecule   98
  9.98122454e+00  4.08136597e+00  8.08335940e+00
  9.03113708e+00  4.37829505e+00  7.95137507e+00
  8.18412519e+00  4.64192726e+00  7.55025487e+00
  7.28269055e+00  4.38147931e+00  7.49534222e+00
  6.42371340e+00  3.94344301e+00  7.18707103e+00
  5.62248216e+00  3.55709701e+00  6.71395889e+00
  4.82618638e+00  2.94376090e+00  6.84450630e+00
  4.53371980e+00  1.98546285e+00  6.81318409e+00

molecule   99
  6.57876169e+00  8.55222996e+00  9.58849653e+00
  6.74785046e+00  8.81268431e+00  8.65748563e+00
  7.24471113e+00  8.66826960e+00  7.80228418e+00
  7.59609106e+00  7.99087582e+00  7.15032545e+00
  7.68317899e+00  8.08583567e+00  6.18475051e+00
  7.89037824e+00  8.63467250e+00  5.39973883e+00
  8.72470137e+00  9.09931771e+00  5.03574543e+00
  9.21335725e+00  9.45751819e+00  4.16894291e+00
