BOUNDARY

orthorhombic     1.04551590000000001e+01  1.04551590000000001e+01  1.04551590000000001e+01

MOLECULES

species    0
nMolecule  40

molecule   0
  1.98519364250243635e+00  9.76805831234161559e+00  3.60775575153978689e+00

molecule   1
  6.35161279352063346e+00  1.69635264644828254e+00  6.79630747332022001e+00

molecule   2
  4.87534103567484589e+00  4.41931968880510950e-01  7.98175602120274519e+00

molecule   3
  4.78421313926759240e+00  1.01698950282640723e+01  1.17646174314530283e+00

molecule   4
  7.99137335962586182e+00  3.51508048427650621e+00  4.79014349649927951e+00

molecule   5
  9.10643703570405982e+00  8.93201510710710106e-02  3.47592906553512249e+00

molecule   6
  1.06804957393894417e+00  8.48443831567797169e+00  5.47854530571958520e+00

molecule   7
  2.20755579833646465e+00  4.85031623611698226e+00  4.80935842292163518e-01

molecule   8
  5.44737939636929802e+00  3.26675016069045906e-02  2.97719921568596035e+00

molecule   9
  3.63939055280404355e+00  2.87617329946878808e+00  8.33061569431376014e+00

molecule   10
  5.14411902429748391e+00  3.28935245565749446e+00  1.02445456243747088e+01

molecule   11
  7.66799460037303038e-01  2.74642201256635543e+00  9.09939463446687569e+00

molecule   12
  7.96958205444840395e+00  6.22500607998313527e+00  1.76346780975851947e+00

molecule   13
  8.99039455926303610e+00  5.51618249980260966e+00  8.78814058950228905e+00

molecule   14
  3.65457588091678343e+00  8.92914997602112592e+00  9.64733237720138193e-01

molecule   15
  1.32251212699364640e+00  6.26000817750751448e+00  6.86988653406561456e-01

molecule   16
  1.03621013826023489e+01  8.44068938653444967e+00  7.74399170202632536e+00

molecule   17
  5.92008996724654857e+00  8.56565316388764875e-01  1.01189579880869580e+01

molecule   18
  4.07304129593234165e+00  6.90475237405420561e+00  7.83988802946547381e+00

molecule   19
  3.32425804964766947e+00  7.08222837438670716e+00  1.22527315450169572e+00

molecule   20
  9.53935922387313440e+00  6.84777014785333105e+00  1.02502131992046994e+01

molecule   21
  4.01617354537634164e+00  1.55820347485462896e+00  4.18478899251975811e+00

molecule   22
  7.00243743343927161e+00  1.03181240302377670e+01  7.11755515097438529e+00

molecule   23
  6.90699469878569161e+00  1.76300400968885929e+00  4.77575106688306050e+00

molecule   24
  4.78830012717206976e+00  6.48921278272096824e+00  3.19471367128242045e+00

molecule   25
  2.06068952584886134e+00  5.83200503495959843e+00  1.52532152814351707e+00

molecule   26
  2.38752730662894397e+00  7.07637882606641444e+00  8.81453707575419898e+00

molecule   27
  2.92519938716760208e+00  7.21956466344463976e+00  4.92776402963365179e+00

molecule   28
  9.56066333185769324e+00  3.31884353049853287e+00  3.85670991329997648e+00

molecule   29
  4.41815231011768894e+00  1.16544828312589654e+00  7.09391915575209087e-01

molecule   30
  5.62230649670439231e+00  1.67009113138590259e+00  1.78452221299410052e+00

molecule   31
  4.20020095703447183e+00  9.13300036745745025e+00  8.62041058353288392e+00

molecule   32
  7.15586153721490525e+00  8.58162966089404122e+00  1.02875576354293816e+01

molecule   33
  7.98784754273080599e-01  8.30374492419741550e+00  8.74634276117518678e-02

molecule   34
  5.73011652193383014e+00  8.96994673153118249e+00  4.34178830175620067e+00

molecule   35
  6.12635036768554553e+00  5.95112305547512843e+00  9.50816834233807562e+00

molecule   36
  7.92376755474957672e+00  5.85209449243025936e+00  8.57131096118968472e+00

molecule   37
  3.75461150735394078e+00  8.85656785933015378e+00  5.56866620843537241e+00

molecule   38
  7.24533133252952677e+00  6.48283454743657783e-01  2.47620080875977511e+00

molecule   39
  6.83741564758050124e+00  4.11124432139014662e+00  5.90002485550439992e+00

species    1
nMolecule  40

molecule   0
  7.21938097585313443e+00  1.03392529387831988e+01  3.34174857870939324e+00

molecule   1
  2.05843416205940111e+00  1.03378658372981054e+01  5.93141311535115268e+00

molecule   2
  6.66236150542451089e+00  5.17552555938758463e+00  3.65094733337762012e+00

molecule   3
  4.36674715411355230e+00  5.09781377989477669e+00  9.80340577541827329e+00

molecule   4
  7.04352852251151518e+00  6.19782212082583239e+00  1.00248423118163874e+01

molecule   5
  7.81402047518096587e+00  4.27531558278546608e+00  2.16986331146802858e+00

molecule   6
  1.03079844424191638e+01  1.02999267196638780e+01  7.19695919304331433e+00

molecule   7
  8.74118691888121013e+00  6.68636602710934502e-01  6.75339065901283941e+00

molecule   8
  9.80013744138160625e+00  1.74365604280129660e+00  5.82163522568669656e+00

molecule   9
  3.35309554662405529e-01  5.19430946528331106e+00  9.33594829946167337e+00

molecule   10
  1.60500793288968657e-01  3.25227362030029754e+00  5.21413127862006931e+00

molecule   11
  5.91178870950170943e+00  3.04608188327870977e+00  8.79007366644328414e+00

molecule   12
  8.79075733100036949e+00  3.98195705296596447e+00  3.93749860585993705e+00

molecule   13
  1.46081617008417242e+00  7.27144131268486404e+00  3.52361241744234910e+00

molecule   14
  6.43104597671848310e+00  7.65374761624854827e+00  2.63205033542443734e-01

molecule   15
  2.73855869829832521e+00  1.96386952357031186e+00  8.87103389653086083e+00

molecule   16
  6.94745305044039618e+00  9.96227251891605903e+00  8.38640604926732181e+00

molecule   17
  9.73874290217323413e+00  9.46016079535748311e+00  3.03393583472624351e-01

molecule   18
  6.81218942997842269e+00  9.21125623753839129e+00  1.81569283655357094e+00

molecule   19
  5.60164772863175831e+00  4.13185954562007574e+00  2.67268608218674508e+00

molecule   20
  5.59653273774049342e+00  6.63285473238952417e+00  6.11995072419978658e+00

molecule   21
  1.44996437642431197e+00  8.61078629147711716e+00  4.18050877257838760e+00

molecule   22
  9.80244463279282208e+00  5.32931221568261293e+00  1.56876454902169571e+00

molecule   23
  7.76682145834688953e+00  7.62541358106885880e+00  6.34618271407306800e+00

molecule   24
  2.42713320328156490e+00  2.39986399534268458e+00  1.15383907228362936e+00

molecule   25
  6.68385250134736086e+00  7.88878734857412311e+00  6.71039239437708090e+00

molecule   26
  2.40463611677570999e+00  7.69538390592371968e+00  1.29492863359671445e-01

molecule   27
  3.58037358678923834e+00  2.34184266770295524e-01  8.53776353619210937e+00

molecule   28
  7.01706910385037830e+00  2.86000367413503342e+00  8.96385356331756356e+00

molecule   29
  7.95768378148034827e+00  2.47064928890754532e+00  1.04389226600075435e+01

molecule   30
  3.90009386162968630e+00  5.95583706886513653e+00  6.91441718255089910e+00

molecule   31
  8.10029339003339288e+00  3.22353329073495054e+00  3.08850991233741468e+00

molecule   32
  2.14591167243342174e+00  9.40193124034523819e+00  7.69310845409682309e-01

molecule   33
  6.40450659025131408e+00  6.00920611217639244e+00  4.39168834394490282e-01

molecule   34
  3.38246386102122232e+00  6.28954782636543452e+00  1.04439341706891753e+01

molecule   35
  5.93757680685164102e-01  3.27172323773640139e+00  6.41947570642881082e+00

molecule   36
  8.03727059466694627e+00  4.64875962380866525e+00  3.60517538864742004e+00

molecule   37
  9.69359029433817909e+00  6.10638824461088259e+00  4.92112278464399910e+00

molecule   38
  3.30169848443758918e+00  9.91974771345666895e+00  3.95553526760634533e+00

molecule   39
  5.99060132743555185e-01  1.19025072773023455e+00  5.97643151636456871e+00
