BOUNDARY

cubic     1.0455159e+01

MOLECULES

species    0
nMolecule  100

molecule   0
  8.57229710284175006e+00  5.87459693775443181e+00  9.78538847219146390e+00
  8.88628398809630582e+00  6.67825073435812655e+00  9.27008811151418222e+00
  8.93071479930412870e+00  7.63606911767153562e+00  8.99715879324593537e+00
  8.06135029211491982e+00  8.09135174872393392e+00  9.25648667701911343e+00
  8.32678115318765855e+00  8.96047598696813274e+00  9.73203095941638807e+00
  9.01221968008754537e+00  9.64946745020446883e+00  9.96050111544385253e+00
  9.21673568460334991e+00  9.16351309916981355e-02  1.03138840517760126e+01
  9.56858281087035145e+00  9.62962901275208227e-01  1.59399085088836323e-01

molecule   1
  1.25822129433992624e+00  9.84914609033514310e+00  3.51853657365398398e+00
  1.98256477971075640e+00  1.55407803946175704e-01  3.24101910603985743e+00
  2.21725181834816354e+00  8.48247401445555660e-01  2.61649724361768321e+00
  2.67567119775615581e+00  7.30225713765972118e-01  1.70321988024934967e+00
  3.16644227108838416e+00  7.97949185050828791e-01  8.44489795760143380e-01
  3.67158109003083499e+00  1.04526012284581196e+01  5.01815952374220942e-01
  3.73333825423493781e+00  9.35691926008051844e+00  6.03207328277441945e-01
  3.17873809803968488e+00  8.70793449678586740e+00  1.12120882788492615e+00

molecule   2
  4.62415147587826070e+00  9.69013178235188555e+00  4.66957522503625189e+00
  4.11737879308606480e+00  9.99724313619075922e+00  5.38546055729875128e+00
  3.16551907630752360e+00  1.01916292784194695e+01  5.66343142145596534e+00
  2.63572387589697144e+00  9.82256077499644142e+00  6.36858771919221489e+00
  1.94715910858083419e+00  1.37578821856790157e-01  6.36389710923721452e+00
  1.27028639026010381e+00  7.53009708702172986e-01  6.78456665390202840e+00
  3.37925122567293457e-01  1.08759485933324918e+00  6.81537709055068230e+00
  9.79409102509928076e+00  1.21136372619155352e+00  7.11510084545157184e+00

molecule   3
  9.46879665189072384e+00  5.01998099634874517e-01  8.07028379218668235e+00
  8.92281282821594424e+00  1.37828804725549703e+00  7.96677139708934146e+00
  8.06974448380235998e+00  1.77244064905882714e+00  7.81319081079206779e+00
  7.31867247976942270e+00  2.40616525972700135e+00  8.03846471930074635e+00
  6.83791120468900182e+00  3.12818437067234534e+00  8.55787803235712019e+00
  6.97487347695651039e+00  3.62643456988889179e+00  9.42706695820471730e+00
  6.55678675867470773e+00  3.91068470656265399e+00  1.02603350517139749e+01
  6.04166013741984642e+00  4.28212827473698798e+00  5.38988695918417804e-01

molecule   4
  8.79667900360480282e+00  7.03343656360712011e+00  2.47055946502688606e+00
  9.26819594870185171e+00  6.11610533696872416e+00  2.79557131041366169e+00
  1.00243968056810910e+01  5.56270846101612726e+00  2.83815249962358962e+00
  1.00896134837609921e+01  4.66385797003767877e+00  2.59089234813781211e+00
  9.89508458702243132e+00  3.70295399662994029e+00  2.75607763162317987e+00
  9.35430717643136056e+00  2.91105610719944785e+00  2.25168117525568867e+00
  8.58038155725139973e+00  2.49791065227363163e+00  1.92470666716426209e+00
  8.10423320582658313e+00  1.75989896758955666e+00  1.41022041469918591e+00

molecule   5
  7.92976620717451830e+00  6.71250637695633223e+00  4.76147016121159439e+00
  7.67786738410378078e+00  6.67458373957475271e+00  3.77317940618508185e+00
  7.62642271363735347e+00  6.29867625455410263e+00  2.83436771559815659e+00
  7.91027468073180451e+00  5.93826849216840813e+00  1.90412501746413532e+00
  7.16090136875312577e+00  5.42272948860177895e+00  1.72350582649403639e+00
  6.28170002316806908e+00  5.55822931074881499e+00  1.31401156301488764e+00
  5.65724949292586032e+00  6.32200554108826562e+00  1.15077292240916607e+00
  5.01661342353059680e+00  7.02959695204139745e+00  1.41488956493621254e+00

molecule   6
  6.48600050039618470e+00  9.09453959993656369e+00  6.00190209743078018e+00
  6.65586380079406315e+00  8.56866871651463846e+00  6.82117492072340159e+00
  7.21661421348999177e+00  8.59604507321355982e+00  7.64609265539127581e+00
  7.41771863132599929e+00  8.82885972209720471e+00  8.60626031661356095e+00
  7.55151647771183221e+00  9.79985838888710070e+00  8.90356536273955790e+00
  6.52462464373666684e+00  1.01061605619841046e+01  8.84000326982071449e+00
  5.88209739698900869e+00  1.70153956048975985e-01  9.39182723529653174e+00
  5.68701983403960121e+00  1.18831599555007195e+00  9.49124938809273999e+00

molecule   7
  8.62805081189052636e+00  6.84222054315703776e+00  5.81319407874685545e+00
  8.17430241770064825e+00  7.33032033700692942e+00  6.47143042529198365e+00
  7.27506876852077777e+00  7.70967162710462439e+00  6.60524449838128902e+00
  6.72393474971017557e+00  8.41199054461320905e+00  7.12708006439651065e+00
  6.33753785703432726e+00  9.13403190338249438e+00  7.77980066158448480e+00
  5.76876748940693407e+00  8.89096514006972427e+00  8.66840818286782522e+00
  6.00868236422652213e+00  8.13808654682694232e+00  9.22387718494396047e+00
  6.23483572688363541e+00  7.11112568901380726e+00  9.36016365810930395e+00

molecule   8
  5.35652288604938054e+00  2.91631601310252675e+00  5.17237484893251853e+00
  5.30469809089615740e+00  2.76979187527560011e+00  4.17336473407291031e+00
  4.64137976007408959e+00  2.64546703539566685e+00  3.47700704277054173e+00
  4.31012632855876099e+00  2.46121807290243266e+00  2.59664056315134362e+00
  3.98829622761320746e+00  2.39820221067427886e+00  1.69280472261005221e+00
  4.34232814820614266e+00  2.89684094069466846e+00  9.67634566765559812e-01
  4.53878495607697996e+00  3.81013357723708035e+00  4.41697716866913559e-01
  4.45392442849910442e+00  4.03369067724595620e+00  9.89854959682019775e+00

molecule   9
  3.45198138950641153e+00  2.04612169978875436e+00  7.97527605259560612e+00
  4.28296566864095496e+00  2.13967091116704289e+00  8.54522381083631011e+00
  4.90076724803918307e+00  1.84133380501680932e+00  9.25454278616154546e+00
  5.58195942094626130e+00  1.04159124708890261e+00  9.36880112312677760e+00
  6.55529595695363110e+00  5.75875920916548267e-01  9.30490207049402152e+00
  7.22292982999914468e+00  1.90204765208290993e-01  8.63139973916242020e+00
  8.15488955824725892e+00  4.06862861196428227e-01  8.60143702661570941e+00
  8.90601296473285409e+00  9.69700038819338417e-01  8.49077927691094558e+00

molecule   10
  6.97408850599780461e+00  1.99164632744691361e+00  2.70897890419746856e+00
  6.08528420943026838e+00  2.12815295876040844e+00  2.32969584171681721e+00
  5.14516138093763331e+00  2.05227382401698577e+00  2.08085221048731173e+00
  4.19675448623143676e+00  1.64137356731363360e+00  2.09812977799191103e+00
  3.37729468156123058e+00  1.10440253221897100e+00  2.04766999598418575e+00
  2.97114556329062030e+00  2.83658946652446897e-01  1.67993442723702757e+00
  2.01860151266262244e+00  2.12730866869044258e-02  1.32183698753784995e+00
  1.08020217036747246e+00  1.93167688137641402e-01  1.63801908429292320e+00

molecule   11
  1.02843765794446735e+01  5.24434735161605392e+00  6.61588265298702893e+00
  9.60812337990919474e+00  5.17300413749151033e+00  7.37482853624296375e+00
  8.92688883198517935e+00  5.02777911136993971e+00  8.04040406608434566e+00
  8.76982787511493100e+00  5.54706294350790685e+00  8.92084727600473926e+00
  8.25090735553146537e+00  5.10936309692594648e+00  9.50526202774458540e+00
  7.26904611902280617e+00  5.11076893900790985e+00  9.90260856927834432e+00
  6.44762773623950203e+00  4.69593762546535487e+00  9.72680278474181392e+00
  5.56727902642880856e+00  4.38369178634242473e+00  9.83832358498377602e+00

molecule   12
  5.94162673501418048e+00  7.32083222138551903e+00  3.79452815881719907e+00
  6.07797116928877745e+00  7.92514429273275134e+00  4.58131019155088648e+00
  6.38029767166136708e+00  8.26333412524657973e+00  5.44726327804063803e+00
  6.58015497903783242e+00  8.58426271425688192e+00  6.42386840613052001e+00
  6.61137556215153754e+00  9.01229714424691508e+00  7.30821040272154576e+00
  6.36149276645687234e+00  9.32549937749851310e+00  8.23933623087921063e+00
  6.12919164232108304e+00  9.29390140657173625e+00  9.19183605389202718e+00
  5.82500899798974459e+00  8.78751574478546260e+00  9.88836524766480451e+00

molecule   13
  8.12175281180008368e-01  6.79195153945259200e-01  5.00350440179564515e+00
  1.45968923537657025e+00  7.86044702839033049e-01  5.79403781465021250e+00
  2.24906479281257354e+00  5.21448423382403048e-01  6.45829528849394130e+00
  2.76540263820679355e+00  1.00987778742219021e+01  6.41088347259642077e+00
  3.50689518801009603e+00  9.60096865317884429e+00  5.72319887286714390e+00
  4.15333221406980613e+00  8.97227090340732758e+00  5.22120483915765110e+00
  4.71336290949718872e+00  9.46187791614517515e+00  4.49132682577626863e+00
  5.26279709744465318e+00  9.88215979140707113e+00  3.72330909742516125e+00

molecule   14
  7.88195860247014046e+00  8.48698856929853740e+00  8.06850257753860767e+00
  6.92417193515814855e+00  8.38350414069841854e+00  8.39094119964934038e+00
  5.91649705883997878e+00  8.20355096150806773e+00  8.52727096200717050e+00
  4.89328708401278334e+00  8.13264334498201791e+00  8.57662517664748592e+00
  4.03504696175862509e+00  7.55186632242210898e+00  8.47538691548075462e+00
  3.78209396075317805e+00  7.01018522127159383e+00  9.25060156358457419e+00
  4.12090541342528205e+00  7.20441872887344914e+00  1.01169106312491746e+01
  4.71839645771072291e+00  7.89979623113557139e+00  1.04418525639232680e+01

molecule   15
  3.24687137187035901e+00  3.30777105665515414e+00  3.96209386309355605e+00
  3.33241952613719894e+00  2.87634632145916491e+00  3.09369960356435358e+00
  3.15494580056325535e+00  2.13838264983633053e+00  2.33915068356330780e+00
  2.92572598733879774e+00  1.88489344685322813e+00  1.41848973933353384e+00
  2.97770711562876045e+00  1.93067407715748907e+00  4.11070362538358769e-01
  2.37099274058605625e+00  1.81862776052100017e+00  1.00170362391767309e+01
  1.85397030102563920e+00  1.25444056300493245e+00  9.30579517855465355e+00
  1.48193140041902516e+00  8.16961748717165204e-01  8.50490307695209324e+00

molecule   16
  5.87192994715163596e+00  5.14376443571994102e+00  5.39606592592048528e+00
  5.14668014913184990e+00  5.19460971257286985e+00  6.02786712009227266e+00
  4.41006806537982587e+00  5.75792590755858846e+00  6.00659927230543467e+00
  4.39128710839439229e+00  6.76341853606139942e+00  6.00492042940406812e+00
  4.21872000345385434e+00  7.69659876354279682e+00  6.30082880885945862e+00
  4.53789628731179029e+00  8.46448341374868285e+00  6.80721609299742791e+00
  4.57305213426355728e+00  9.26099419200018659e+00  7.47873172316612589e+00
  4.85943537278642701e+00  1.00595129961587837e+01  8.02038802223884417e+00

molecule   17
  3.27976817511796614e+00  9.64269858627787357e+00  1.88676688647622059e+00
  4.09488446798028338e+00  9.22758723275070736e+00  2.28145678066189683e+00
  4.84557957502314363e+00  9.04635360318178350e+00  2.74140145154141868e+00
  5.07448533919102474e+00  9.76178811451990391e+00  3.48471585553734053e+00
  5.51238951997144166e+00  5.54088173176290125e-02  3.09421057496287499e+00
  5.74025349994186929e+00  8.60916981643598533e-01  2.66647560368988001e+00
  6.23040212820080441e+00  1.62544704434561971e+00  2.05900201718158504e+00
  7.07994077861044779e+00  2.14328007431698131e+00  1.84707274980406821e+00

molecule   18
  2.21263026381077710e+00  9.73669723515794594e+00  6.56752378782824664e-01
  1.56338020183312132e+00  9.63957232487924642e+00  1.40517679426910469e+00
  6.93315406817864854e-01  9.93990153780805308e+00  1.88804366210805452e+00
  1.02569613009716214e+01  9.95345544865427456e+00  2.26242051859408111e+00
  1.04547561523748183e+01  3.82885042974951517e-01  2.63639049458365671e+00
  2.51932807591712660e-01  8.11475764894813878e-01  3.55540583393240306e+00
  1.01746510264372070e+01  1.28491974896091321e-01  4.14347100328284235e+00
  6.25053115371194679e-02  9.95548847376789325e+00  4.86202676847621884e+00

molecule   19
  5.42413556907404448e+00  6.04723527121223903e+00  9.79498232311160777e+00
  4.72834934260221473e+00  5.40402055686932759e+00  9.97729995269645542e+00
  4.41369187375972238e+00  4.57505048320032781e+00  1.03826915698567461e+01
  3.97466365789450782e+00  3.98089289236593213e+00  6.63681884035906222e-01
  3.60806245053787400e+00  3.45358324178775078e+00  1.47445400331163512e+00
  3.52640120229680454e+00  2.86933813024317663e+00  2.23741275119247618e+00
  2.96936937307973503e+00  2.19228916880693303e+00  2.82624866719731926e+00
  2.98285071228871823e+00  1.42060548516360874e+00  3.55249819347828844e+00

molecule   20
  1.00613692881033998e+01  4.43251408584713769e+00  3.97882729293440285e+00
  9.82607594354290015e+00  5.08892377374737315e+00  4.59495958670931870e+00
  9.25949744422383425e+00  5.89447744800880891e+00  4.56426158963347106e+00
  8.57390875965992905e+00  6.24871217452223249e+00  3.86378772679020344e+00
  7.67807538876115903e+00  6.67160657856458883e+00  3.83172881336958682e+00
  6.70266213992350313e+00  6.59485031054164317e+00  3.34037710237491581e+00
  6.24821096699437639e+00  6.50518080723544312e+00  2.50315335898442726e+00
  5.39325839991842759e+00  5.99854530553694509e+00  2.43844765382047335e+00

molecule   21
  1.00206364050551375e+01  5.86162775504544964e+00  7.70531522785060830e+00
  9.83438169850707844e+00  6.22101826834557770e+00  8.64472343790451880e+00
  9.75173348205379042e+00  6.28609648285383660e+00  9.59206722784226962e+00
  9.86492873444649909e+00  5.52152339102989043e+00  1.02969119386691066e+01
  9.30974128797589273e+00  5.20202030888755829e+00  5.70978985292041941e-01
  8.78118875038316915e+00  4.55321418017439594e+00  1.04833323503612696e+00
  9.18817890430259787e+00  4.14287649915395395e+00  1.84030911389305274e+00
  9.91343969331842523e+00  4.40318387624218666e+00  2.47188756107474461e+00

molecule   22
  8.69247617326854360e+00  1.08330226160425513e+00  7.35888611047791485e+00
  7.71969301126994978e+00  1.23189399651891707e+00  7.54374723118881718e+00
  7.17834345222974157e+00  4.08261366442138562e-01  8.08317109133610145e+00
  7.66645673653597104e+00  1.00184542601538045e+01  8.30876899486184506e+00
  8.33534097442755950e+00  9.38806528973689147e+00  8.57998125681946888e+00
  8.90420164820351090e+00  8.69482436673265013e+00  9.09040405706501353e+00
  9.49228357953138513e+00  7.92844072258248111e+00  8.98659779458279928e+00
  1.01440930481014373e+01  7.09338043820032649e+00  9.16411827092204057e+00

molecule   23
  5.16932094731615166e+00  4.42331007618667638e+00  1.61745259354102222e-01
  4.50575760111429080e+00  3.92892779149047255e+00  1.00614854561383105e+01
  3.69863756291557699e+00  3.52735284312357056e+00  9.71072109200963318e+00
  3.02732277170555264e+00  3.70660450147894416e+00  9.05531701403108968e+00
  2.40265499225402124e+00  3.85354468911734349e+00  8.28825603196474958e+00
  2.17956364204333930e+00  3.65067635651213429e+00  7.28942983833723090e+00
  1.60340690892203064e+00  3.37752872257342318e+00  6.51233370211735085e+00
  1.89391524576243531e+00  2.71579272816628192e+00  5.81743505295541752e+00

molecule   24
  4.13431366902835506e+00  2.26633844491254521e+00  6.69112792217949082e+00
  4.62987019295315250e+00  2.98015729428983489e+00  6.33051513230293761e+00
  4.40665250920450546e+00  3.96730079890616372e+00  6.48214298843535541e+00
  4.30926416198577833e+00  4.88116099780859791e+00  6.88950580134616608e+00
  4.34638791287222315e+00  5.29496625489609762e+00  6.01607109239276205e+00
  4.48751573737252762e+00  5.52691473099912312e+00  5.11013804882081146e+00
  3.85181713191491681e+00  5.24322815682405619e+00  4.40658453889774826e+00
  3.57729874571306938e+00  5.34025596257072621e+00  3.49968961078207563e+00

molecule   25
  5.61119449328171171e+00  9.41800695057124315e+00  3.43101022606709805e+00
  4.87659564927086286e+00  8.98935463707252502e+00  4.07773656352898506e+00
  4.50807181154321412e+00  8.87744148421821144e+00  4.95986762921889568e+00
  4.56762555598813780e+00  8.10617860104218835e+00  5.53496836295643391e+00
  4.30425730546952590e+00  7.52420254620233475e+00  6.32994718308032400e+00
  4.41436776067498826e+00  6.84359843616829089e+00  7.09404745702138761e+00
  5.13201752587394910e+00  6.67020360379211041e+00  7.81486824745102915e+00
  5.87372388556488545e+00  7.19498762439216755e+00  8.12870294458280185e+00

molecule   26
  3.65922740066387453e+00  3.86914135453287733e-01  2.24302789491384313e+00
  4.26486312226627184e+00  1.00097011999459031e+01  2.22823467034823652e+00
  4.06252344098260298e+00  9.42145824674345889e+00  1.40584820024879620e+00
  4.58369158324885717e+00  8.69644115343188950e+00  8.76073352571823949e-01
  5.06002411637257055e+00  7.85183493607660665e+00  5.70525616821538128e-01
  6.02260140397693089e+00  7.62830789870988202e+00  9.39288143991900526e-01
  7.02093234616763695e+00  7.26252871711156889e+00  8.70514398228205977e-01
  7.44769723037191067e+00  6.32158240987623277e+00  8.08586076328149161e-01

molecule   27
  5.68409885655314717e+00  7.18618985788194120e+00  4.26982507275400491e-01
  4.68513475411978852e+00  7.31300262835857673e+00  5.96475474201773326e-02
  4.53350181593202350e+00  8.02574140535579517e+00  9.93265922294799175e+00
  5.08741639975535165e+00  8.79640564443664097e+00  9.53339459981111226e+00
  5.81349034705353240e+00  9.40105899854733096e+00 -1.32943207867474911e+00
  6.52374581936925502e+00  1.00351486181945617e+01  8.95772037455322234e+00
  7.41666186779652215e+00  9.65596005616109032e+00  9.26875709130365522e+00
  8.36496911421862599e+00  9.46276064993459798e+00  9.57719562091328314e+00

molecule   28
  3.04370681587690495e+00  1.00043216502742460e+00  7.24019351460767790e+00
  3.45513982632471883e+00  1.53900186815745776e+00  8.14693404096602158e+00
  3.57919689822790055e+00  2.45559773263137338e+00  8.65641416447660461e+00
  4.11002844364872022e+00  3.35054280016202277e+00  8.57607196184060605e+00
  5.13374117010111153e+00  3.41516175621728202e+00  8.57182670496611188e+00
  5.94885823977433059e+00  3.11293461651313663e+00  9.03719387661479168e+00
  6.97242699998327353e+00  3.17490037788772561e+00  9.04615087425146314e+00
  7.67538721674709556e+00  3.64908028081721092e+00  8.41923372128997016e+00

molecule   29
  1.78442275855788246e+00  1.27270446622512279e+00  2.64626151502314189e+00
  1.39423071931475118e+00  1.96648185919769580e+00  2.14886312524994416e+00
  1.50896058070516870e+00  2.38006876045300331e+00  1.28262663775283503e+00
  2.52676363379402158e+00  2.45070983810779053e+00  9.77963657333112968e-01
  3.40105138194176737e+00  2.73498728832309546e+00  6.48383266077931286e-01
  4.04170825703605008e+00  3.36680574304628299e+00  1.24896316674442842e-01
  4.77823720336995095e+00  3.86676240739787058e+00  5.66373457079436093e-01
  5.70119169928791614e+00  4.04114380100980686e+00  8.80521759223133915e-01

molecule   30
  5.85463973787597780e+00  9.03438592896990045e+00  7.48512760202444571e+00
  6.49025450049635033e+00  9.23929269632868611e+00  8.14279319914443178e+00
  7.24101409593359158e+00  9.55593271127166588e+00  8.76033362342819899e+00
  7.83979275898131966e+00  9.18686121156574664e+00  9.40562675447190522e+00
  8.25157608177043400e+00  8.44683974456610187e+00  9.96929938006208083e+00
  8.69577428232812366e+00  7.51861756088458399e+00  9.97691300406727066e+00
  9.43914107728427254e+00  6.78435399854118071e+00  9.83995500301136872e+00
  1.03621113127864355e+01  6.55955481358802750e+00  1.01729586896732922e+01

molecule   31
  1.57778115932092944e+00  2.59336580104871350e+00  1.02080528586777604e+01
  1.59627778239129303e+00  3.65159213814018946e+00  1.03792518699001253e+01
  2.17672119540159859e+00  4.32687036071367093e+00  1.19770300413033937e-01
  2.77887198451325812e+00  4.95939698879703883e+00  1.08195466346025295e+01
  3.16919472134886959e+00  5.94463230324170944e+00  1.10179232601721626e+01
  3.00970905716390735e+00  6.75257407595085191e+00  1.03779344434018714e+01
  3.88555263620486580e+00  6.62308974298867881e+00  9.95966791849644117e+00
  4.22401810771155972e+00  6.23481581541045404e+00  9.13975415151153392e+00

molecule   32
  9.05695963673343130e+00  4.22942122817800836e+00  7.98734806609043524e+00
  9.03597364122509994e+00  3.73683921098070204e+00  8.78488090776218655e+00
  8.63077707376467984e+00  3.02265079181027652e+00  9.37566181363136408e+00
  7.72438692185306586e+00  2.48424894699403431e+00  9.59040702261149214e+00
  6.97055486732213758e+00  1.93843066464439850e+00  9.09148162242238378e+00
  6.58832728262045286e+00  1.02921932293501328e+00  8.95109405272646264e+00
  5.86368194290803402e+00  3.92185284739035134e-01  8.92975241370966977e+00
  4.94976760730644560e+00  7.44829777133360627e-01  8.78101648345264252e+00

molecule   33
  4.31318714852362817e+00  4.67809276504348848e+00  8.13461646296689089e+00
  4.41656133360057801e+00  4.80633966274062097e+00  7.19242342134509904e+00
  4.95775474377892067e+00  5.58995150504259719e+00  7.16372362125013318e+00
  4.95554947758032505e+00  6.54079005851022188e+00  7.08051713415698636e+00
  5.17663247379732105e+00  7.02170435512492475e+00  6.24550253626758867e+00
  5.81450045250937109e+00  7.06912076926082555e+00  5.54684956354472725e+00
  6.49264616135014450e+00  6.84144209351140287e+00  4.92847510747338546e+00
  7.15643269003870142e+00  6.64039404962722291e+00  4.20350572868826688e+00

molecule   34
  3.06725386220184815e+00  5.52021857525016202e+00  2.16841982386715992e+00
  2.40889594368947213e+00  4.79663270617120396e+00  2.10523237618644465e+00
  2.75388889050319907e+00  3.89163561263640823e+00  2.30809140787527056e+00
  3.30058566760189720e+00  3.11412750587230569e+00  2.04524103443453154e+00
  3.92303632406390301e+00  2.32720050574329562e+00  2.18288035644176182e+00
  4.59580844345763229e+00  1.59239811043372193e+00  1.76083961858377580e+00
  5.48879867914484532e+00  1.37672104194782641e+00  1.36536002620435215e+00
  6.42634661699224363e+00  1.29684436180373908e+00  9.50453775233571219e-01

molecule   35
  2.96991511270663544e+00  4.78602238456257467e+00  1.77577831431449296e+00
  2.57688311539237747e+00  5.68497685021504129e+00  1.50982449119648710e+00
  3.22033605551917645e+00  6.51641783813845432e+00  1.57832784469704035e+00
  3.67886825234692427e+00  7.19738782497954599e+00  1.06239647097572232e+00
  3.67192242596690743e+00  8.19584606077642874e+00  1.62020791257616392e+00
  3.60068110385377116e+00  9.09097205088137983e+00  2.16879319280209426e+00
  2.96929005564564674e+00  9.70791509604104341e+00  2.67730482329699848e+00
  2.14917176860771209e+00  1.01592834771825036e+01  2.96608976126042556e+00

molecule   36
  3.47496476096014373e+00  1.07421355149686981e+00  4.28802398012040253e+00
  2.69561210656537931e+00  1.31742148603280285e+00  3.70885308899140620e+00
  2.10799787880259126e+00  1.91645874606093791e+00  3.21868267446201184e+00
  1.50095424552111600e+00  2.04931500637417230e+00  2.43697092521394332e+00
  8.58206766875286409e-01  2.05194181617254578e+00  1.57842325540456585e+00
  1.15101992972856104e+00  1.40385343645750105e+00  8.70819598457465815e-01
  8.37020377846704799e-01  1.04923697307751418e+00  1.16693645179845262e-01
  1.83933777423125361e-01  1.96324837098837079e-01  3.03219727370848346e-01

molecule   37
  3.40739396349009294e+00  4.98966105263846238e+00  7.18546340947875262e+00
  4.36381552150917074e+00  5.00683196896180505e+00  7.46735396550538333e+00
  5.44094109981072371e+00  5.00730350300010585e+00  7.32318626517539606e+00
  6.12221295445427760e+00  5.09048625942502220e+00  6.61865819582272596e+00
  6.71864493978323374e+00  5.69631806911283256e+00  6.03492592074381129e+00
  7.20839361393218425e+00  6.14216351521933035e+00  5.27733014879636020e+00
  7.46541897763046869e+00  6.12473055268247268e+00  4.21922456356969455e+00
  7.42130492298218680e+00  6.58425026022253412e+00  3.32766586075583248e+00

molecule   38
  7.56369883472182547e+00  1.78414925123843382e+00  6.92358469177644587e+00
  8.25753673285089285e+00  1.09028791789889112e+00  6.87278672035569738e+00
  8.77709274723321187e+00  4.63795024224795682e-01  6.31343948616856032e+00
  9.31555768576140686e+00  1.03897513219650417e+01  5.66541618304862737e+00
  9.80999188161764479e+00  9.96369880514991202e+00  4.83382183456254744e+00
  1.00189711374912687e+01  9.37670906632102685e+00  4.04366495749094934e+00
  4.82537021223923696e-02  8.89313497323751001e+00  3.32034634175881038e+00
  1.94808801778595303e-01  9.62227766719722055e+00  2.69905367702102517e+00

molecule   39
  3.88807202130538521e+00  2.83642522401041930e-01  7.14447660417167185e+00
  4.45099040969405912e+00  1.01741371883674070e+01  6.56059325989957109e+00
  5.06718754255861548e+00  9.35951060122905787e+00  6.26199581769359614e+00
  5.50265654146016114e+00  8.84854180260475509e+00  5.52235183461089196e+00
  6.27232710013157480e+00  8.43958179666426034e+00  5.05431028462978826e+00
  6.18181187617628680e+00  8.11011139997828323e+00  4.11423505493042718e+00
  6.74583262261596683e+00  7.54350668311413131e+00  3.68394514090041092e+00
  6.40050559416659048e+00  6.88364427494342479e+00  2.96756749561377520e+00

molecule   40
  1.50999229602953999e+00  5.93343295374079283e+00  1.08073979153944129e-02
  1.86187957498032519e+00  6.78247842926389133e+00  4.27545303746679928e-01
  2.04455123243727188e+00  7.50596383714458693e+00  1.03581761839843911e+00
  2.78694388826793382e+00  8.08386425672908793e+00  1.39101965953859752e+00
  3.36938701547459685e+00  8.83846771892198468e+00  1.15115705150337222e+00
  4.04354267441089821e+00  9.59733337134066566e+00  1.32357438657724313e+00
  4.75498569140415839e+00  1.00772071462161907e+01  7.54302336775095172e-01
  5.09937060529368047e+00  9.99915730894457688e+00  3.44238648431060834e-02

molecule   41
  7.38709379114308273e+00  2.50019860377439507e+00  4.05570449428153079e+00
  7.30672121908558125e+00  2.52490393954139147e+00  5.03668051640656866e+00
  6.83408327232823254e+00  2.45659376149743602e+00  5.94751168485715187e+00
  6.67604360357984650e+00  2.54847475446433203e+00  6.99123195533522157e+00
  6.47071519855217669e+00  1.63349813112421538e+00  7.58562030487185179e+00
  5.91196300906662309e+00  8.06132453765219137e-01  7.84586560761963714e+00
  5.03753177246883954e+00  4.30617684428308722e-01  8.40163004414602987e+00
  4.24328981122868765e+00  6.84918099545457792e-01  8.94148284290357331e+00

molecule   42
  6.49552635033519543e+00  2.82333279913872737e+00  4.31400429851358158e+00
  6.41424798505803118e+00  3.69149930093750855e+00  3.73239659234771803e+00
  5.78952637639672396e+00  4.09206834531031838e+00  3.16950937255232867e+00
  4.76758266054362778e+00  4.36469094607669383e+00  3.16178962105208283e+00
  3.92066635024452026e+00  4.85080991339937739e+00  3.00906462948651754e+00
  2.95255995460570908e+00  4.93351858914032970e+00  3.24447737002851255e+00
  2.08393583578590125e+00  4.54215832873095060e+00  3.47290235102035849e+00
  1.20194204384225856e+00  4.91592565182710128e+00  3.73930707322593348e+00

molecule   43
  6.61832877138285625e+00  2.77323875484805082e+00  2.65263918717420388e+00
  7.64852314463401939e+00  2.85060107572419819e+00  2.57060965127590713e+00
  7.94113170010127067e+00  3.56167773500071760e+00  2.06703783366979366e+00
  8.80564609158677847e+00  3.92237691401121991e+00  1.41925860934992087e+00
  9.28049055432173731e+00  4.59356677065790286e+00  7.64194507824429436e-01
  9.89469028871702427e+00  5.31358021512316459e+00  4.19589605602329385e-01
  3.75647946321846504e-01  5.67912511950575638e+00  1.95677372094170465e-01
  1.03340011257294861e+00  6.38929280695390034e+00  1.03010391592760531e+01

molecule   44
  8.50952460215914996e+00  4.14576436014426530e+00  1.03879415669668695e+00
  8.64798263720094340e+00  4.32780955906071352e+00  6.33681078184231694e-02
  8.55173550042681896e+00  5.00189750682908230e+00  9.75659764477316038e+00
  8.48509503947896171e+00  5.70752582639742467e+00  8.96029332318524752e+00
  7.67728686589625298e+00  6.34403918152842561e+00  8.51375364498139042e+00
  7.03463966671779328e+00  6.91898146584329155e+00  8.45875991811066008e+00
  5.95180527756199940e+00  6.86894499007694659e+00  8.62162359143944634e+00
  5.15836723552992371e+00  7.21175075902345064e+00  8.16201512426443898e+00

molecule   45
  7.66515767611762300e+00  1.50934345129130065e-02  1.58939128098123361e+00
  7.26703398806745859e+00  6.98008751348639600e-01  2.22573966387687250e+00
  7.03884343774884247e+00  1.63834265211368169e+00  1.93821995668822744e+00
  7.54064573449765696e+00  2.33919124887053398e+00  1.42370122659255038e+00
  8.42769005365544821e+00  2.44238205708675604e+00  1.06319193316500993e+00
  8.89702543693480052e+00  3.26159805501520417e+00  7.60962263898865343e-01
  9.27380142616152092e+00  4.13890575392302473e+00  1.17219925627310673e+00
  9.43743022748847160e+00  4.79041104275335616e+00  4.55278535443872201e-01

molecule   46
  5.32736091969797343e+00  8.03975253643539389e-01  2.42615251928788034e+00
  6.05408342889542084e+00  9.03791496260453187e-01  3.00174156844795981e+00
  6.92099831893299822e+00  9.91107152312308060e-01  3.42712776784481576e+00
  7.86752412145786550e+00  1.30216855025649103e+00  3.47732797060697818e+00
  8.78684040692020396e+00  1.74466415764266536e+00  3.74771857035793232e+00
  9.42722846368135059e+00  2.38880480315855692e+00  3.17465887207564768e+00
  1.03577295563733660e+01  2.68285668517403764e+00  2.86745190183706455e+00
  4.85225875779127569e-01  3.15005510368879627e+00  2.13829185762471319e+00

molecule   47
  6.34604642350963033e+00  1.36970188623216749e+00  2.57229176406911542e+00
  6.26743586597181235e+00  2.40800132801358835e+00  2.40950898211129561e+00
  6.35381505748070818e+00  3.26943302983582162e+00  2.01376074677579719e+00
  6.33454176604005248e+00  3.81261867946268662e+00  1.13705952469069804e+00
  6.18691000252173762e+00  3.54170861760182509e+00  2.60398616237060287e-01
  5.98555647259945012e+00  3.08834122292870106e+00  9.87628681353181292e+00
  5.49157758973204668e+00  3.34873413981476808e+00  9.10605333754244839e+00
  4.84158354006538882e+00  4.14098976386268802e+00  8.98713676934253769e+00

molecule   48
  4.25839481603216985e+00  7.98239437244088990e+00  8.64266562308023190e+00
  5.13920856259352732e+00  7.53253925423983972e+00  8.79083129179751666e+00
  6.16045467512542899e+00  7.43269511344983069e+00  9.03558636605131760e+00
  6.85431600655910067e+00  7.17782191767819011e+00  9.54441652921613048e+00
  7.13115848757847637e+00  7.31374247575955927e+00  1.45491683456051679e-01
  7.54506554137384011e+00  8.22528342698401183e+00  4.04388381485837542e-02
  7.79943805062250473e+00  8.88659231886148859e+00  9.79491310812175264e+00
  8.15472078824748081e+00  9.21996836751022109e+00  8.84066020414493892e+00

molecule   49
  6.44927957871944457e-01  7.66704146244777895e+00  1.03189664974734434e+01
  1.12992251213036354e+00  6.89819806545523839e+00  9.85179454781427921e+00
  6.86370810443591495e-01  6.03434284545881106e+00  9.82758077366261773e+00
  2.68923188003482139e-01  5.49514887802747687e+00  9.16854971130369734e+00
  1.00705758549763811e+01  5.05287249038767960e+00  8.46865630122259638e+00
  8.97951134465483847e+00  4.88912357601495629e+00  8.19224692970263213e+00
  8.04762375621347914e+00  4.59624501710017164e+00  7.92702356950470310e+00
  7.69513792638521377e+00  3.65575630330004309e+00  7.65981827259917392e+00

molecule   50
  5.25305405033654083e+00  2.33132085987721477e-01  6.39382136278155322e+00
  6.15820708216152291e+00  8.63462495036669830e-02  5.92101165724792100e+00
  7.07543703553527070e+00  1.02975404956003924e+01  5.47053179302601933e+00
  7.71644201405710817e+00  1.01477769044022779e+01  6.20203169585855818e+00
  8.45953922812037717e+00  9.89708954739598745e+00  6.61906519015448325e+00
  8.38863752289921294e+00  9.28570571118555677e+00  7.47464635236551977e+00
  8.24158252877575492e+00  8.48335678965953122e+00  8.03799706593113150e+00
  7.65117066507032995e+00  7.98962833506959491e+00  8.49764389147771126e+00

molecule   51
  3.11982692351353030e+00  1.03273765460648086e+01  8.67344944490510805e+00
  3.12810610871370720e+00  9.31649359625841633e+00  8.51369443279716442e+00
  3.18944650780873928e+00  8.39241819244045395e+00  8.75068914315091639e+00
  3.02216486645852056e+00  7.58664704148561686e+00  8.04695691004851277e+00
  3.01932048876371484e+00  6.72474626111366280e+00  7.46869703227441839e+00
  3.16016438083882178e+00  5.81604198540047346e+00  7.06100634469850519e+00
  3.43654822862396303e+00  4.89120685727030136e+00  7.05994123114080541e+00
  2.99460386476900187e+00  4.03467273726832243e+00  6.87080665621159170e+00

molecule   52
  6.16370385533129195e+00  5.34215638336136145e+00  7.06618383633551694e+00
  6.89850612725404400e+00  5.89685455291354277e+00  6.58060714938359492e+00
  7.66757637263977987e+00  6.44964915819205231e+00  6.17520527737967129e+00
  8.47607413808493249e+00  6.10138369097331346e+00  5.89672911827630486e+00
  9.01559343830190230e+00  6.89733131727110838e+00  5.44333832720785704e+00
  9.21521396431381667e+00  7.92896185857042113e+00  5.17072454910031087e+00
  9.22270606726804409e+00  8.21128736293841399e+00  4.13488227176105294e+00
  9.22803223471115963e+00  7.73817718495513773e+00  3.31788222995492932e+00

molecule   53
  7.57593392161327550e+00  4.28028045884900887e+00  3.77705442551729220e+00
  8.31633531235340939e+00  4.93105931547462273e+00  3.50138285784245618e+00
  9.26013513366270757e+00  4.92440673950241514e+00  2.89985857091287036e+00
  1.01380212092765998e+01  4.52243805617278216e+00  2.70099244425820340e+00
  6.62783918005516615e-01  4.66985654850802323e+00  2.74588630367507003e+00
  1.07745529950274332e+00  5.16852910315017322e+00  2.03979189828082363e+00
  1.98310125024035111e+00  5.26791125462770093e+00  1.66695966445705834e+00
  2.47408268398957798e+00  5.88599645253266424e+00  9.87138445588744751e-01

molecule   54
  6.67877278184124723e+00  4.23794319339125281e+00  6.20713700773388277e-01
  5.85617198801410410e+00  4.24318167163055904e+00  6.52108621874629563e-02
  4.93060851024710178e+00  4.14937209150583364e+00  1.01922535496611175e+01
  4.21160301236956425e+00  3.90745845650938506e+00  9.66413363092170741e+00
  4.23657581298369124e+00  3.92446560423192503e+00  8.61070148263355151e+00
  3.76839043303798915e+00  4.18608992772586141e+00  7.68385772759313035e+00
  2.99394188915379589e+00  4.50290110665232746e+00  7.19966263763036807e+00
  2.36881691626366342e+00  5.28239035994952033e+00  7.15393355519985619e+00

molecule   55
  1.78936327818337726e+00  9.66918132051469215e+00  1.03711092038399979e+01
  1.44561959410141960e+00  1.03615153307442842e+01  9.86535751984958686e+00
  1.18447684584938639e+00  1.03724351507265755e+01  8.87427201859474835e+00
  8.99608320317711874e-01  9.77329229824210621e+00  8.20937514524789158e+00
  5.86973423459869137e-01  8.88042830906605651e+00  8.41623946243826637e+00
  7.77457473399886911e-01  7.91660533647530418e+00  8.60537924998163639e+00
  1.10850211420942979e+00  7.04941689456665443e+00  8.23095686517766545e+00
  1.60197665877077022e+00  6.37066282328361932e+00  7.65251851278775774e+00

molecule   56
  2.66564540430177832e+00  1.22059735848979289e+00  1.24899814699126743e+00
  2.22705216604974199e+00  3.18043574695601405e-01  1.46711659598611166e+00
  2.11108909089731345e+00  3.21739209382440994e-01  2.36382010490702044e+00
  1.89763007342189027e+00  3.28988252291768993e-02  3.27641559441229191e+00
  2.20379190136648262e+00  9.83180179263253784e+00  3.96598226109493757e+00
  2.94436921972391774e+00  1.00461037225764009e+01  4.62455884548963869e+00
  3.37882680691997983e+00  1.02384819124416655e+01  5.46150992228171095e+00
  3.07538922431045947e+00  5.00598491785274491e-01  6.08977269779033126e+00

molecule   57
  9.54558702212060628e-01  3.91887936374936352e+00  3.81579856104579340e-01
  5.91594086993253776e-01  2.98787325785839464e+00  2.96621852646356654e-01
  6.90107431960994000e-01  2.05804966593345462e+00  3.35306487124855043e-02
  1.75523475745363783e-01  1.17457371914291464e+00  6.37437170874689540e-02
  9.84959781401389023e+00  6.02498956921341033e-01  1.03938251096481178e+01
  9.48511766751887464e+00  1.01537553594930952e+01  1.02978499869897870e+01
  9.66655111292850044e+00  9.13328870845506735e+00  1.04076921642085249e+01
  9.69321460140352187e+00  8.32644293668802327e+00  5.55687183076742475e-01

molecule   58
  7.76438381118902843e+00  1.51060161385791147e-01  9.75017761300115815e+00
  8.71879182809940190e+00  1.03034584646407144e+01  1.00421940637241551e+01
  9.65656684398694054e+00  9.87287564809894036e+00  1.00250466297275764e+01
  6.00997814225881083e-02  9.69475023978972850e+00  9.76875206013172459e+00
  6.56848420558464263e-01  2.06518434969838321e-02  9.80397397062397147e+00
  1.05840594726974380e+00  9.29648140893057473e-01  9.53809796344033245e+00
  1.52676412304210829e+00  1.44117712436606382e+00  1.03664823755407571e+01
  2.13257659408738487e+00  2.14629831155699691e+00  1.04205527360878865e+01

molecule   59
  3.37895373093508589e+00  1.89329843537713538e+00  3.16312797235385501e+00
  3.48186055443429510e+00  2.76462688844899285e+00  3.64302281432586561e+00
  3.26571387927230816e+00  3.60271517896594196e+00  4.06285011986386468e+00
  2.73403102564154921e+00  3.36799919663472158e+00  4.86320835634354154e+00
  2.01561386410922738e+00  2.92875123252944469e+00  5.60928388312654924e+00
  1.01109766170960835e+00  2.56229134943935222e+00  5.53322560989375756e+00
  8.40671636423982127e-01  1.70990091901463792e+00  6.24178935993012107e+00
  1.69917975470025739e-01  1.51292486718440067e+00  5.48955511867854273e+00

molecule   60
  2.60825961810956564e+00  5.56783880242717633e+00  3.29341941513517877e+00
  2.35266137091559813e+00  4.65347326300985653e+00  3.16712813819995764e+00
  1.63721209127753276e+00  4.03609163551906569e+00  2.63016198409177182e+00
  6.99192318282335523e-01  3.65017397482668216e+00  2.89544061908527173e+00
  1.89863138496937284e-01  3.84936112224112659e+00  3.72679878840863621e+00
  1.00755786941398977e+01  3.56747116371948181e+00  3.01107473977148254e+00
  9.43279492413598852e+00  3.60806083530569577e+00  2.14530608347325114e+00
  9.90697219553340247e+00  3.70088906582585508e+00  1.25398422893243322e+00

molecule   61
  9.05248273464646758e-01  1.34441798701826776e+00  8.62465310972115162e+00
  1.31937118913366724e+00  3.95306153880142508e-01  8.52048427906681205e+00
  1.67857484158206738e+00  9.85567111894495795e+00  8.40918784045627277e+00
  1.76904028123963108e+00  8.90742454533965322e+00  8.12920803942579795e+00
  1.43125163474099004e+00  8.38059510610710490e+00  9.01033921965215434e+00
  4.81135841645226492e-01  8.50100912679714860e+00  9.29178955768358605e+00
  9.92187169084504639e+00  8.76213057454235944e+00  9.52689156087399702e+00
  9.25726494497988028e+00  8.74290876860297850e+00  1.02841432963887218e+01

molecule   62
  7.47013795768573097e+00  6.14464092914653470e+00  1.60263477319487002e+00
  8.44089580761258063e+00  6.00866635723484599e+00  1.97279052687376399e+00
  9.16575528659797811e+00  6.18117020619024071e+00  2.66694169705867701e+00
  9.98430478672912969e+00  5.59431484090614628e+00  2.61787077822480008e+00
  6.38789322364042178e-01  5.94317645425176888e+00  2.46257183190536466e+00
  1.37058879347126883e+00  6.42347075201087048e+00  3.03016304021070049e+00
  1.39980650180207888e+00  7.22002995860994279e+00  3.34765804864516969e+00
  2.13115405263828173e+00  7.67905622526766596e+00  3.76751464120984236e+00

molecule   63
  5.79018422595612936e+00  5.21307273431416007e+00  2.05324265193349298e+00
  5.43025789464688469e+00  4.82739255615885288e+00  1.25132863892303092e+00
  5.51650883643274081e+00  4.53375324956326775e+00  3.18219920102830400e-01
  5.55259899192559292e+00  3.71715391254804750e+00  1.01322451798923829e+01
  5.22835517173512621e+00  3.19014999179928838e+00  9.31966635425390244e+00
  5.22339448959863706e+00  2.43375441090761502e+00  8.60849045849099248e+00
  5.68943629367166803e+00  1.68885091024530842e+00  8.07422333058194930e+00
  5.23939039754080405e+00  9.86161023315212715e-01  7.50491862818782440e+00

molecule   64
  7.33121647913523500e+00  8.89333089283636724e+00  3.26877029559589660e+00
  6.47112248290115666e+00  8.80153249878036625e+00  2.72083900043102966e+00
  5.57943304442807531e+00  8.42741867495865016e+00  2.57010929140279520e+00
  4.93853700894995384e+00  8.23993896816639015e+00  1.93616037110364880e+00
  4.60078251055736054e+00  7.58866109504453501e+00  1.29894704327193478e+00
  4.44404457767310568e+00  6.57070861648286098e+00  1.18616050164421427e+00
  4.61691265216414237e+00  5.56021255305131934e+00  1.43605003163069189e+00
  5.00455954039781048e+00  5.24171686887743693e+00  5.74940916482254649e-01

molecule   65
  4.46067352759709745e+00  5.85420054056111638e-01  5.51617965643292152e+00
  3.61813900234460961e+00  1.58552177851333909e-01  5.18169503416500010e+00
  2.67670604761923769e+00  7.52112192945748603e-02  5.04424954677559967e+00
  1.57200774567988910e+00  2.47018102620105040e-01  5.18905047366678396e+00
  1.25718673950476401e+00  1.00069750966877713e+00  5.64989681385785580e+00
  6.86357776430402189e-01  1.70377488428636248e+00  6.14432482290479509e+00
  9.19622086489470969e-01  2.40757310931141433e+00  6.74811209318019056e+00
  1.02219883191271510e+00  3.37980042038400086e+00  6.53726737251528167e+00

molecule   66
  1.51113417954592322e+00  5.26726629230577714e+00  1.97934598409685769e+00
  8.84958540867119225e-01  5.35811224770291439e+00  1.13066614015755595e+00
  4.28547853643177490e-02  4.95290618522235171e+00  8.92267168762724050e-01
  9.58112872131632720e+00  5.07432413026093876e+00  4.38596891533743261e-01
  8.73217354796665646e+00  4.48984359308068370e+00  1.35009523817204879e-01
  7.90893547564965260e+00  3.92323323368832400e+00  1.01085554756517659e+01
  7.16657009969903225e+00  3.28618087250823532e+00  9.79451429649038374e+00
  6.18891292630534728e+00  3.39038248994557367e+00  9.53047641886129604e+00

molecule   67
  8.37188873836050007e-01  6.99057634152547358e+00  9.57168814840239257e+00
  1.12950160136839628e+00  6.61017208131166356e+00  1.04214592344482107e+01
  1.26151971094555471e+00  6.26865776754721438e+00  9.28267250086665996e-01
  1.17538943819489261e+00  5.81882501423565390e+00  1.80154482145858275e+00
  7.30085699860801962e-01  4.85279744011293346e+00  1.88357783818861257e+00
  1.04132322752627058e+01  4.10931998830852940e+00  1.59185362533471242e+00
  1.01000955860309318e+01  3.11865772010389009e+00  1.38272834017570112e+00
  9.65062586324007299e+00  2.39967019896180656e+00  8.95717355823322237e-01

molecule   68
  9.97827882366823538e+00  6.54215328484255743e+00  2.96200895100617478e-01
  9.21519563177500878e+00  7.09482983535042688e+00  7.32020859911941879e-01
  8.18446327489207270e+00  7.45086828062277018e+00  6.16289492894757096e-01
  7.51189076743504991e+00  7.88645035911678072e+00  1.04515012181965989e+01
  6.92171083342487314e+00  8.09979993921720975e+00  9.72498997903372597e+00
  6.15896129210709908e+00  8.43765358065105531e+00  9.12797023073468416e+00
  5.55675688040598903e+00  9.02404925577309669e+00  9.82991567257511178e+00
  4.61097636333532890e+00  9.19436641103134633e+00  9.99056200264055860e+00

molecule   69
  1.37682667485324151e-01  4.60966569335571652e+00  3.13419543767066955e+00
  6.44517379463388274e-01  4.31916394036755058e+00  3.79243780495105653e+00
  1.23922121516117434e+00  3.55420913460202259e+00  4.11574358030416665e+00
  1.37460726365689978e+00  2.68360983082486593e+00  4.69011116240116710e+00
  1.44506282326616775e+00  1.66784005702896510e+00  4.86047496052367745e+00
  2.02610687490069230e+00  1.43566850775613486e+00  4.04346791774214687e+00
  2.55251450017925041e+00  8.82653105905548241e-01  3.26046035375181198e+00
  2.60511190911966839e+00  3.70611071960278593e-01  2.45250287746418083e+00

molecule   70
  4.81387333161902120e+00  3.30438934323806466e+00  8.71626384657984943e+00
  5.18258540654200850e+00  2.46861388457556741e+00  8.12517231583065147e+00
  6.20055285945913592e+00  2.69211466809020772e+00  8.09182512668279230e+00
  6.88693149349431089e+00  3.33650762750457019e+00  8.26463927758456585e+00
  7.85807975635999956e+00  3.01607957965105022e+00  7.82507977316112768e+00
  8.79889260901235559e+00  2.68678006070591024e+00  7.69238363790878488e+00
  9.61039459127466777e+00  2.92716821713323938e+00  8.31119297219795072e+00
  1.00906612607650175e+01  3.76942869727045426e+00  8.64152493208941941e+00

molecule   71
  4.57451275564538484e+00  3.60775368191030132e+00  4.14156240323697311e+00
  5.04621981195619984e+00  3.87257165386412794e+00  3.27616566638664608e+00
  5.47336370295506658e+00  4.22686510471571797e+00  2.43871977932575668e+00
  6.22693453556227094e+00  4.20248357799959393e+00  1.74751430791780837e+00
  6.63618345955061173e+00  5.00642492228930269e+00  1.29172596965105746e+00
  6.86797803436690657e+00  5.41680687171229103e+00  4.34552451494468639e-01
  6.98371191092671673e+00  5.87799658802968938e+00  1.00471039628328356e+01
  6.93916813135957078e+00  6.15003470451556655e+00  9.13511679444684255e+00

molecule   72
  4.04395063561364942e+00  1.12458427137840999e+00  4.29694702329543787e+00
  4.74144049380015353e+00  5.62554525602848798e-01  4.70216495009487279e+00
  5.40108830772331228e+00  1.02836719689760638e+01  4.94010560503320573e+00
  5.77601352288654635e+00  9.40095492864421978e+00  4.52407308307124456e+00
  6.29994280087725222e+00  8.63073332075129862e+00  4.93560267425244614e+00
  6.25024299918309900e+00  7.95955131362663959e+00  5.62909833962714412e+00
  5.65817401897648686e+00  7.48137372780104215e+00  6.36013931995698201e+00
  5.63939017820862087e+00  7.79806182231368261e+00  7.28827724614674288e+00

molecule   73
  1.31707966302103507e+00  4.60235883050413275e+00  8.87375287416255709e+00
  4.78183151719678179e-01  5.06514757886697620e+00  8.92134073083620294e+00
  1.04288774683148144e+01  4.93760037911406169e+00  8.07187777366706172e+00
  9.98695577557580627e+00  5.34970268533138427e+00  7.30082178570519869e+00
  9.73517788651068194e+00  5.74998738944405385e+00  6.46355329974253046e+00
  9.07740496488176696e+00  5.59001876422891009e+00  5.63857656080747738e+00
  9.06784199261297452e+00  4.94782932319864965e+00  4.82343739581779296e+00
  9.38866370354210922e+00  4.98878324653570626e+00  3.82973192050293942e+00

molecule   74
  3.46103382310467000e-01  2.41796432786882987e+00  1.63550645656446858e+00
  1.12339537595724170e+00  1.77797743891690918e+00  1.77865116592818118e+00
  1.79812195208668335e+00  1.05722252364395786e+00  1.91931353412948447e+00
  1.50850726553507286e+00  1.95679005701123010e-01  1.51706938136619485e+00
  2.01642466418060939e+00  9.70760842749282027e+00  1.31057322072045190e+00
  2.40715040776156552e+00  8.84360204633836844e+00  1.32800734865633552e+00
  3.06668984112015952e+00  8.12193884048802772e+00  9.87893713402945517e-01
  3.64777398410049081e+00  7.32446253718843110e+00  1.02347362456959656e+00

molecule   75
  6.58443788222270765e+00  8.72746617487666221e+00  5.55634147833173841e+00
  5.90532372591955479e+00  9.38816736017943931e+00  5.73974009982669742e+00
  4.93325215290795249e+00  9.65042591381168258e+00  5.59874631638674103e+00
  4.20168673219682809e+00  1.00505308727649432e+01  5.02247258481361580e+00
  3.57559365053825307e+00  8.79023632412732070e-02  4.29110500725264998e+00
  2.76421247778039714e+00  6.23132189844721296e-01  4.01648573410432252e+00
  2.15949871915139369e+00  1.38377191903374985e+00  3.94108265922336365e+00
  2.66609720305229470e+00  2.18809894165992169e+00  4.46356917283690624e+00

molecule   76
  1.78277496468389707e+00  5.85058556683183451e+00  7.00756643473367724e+00
  2.38156704508593720e+00  5.62984206680972132e+00  7.84124092970065512e+00
  3.01129759507111938e+00  5.66389713590264243e+00  8.61477421427278856e+00
  3.82020922855764233e+00  6.11939451608384655e+00  8.69228524481532006e+00
  4.38831650079937852e+00  6.83853749246335774e+00  8.66838441548787131e+00
  4.94156237665355302e+00  7.43397167032885431e+00  8.03725170089974839e+00
  5.47498505458365958e+00  8.14760012450893356e+00  7.62717675748942003e+00
  5.37769962720830375e+00  9.23657444381966819e+00  7.68860126996085480e+00

molecule   77
  1.97844816607072738e+00  6.93528542691592786e+00  9.47356525771594882e+00
  2.12120756325286486e+00  5.97251760846108759e+00  9.06912090684960681e+00
  2.64267253064698782e+00  5.14132802239057263e+00  8.97186732809769794e+00
  3.45343948992720318e+00  5.33009771986647607e+00  8.30678881716537454e+00
  3.94949922251244256e+00  6.05982950278922328e+00  7.69248908290347799e+00
  4.36921172512053335e+00  6.68667380944860934e+00  7.05307776954294496e+00
  4.57518487234219329e+00  6.73028203391769253e+00  6.10345967083340835e+00
  4.39125449781633304e+00  6.68481171437600619e+00  5.09925264168961601e+00

molecule   78
  8.13608460474404893e+00  5.60789892099810050e+00  9.01138116842661674e+00
  7.71439731221824410e+00  4.82375304530569782e+00  8.57855198081730030e+00
  8.24877514069667406e+00  4.17027511634771120e+00  8.09954263474936376e+00
  9.12294150673536208e+00  3.67154641423588624e+00  7.64482060532467411e+00
  9.92074250514304623e+00  3.10163308654888237e+00  7.60518345328519985e+00
  1.25882905951208102e-01  2.56049737537065925e+00  7.89560408156391524e+00
  1.05988384226745680e+00  2.18778438299951850e+00  8.09617689801287455e+00
  1.40872047471323114e+00  1.36662296054930521e+00  8.43912236381906666e+00

molecule   79
  3.32522144573709966e+00  4.36434147907226411e+00  7.55989339824036133e+00
  3.76527193496514112e+00  5.24059091389834908e+00  7.31912580679366709e+00
  4.01624783170217992e+00  6.16747055246464182e+00  6.96180247369917282e+00
  4.56911091871160302e+00  6.84742156186816153e+00  6.47787228779394919e+00
  4.70263733512241799e+00  7.77102409739989319e+00  6.24964380589578727e+00
  4.77057719149527415e+00  8.55177005372441279e+00  5.62515012483045140e+00
  4.08904752314201314e+00  8.92189237025388060e+00  5.04438523558615604e+00
  3.40411454846144768e+00  9.27294294513174044e+00  4.33156097616156099e+00

molecule   80
  5.86978866625566020e+00  4.15852567415144314e+00  5.13856519874978268e+00
  4.99275816492949076e+00  4.24816569921017795e+00  5.69862507206789104e+00
  4.21619155192253192e+00  4.77850957405093091e+00  6.10224974421978317e+00
  3.24810280436978260e+00  4.81299995899677135e+00  5.77064547381790760e+00
  2.51285184554593410e+00  4.43697985673937456e+00  6.31608126898822597e+00
  1.67271555228694080e+00  4.41712027938466711e+00  6.96455904819365212e+00
  1.05451680267817327e+00  3.86252080286249289e+00  7.73764719766792197e+00
  1.37252439160126527e+00  3.59140048008417168e+00  8.61196447809875743e+00

molecule   81
  4.35011727492293332e-01  7.34358260889297121e+00  7.92390463058366379e+00
  1.16485058996976143e+00  7.49379910517859749e+00  8.71504165321011115e+00
  1.67753157491036831e+00  7.16468405724507829e+00  9.49993673323756660e+00
  1.56366586853839529e+00  6.48382912183403093e+00  1.02453832197884722e+01
  1.40023095469204151e+00  6.00446628929239434e+00  6.81544623332931754e-01
  1.81024559529532958e+00  5.31426261107759057e+00  1.25854984799318714e+00
  2.79014590411180130e+00  5.44431844119692521e+00  1.48636372206093492e+00
  3.68134161189609088e+00  5.51226053619004297e+00  1.00294856061130111e+00

molecule   82
  3.54404748777077305e+00  4.41364719798749316e+00  4.14119885532403753e+00
  4.48696152683187766e+00  4.64432969603170687e+00  4.15954464160078619e+00
  4.87041642107221229e+00  5.02538675471326624e+00  4.99036610576865680e+00
  4.35947535619148052e+00  5.33133669889455053e+00  5.87232832387937798e+00
  3.41574362603572101e+00  5.48307786047254453e+00  6.32098698075910370e+00
  2.57668357656397884e+00  5.48099990422333416e+00  6.87873514979754841e+00
  2.99615723994347105e+00  6.17835979775392374e+00  6.32669324775946418e+00
  3.45482391807553846e+00  7.02682782915967863e+00  6.62835174498606516e+00

molecule   83
  8.78260260502283430e+00  5.53996124564001668e+00  8.95389868944867295e+00
  8.09372062165527772e+00  5.59210764250074366e+00  8.20520478628692729e+00
  7.56547284473230075e+00  6.32965743354737675e+00  7.64375770133210608e+00
  7.56004856913254386e+00  6.39197867457827407e+00  6.59905453624440597e+00
  7.36401979086021896e+00  6.24206401213328999e+00  5.62129945092069416e+00
  7.51687494158475111e+00  6.08309173415144055e+00  4.60438591819060417e+00
  7.43356500895240568e+00  6.97339020082216621e+00  4.45456922455229876e+00
  7.15882453777848848e+00  7.78642781469107437e+00  4.04393860257126025e+00

molecule   84
  9.85415544804369148e+00  3.30909649896306002e+00  8.89819825974677592e+00
  9.66047377139394214e+00  3.75360774981865042e+00  7.97718516729112803e+00
  9.94525735022982715e+00  4.04195034632843253e+00  7.03721471851180524e+00
  9.99996784617105483e+00  4.48488471109056874e+00  6.20859336594977940e+00
  9.42173691751599307e+00  4.20546364351615765e+00  5.49594661401646611e+00
  9.50366116779047587e+00  3.39300140279191176e+00  4.90398155477155040e+00
  9.12025648119677967e+00  2.72564585189179587e+00  4.47786254584729715e+00
  8.43612935549869825e+00  2.37369943731094146e+00  3.79381641074990750e+00

molecule   85
  1.47053474790443062e-01  2.96709029804602054e+00  1.56174316657862633e-01
  9.59534632476572469e+00  2.94820160665766950e+00  2.91601046209688519e-01
  8.90376886888522101e+00  3.53377364998014798e+00  8.12471821836389552e-01
  8.16302155639241356e+00  4.16115579136445124e+00  1.10814622447767519e+00
  7.46016500831282503e+00  4.78841593707274615e+00  1.48769013700128028e+00
  6.93485468134523941e+00  5.03735108419209610e+00  2.21721968221652865e+00
  6.24981519591115120e+00  5.59288231801115021e+00  2.80087266016698955e+00
  6.11819287207417517e+00  5.96693351581651577e+00  3.77448378531289741e+00

molecule   86
  1.34614498455386489e+00  6.13791241373194119e+00  1.69238479449288448e+00
  1.11700694011096147e+00  5.11509124763380996e+00  1.77764996354934190e+00
  7.57419274293161138e-01  4.26695665459724438e+00  1.43727660493980558e+00
  4.05111750170650708e-01  3.50105494424406771e+00  9.60783233502802148e-01
  1.01316028493200623e+01  2.75136771710103112e+00  9.62774676811392283e-01
  9.18590401185436534e+00  2.63047373305804832e+00  7.61707550966901792e-01
  8.55828211706363540e+00  2.49850846838347707e+00  1.42500550392700198e+00
  7.82169550972200156e+00  1.77946347205776689e+00  1.77504679055965653e+00

molecule   87
  4.37438381908092921e+00  2.80557883554749132e+00  7.78718397463700640e+00
  3.70190353772062863e+00  3.28447665850791282e+00  8.38839186868445097e+00
  2.81602364599135235e+00  3.77697710408441978e+00  8.30352709490926166e+00
  2.51221053630387514e+00  4.71193195817778587e+00  8.18206261204981367e+00
  1.58042989542420376e+00  5.17757688756460865e+00  8.16396628542378267e+00
  6.43660532734133262e-01  5.25493121924111684e+00  8.44243845212311683e+00
  1.02747606814599219e+01  5.15967908539314646e+00  8.81114727173999590e+00
  9.49817655745514777e+00  5.22351783018504534e+00  9.33468189124299563e+00

molecule   88
  8.20966283045019563e-02  9.45934568487654914e+00  5.79950865634166046e+00
  8.41289338026897426e-01  1.01181022661837030e+01  5.88217361037775621e+00
  1.86590673309456756e+00  9.94555373840323398e+00  6.02706608365873819e+00
  2.84076363068079951e+00  9.74429445174376241e+00  6.09304239769863898e+00
  3.30547016590225695e+00  9.98467995465266611e+00  5.20741942809913638e+00
  3.70734310489726759e+00  1.02103256533353264e+01  4.20930878215841986e+00
  4.41919802529880634e+00  2.44993412205051442e-01  3.78772645861685398e+00
  5.00088142578384698e+00  1.00876023698985762e+00  3.29527535325872023e+00

molecule   89
  8.50179463195479457e+00  7.32240123713075164e+00  9.69301104400708802e+00
  8.63997562545916509e+00  8.03764569911225735e+00  1.04338366845951409e+01
  7.92423887956098305e+00  8.67334705192084598e+00  2.45279124621874040e-01
  7.03733702769567859e+00  8.95836489667882674e+00  1.01201316692931069e+01
  6.19789312547222693e+00  9.03124703696042630e+00  9.56905126697636277e+00
  5.35742582387238198e+00  9.21660102012602955e+00  9.38380255829985543e+00
  4.60981767274984922e+00  9.38396369904249994e+00  8.76704345068809765e+00
  4.17069995680541528e+00  9.58342532014509985e+00  7.83666166828952360e+00

molecule   90
  1.34475112153325149e+00  1.54122237727928280e+00  2.91577657117081346e+00
  6.75340970530520224e-01  9.33064077249710522e-01  2.34761458438073056e+00
  4.38376195352379483e-01  5.38721027669826213e-01  1.55014523330920873e+00
  1.00058142416009073e+01  8.27189600884233656e-01  1.50259239990280880e+00
  9.24483870106864813e+00  1.37915260962285480e+00  1.74417370028857044e+00
  9.32687647506884510e+00  1.95407032537054270e+00  2.43613461689492494e+00
  9.40441424774927270e+00  2.06730377024034162e+00  3.49342436519263755e+00
  9.33763262500025704e+00  2.09998310175127045e+00  4.50263050715430513e+00

molecule   91
  4.49006000773351843e+00  1.50646457667893863e+00  2.68756024325134568e+00
  4.15091919591343839e+00  7.75597007042462039e-01  2.13514830006152012e+00
  3.72041968990441774e+00  1.03192411555667096e+01  1.77174948908417562e+00
  3.11214527187319234e+00  9.56520547274330468e+00  1.84189504611632238e+00
  2.98662415977346285e+00  8.74217223261310039e+00  2.50748332525316187e+00
  3.37024274651593370e+00  7.98142279767932461e+00  3.13478792484775148e+00
  4.12214357745859594e+00  7.45746203272222985e+00  3.44910006288673365e+00
  4.81153249455605181e+00  6.79610858888982250e+00  3.65150073135182396e+00

molecule   92
  2.61935591638616572e+00  1.02535860601978275e+01  9.02266891115224290e+00
  1.69972057670915366e+00  2.04456419950368229e-01  9.19126570823993205e+00
  1.28567987240768655e+00  9.81066180274518018e+00  8.98061736673145816e+00
  7.50687599417501183e-01  9.15204487981096726e+00  9.60790884066894080e+00
  1.02786678295723544e+01  9.36214797393243181e+00  9.90486718782668873e+00
  9.37937070295359376e+00  8.97807293540789786e+00  9.78605827629182912e+00
  8.63256320652163467e+00  8.27881668093928091e+00  9.94772679484175271e+00
  9.20144819207503772e+00  7.45982569043458010e+00  9.82124297575088079e+00

molecule   93
  8.12213155168209876e-04  8.51488379009703067e+00  4.44342757574858549e+00
  2.29052078501651796e-01  9.40726560182826255e+00  5.11199251588979298e+00
  1.04221825227723802e-01  9.97209452079638403e+00  5.92379822495993746e+00
  1.03587234350230712e+01  4.61720320059661571e-01  6.34942200009024393e+00
  9.59155923699258928e+00  1.02415276671220945e+00  6.61465576657756849e+00
  9.39028176546176141e+00  1.97936991061982837e+00  6.80473976029681271e+00
  9.32371007496226589e+00  3.02403478265640269e+00  7.00986150395413077e+00
  9.90612215816933173e+00  3.78900228356597335e+00  6.73643538826142052e+00

molecule   94
  8.19524900317754579e+00  9.62401509246448938e+00  4.17311290773048782e+00
  7.26271281056566131e+00  9.71421678106591280e+00  4.29564386341220761e+00
  6.34234848759489100e+00  9.97440394079663406e+00  3.91534869231090710e+00
  5.84733333450736836e+00  1.04024898107511898e+01  3.08364199941797956e+00
  6.51134805169663977e+00  1.01456807194893042e+01  2.29256062512808967e+00
  7.25552759992529595e+00  1.00947878279132865e+01  1.55517283615036028e+00
  7.89754384870319726e+00  9.85875667310311243e+00  7.37411435090503886e-01
  8.34426547265485752e+00  9.67920033383658129e+00  1.02954053183787693e+01

molecule   95
  4.08266858824256573e+00  3.16068593110810614e+00  8.42424919675193351e+00
  4.59946398256000055e+00  3.27173098297554965e+00  7.59782791100405852e+00
  5.14810962322064203e+00  2.96297584967727534e+00  6.73064734499359307e+00
  5.38427921782527807e+00  2.41038769886446147e+00  5.83158383366741440e+00
  5.08443543066445969e+00  2.55944272486629298e+00  4.86866166067708406e+00
  4.18318532168467794e+00  2.49000381382126879e+00  4.56416095640296060e+00
  3.32951776337390948e+00  1.98776459651370740e+00  4.78735414196936215e+00
  2.31627043573652980e+00  1.76749315482724967e+00  4.73783555506135468e+00

molecule   96
  4.64486570818006506e+00  7.39105948371166033e+00  2.08833776364353385e+00
  4.89310083890992509e+00  7.03626917635529558e+00  1.14354781186927257e+00
  5.23926503835390811e+00  6.82413873460099740e+00  2.26362019116571639e-01
  5.91931219300714240e+00  6.41034236563356696e+00  1.00688137254989076e+01
  5.71138355536471742e+00  6.24504356614203182e+00  8.98655776296860864e+00
  5.01329320379986498e+00  6.37016810866678984e+00  8.17078485165575330e+00
  5.13996933945681533e+00  5.80944592769226631e+00  7.46867925098299601e+00
  5.53428100851537774e+00  5.45603182297199307e+00  6.76491223392766994e+00

molecule   97
  1.17639166130057760e-01  2.10283875779138363e+00  4.50942809105735520e+00
  9.69427521766427347e+00  2.52053314908524007e+00  4.14613550701404776e+00
  8.96706639485817725e+00  3.19353172622668691e+00  3.69578439818368709e+00
  8.28529945464405948e+00  3.52534556140796518e+00  3.03897264256442190e+00
  8.27455820944578058e+00  2.62953986611701485e+00  2.63670666870131098e+00
  8.43619015316041398e+00  1.94606157646567968e+00  1.98693354300738023e+00
  8.40310213460656108e+00  1.04130656121088316e+00  1.70470149656642733e+00
  7.89124301450225474e+00  6.26146548506443579e-01  9.61917433804091226e-01

molecule   98
  3.94793996157470772e+00  9.39310240509332850e+00  2.58422545532046133e+00
  4.11779763513881925e+00  8.49388217323417472e+00  2.03696637736084440e+00
  3.83783804472611534e+00  7.60771425601599560e+00  2.39086872033572106e+00
  3.17068047869775782e+00  6.84056847726811501e+00  2.36479765064476943e+00
  2.33836602399907978e+00  6.48201362376648405e+00  2.35353656744830886e+00
  1.64788888644632725e+00  5.97224168211596762e+00  2.55230860489068867e+00
  1.35198350181031568e+00  5.04330591576501597e+00  2.79816554551197427e+00
  1.75636280077960882e+00  4.67679211162237163e+00  3.55298110808516121e+00

molecule   99
  6.25884414056850957e+00  2.55983199465450806e+00  1.04468649642686113e+01
  5.54007163116397727e+00  2.72720999477405845e+00  6.38360057686554683e-01
  4.57992439884192404e+00  2.40409806706868157e+00  9.21668867102389266e-01
  3.59193080613043092e+00  2.12955738620262736e+00  7.43463260622250321e-01
  2.69315769716082531e+00  2.39689075994370526e+00  4.81789911271800098e-01
  1.68932371055924069e+00  2.68579135989734130e+00  2.88947848007038988e-01
  1.41967085733880172e+00  3.59668598592706568e+00  6.70060162584995567e-02
  1.51474257516296951e+00  4.47878692504106635e+00  1.00908147946160689e+01
