BOUNDARY

orthorhombic     1.04551590e+01  1.04551590e+01  1.04551590e+01

MOLECULES

species    0
nMolecule  100

molecule   0
  5.74738145e+00  1.02517936e+01  5.19766745e+00
  6.75749904e+00  1.01622136e+01  5.17953167e+00
  6.95162691e+00  9.19709079e+00  5.46240381e+00
  7.84734371e+00  9.60567955e+00  5.42762416e+00
  8.53858066e+00  1.00518533e+01  5.99686233e+00
  9.38875625e+00  1.01538965e+01  6.56022258e+00
  9.34105075e+00  9.75899240e+00  7.46102323e+00
  8.62778673e+00  1.03777091e+01  7.28479365e+00

molecule   1
  7.59301655e+00  9.04517069e+00  2.97971304e+00
  8.02101353e+00  8.62473429e+00  3.73710523e+00
  7.24268174e+00  8.73586982e+00  4.36976827e+00
  6.86068390e+00  7.91089135e+00  4.87303771e+00
  5.93262796e+00  7.63068640e+00  4.74237765e+00
  5.75717043e+00  7.71329421e+00  3.76379616e+00
  4.91425063e+00  7.40928051e+00  4.18664398e+00
  5.71255867e+00  6.80950764e+00  4.21482186e+00

molecule   2
  1.08644210e+00  4.66904403e+00  5.03186777e-01
  6.69642265e-01  4.43992149e+00  1.40666954e+00
  5.63132264e-01  4.20903064e+00  2.33630057e+00
  3.87067630e-02  5.07457149e+00  2.29579592e+00
  1.01913824e+01  5.91105604e+00  1.84967666e+00
  6.26918213e-01  6.38264277e+00  2.02405528e+00
  1.51135175e+00  6.72121206e+00  2.37572791e+00
  9.37856347e-01  7.47600957e+00  2.02379417e+00

molecule   3
  9.01222049e+00  4.87219336e-01  9.31709680e+00
  8.28896039e+00  7.00916382e-01  8.64797021e+00
  8.79849542e+00  1.47249973e+00  8.43177870e+00
  7.83295629e+00  1.77123008e+00  8.52021816e+00
  8.30781831e+00  2.61876266e+00  8.79260157e+00
  7.73960832e+00  3.41646933e+00  8.92107952e+00
  7.74920360e+00  2.83027945e+00  9.72117825e+00
  8.04584218e+00  1.86149471e+00  9.57178773e+00

molecule   4
  8.22302442e-01  5.11055695e+00  6.21189949e+00
  1.03271540e+01  5.35021706e+00  5.87794582e+00
  9.85779251e+00  5.57955079e+00  6.73241010e+00
  9.72480199e+00  5.26030437e+00  7.65218318e+00
  1.02136071e+01  4.70689288e+00  6.93965658e+00
  9.71162472e+00  4.18037372e+00  6.30220369e+00
  6.60981197e-02  3.55456744e+00  6.45628634e+00
  7.09905391e-01  3.31837703e+00  7.15549772e+00

molecule   5
  1.45800270e+00  2.11427370e+00  8.87011330e+00
  1.04428488e+00  2.76992590e+00  9.45293135e+00
  1.97116628e+00  2.43540474e+00  9.77017429e+00
  2.11018415e+00  1.43745404e+00  9.67413728e+00
  2.71210682e+00  9.78142024e-01  9.08508907e+00
  2.30130387e+00  1.22777176e-01  9.38215758e+00
  3.22802929e+00  1.01963466e+01  9.20902060e+00
  3.95779178e+00  2.93672309e-01  8.82189841e+00

molecule   6
  1.91167177e+00  4.85931592e-01  2.78050336e+00
  2.68128903e+00  1.03974157e+01  3.02185460e+00
  1.93152600e+00  9.82314422e+00  2.65676331e+00
  2.10863358e+00  8.90644613e+00  2.32385273e+00
  2.03783745e+00  7.92690851e+00  2.44558191e+00
  2.40725881e+00  6.99294343e+00  2.57519012e+00
  2.71852548e+00  6.38630376e+00  1.86959311e+00
  3.27643886e+00  6.65812688e+00  1.09617343e+00

molecule   7
  1.22265919e+00  2.92127054e+00  8.01677848e+00
  4.56570886e-01  3.54216883e+00  8.21528559e+00
  2.93092487e-01  4.46754643e+00  8.57346883e+00
  9.76009931e-01  5.19264627e+00  8.84453317e+00
  6.20213314e-01  6.10534708e+00  8.94801250e+00
  1.08931910e+00  6.29403908e+00  9.85322048e+00
  4.56066867e-01  6.24114538e+00  1.40184382e-01
  6.34212137e-01  7.20072905e+00  1.03972498e+01

molecule   8
  6.09876118e+00  6.50481517e+00  5.90252282e+00
  5.43437745e+00  6.54037692e+00  5.18076409e+00
  5.20762041e+00  5.65806118e+00  5.54042225e+00
  4.73344003e+00  4.90921030e+00  5.98977320e+00
  5.11524470e+00  4.72314478e+00  6.86307047e+00
  5.82731089e+00  4.05880161e+00  7.14965495e+00
  6.64414914e+00  4.36581629e+00  7.65947816e+00
  6.13402888e+00  5.13793519e+00  8.02034858e+00

molecule   9
  8.63433180e+00  5.96556385e+00  5.00955070e+00
  7.86548218e+00  5.52342240e+00  4.55940411e+00
  7.72724588e+00  6.47176846e+00  4.63725431e+00
  8.19072406e+00  6.70789029e+00  5.51110232e+00
  7.99735552e+00  7.63289235e+00  5.12941204e+00
  8.59603796e+00  7.99801583e+00  4.46477221e+00
  8.48798208e+00  8.69936872e+00  5.18793166e+00
  8.88881793e+00  8.95939116e+00  6.05749400e+00

molecule   10
  7.47200899e+00  6.63391181e+00  1.03147737e+00
  7.35905579e+00  7.09206475e+00  1.91430603e+00
  6.75292936e+00  6.38590213e+00  2.24621709e+00
  5.91172064e+00  6.17618602e+00  1.77747323e+00
  5.13508781e+00  6.60716027e+00  2.17380514e+00
  4.63093989e+00  7.46749266e+00  2.25065456e+00
  5.24398808e+00  8.13216499e+00  1.79070198e+00
  5.33717000e+00  8.24684285e+00  2.77479878e+00

molecule   11
  4.95870205e+00  4.17043660e+00  9.37674248e-01
  5.19106587e+00  4.40300401e+00  4.53462622e-03
  5.92044179e+00  5.06321022e+00  2.19620898e-01
  5.64031836e+00  5.87877462e+00  1.01428107e+01
  5.13890034e+00  6.69973669e+00  9.92531355e+00
  6.01525634e+00  6.56974588e+00  9.46435299e+00
  6.87469112e+00  6.33481405e+00  9.91915119e+00
  6.89218319e+00  7.31689112e+00  9.89628915e+00

molecule   12
  9.23406738e+00  2.13140135e+00  9.95854056e+00
  8.80222344e+00  3.00962957e+00  1.01400217e+01
  9.50637991e+00  2.98181702e+00  9.45106602e+00
  1.04225503e+01  3.43430815e+00  9.43109134e+00
  5.77004949e-01  3.93084034e+00  1.01288605e+01
  1.02514985e+01  4.55669089e+00  1.00232131e+01
  9.43738613e+00  4.26709281e+00  7.20455835e-02
  9.38352207e+00  4.10564740e+00  9.52540196e+00

molecule   13
  2.35544370e+00  1.03708866e+01  6.54119639e+00
  2.11207790e+00  8.43006246e-01  6.24282978e+00
  1.72451235e+00  3.49270376e-02  5.81681233e+00
  1.79432368e+00  6.65727027e-01  5.04606795e+00
  2.28980268e+00  5.00131518e-01  4.20863317e+00
  1.96461425e+00  1.00720968e+01  3.88036858e+00
  2.92388538e+00  9.81874598e+00  3.90545002e+00
  3.21451137e+00  9.20618304e+00  4.66529167e+00

molecule   14
  3.07130259e+00  8.35059992e+00  1.01681199e+01
  3.11293625e+00  8.80336782e+00  9.29619667e+00
  2.26218398e+00  9.04978939e+00  8.87669986e+00
  2.04872579e+00  8.40336346e+00  8.18743466e+00
  1.35444748e+00  9.07571138e+00  7.91121648e+00
  3.96603032e-01  9.10339037e+00  7.65744312e+00
  4.00807896e-01  8.15147122e+00  7.93528289e+00
  1.00091178e+00  8.48712681e+00  8.63084161e+00

molecule   15
  8.76337733e+00  8.66422407e+00  8.67648422e+00
  8.30152259e+00  7.72583397e+00  8.64070715e+00
  8.55206095e+00  6.78056921e+00  8.88082146e+00
  7.84412222e+00  7.07515153e+00  9.49864153e+00
  7.58673622e+00  6.39875108e+00  8.76899148e+00
  7.92981744e+00  5.60522007e+00  8.28355125e+00
  8.86498763e+00  5.84909302e+00  8.54500407e+00
  9.33109680e+00  5.45095657e+00  9.32222247e+00

molecule   16
  3.71120184e-03  6.65895821e+00  8.37364369e+00
  9.44792270e+00  6.64236185e+00  8.30568416e+00
  9.33062414e+00  7.52228160e+00  8.67916582e+00
  9.76393291e+00  7.43632599e+00  7.77383336e+00
  8.78282650e+00  7.66682979e+00  7.67596557e+00
  7.85076049e+00  7.74437604e+00  7.33430555e+00
  8.39070138e+00  8.53858057e+00  7.54453911e+00
  7.80447991e+00  9.02512153e+00  6.83928858e+00

molecule   17
  1.60246850e+00  5.66189711e+00  6.33701080e-01
  1.81778580e+00  6.60103164e+00  3.55462032e-01
  2.25815627e+00  7.37867428e+00  8.14293119e-01
  2.58145806e+00  7.26937699e+00  1.03268989e+01
  3.58802222e+00  7.30315541e+00  1.01579514e+01
  3.19511646e+00  6.38315076e+00  1.02499099e+01
  3.43503650e+00  5.52991852e+00  9.87127532e+00
  4.03822739e+00  6.29684991e+00  9.61074455e+00

molecule   18
  9.30122328e+00  4.61274161e-01  5.67021524e+00
  8.64060122e+00  1.20956668e+00  5.73044811e+00
  8.73829065e+00  1.44587214e+00  6.73605176e+00
  9.09680061e+00  8.50235839e-01  7.51140284e+00
  9.45305970e+00  5.66432979e-01  8.39903367e+00
  1.02464274e+01  7.78276675e-01  7.81166707e+00
  1.01841056e+01  1.33674781e+00  8.62750871e+00
  9.73436687e+00  1.23327422e+00  9.53353543e+00

molecule   19
  6.12489717e-02  6.32825720e-01  3.84307294e+00
  6.97611053e-01  1.39277523e+00  3.72270364e+00
  1.62476825e+00  1.74472249e+00  3.73408055e+00
  2.54321755e+00  1.98206605e+00  4.05165009e+00
  2.24071023e+00  1.64564067e+00  4.91105995e+00
  2.94491697e+00  1.05926908e+00  5.24850786e+00
  3.37744874e+00  2.75274771e-01  4.85819475e+00
  2.85204416e+00  1.03944109e+01  5.63386832e+00

molecule   20
  1.42945108e+00  4.16003369e+00  3.07055848e+00
  1.25940759e+00  3.95456982e+00  4.01186825e+00
  2.03691478e+00  4.08024264e+00  4.64887100e+00
  2.31928768e+00  4.03953862e+00  3.71298060e+00
  2.31223267e+00  5.02409325e+00  3.89858563e+00
  2.30366079e+00  4.86700265e+00  2.90912415e+00
  3.27274253e+00  4.66494778e+00  2.99737956e+00
  3.08953251e+00  5.60723163e+00  2.71941717e+00

molecule   21
  2.90190552e+00  6.86006508e+00  9.09587694e+00
  2.01723916e+00  6.72708102e+00  9.55924402e+00
  2.28125202e+00  6.00162622e+00  8.91987592e+00
  1.62576867e+00  5.73621568e+00  8.18256473e+00
  1.24611926e+00  4.83943765e+00  7.82176880e+00
  3.40802217e-01  5.24980552e+00  7.57778768e+00
  2.76474739e-01  6.23232778e+00  7.48973104e+00
  1.12381351e+00  6.62481943e+00  7.28000553e+00

molecule   22
  2.10456512e+00  6.92091978e+00  4.44258073e+00
  2.37344140e+00  5.95382564e+00  4.50443255e+00
  2.80511768e+00  6.32171256e+00  3.69111118e+00
  1.93519924e+00  6.00951534e+00  3.35747882e+00
  9.25039635e-01  5.95182557e+00  3.52797534e+00
  5.02709355e-01  6.84288277e+00  3.24300859e+00
  1.30584316e+00  7.42286223e+00  3.11687444e+00
  2.23130126e+00  7.43895131e+00  3.47708765e+00

molecule   23
  4.96774108e+00  8.04377224e+00  1.03944107e+01
  4.41168667e+00  8.93297652e+00  1.03730718e+01
  3.87657537e+00  9.65104111e+00  9.90781670e+00
  3.85454800e+00  9.83077008e+00  4.49961235e-01
  4.23225166e+00  1.01243847e+01  1.26284664e+00
  3.78122682e+00  1.03615198e+01  2.11045140e+00
  4.51369455e+00  9.74792506e+00  2.27164769e+00
  5.19165885e+00  9.98694761e+00  2.89621061e+00

molecule   24
  8.87052559e+00  4.24100810e+00  3.83064046e+00
  7.97537155e+00  4.52871784e+00  4.03053675e+00
  8.19000839e+00  4.11702869e+00  4.91733659e+00
  7.42947945e+00  4.38209345e+00  5.53196866e+00
  6.80181618e+00  4.78869251e+00  4.91574959e+00
  6.90256901e+00  5.68625322e+00  5.37339246e+00
  6.57444164e+00  5.40076226e+00  6.22618771e+00
  6.92572293e+00  5.32150605e+00  7.14862573e+00

molecule   25
  9.94646460e+00  9.08553695e-01  4.89342097e+00
  1.01155286e+01  1.79794722e+00  4.42127088e+00
  9.69589020e+00  2.30560270e+00  5.12163941e+00
  8.88786167e+00  2.30573308e+00  5.67934079e+00
  9.41995274e+00  3.14618312e+00  5.69160652e+00
  8.73732890e+00  3.13336457e+00  5.01229680e+00
  9.04290039e+00  2.41459558e+00  4.37491209e+00
  8.41442820e+00  2.61732352e+00  3.59026171e+00

molecule   26
  5.02806942e+00  3.84749370e+00  4.26628524e+00
  4.65828582e+00  2.89896076e+00  4.20419094e+00
  5.54792535e+00  2.63862046e+00  4.66237658e+00
  4.82691476e+00  2.94600461e+00  5.29800410e+00
  4.82321918e+00  3.80841485e+00  5.81940053e+00
  4.08960032e+00  4.25747304e+00  5.25194780e+00
  3.70837140e+00  4.56316297e+00  4.38235940e+00
  3.64738302e+00  3.88747667e+00  3.61678798e+00

molecule   27
  6.96534315e-01  4.90129262e+00  3.95515019e+00
  1.02338276e+01  5.11918502e+00  4.28614483e+00
  1.59427812e-01  6.07398419e+00  4.38746683e+00
  7.63896773e-01  6.51704625e+00  5.08587368e+00
  7.02979563e-01  6.18586984e+00  6.03253275e+00
  1.18769269e+00  5.61332447e+00  5.31514553e+00
  1.43491255e+00  5.30545347e+00  4.38270374e+00
  1.08560491e+00  4.57995408e+00  4.96390965e+00

molecule   28
  9.30728673e+00  8.41886978e+00  2.01903522e+00
  1.02438543e+01  8.69404968e+00  1.99083389e+00
  9.98487551e+00  8.21022900e+00  2.85263688e+00
  2.69362472e-01  8.61872060e+00  3.35191249e+00
  1.22451439e+00  8.53056661e+00  3.52095294e+00
  1.00560055e+00  9.31973339e+00  4.08143580e+00
  9.66641748e-01  1.02860789e+01  4.13349544e+00
  9.34024135e-01  7.60293823e-02  3.16724600e+00

molecule   29
  5.10993148e+00  4.66622702e+00  3.73247511e+00
  5.46629913e+00  5.35089586e+00  4.33045923e+00
  5.77882322e+00  4.51660943e+00  4.76986698e+00
  5.86662343e+00  3.61340228e+00  5.16985492e+00
  6.08549973e+00  4.26582592e+00  5.85093141e+00
  6.91972296e+00  3.75543954e+00  6.13899994e+00
  6.24112117e+00  3.01665476e+00  6.12159333e+00
  5.79759277e+00  2.88290913e+00  6.96499944e+00

molecule   30
  8.73678189e+00  4.89263909e+00  2.98816259e+00
  8.58373605e+00  5.86465861e+00  2.90840802e+00
  7.66334666e+00  6.20568170e+00  3.08103911e+00
  7.91762022e+00  6.16472905e+00  2.10739849e+00
  7.43271098e+00  5.31752883e+00  2.38983671e+00
  6.81808627e+00  4.59433464e+00  2.65934537e+00
  6.35475749e+00  3.75596437e+00  2.37022394e+00
  6.61921027e+00  2.82428642e+00  2.35076855e+00

molecule   31
  9.16588383e+00  6.00719771e+00  7.37257842e+00
  9.46591158e+00  6.83339811e+00  6.95049177e+00
  9.86517132e+00  7.04615363e+00  6.08874326e+00
  9.93306148e+00  7.83634246e+00  6.68631900e+00
  9.75758684e+00  8.11590509e+00  5.78763641e+00
  1.62877836e-01  8.40872020e+00  5.41356136e+00
  7.79320986e-01  8.35008569e+00  4.63729927e+00
  2.85677312e-01  7.50665805e+00  4.79596476e+00

molecule   32
  8.29602228e+00  9.96651328e+00  1.34389226e+00
  8.65372647e+00  4.59560317e-01  1.49761515e+00
  9.42462982e+00  1.07336107e+00  1.28190569e+00
  9.16043255e+00  1.22607484e+00  2.24144695e+00
  8.38862355e+00  1.84319909e+00  2.41126516e+00
  7.87128441e+00  1.62473862e+00  3.22978357e+00
  7.34932116e+00  1.90052654e+00  2.39074105e+00
  6.65970086e+00  1.16934106e+00  2.42689066e+00

molecule   33
  4.37605881e+00  5.30237787e+00  1.04278179e+01
  3.61990389e+00  5.58318255e+00  6.30658365e-01
  4.46066897e+00  5.83520865e+00  1.05671964e+00
  4.23078305e+00  5.93379057e+00  2.00352695e+00
  4.23100312e+00  6.81846392e+00  1.58974919e+00
  3.49423352e+00  7.13828078e+00  2.21585130e+00
  2.81758257e+00  7.85172832e+00  1.85396583e+00
  2.08878850e+00  8.45120341e+00  1.48038758e+00

molecule   34
  5.76763578e+00  1.84328477e+00  1.50793383e+00
  5.77300050e+00  8.40533134e-01  1.48625635e+00
  5.27643474e+00  2.26382045e-01  8.77040445e-01
  4.53088030e+00  7.74227938e-01  1.29586507e+00
  4.98944222e+00  8.18115680e-01  2.18099844e+00
  4.80317059e+00  5.12941896e-01  3.12986229e+00
  4.93271454e+00  1.31021745e+00  3.64607425e+00
  5.51355786e+00  2.11369120e+00  3.64156503e+00

molecule   35
  4.95570350e+00  4.60890298e+00  9.49549451e+00
  5.23785848e+00  3.85695358e+00  8.96417354e+00
  5.04447423e+00  3.11487565e+00  9.56045946e+00
  4.50316688e+00  3.47015373e+00  1.02537493e+01
  3.62786667e+00  3.75396053e+00  9.99898174e+00
  3.07493468e+00  4.19696922e+00  2.35109743e-01
  4.08443919e+00  4.14757601e+00  3.99744135e-01
  4.03974358e+00  4.63442976e+00  1.28566502e+00

molecule   36
  6.61243232e-01  9.64606916e+00  8.80866138e+00
  1.45117989e+00  1.02558794e+01  8.84433675e+00
  1.28967469e+00  7.23418059e-01  8.45314938e+00
  4.59713205e-01  2.36223136e-01  8.39012733e+00
  1.03525888e+01  9.91409376e+00  8.27093206e+00
  9.75676371e+00  9.16918369e+00  8.68414912e+00
  1.00184812e+01  8.23580315e+00  8.54626713e+00
  9.56210286e+00  8.53958697e+00  7.67193023e+00

molecule   37
  1.16757178e+00  9.49653539e+00  9.70012913e+00
  9.81478175e-01  1.04419636e+01  9.89312479e+00
  2.23809272e-01  9.89746668e+00  9.65105570e+00
  9.97303574e+00  1.04475379e+01  9.16714466e+00
  2.68559963e-01  6.11272029e-01  9.43082504e+00
  9.11319917e-01  1.39803876e+00  9.41511169e+00
  1.13596868e+00  1.86025378e+00  1.02635050e+01
  1.55234674e+00  2.53389027e+00  3.76215112e-01

molecule   38
  7.64433345e-01  3.42805653e+00  1.15625475e+00
  1.55034790e+00  3.84451827e+00  1.43569946e+00
  2.12702449e+00  3.84691344e+00  2.22910816e+00
  1.75544095e+00  3.01183989e+00  2.76490260e+00
  2.51278162e+00  2.29429236e+00  2.65466514e+00
  1.92318129e+00  1.53160216e+00  2.53848198e+00
  2.65945387e+00  1.29441331e+00  3.09818604e+00
  3.64144198e+00  1.34873759e+00  3.25163194e+00

molecule   39
  4.39453757e+00  4.57101648e+00  8.23127319e+00
  3.99350628e+00  3.93810146e+00  8.89497175e+00
  3.15607711e+00  3.74539185e+00  8.42204831e+00
  2.19008526e+00  3.86824280e+00  8.44575844e+00
  2.41971039e+00  4.68697579e+00  9.01160653e+00
  1.58839905e+00  4.30243531e+00  9.38010437e+00
  1.88154283e+00  3.56768532e+00  9.94815862e+00
  2.74706064e+00  3.38124571e+00  9.42015821e+00

molecule   40
  4.52397443e+00  7.30522963e+00  8.71747337e+00
  3.55272538e+00  7.42315224e+00  8.52110552e+00
  3.01063926e+00  8.09813428e+00  8.01467616e+00
  3.25708779e+00  7.29868049e+00  7.49566389e+00
  2.29417143e+00  7.07922227e+00  7.53520682e+00
  2.85623501e+00  6.49481939e+00  8.06893713e+00
  2.50641176e+00  5.77956259e+00  7.45925616e+00
  2.58349355e+00  5.51484022e+00  6.51164897e+00

molecule   41
  5.88925316e+00  1.00855007e+01  1.77587493e-01
  4.89584496e+00  1.00210572e+01  1.03170568e+01
  5.50201718e+00  9.53526332e+00  9.72081951e+00
  6.39044164e+00  9.33324090e+00  1.00486801e+01
  6.08170165e+00  8.88988380e+00  9.22614874e+00
  5.52300139e+00  8.75612573e+00  8.43909601e+00
  4.58527893e+00  8.44475358e+00  8.23418319e+00
  4.41439546e+00  8.29958552e+00  9.18446588e+00

molecule   42
  5.80876411e-01  9.41386233e+00  5.55859921e+00
  8.72700062e-01  1.03697959e+01  5.42120029e+00
  1.04510772e+01  2.22572143e-01  5.76576805e+00
  1.00862323e+01  4.51002063e-01  6.68951341e+00
  4.65696696e-01  2.36806864e-01  7.15577375e+00
  4.61858428e-01  1.01385971e+00  6.57190287e+00
  4.75296929e-01  1.24640360e+00  5.59605404e+00
  1.39676804e+00  1.52567681e+00  5.86687553e+00

molecule   43
  4.41297869e+00  2.38858103e+00  1.50781785e-01
  5.23926388e+00  2.00175462e+00  1.02350352e+01
  4.48806726e+00  1.65786896e+00  9.67700733e+00
  3.98294483e+00  8.28635262e-01  9.75491820e+00
  3.40282821e+00  1.41297142e-01  1.02264153e+01
  3.65917448e+00  3.92645807e-01  7.03478872e-01
  4.50312624e+00  7.40842231e-01  2.59272432e-01
  5.08560582e+00  6.07252490e-01  9.96773479e+00

molecule   44
  8.04613998e+00  7.59180429e-01  7.24339403e+00
  7.19022275e+00  1.37227143e+00  7.14579931e+00
  6.57115214e+00  9.71588069e-01  6.52034381e+00
  6.13658049e+00  1.30812425e+00  7.34801588e+00
  6.66811864e+00  1.55746243e+00  8.15811908e+00
  6.06824940e+00  7.64796447e-01  8.27486310e+00
  5.23191471e+00  3.16005346e-01  8.13682991e+00
  5.02210864e+00  4.69575602e-01  7.19629943e+00

molecule   45
  7.45046751e+00  1.59020411e+00  1.03986301e+01
  7.66516731e+00  2.09586060e+00  7.63105794e-01
  8.40425541e+00  1.44203826e+00  6.72467249e-01
  9.15567162e+00  2.10224127e+00  5.90399632e-01
  9.76936186e+00  2.82782102e+00  2.86372489e-01
  3.07232141e-01  2.82714023e+00  2.88807431e-01
  1.03168469e+01  1.98145474e+00  1.97913850e-02
  1.01386628e+01  1.17258793e+00  5.49048422e-01

molecule   46
  2.65616031e+00  9.66023852e+00  7.97866478e+00
  2.27056527e+00  1.09399028e-01  7.79723715e+00
  3.15069846e+00  1.03437560e+01  7.40871546e+00
  3.48946774e+00  4.66173097e-01  6.62872901e+00
  3.90432792e+00  1.02079005e+00  5.88702908e+00
  3.71283075e+00  1.98590124e+00  5.90861842e+00
  4.45505035e+00  2.56127711e+00  6.36688902e+00
  5.18785650e+00  1.98267701e+00  6.78835086e+00

molecule   47
  1.17121681e+00  1.01587442e+01  7.55803867e+00
  1.21179658e+00  9.96213312e+00  6.57141534e+00
  2.03433031e+00  9.57098198e+00  7.06206802e+00
  2.65627276e+00  9.18818164e+00  6.35080503e+00
  3.30807969e+00  9.18416607e+00  7.06786590e+00
  4.04437992e+00  9.74185805e+00  6.64361465e+00
  4.54425485e+00  1.02173771e+01  5.90117107e+00
  3.85983117e+00  9.85204496e+00  5.28406716e+00

molecule   48
  8.54613404e+00  9.93864478e+00  8.96880422e+00
  7.72589439e+00  1.04020789e+01  9.35590935e+00
  7.51387254e+00  1.01691177e+01  8.37264152e+00
  7.40623518e+00  1.00299733e+01  7.37301225e+00
  6.71180229e+00  9.37436469e+00  6.98387414e+00
  6.63179053e+00  8.52525258e+00  7.50786279e+00
  6.50786803e+00  9.32485465e+00  8.13580810e+00
  7.38555082e+00  9.02612248e+00  7.94452085e+00

molecule   49
  5.47563810e-01  9.41809879e+00  2.73353473e+00
  1.07666482e+00  9.01721574e+00  1.99865643e+00
  7.03306426e-01  8.53900432e+00  1.21485929e+00
  1.26004920e+00  7.78706236e+00  7.71376064e-01
  1.77082076e+00  7.95347515e+00  1.04142605e+01
  1.70712479e+00  8.89962163e+00  2.44199310e-01
  1.92763786e+00  9.82816501e+00  1.04348370e+01
  2.71830815e+00  9.62376541e+00  9.92528722e+00

molecule   50
  3.31752041e+00  5.40198809e+00  8.57947923e+00
  3.99197366e+00  4.95072943e+00  9.11862808e+00
  4.69281850e+00  5.59381421e+00  8.77066945e+00
  5.66235653e+00  5.86094306e+00  8.60607058e+00
  6.60028489e+00  5.85445909e+00  8.92942905e+00
  6.44953812e+00  4.87708455e+00  9.02361797e+00
  6.79663593e+00  4.02168864e+00  8.69172258e+00
  7.63639010e+00  4.45283849e+00  8.25871720e+00

molecule   51
  5.14936023e+00  7.99077128e+00  5.16137259e+00
  5.06272628e+00  8.69663908e+00  4.45866237e+00
  5.09980559e+00  9.05186537e+00  5.37791599e+00
  5.33691411e+00  9.36564797e+00  6.28023092e+00
  5.27942525e+00  9.04468467e+00  7.23393018e+00
  5.59803079e+00  1.00008741e+01  7.41804993e+00
  6.27187229e+00  8.06838215e-02  6.97348348e+00
  5.51810110e+00  1.03424747e+01  6.42482854e+00

molecule   52
  5.95428892e+00  1.78570962e+00  5.65598564e+00
  6.82782880e+00  2.23486890e+00  5.39654919e+00
  7.61459642e+00  2.87409070e+00  5.37075074e+00
  8.15684919e+00  2.15559568e+00  4.87378179e+00
  7.34277508e+00  2.05268187e+00  4.23535376e+00
  6.37386433e+00  2.22547700e+00  4.36717364e+00
  6.55109699e+00  2.15481007e+00  3.40545957e+00
  6.12973034e+00  1.25342591e+00  3.48393306e+00

molecule   53
  4.66403786e+00  7.14666151e-01  5.14749585e+00
  5.33180012e+00  1.22864519e+00  4.65060225e+00
  6.09002321e+00  6.31156640e-01  4.66325146e+00
  6.84489306e+00  1.28563336e+00  4.91938231e+00
  7.13914932e+00  1.07386829e+00  4.02527475e+00
  8.02735099e+00  8.13489758e-01  4.48708264e+00
  8.83357106e+00  1.36552117e+00  4.68757946e+00
  8.93122301e+00  1.65530089e+00  3.73387376e+00

molecule   54
  3.16498567e+00  2.19544499e+00  9.15860869e+00
  3.87005909e+00  1.75119267e+00  8.59235503e+00
  4.52238453e+00  2.10514554e+00  7.90102151e+00
  4.80690144e+00  2.88890562e+00  8.45768058e+00
  4.54941240e+00  3.14289912e+00  7.55230166e+00
  3.79748875e+00  3.76101636e+00  7.59230281e+00
  3.46639129e+00  4.71118506e+00  7.68583993e+00
  2.49195205e+00  4.61875406e+00  7.78575686e+00

molecule   55
  3.53959959e+00  2.62884385e+00  8.14685588e+00
  3.42519083e+00  2.49515639e+00  7.18710983e+00
  3.97416726e+00  1.65169931e+00  7.11562774e+00
  3.61942521e+00  9.83954776e-01  7.74436203e+00
  2.63558224e+00  1.02456271e+00  7.64705377e+00
  2.23473420e+00  1.59499861e+00  8.33340268e+00
  2.43577615e+00  2.57650263e+00  8.08730691e+00
  2.35236544e+00  2.98179360e+00  7.15967269e+00

molecule   56
  5.51337308e+00  6.93222125e+00  7.44515365e+00
  6.12117727e+00  6.23017381e+00  7.08781597e+00
  5.24141884e+00  5.80005012e+00  6.91177845e+00
  4.45067042e+00  5.64413703e+00  7.47598763e+00
  3.76800781e+00  6.35113507e+00  7.63842449e+00
  4.10281699e+00  6.76346679e+00  6.78905392e+00
  4.58668965e+00  6.49668128e+00  5.94518645e+00
  4.29478798e+00  5.71589299e+00  6.47162147e+00

molecule   57
  6.15967286e+00  8.82389797e+00  4.27184610e+00
  6.74447329e+00  8.60705455e+00  3.51339634e+00
  7.14583738e+00  7.69876376e+00  3.68856710e+00
  6.93382009e+00  6.69752811e+00  3.64167290e+00
  6.93797836e+00  5.86743418e+00  4.23060915e+00
  7.42092578e+00  5.36453083e+00  3.48402154e+00
  6.45018098e+00  5.32937376e+00  3.35605182e+00
  6.51740658e+00  4.51675028e+00  3.98118710e+00

molecule   58
  4.52793556e+00  3.28156726e+00  2.29982341e+00
  5.29173657e+00  3.32526605e+00  3.01593600e+00
  6.26731427e+00  3.26199010e+00  3.24974207e+00
  6.41703330e+00  3.26990259e+00  4.21440769e+00
  7.35670136e+00  3.51809312e+00  4.31648575e+00
  7.28404841e+00  2.92950907e+00  3.49894114e+00
  7.86005948e+00  2.94837147e+00  2.64492216e+00
  8.07194181e+00  3.64560029e+00  3.38011848e+00

molecule   59
  1.80450826e+00  3.10161802e+00  3.81174989e+00
  8.76153594e-01  3.21919292e+00  3.40073860e+00
  1.04002398e+01  3.05872019e+00  3.73315022e+00
  9.58648182e+00  2.67284616e+00  3.30538931e+00
  9.85486200e+00  1.67564710e+00  3.25946720e+00
  8.49015402e-02  2.25174141e+00  2.79746178e+00
  1.66892660e-01  2.65429799e+00  1.88914550e+00
  1.18024227e+00  2.52366601e+00  1.84805462e+00

molecule   60
  6.02238276e+00  8.69225275e-01  3.85780858e-01
  6.69771780e+00  4.76172463e-01  1.01210866e+01
  6.23346837e+00  7.76560249e-02  9.41701110e+00
  5.75488222e+00  1.00455738e+01  8.68470610e+00
  4.93209587e+00  9.64195172e+00  8.16371130e+00
  4.59995920e+00  9.99910475e+00  9.03934055e+00
  3.91191017e+00  9.34162455e+00  8.58415698e+00
  3.98810152e+00  9.91017103e+00  7.81546650e+00

molecule   61
  1.02433316e+01  2.43789689e+00  8.83901869e+00
  9.33492153e+00  2.20638381e+00  8.67994004e+00
  9.28380495e+00  3.10566078e+00  8.23250194e+00
  9.69723883e+00  3.97724871e+00  8.50218271e+00
  9.02782990e+00  4.71705607e+00  8.73747823e+00
  8.54516907e+00  4.80238646e+00  7.91673022e+00
  8.77957745e+00  3.87717708e+00  7.60826399e+00
  9.74664140e+00  3.81499470e+00  7.31859895e+00

molecule   62
  9.22179250e+00  5.47626188e+00  2.19517063e+00
  8.36995301e+00  5.05289896e+00  1.90006426e+00
  7.91177655e+00  4.18467189e+00  1.88484355e+00
  8.54530423e+00  3.42147276e+00  1.90985111e+00
  9.06706663e+00  4.23827696e+00  2.23868122e+00
  1.00479987e+01  4.08484345e+00  2.22018660e+00
  9.84718032e+00  4.65555428e+00  2.99530775e+00
  9.52712946e+00  3.73649461e+00  3.13919470e+00

molecule   63
  7.33336978e+00  8.11205961e+00  2.56776079e+00
  8.26517435e+00  7.87447830e+00  2.73117927e+00
  8.26418959e+00  7.87424233e+00  1.77621483e+00
  8.10956496e+00  8.77989099e+00  1.30233414e+00
  8.87078088e+00  9.13524427e+00  7.69813558e-01
  8.94177684e+00  9.91326436e+00  1.92966264e-01
  8.10063504e+00  1.04296811e+01  3.41782542e-01
  8.26994086e+00  7.58497271e-01  1.01380949e+01

molecule   64
  8.25412381e+00  2.50833139e+00  1.57331728e+00
  8.46256297e+00  2.94682490e+00  7.35380299e-01
  7.67651060e+00  3.60253024e+00  7.49956523e-01
  6.84611697e+00  3.03354646e+00  1.02012579e+00
  6.02063058e+00  3.19994512e+00  1.53703617e+00
  5.32393831e+00  2.68271479e+00  1.99045947e+00
  4.73001825e+00  1.95126631e+00  2.16996102e+00
  5.60866815e+00  1.56526487e+00  2.51611347e+00

molecule   65
  3.55926626e+00  2.88632509e+00  3.27786724e+00
  2.99426157e+00  3.59166753e+00  2.85763311e+00
  3.41373354e+00  2.94653400e+00  2.20436990e+00
  3.94224867e+00  3.10401646e+00  1.37431429e+00
  3.81328600e+00  2.09806262e+00  1.48729531e+00
  3.48178506e+00  1.13681399e+00  1.47794112e+00
  2.82116274e+00  9.59319379e-01  2.20551639e+00
  2.51639890e+00  8.27271744e-01  1.26743981e+00

molecule   66
  5.09993679e+00  1.03563055e+01  3.97181884e+00
  5.94314788e+00  9.84617478e+00  3.94885468e+00
  6.03194989e+00  9.29256880e+00  3.07013859e+00
  6.85227820e+00  9.79248830e+00  2.63622485e+00
  6.39911129e+00  4.78979046e-02  3.16900208e+00
  6.92883046e+00  1.01388215e+01  3.87442013e+00
  7.66793777e+00  1.00197666e+01  4.51898525e+00
  8.19305913e+00  9.90197184e+00  3.69876666e+00

molecule   67
  7.33767758e+00  3.50662742e+00  7.96945086e+00
  6.77966032e+00  3.34702218e+00  7.16122722e+00
  6.72976470e+00  2.40458326e+00  6.83247051e+00
  7.61342428e+00  2.50307918e+00  7.40814543e+00
  8.24644108e+00  2.60684302e+00  6.64333706e+00
  7.89535388e+00  1.83514777e+00  6.14946387e+00
  7.51275254e+00  8.83824371e-01  6.10184260e+00
  7.46696556e+00  1.03947503e+01  6.32635945e+00

molecule   68
  5.81483684e+00  7.37201207e+00  2.51290053e+00
  6.29444116e+00  7.65371552e+00  1.67789464e+00
  7.13070912e+00  8.06902572e+00  1.35688988e+00
  6.97966621e+00  7.43935569e+00  6.21076032e-01
  6.27184232e+00  8.11195004e+00  6.37716603e-01
  5.59866520e+00  7.43994274e+00  8.22904485e-01
  5.29631815e+00  6.49710308e+00  8.64638933e-01
  6.27361364e+00  6.48140627e+00  5.31208513e-01

molecule   69
  5.78497670e+00  3.52386286e+00  8.04141312e+00
  6.34503882e+00  3.13563108e+00  8.72938743e+00
  6.13598456e+00  2.61962377e+00  7.90513624e+00
  5.53506627e+00  1.97951442e+00  8.36844999e+00
  5.88453262e+00  1.47603930e+00  9.15372896e+00
  6.60601649e+00  1.39487320e+00  9.78969675e+00
  7.27357417e+00  1.07565360e+00  9.15618977e+00
  7.06339929e+00  2.05937216e+00  9.28510607e+00

molecule   70
  7.68019223e+00  5.50262687e+00  1.03270064e+01
  8.46608721e+00  5.14835427e+00  9.77282908e+00
  8.89289375e+00  5.30284494e+00  1.85769487e-01
  9.26306687e+00  5.45076238e+00  1.10980530e+00
  9.94361508e+00  4.71387228e+00  1.05230343e+00
  1.01972349e+01  3.77939880e+00  1.24979901e+00
  9.61519087e+00  3.00985099e+00  1.58370129e+00
  9.83279970e+00  2.02163333e+00  1.45247277e+00

molecule   71
  5.38736914e+00  7.63682444e+00  9.52691139e+00
  6.30976737e+00  7.96749788e+00  9.35016098e+00
  6.87963165e+00  8.17446089e+00  8.57881024e+00
  6.98611830e+00  7.21780122e+00  8.43719116e+00
  6.85191935e+00  7.15067275e+00  7.44264796e+00
  7.38775942e+00  6.79298212e+00  6.67868227e+00
  6.68933291e+00  7.32006628e+00  6.16046589e+00
  6.96436135e+00  6.80660932e+00  5.33593115e+00

molecule   72
  7.13429790e+00  4.74208691e+00  1.45595226e+00
  7.92160864e+00  5.13218395e+00  1.03369279e+00
  8.16233244e+00  4.54944619e+00  2.82373486e-01
  7.14663155e+00  4.56756660e+00  4.34273003e-01
  6.78839876e+00  4.52028914e+00  9.93700217e+00
  7.32667024e+00  3.73634519e+00  1.01899882e+01
  7.83755194e+00  4.31234486e+00  9.60765330e+00
  7.54286307e+00  5.21509661e+00  9.31346318e+00

molecule   73
  4.77406173e+00  2.17088403e+00  1.17175259e+00
  4.84769514e+00  3.21583751e+00  1.21381880e+00
  5.41584705e+00  2.91074880e+00  4.39170990e-01
  6.03381365e+00  3.68993029e+00  6.06853273e-01
  5.90412396e+00  4.47048706e+00  1.17957911e+00
  5.31914950e+00  5.28627822e+00  1.44750721e+00
  6.24436601e+00  5.23496696e+00  1.87512981e+00
  6.71282179e+00  5.82719077e+00  1.26739087e+00

molecule   74
  8.33143732e+00  6.05678564e+00  7.70460386e-01
  8.53463956e+00  6.76970649e+00  1.17304673e-01
  9.25432068e+00  7.48170449e+00  1.38780512e-01
  9.66981506e+00  7.69691069e+00  9.89513120e-01
  1.03034492e+01  7.28083947e+00  1.59533830e+00
  9.38099517e+00  7.09719027e+00  1.93874052e+00
  9.16282310e+00  6.72910820e+00  1.02513526e+00
  9.98362116e+00  6.26016713e+00  7.05389450e-01

molecule   75
  2.43118422e+00  8.12933102e+00  6.66095167e+00
  1.58806989e+00  7.76600662e+00  6.93718258e+00
  7.48995110e-01  7.35227074e+00  6.67474332e+00
  4.35309604e-01  8.32683732e+00  6.44730134e+00
  1.27192078e+00  8.79403390e+00  6.71907655e+00
  4.10822961e-01  9.35048199e+00  6.56808218e+00
  9.90360544e+00  9.04874638e+00  6.43390100e+00
  9.88921433e+00  9.64535794e+00  5.63929588e+00

molecule   76
  5.79456671e+00  1.00144696e+01  2.07515420e+00
  5.33712666e+00  9.21016968e+00  1.75895602e+00
  5.71230061e+00  9.16930799e+00  8.86163592e-01
  4.70755379e+00  9.12802393e+00  9.44698505e-01
  4.02614613e+00  9.13106315e+00  1.71178928e+00
  3.77128053e+00  8.20634186e+00  2.05960262e+00
  3.69299593e+00  8.32527536e+00  1.06803844e+00
  4.35303755e+00  7.60386641e+00  8.88391308e-01

molecule   77
  6.13134841e+00  3.63266578e+00  9.56747028e+00
  6.13793436e+00  2.83141854e+00  1.01131781e+01
  7.03718026e+00  2.60791044e+00  5.07042978e-02
  6.62608148e+00  1.92981282e+00  6.64190307e-01
  6.88029477e+00  1.34345997e+00  1.38838263e+00
  7.28382653e+00  7.79963690e-01  6.70707359e-01
  6.79348826e+00  7.96834237e-02  1.22625731e+00
  6.88540226e+00  9.94315655e+00  4.16583842e-01

molecule   78
  7.67121181e+00  6.66671993e+00  7.82911030e+00
  8.15927163e+00  6.04073095e+00  7.19230438e+00
  7.85577293e+00  5.22781586e+00  6.65660034e+00
  8.67853250e+00  4.65376212e+00  6.68943660e+00
  8.90444588e+00  3.68666341e+00  6.60196885e+00
  8.09949735e+00  3.81236287e+00  6.01119997e+00
  7.86366290e+00  3.49169183e+00  6.92979460e+00
  7.36571563e+00  4.37795079e+00  6.85730252e+00

molecule   79
  4.16872376e+00  8.10978958e+00  3.19254426e+00
  3.76018618e+00  8.97315934e+00  2.78337581e+00
  2.83223214e+00  9.29846977e+00  3.05630258e+00
  2.90486465e+00  8.32536421e+00  3.37740672e+00
  2.32088251e+00  8.85396298e+00  3.93718578e+00
  1.72409090e+00  8.79579394e+00  4.71408299e+00
  2.01843085e+00  8.69296431e+00  5.64936298e+00
  2.76156203e+00  8.31730347e+00  5.08470277e+00

molecule   80
  9.72725797e+00  6.59827712e+00  2.96175859e+00
  1.03597759e+01  5.79581903e+00  3.17493307e+00
  9.70709403e+00  5.96755213e+00  3.89199139e+00
  8.75825815e+00  5.73246698e+00  3.94887487e+00
  8.86895550e+00  6.69909672e+00  3.80601475e+00
  8.55186204e+00  6.95307581e+00  2.89859810e+00
  7.57035368e+00  7.17331009e+00  2.98842596e+00
  8.02209192e+00  7.20525817e+00  3.87497744e+00

molecule   81
  2.12390292e+00  4.71469235e+00  1.02576809e+01
  2.16205077e+00  4.35476991e+00  7.55685272e-01
  2.85374476e+00  4.43142570e+00  1.44987393e+00
  2.16096706e+00  5.09304872e+00  1.82704411e+00
  1.28038775e+00  5.44888116e+00  1.59687609e+00
  5.20201755e-01  5.51106577e+00  9.85477308e-01
  1.02834672e+01  5.29747053e+00  2.86577049e-01
  6.69456848e-01  5.30742608e+00  1.01418487e+01

molecule   82
  9.67163753e+00  4.53674771e-01  3.34802337e+00
  8.71349421e+00  4.84798960e-01  3.37560168e+00
  8.18336878e+00  1.04398828e+01  2.69934157e+00
  8.38546018e+00  9.57303163e+00  2.34227484e+00
  8.73459763e+00  8.80291097e+00  2.84729449e+00
  9.27947150e+00  8.54882646e+00  3.64236276e+00
  9.48633257e+00  7.62960889e+00  3.99727074e+00
  9.45429371e+00  7.22033089e+00  4.91556986e+00

molecule   83
  9.36873649e+00  4.09487074e+00  5.13518865e+00
  9.79448929e+00  3.41806695e+00  4.50763696e+00
  1.00198573e+01  4.17514000e+00  3.88743425e+00
  2.31957438e-01  3.97002693e+00  4.61826718e+00
  1.02679833e+01  4.45601931e+00  5.37661326e+00
  9.50994130e+00  5.11999130e+00  5.21048726e+00
  9.29582786e+00  5.83189986e+00  5.86861058e+00
  9.89761162e+00  6.31414786e+00  5.26111024e+00

molecule   84
  2.51960780e+00  3.41029970e+00  1.29326225e+00
  3.08469722e+00  3.11495924e+00  4.96614466e-01
  3.44348310e+00  2.38099139e+00  1.03360123e+01
  3.26626826e+00  1.45911870e+00  1.02318115e+01
  3.79699273e+00  1.63708529e+00  5.74034827e-01
  2.80803037e+00  1.77239715e+00  5.83848058e-01
  2.16375120e+00  1.81000041e+00  1.38190249e+00
  1.34591027e+00  1.35713788e+00  1.79821557e+00

molecule   85
  1.01432097e+01  5.61762443e+00  8.71160617e+00
  1.03525238e+01  5.85459067e+00  9.65470420e+00
  9.42477620e+00  6.23716278e+00  9.89786297e+00
  1.00834750e+01  6.94131238e+00  1.01321192e+01
  9.75002798e+00  7.80219596e+00  9.74107540e+00
  9.26585597e+00  8.58932502e+00  1.00876753e+01
  9.71094481e+00  9.46728051e+00  9.78525085e+00
  1.00753092e+01  1.01913503e+01  1.04414368e+01

molecule   86
  1.19942295e+00  2.17911985e+00  2.76891024e+00
  5.69459558e-01  1.37664110e+00  2.61541135e+00
  2.96198279e-01  9.94044716e-01  1.69558422e+00
  5.90601331e-01  3.98373631e-01  9.76158398e-01
  2.00267856e-01  1.01482316e+01  1.51752650e+00
  9.87471308e+00  1.04221186e+01  9.64986930e-01
  9.90861366e+00  3.07158627e-01  1.87465257e+00
  9.55264728e+00  9.87515435e+00  2.17253556e+00

molecule   87
  1.00459110e+01  8.50346438e+00  3.51145185e-01
  4.97807601e-01  8.72098332e+00  1.65793639e-02
  3.85856177e-01  8.42964679e+00  9.54230363e+00
  2.89461744e-01  7.41765392e+00  9.43759883e+00
  1.29782531e+00  7.58245686e+00  9.50521763e+00
  2.20127790e+00  7.99363794e+00  9.33165059e+00
  1.92900709e+00  7.24466903e+00  8.67900293e+00
  9.26984359e-01  7.13033124e+00  8.48647421e+00

molecule   88
  8.39057371e+00  7.01581761e+00  6.68949440e+00
  8.77936698e+00  7.89754834e+00  6.63639208e+00
  8.00721917e+00  8.17226506e+00  6.07548621e+00
  7.13476229e+00  8.37500713e+00  6.42390049e+00
  6.17904861e+00  8.70787328e+00  6.39686911e+00
  6.20000184e+00  8.12720405e+00  5.59020581e+00
  5.54718912e+00  7.48910220e+00  6.02762661e+00
  5.90088438e+00  7.78165086e+00  6.88956588e+00

molecule   89
  4.02128133e+00  6.42654829e+00  3.01829013e+00
  3.61370627e+00  7.27070427e+00  3.41421581e+00
  3.76583948e+00  7.46975026e+00  4.38107737e+00
  3.04123416e+00  7.13201260e+00  4.94426227e+00
  2.29434498e+00  6.63334587e+00  5.41577748e+00
  1.72953359e+00  6.35481742e+00  6.12219025e+00
  1.36278065e+00  7.19430855e+00  5.81944185e+00
  1.44360009e+00  7.99703280e+00  5.27603172e+00

molecule   90
  5.57525639e+00  7.06636844e+00  8.61909972e+00
  5.79555061e+00  7.82957941e+00  8.01409405e+00
  5.03707480e+00  8.03936784e+00  7.40059719e+00
  4.26880737e+00  8.64161850e+00  7.20475088e+00
  3.61520950e+00  8.15238415e+00  6.66166874e+00
  4.47156611e+00  8.07925082e+00  6.14884858e+00
  3.74595209e+00  8.05991355e+00  5.44657149e+00
  3.81396654e+00  8.93344828e+00  5.92150575e+00

molecule   91
  1.62043330e+00  1.26200311e+00  7.08140948e-01
  1.64691984e+00  4.19868567e-01  2.30777740e-01
  2.64418227e+00  1.44595618e-01  3.75149487e-01
  2.77553676e+00  1.00281596e+01  1.20423626e+00
  2.88548151e+00  9.05662979e+00  1.47001769e+00
  2.03544122e+00  9.38282447e+00  1.13985447e+00
  1.29058001e+00  1.00451859e+01  1.12903824e+00
  8.03687397e-01  9.72826136e+00  3.30412062e-01

molecule   92
  5.38046779e+00  4.10856468e+00  2.05729056e+00
  5.53201214e+00  4.82031013e+00  2.71158918e+00
  4.95909431e+00  5.62600004e+00  2.69378705e+00
  4.58921483e+00  4.89474618e+00  2.13104552e+00
  4.27960631e+00  4.76401164e+00  3.04961073e+00
  4.09691324e+00  5.46353739e+00  3.74835300e+00
  3.77314986e+00  6.33494388e+00  3.99354549e+00
  4.78131207e+00  6.43359721e+00  3.93708755e+00

molecule   93
  1.07889783e+00  2.18538634e+00  4.70353780e+00
  5.28372442e-01  3.03340289e+00  4.60223295e+00
  1.47736388e+00  3.22345599e+00  4.94258481e+00
  1.29211660e+00  3.02621001e+00  5.90676475e+00
  1.96727543e+00  2.32655914e+00  5.68214081e+00
  2.46748911e+00  2.94798084e+00  5.02307120e+00
  3.00903906e+00  3.52626848e+00  4.45792174e+00
  3.83425316e+00  3.11086143e+00  4.88757955e+00

molecule   94
  4.74884528e+00  1.70729802e+00  5.56699301e+00
  4.38542455e+00  1.76150449e+00  4.63204870e+00
  3.45721998e+00  2.07616563e+00  4.51934742e+00
  3.24424591e+00  1.13460058e+00  4.26096780e+00
  4.10585788e+00  6.46196961e-01  4.06489386e+00
  3.76254612e+00  6.22182232e-02  3.37100816e+00
  3.97159523e+00  9.89493315e+00  4.09116978e+00
  4.06545100e+00  8.87124551e+00  3.87758748e+00

molecule   95
  1.40843905e+00  6.26267735e-01  7.23677387e+00
  7.86771023e-01  1.27563567e+00  7.67461068e+00
  2.16863230e-01  2.00582384e+00  8.06822318e+00
  1.00770041e+01  2.74363701e+00  7.73243467e+00
  9.16301374e+00  2.32570287e+00  7.59817654e+00
  9.73828690e+00  1.56959903e+00  7.29424762e+00
  9.97415315e+00  2.22498443e+00  6.52490529e+00
  4.33257599e-01  2.46920094e+00  6.21020557e+00

molecule   96
  1.01608014e+00  4.23484257e+00  6.84934471e+00
  1.63089736e+00  4.07979858e+00  6.01720347e+00
  2.39381478e+00  4.34971046e+00  6.63439759e+00
  2.66265325e+00  3.64387090e+00  5.97181910e+00
  2.75646520e+00  2.68037567e+00  6.27519071e+00
  2.80665253e+00  1.77407108e+00  6.66690034e+00
  2.02251073e+00  1.66887107e+00  7.19342714e+00
  1.57210327e+00  2.44277123e+00  6.75894405e+00

molecule   97
  1.03108232e+01  9.78195949e+00  4.67685202e+00
  1.03518780e+01  9.76428438e+00  3.65112635e+00
  9.79452072e+00  9.23445127e+00  3.00787203e+00
  9.21153672e+00  9.66653932e+00  3.64328593e+00
  9.28336836e+00  1.03720511e+01  4.33846288e+00
  8.65451531e+00  9.73543424e+00  4.79524258e+00
  9.46615417e+00  9.15697400e+00  4.61664525e+00
  9.95615956e+00  8.33444367e+00  4.65782462e+00

molecule   98
  2.77703838e+00  6.79736352e+00  6.52903099e+00
  3.48896285e+00  6.47771004e+00  5.85236705e+00
  4.05281423e+00  6.76059641e+00  5.03646386e+00
  4.29464357e+00  5.80561991e+00  4.89448983e+00
  3.35912996e+00  5.58597008e+00  5.09090791e+00
  3.26223793e+00  4.72503952e+00  5.61542857e+00
  3.84658792e+00  4.69477060e+00  6.41750896e+00
  4.04820123e+00  3.70049290e+00  6.55596902e+00

molecule   99
  7.13699303e+00  8.57455401e+00  9.99326031e-02
  7.35529980e+00  8.36006779e+00  9.60626968e+00
  7.72678572e+00  8.91007857e+00  8.87304495e+00
  7.12618887e+00  9.55052485e+00  9.34540301e+00
  7.61768410e+00  9.67928138e+00  1.01997052e+01
  8.36611060e+00  9.00629042e+00  1.02281292e+01
  8.20636583e+00  8.04071894e+00  1.02282749e+01
  8.06956293e+00  7.52646677e+00  6.38837817e-01
