    McEnergyAverage{
      interval                             100
      outputFileName                 energyAve
      nSamplePerBlock                       10
    }

Average     5.8169878e+02
Variance    5.8088350e+02
Std Dev     2.4101525e+01

Hierarchichal Error Analysis:
              0              1  6.9574819e-02         120001
              1              2  7.0062766e-02          60000
              2              4  7.0370534e-02          30000
              3              8  7.0458304e-02          15000
              4             16  7.1158560e-02           7500
              5             32  7.0962157e-02           3750
              6             64  7.1441516e-02           1875
              7            128  7.0801933e-02            937
              8            256  7.1382967e-02            468
              9            512  7.0272932e-02            234
             10           1024  6.7525810e-02            117
             11           2048  7.3357510e-02             58
             12           4096  7.4810673e-02             29
             13           8192  8.1244944e-02             14
             14          16384  6.0446889e-02              7
