  5.7520003e+02
  5.8129904e+02
  5.8882860e+02
  5.8417808e+02
  5.7949823e+02
  5.8408720e+02
  5.8279495e+02
  5.8558453e+02
  5.8133362e+02
  5.8137423e+02
  5.8084346e+02
  5.8346958e+02
  5.6541482e+02
  5.7242906e+02
  6.0073528e+02
  5.9322420e+02
  5.9719201e+02
  5.7054475e+02
  5.9052364e+02
  5.7556408e+02
  5.9893269e+02
  5.8128746e+02
  5.7651802e+02
  5.8174067e+02
  5.8193090e+02
  5.8331708e+02
  5.8154435e+02
  5.8104211e+02
  5.6687820e+02
  5.6956201e+02
  5.7400521e+02
  5.7576540e+02
  5.8722268e+02
  5.7368050e+02
  5.8780192e+02
  5.8652282e+02
  5.7799356e+02
  5.7654250e+02
  5.7689840e+02
  5.7650754e+02
  5.8402624e+02
  5.8181443e+02
  5.7970588e+02
  5.6363447e+02
  5.8515454e+02
  5.9282871e+02
  5.7384401e+02
  5.8571108e+02
  5.8731480e+02
  5.9427083e+02
  5.7977368e+02
  5.7662845e+02
  5.6607157e+02
  5.9621010e+02
  5.8745405e+02
  5.8116926e+02
  5.8916849e+02
  5.7080982e+02
  5.9447426e+02
  5.8070372e+02
  5.7352942e+02
  5.9295728e+02
  5.8583755e+02
  6.0312040e+02
  5.8119528e+02
  5.8768301e+02
  5.8599587e+02
  5.9124680e+02
  5.8136105e+02
  5.7006874e+02
  5.8208661e+02
  5.6616406e+02
  5.6780659e+02
  5.8013896e+02
  5.9270662e+02
  5.8340373e+02
  5.6508436e+02
  5.9087511e+02
  5.9120662e+02
  5.7927920e+02
  5.7816763e+02
  5.7702290e+02
  5.7448175e+02
  5.7836970e+02
  5.7970155e+02
  5.8124407e+02
  5.7324201e+02
  5.7976046e+02
  5.7992090e+02
  5.9360189e+02
  5.8164844e+02
  5.7415774e+02
  5.7796468e+02
  5.8365696e+02
  5.8754591e+02
  5.7831607e+02
  5.7864818e+02
  5.7825616e+02
  5.7051472e+02
  5.8808203e+02
  5.9046240e+02
  5.9190394e+02
  5.7324503e+02
  5.8354264e+02
  5.9145195e+02
  6.0489515e+02
  5.9404476e+02
  5.7795778e+02
  5.8190954e+02
  5.8212558e+02
  5.7237056e+02
  5.8968916e+02
  5.8171420e+02
  5.9187306e+02
  5.6988135e+02
  5.7864092e+02
  5.7763449e+02
  5.6809450e+02
  5.7584739e+02
  5.8670595e+02
  5.9355025e+02
  5.7572857e+02
  5.8852065e+02
  5.8221502e+02
  5.7173048e+02
  5.6745981e+02
  5.8091087e+02
  5.8127947e+02
  5.6731720e+02
  5.7655867e+02
  5.8117532e+02
  5.7695760e+02
  5.9034825e+02
  5.8983980e+02
  5.9139537e+02
  5.7328266e+02
  5.7757545e+02
  5.6825471e+02
  5.8684197e+02
  5.9465893e+02
  5.7404539e+02
  5.7867409e+02
  5.9003960e+02
  5.9301253e+02
  5.7479097e+02
  5.8212779e+02
  5.8391475e+02
  5.9624697e+02
  5.9602980e+02
  5.8894159e+02
  5.8638360e+02
  5.8122700e+02
  5.8647796e+02
  5.7872968e+02
  5.7359062e+02
  5.6793178e+02
  5.8736279e+02
  5.9097705e+02
  5.7893594e+02
  5.7663019e+02
  5.8175518e+02
  5.7234048e+02
  5.7388641e+02
  5.7520078e+02
  5.8465888e+02
  5.7798605e+02
  5.8729660e+02
  5.7931640e+02
  5.8232176e+02
  5.7959132e+02
  5.8317066e+02
  5.7719354e+02
  5.8619906e+02
  5.7045667e+02
  5.8048583e+02
  5.7457601e+02
  5.7001195e+02
  5.8625575e+02
  5.7821013e+02
  5.7421616e+02
  5.9208256e+02
  5.8587575e+02
  5.9404214e+02
  5.8885836e+02
  5.7292342e+02
  5.9384089e+02
  5.9617729e+02
  5.7530837e+02
  5.7663727e+02
  5.7784935e+02
  6.0054162e+02
  5.7040271e+02
  5.8437921e+02
  5.8635077e+02
  5.6950718e+02
  5.7937113e+02
  5.8547186e+02
  5.7801267e+02
  5.7849062e+02
  5.8335094e+02
  5.9217693e+02
  5.8500873e+02
  5.7503758e+02
  5.8982952e+02
  5.6912639e+02
  5.8857122e+02
  5.8352010e+02
  5.8333881e+02
  5.8181435e+02
  5.8166699e+02
  5.9888968e+02
  5.8093109e+02
  5.7680831e+02
  5.9429957e+02
  5.8642224e+02
  5.9205960e+02
  5.9298815e+02
  5.8804594e+02
  5.8174177e+02
  5.8017261e+02
  5.7157186e+02
  5.7230097e+02
  5.8004399e+02
  5.7566133e+02
  5.8399928e+02
  5.7532577e+02
  5.7609491e+02
  5.7906857e+02
  5.7239383e+02
  5.7131593e+02
  5.6670676e+02
  5.9117428e+02
  5.7431891e+02
  5.8037820e+02
  5.8294996e+02
  5.8344360e+02
  5.8048087e+02
  5.6584948e+02
  5.9095137e+02
  5.8930812e+02
  5.7768865e+02
  5.7477829e+02
  5.9619585e+02
  5.8933479e+02
  5.7946407e+02
  5.8939363e+02
  5.7400835e+02
  5.8583147e+02
  5.8671302e+02
  5.8976662e+02
  5.7883210e+02
  5.7819100e+02
  5.6984696e+02
  5.7975834e+02
  5.8203775e+02
  5.7824423e+02
  5.8438229e+02
  5.7594131e+02
  5.8058976e+02
  5.8410797e+02
  5.8617284e+02
  5.8097886e+02
  5.8173960e+02
  5.7446460e+02
  5.8318398e+02
  5.7516709e+02
  5.7200236e+02
  5.6754464e+02
  5.8781915e+02
  5.8138256e+02
  5.8822193e+02
  5.8325402e+02
  5.6504844e+02
  6.1503319e+02
  5.7730315e+02
  5.9211964e+02
  5.7782213e+02
  5.9207131e+02
  5.8231890e+02
  5.7647447e+02
  5.8933963e+02
  5.8259738e+02
  5.9676633e+02
  5.7664905e+02
  5.8817966e+02
  5.7478995e+02
  5.7411601e+02
  5.8732933e+02
  5.7308727e+02
  5.8497991e+02
  5.8575548e+02
  5.7168402e+02
  5.7175395e+02
  5.6877351e+02
  5.7203340e+02
  5.8176131e+02
  5.7589556e+02
  5.8112862e+02
  5.7645174e+02
  5.8963132e+02
  5.8544707e+02
  5.8371655e+02
  5.7917282e+02
  5.7933613e+02
  5.6807182e+02
  5.8584376e+02
  5.7851847e+02
  5.7859923e+02
  5.8918895e+02
  5.8154235e+02
  5.8444991e+02
  5.8722732e+02
  5.8584590e+02
  5.6634386e+02
  5.7066278e+02
  5.7269939e+02
  5.7210188e+02
  5.8891644e+02
  5.7770070e+02
  5.8516510e+02
  5.7672160e+02
  5.8441962e+02
  5.9570058e+02
  5.8043404e+02
  5.7519837e+02
  5.8365629e+02
  5.7116630e+02
  5.8559524e+02
  5.7824508e+02
  5.9142561e+02
  5.7620331e+02
  5.8613499e+02
  5.7224316e+02
  5.9604604e+02
  5.7857613e+02
  5.6737392e+02
  5.8890244e+02
  5.8994609e+02
  5.8888124e+02
  5.7731178e+02
  5.8532538e+02
  5.7203977e+02
  5.8542868e+02
  5.8102830e+02
  5.7464968e+02
  5.6421677e+02
  5.8223083e+02
  5.7352583e+02
  5.8078588e+02
  5.8237445e+02
  5.8305918e+02
  5.7421988e+02
  5.8185604e+02
  5.8542448e+02
  5.8407433e+02
  5.7244475e+02
  5.6844578e+02
  5.8198982e+02
  5.8312920e+02
  5.8937749e+02
  5.7341007e+02
  5.7856917e+02
  5.7229418e+02
  5.8329313e+02
  5.7884636e+02
  5.7937582e+02
  6.0365118e+02
  5.8368692e+02
  5.7946940e+02
  5.8372974e+02
  5.9347745e+02
  5.7948167e+02
  5.8481745e+02
  5.7567845e+02
  5.7269499e+02
  5.7323550e+02
  5.8283209e+02
  5.8618893e+02
  5.7296108e+02
  5.7275367e+02
  5.7880567e+02
  5.8019031e+02
  5.8964101e+02
  5.8424528e+02
  5.6875942e+02
  5.7952934e+02
  5.9047208e+02
  5.8436010e+02
  5.8113705e+02
  5.7550261e+02
  5.7387570e+02
  5.9550474e+02
  5.7676364e+02
  5.8035157e+02
  5.4989122e+02
  5.7705778e+02
  5.7884154e+02
  5.8938920e+02
  5.8685014e+02
  5.7443226e+02
  5.7334822e+02
  5.7878506e+02
  5.9319657e+02
  5.7843126e+02
  5.8583616e+02
  5.7957804e+02
  5.7907067e+02
  5.9257262e+02
  5.7998234e+02
  5.8295794e+02
  5.7382462e+02
  5.7624984e+02
  5.8286410e+02
  5.9188259e+02
  5.7890297e+02
  5.8967605e+02
  5.7823841e+02
  5.7539577e+02
  5.8988776e+02
  5.8798361e+02
  5.7230007e+02
  5.7524372e+02
  5.7999001e+02
  5.8174495e+02
  5.8916117e+02
  5.8013705e+02
  5.7846377e+02
  5.7829742e+02
  5.7973339e+02
  5.7537834e+02
  5.7494353e+02
  5.7100643e+02
  5.9224261e+02
  5.6886571e+02
  5.8550818e+02
  5.7405373e+02
  5.6558381e+02
  5.7523663e+02
  5.6781685e+02
  5.9760588e+02
  5.9026673e+02
  5.8014861e+02
  5.8007513e+02
  5.7996566e+02
  5.7502714e+02
  5.9029396e+02
  5.9377428e+02
  5.9051563e+02
  5.8730207e+02
  5.7208900e+02
  5.7789283e+02
  5.8963782e+02
  5.7857087e+02
  5.7978252e+02
  5.7946343e+02
  5.9209337e+02
  5.7457133e+02
  5.6858513e+02
  5.8986054e+02
  5.7744162e+02
  5.7661886e+02
  5.6709420e+02
  5.7890065e+02
  5.7203487e+02
  5.6523496e+02
  5.6991263e+02
  5.7623173e+02
  5.9487643e+02
  5.9020545e+02
  6.0004858e+02
  5.7958321e+02
  5.8104553e+02
  5.8996073e+02
  5.9163503e+02
  5.8184975e+02
  5.6242475e+02
  5.7023439e+02
  5.8650827e+02
  5.9259226e+02
  5.8001139e+02
  5.9088737e+02
  5.8807424e+02
  5.6740550e+02
  5.7329766e+02
  5.7819246e+02
  5.8039211e+02
  5.8690604e+02
  5.8318358e+02
  5.8528573e+02
  5.8843473e+02
  5.8155663e+02
  5.8722825e+02
  5.9125973e+02
  5.6681466e+02
  5.6973907e+02
  5.8019917e+02
  5.6849021e+02
  5.7788488e+02
  5.8424272e+02
  5.8791151e+02
  5.8472709e+02
  5.8923578e+02
  5.7487178e+02
  5.9152168e+02
  5.8106068e+02
  5.8674637e+02
  5.8519818e+02
  5.7805657e+02
  5.8991009e+02
  5.7779605e+02
  5.9346403e+02
  5.7764633e+02
  5.7852051e+02
  5.8570167e+02
  5.8289731e+02
  5.9100883e+02
  5.8845200e+02
  5.7177994e+02
  5.6936351e+02
  5.9263631e+02
  5.8166141e+02
  5.8819453e+02
  5.8609448e+02
  5.8040291e+02
  5.8182575e+02
  5.7563999e+02
  5.8249853e+02
  5.9160863e+02
  5.7158308e+02
  5.9673136e+02
  5.6858429e+02
  5.7252915e+02
  5.6465316e+02
  5.8440085e+02
  5.7540258e+02
  5.7993726e+02
  5.9190029e+02
  5.8475972e+02
  5.7729133e+02
  5.8537228e+02
  5.7513767e+02
  5.9440786e+02
  5.7754773e+02
  5.8410539e+02
  5.7050407e+02
  5.7489989e+02
  5.8594298e+02
  5.8877657e+02
  5.9739097e+02
  5.8290000e+02
  5.7523406e+02
  5.9607966e+02
  5.9400433e+02
  5.8297422e+02
  5.9620277e+02
  5.7322576e+02
  5.8168778e+02
  5.7820941e+02
  5.9401050e+02
  5.8277242e+02
  5.7717423e+02
  5.9593501e+02
  6.0349860e+02
  5.6782787e+02
  5.8039016e+02
  5.8797647e+02
  5.9240867e+02
  5.8260478e+02
  5.8155221e+02
  5.8578696e+02
  5.8422059e+02
  5.7064597e+02
  5.8675123e+02
  5.9035757e+02
  5.8441130e+02
  5.8760780e+02
  5.8001820e+02
  5.7220932e+02
  5.7101968e+02
  5.7678906e+02
  5.7944636e+02
  5.8807223e+02
  5.7307964e+02
  5.7258631e+02
  5.6858645e+02
  5.7859361e+02
  5.8474634e+02
  5.8516815e+02
  5.8010475e+02
  5.8010868e+02
  5.8139825e+02
  5.8546240e+02
  5.7753182e+02
  5.8622705e+02
  5.8442403e+02
  5.9318382e+02
  5.7139165e+02
  5.8836782e+02
  5.7272443e+02
  5.9894348e+02
  5.8692595e+02
  5.6449383e+02
  5.8023145e+02
  5.9293089e+02
  5.8283299e+02
  5.7007999e+02
  5.8381037e+02
  5.7626118e+02
  5.8577471e+02
  5.9450489e+02
  5.7452693e+02
  5.8405300e+02
  6.0187575e+02
  5.7347210e+02
  5.8055253e+02
  5.7844511e+02
  5.8822323e+02
  5.8213431e+02
  5.8321982e+02
  5.8788550e+02
  5.7603895e+02
  5.9128121e+02
  5.9504252e+02
  6.0279869e+02
  5.7553040e+02
  5.9483962e+02
  5.6107579e+02
  5.8738683e+02
  5.7440198e+02
  5.8226790e+02
  5.8731843e+02
  5.7957360e+02
  5.8379854e+02
  5.9190798e+02
  5.7692328e+02
  5.7851525e+02
  5.9222027e+02
  5.8608153e+02
  5.8968023e+02
  5.8690943e+02
  5.8376111e+02
  5.6118616e+02
  5.7594289e+02
  5.8891624e+02
  5.7764795e+02
  5.8117362e+02
  5.7786854e+02
  5.9272136e+02
  5.6268973e+02
  5.8683419e+02
  5.7568424e+02
  5.8003410e+02
  5.7646572e+02
  5.9250972e+02
  5.6887530e+02
  5.7380806e+02
  5.8632069e+02
  5.8031235e+02
  5.7648105e+02
  5.7826771e+02
  5.7684091e+02
  5.8444076e+02
  5.8503320e+02
  5.9035800e+02
  5.8314858e+02
  5.6376850e+02
  5.7622980e+02
  5.8004489e+02
  5.7899094e+02
  5.9561352e+02
  5.8641282e+02
  5.7767807e+02
  5.6515835e+02
  5.8336029e+02
  5.8677896e+02
  5.8588412e+02
  5.7226543e+02
  5.6999492e+02
  5.9268290e+02
  5.8611277e+02
  5.8387411e+02
  5.8304203e+02
  5.7349848e+02
  5.8985024e+02
  5.8844725e+02
  5.7824827e+02
  5.7679439e+02
  5.7698351e+02
  5.7724159e+02
  5.8559913e+02
  5.7547281e+02
  5.8246374e+02
  5.7716170e+02
  5.7941943e+02
  5.7253833e+02
  5.9046357e+02
  5.8105039e+02
  5.8574302e+02
  5.9812342e+02
  5.7357714e+02
  5.9773970e+02
  5.8152817e+02
  5.9285025e+02
  5.8721629e+02
  5.9714386e+02
  5.7674710e+02
  5.8025190e+02
  5.7031467e+02
  5.7195557e+02
  5.8755318e+02
  5.6974328e+02
  5.8098060e+02
  5.9191543e+02
  5.8933344e+02
  5.7118941e+02
  5.8057757e+02
  5.7670051e+02
  5.6866387e+02
  5.8804970e+02
  5.7935272e+02
  5.6948214e+02
  5.6314941e+02
  5.7278673e+02
  5.9481584e+02
  5.7053017e+02
  5.8841392e+02
  5.9157320e+02
  5.8294940e+02
  5.8665041e+02
  5.6922399e+02
  5.9570443e+02
  5.6651680e+02
  5.7893735e+02
  5.7218598e+02
  5.8866392e+02
  5.6527126e+02
  5.8939352e+02
  5.7789609e+02
  5.7499713e+02
  5.8481396e+02
  5.9284945e+02
  5.7946881e+02
  5.9042337e+02
  5.9667266e+02
  5.8805698e+02
  5.9092139e+02
  5.8328888e+02
  5.7313542e+02
  5.7903208e+02
  5.8403412e+02
  5.7326302e+02
  5.7963467e+02
  5.7681085e+02
  5.7736049e+02
  5.6901098e+02
  5.7612022e+02
  5.7152455e+02
  5.8452719e+02
  5.9702534e+02
  5.7210842e+02
  5.8116009e+02
  5.7453028e+02
  5.8287861e+02
  5.7973583e+02
  5.8028763e+02
  5.8611845e+02
  5.7144195e+02
  5.8510595e+02
  5.8575890e+02
  5.8762716e+02
  5.7681108e+02
  5.8189435e+02
  6.0326169e+02
  5.8237287e+02
  5.7970228e+02
  5.8487668e+02
  5.9104108e+02
  5.9082096e+02
  5.7116748e+02
  5.7288375e+02
  5.9077716e+02
  5.8654496e+02
  5.7867298e+02
  5.8694749e+02
  5.8332518e+02
  5.7848263e+02
  5.8364055e+02
  5.7563450e+02
  5.8615055e+02
  5.9055037e+02
  5.7464680e+02
  5.9858351e+02
  5.8821972e+02
  5.8902947e+02
  6.0218560e+02
  5.9229594e+02
  5.8566253e+02
  5.7219993e+02
  5.8272854e+02
  5.8210759e+02
  5.9026826e+02
  5.8476235e+02
  5.8803002e+02
  5.7541487e+02
  5.8873038e+02
  5.8364274e+02
  5.8951584e+02
  5.7422717e+02
  5.8475534e+02
  5.7392062e+02
  5.8163067e+02
  5.9890011e+02
  5.8301042e+02
  5.6524773e+02
  5.8569014e+02
  5.9327196e+02
  5.8923262e+02
  5.8011772e+02
  5.8194845e+02
  5.8328064e+02
  5.8751630e+02
  5.7950323e+02
  5.7752365e+02
  5.7398423e+02
  5.7795752e+02
  5.7878174e+02
  5.9319932e+02
  5.8476947e+02
  5.7657192e+02
  5.8044574e+02
  5.8047439e+02
  5.7480566e+02
  5.8951712e+02
  5.8720663e+02
  5.7233890e+02
  5.8546843e+02
  5.8817333e+02
  5.7984063e+02
  5.7110271e+02
  5.8925469e+02
  5.7026776e+02
  5.9414322e+02
  5.7202791e+02
  5.8152464e+02
  5.7668109e+02
  5.8229768e+02
  5.6789495e+02
  5.7614119e+02
  5.8786872e+02
  5.8592175e+02
  5.8222943e+02
  5.8202614e+02
  5.8798629e+02
  5.7645145e+02
  5.7654163e+02
  5.8198136e+02
  5.7886047e+02
  5.7990479e+02
  5.7580881e+02
  5.8328519e+02
  5.8760367e+02
  5.8047234e+02
  5.7795195e+02
  5.6921590e+02
  5.8359681e+02
  5.9016745e+02
  5.7689874e+02
  5.8326286e+02
  5.9349199e+02
  5.6929475e+02
  5.8191242e+02
  5.7453565e+02
  5.8001164e+02
  5.7197902e+02
  5.8446880e+02
  5.8491688e+02
  5.7964268e+02
  5.8111520e+02
  5.7411645e+02
  5.8079913e+02
  5.8242721e+02
  5.7772562e+02
  5.8282665e+02
  5.8284693e+02
  5.6526712e+02
  5.7627368e+02
  5.8461077e+02
  5.8244169e+02
  5.8969626e+02
  5.7815465e+02
  5.8621325e+02
  5.7344049e+02
  5.8894525e+02
  5.8621979e+02
  5.7934452e+02
  5.8934386e+02
  5.7651624e+02
  5.8565867e+02
  5.8531437e+02
  5.6167074e+02
  5.7607217e+02
  5.9567378e+02
  5.9129819e+02
  5.7438829e+02
  5.8280602e+02
  5.6646260e+02
  5.8607263e+02
  5.8230563e+02
  5.8452809e+02
  5.8148880e+02
  5.7188523e+02
  5.9438837e+02
  5.7922152e+02
  5.7889204e+02
  5.7588521e+02
  5.8426914e+02
  5.8826047e+02
  5.6944376e+02
  5.8242508e+02
  5.9002878e+02
  5.8211019e+02
  5.8228658e+02
  5.8195324e+02
  5.8997994e+02
  5.8426923e+02
  5.7807276e+02
  5.8851664e+02
  5.7593594e+02
  5.8489617e+02
  5.7834916e+02
  5.8346461e+02
  5.8769808e+02
  5.9058524e+02
  5.8317023e+02
  5.7130477e+02
  5.7402084e+02
  5.8369403e+02
  5.8638558e+02
  5.8645359e+02
  5.8409434e+02
  5.7594990e+02
  5.8278543e+02
  5.6674248e+02
  5.7218851e+02
  5.6747802e+02
  5.8641203e+02
  5.9077894e+02
  5.8539348e+02
  5.8087389e+02
  5.8190696e+02
  5.8622998e+02
  5.9752430e+02
  5.8094048e+02
  5.7740473e+02
  5.9294691e+02
  5.8311703e+02
  5.7976205e+02
  5.8250392e+02
  5.9756858e+02
  5.8890382e+02
  5.8837013e+02
  5.7899553e+02
  5.8471618e+02
  5.6022567e+02
  5.6143732e+02
  5.8383551e+02
  5.9064730e+02
  5.8869797e+02
  5.6587261e+02
  5.7485343e+02
  5.8892545e+02
  5.8521583e+02
  5.7574078e+02
  5.8268493e+02
  5.6588337e+02
  5.8154916e+02
  5.8509552e+02
  5.8900988e+02
  5.8504741e+02
  5.8844620e+02
  5.7781139e+02
  5.9415176e+02
  5.9329869e+02
  5.6581690e+02
  5.9997441e+02
  5.8445040e+02
  5.8329341e+02
  5.8345418e+02
  5.7478174e+02
  5.8299644e+02
  5.8233121e+02
  5.7610541e+02
  5.8792772e+02
  5.7539089e+02
  5.8846294e+02
  5.7176984e+02
  5.7547930e+02
  5.8108448e+02
  5.7989804e+02
  5.7918885e+02
  5.8409375e+02
  5.8346975e+02
  5.6305772e+02
  5.8086755e+02
  5.8849440e+02
  5.7330104e+02
  5.8283328e+02
  5.7274153e+02
  5.7054792e+02
  5.8150136e+02
  5.7385395e+02
  5.9462001e+02
  5.7836412e+02
  5.8293890e+02
  5.8778894e+02
  5.8709555e+02
  5.6933260e+02
  5.7392097e+02
  5.8723155e+02
  5.7474662e+02
  5.8211539e+02
  5.7309761e+02
  5.7043474e+02
  5.8334304e+02
  5.6901493e+02
  5.9043819e+02
  5.9517270e+02
  5.8606540e+02
  5.7931773e+02
  5.8942440e+02
  5.8217221e+02
  5.7457816e+02
  5.6931126e+02
  5.9660569e+02
  5.8257853e+02
  5.8944365e+02
  5.8233142e+02
  5.8045871e+02
  5.8478982e+02
  5.7635963e+02
  5.8602222e+02
  5.7969475e+02
  5.7559575e+02
  5.8637452e+02
  5.9550222e+02
  5.7524081e+02
  5.6700379e+02
  5.7694848e+02
  5.7657349e+02
  5.7827080e+02
  5.8886680e+02
  5.9583073e+02
  5.8084271e+02
  5.9178879e+02
  5.8705619e+02
  5.7255968e+02
  5.7105487e+02
  5.7810221e+02
  5.8533530e+02
  5.8658714e+02
  5.8247686e+02
  5.8481141e+02
  5.7865158e+02
  5.7300460e+02
  5.9711265e+02
  5.7646244e+02
  5.9266792e+02
  5.7540784e+02
  5.8227074e+02
  5.8010942e+02
  5.9194230e+02
  5.7073221e+02
  5.7658701e+02
  5.8807838e+02
  5.9176020e+02
  5.9013568e+02
  5.9174567e+02
  5.6639926e+02
  5.9011148e+02
  5.7897929e+02
  5.9182715e+02
  5.9270896e+02
  5.8513333e+02
  5.7765746e+02
  5.6716872e+02
  5.6878787e+02
  5.8815694e+02
  5.8189993e+02
  5.7746578e+02
  5.8161122e+02
  5.9661338e+02
  5.8163926e+02
  5.7416668e+02
  5.8175081e+02
  5.7917297e+02
  5.7955196e+02
  5.8972832e+02
  5.8131182e+02
  5.8883736e+02
  5.7885252e+02
  5.6713944e+02
  5.8308996e+02
  5.8667373e+02
  5.9274257e+02
  5.7203643e+02
  5.9585613e+02
  5.8185269e+02
  5.8450559e+02
  5.8297788e+02
  5.6628177e+02
  5.7234103e+02
  5.8909920e+02
  5.7996672e+02
  5.8354135e+02
  5.8384536e+02
  5.8214635e+02
  5.8626246e+02
  5.8019964e+02
  5.8362559e+02
  5.8997978e+02
  6.1023457e+02
  5.7960086e+02
  5.8742720e+02
  5.9691239e+02
  5.7691784e+02
  5.7225525e+02
  5.8924166e+02
  5.8477326e+02
  5.8693536e+02
  5.9104655e+02
  5.8694548e+02
  5.7962850e+02
  5.7138193e+02
  5.8109451e+02
  5.9623847e+02
  5.7357111e+02
  5.8066444e+02
  5.7911912e+02
  5.8034347e+02
  5.7888024e+02
  5.8539319e+02
  5.8018481e+02
  5.8537907e+02
  5.8501204e+02
  5.8241679e+02
  5.8104633e+02
  5.8776426e+02
  5.5581158e+02
  5.7017323e+02
  5.7821177e+02
  5.9022544e+02
  5.8117540e+02
  5.8431611e+02
  5.7831916e+02
  5.7499497e+02
  5.8539472e+02
  5.7571971e+02
  5.9050749e+02
  5.7794211e+02
  5.7683194e+02
  5.7644080e+02
  5.9195223e+02
  5.7764595e+02
  5.7580035e+02
  5.8495453e+02
  5.8309949e+02
  5.7752200e+02
  5.9330921e+02
  5.8741989e+02
  5.6873360e+02
  5.9410906e+02
  5.7550166e+02
  5.7736359e+02
  5.7555082e+02
  5.7741140e+02
  5.8349294e+02
  5.9332667e+02
  5.7379347e+02
  5.7196303e+02
  5.7636720e+02
  5.8246111e+02
  5.8432307e+02
  5.6513742e+02
  5.9803172e+02
  5.9522535e+02
  5.8572748e+02
  5.8396206e+02
  5.6754363e+02
  5.7218308e+02
  5.7842872e+02
  5.8791976e+02
  5.8651174e+02
  5.9411451e+02
  5.8384558e+02
  5.8686643e+02
  5.8258385e+02
  5.8129340e+02
  5.7949669e+02
  5.7524305e+02
  5.8350892e+02
  5.7724109e+02
  5.9145714e+02
  5.9123194e+02
  5.8318039e+02
  5.8953250e+02
  5.8823253e+02
  5.6365057e+02
  5.8703514e+02
  5.7662084e+02
  5.9314331e+02
  5.9672715e+02
  5.8460477e+02
  5.8562207e+02
  5.7198652e+02
  5.7906917e+02
  5.8622196e+02
  5.7259668e+02
  5.9236335e+02
  5.9527382e+02
  5.8866737e+02
  5.8245869e+02
  5.8329773e+02
  5.8040638e+02
  5.8118228e+02
  5.9406912e+02
  5.8056906e+02
  5.8408640e+02
  5.8455234e+02
  5.8156903e+02
  5.8406879e+02
  5.6809903e+02
  5.7847765e+02
  5.9041299e+02
  5.7459752e+02
  5.6919504e+02
  5.9004504e+02
  5.8656655e+02
  5.7251647e+02
  5.7278574e+02
  5.7803298e+02
  5.8228838e+02
  5.8437132e+02
  5.8872213e+02
  5.7818738e+02
  5.7452087e+02
  5.9137336e+02
  5.7310872e+02
  5.6882910e+02
  5.8610498e+02
  5.9154241e+02
  5.7696353e+02
  5.8023177e+02
  5.8882605e+02
  5.8423931e+02
  5.7729961e+02
  5.8570413e+02
  5.8371804e+02
  6.0358217e+02
  5.9365564e+02
  5.8874863e+02
  5.8338602e+02
  5.7802797e+02
  5.8414274e+02
  5.7166353e+02
  5.9107539e+02
  5.7566262e+02
  5.8038879e+02
  5.8603369e+02
  5.8602771e+02
  5.8659787e+02
  5.8177774e+02
  5.6539080e+02
  5.8757640e+02
  5.7059976e+02
  5.8501706e+02
  5.8948719e+02
  5.8168869e+02
  5.7524725e+02
  5.9063253e+02
  5.9306343e+02
  5.7731745e+02
  5.9226903e+02
  5.7878123e+02
  5.8007651e+02
  5.8992035e+02
  5.7343703e+02
  5.7539364e+02
  5.7411059e+02
  5.6823187e+02
  5.8925135e+02
  5.8567626e+02
  5.8658329e+02
  5.8951810e+02
  5.8133314e+02
  5.8344008e+02
  5.6681115e+02
  5.7370430e+02
  5.7565046e+02
  5.7921889e+02
  5.8945168e+02
  5.8137465e+02
  5.9024543e+02
  5.7302335e+02
  5.9481583e+02
  5.8002716e+02
  5.7912439e+02
  5.7604454e+02
  5.9526072e+02
  5.8182636e+02
  5.8595384e+02
  5.8401370e+02
  5.8407878e+02
  5.8238216e+02
  5.8568065e+02
  5.7701367e+02
  5.6910284e+02
  5.7722886e+02
  5.9052463e+02
  5.7371164e+02
  5.7949097e+02
  5.7080969e+02
  5.9249260e+02
  5.8827136e+02
  5.7678131e+02
  5.9166393e+02
  5.7855553e+02
  5.7944307e+02
  5.7968279e+02
  5.8166948e+02
  5.7656792e+02
  5.7889602e+02
  5.8273913e+02
  5.7879594e+02
  5.9056412e+02
  5.8199609e+02
  5.6653724e+02
  5.7187682e+02
  5.8456997e+02
  5.9165193e+02
  5.8277292e+02
  5.8849397e+02
  5.8299498e+02
  5.7799430e+02
  5.7345436e+02
  5.7511927e+02
  5.6483715e+02
  5.8511917e+02
  5.7664293e+02
  5.8150235e+02
  5.6531361e+02
  5.8145326e+02
  5.8616314e+02
  5.7918481e+02
  5.8536585e+02
  5.7761180e+02
  5.8840405e+02
  5.8735601e+02
  5.7915681e+02
  5.7548471e+02
  5.8405364e+02
  5.8872081e+02
  5.9328875e+02
  5.7688360e+02
  5.7427244e+02
  5.7991135e+02
  5.7252219e+02
  5.8899856e+02
  5.7767593e+02
  5.9378829e+02
  5.7922533e+02
  5.7214467e+02
  5.9482787e+02
  5.7117222e+02
  5.8342192e+02
  5.9123816e+02
  5.6426701e+02
  5.8651254e+02
  5.8041107e+02
  5.9217453e+02
  5.8507997e+02
  5.8036360e+02
  5.5889036e+02
  5.8216808e+02
  5.9774855e+02
  5.7672354e+02
  5.7487458e+02
  5.7688891e+02
  5.7659363e+02
  5.8004182e+02
  5.6981878e+02
  5.8526260e+02
  5.8706559e+02
  5.7691693e+02
  5.8341325e+02
  5.7059069e+02
  6.0238958e+02
  6.0062230e+02
  5.8272871e+02
  5.8333649e+02
  5.7902537e+02
  5.8540561e+02
  5.8011016e+02
  5.8296425e+02
  5.7531397e+02
  5.8814873e+02
  5.7910147e+02
  5.6967197e+02
  5.7759266e+02
  5.7939781e+02
  5.8747648e+02
  5.7816642e+02
  5.8351201e+02
  5.7315052e+02
  5.7946208e+02
  5.9382706e+02
  5.9670390e+02
  5.8586548e+02
  5.6649268e+02
  5.8053228e+02
  5.7141635e+02
  5.8160087e+02
  5.7387510e+02
  5.9131639e+02
  5.9728914e+02
  5.8571090e+02
  5.8221155e+02
  5.8354884e+02
  5.8817101e+02
  5.8321161e+02
  5.7771493e+02
  5.9765878e+02
  5.8474852e+02
  5.7554844e+02
  5.7760928e+02
  5.8392241e+02
  5.6922344e+02
  5.9227385e+02
  5.8199420e+02
  5.9801032e+02
  5.8259475e+02
  5.7477308e+02
  5.8619905e+02
  5.8805634e+02
  5.8420157e+02
  5.8508680e+02
  5.7717696e+02
  5.7370699e+02
  5.8399133e+02
  5.8854448e+02
  5.7237028e+02
  5.7382346e+02
  5.7591989e+02
  5.6849783e+02
  5.8375331e+02
  5.8928090e+02
  5.8795763e+02
  5.7650820e+02
  5.9359508e+02
  5.7521926e+02
  5.6795761e+02
  5.7654811e+02
  5.8216870e+02
  5.9025146e+02
  5.9608165e+02
  5.8955933e+02
  5.8564637e+02
  5.8614216e+02
  5.7630783e+02
  5.7389442e+02
  5.7628119e+02
  5.8382712e+02
  5.9235455e+02
  5.7635396e+02
  5.7592501e+02
  5.6285803e+02
  5.7811254e+02
  5.7843755e+02
  5.7614085e+02
  5.9639308e+02
  5.7495019e+02
  5.8611067e+02
  5.7039119e+02
  5.9343563e+02
  5.8044879e+02
  5.9472782e+02
  5.9628528e+02
  5.6208035e+02
  5.9443436e+02
  5.7194951e+02
  5.7615100e+02
  5.9231698e+02
  5.6992170e+02
  5.8173707e+02
  5.8249997e+02
  5.8595294e+02
  5.9266383e+02
  5.7465212e+02
  5.9252427e+02
  5.8072103e+02
  5.8556039e+02
  5.8781436e+02
  5.6949967e+02
  5.7956797e+02
  5.8309295e+02
  5.8597190e+02
  5.8296594e+02
  5.9236257e+02
  5.6969986e+02
  5.7376400e+02
  5.7518366e+02
  5.9325204e+02
  5.7814884e+02
  5.9082868e+02
  5.8672672e+02
  5.8402296e+02
  5.8319998e+02
  5.6606747e+02
  5.8082806e+02
  5.7121549e+02
  5.8106437e+02
  5.7396998e+02
  5.7264489e+02
  5.7308491e+02
  5.7676904e+02
  5.8283069e+02
  5.6992410e+02
  5.7057642e+02
  5.8568147e+02
  5.9061716e+02
  5.8178056e+02
  5.8530825e+02
  5.8401435e+02
  5.8865460e+02
  5.8029027e+02
  5.8199831e+02
  5.7595335e+02
  5.9604358e+02
  5.7306533e+02
  5.8250508e+02
  5.9422068e+02
  5.8618369e+02
  5.8935808e+02
  5.9102855e+02
  5.8737056e+02
  5.6530948e+02
  5.8466441e+02
  5.8126838e+02
  5.7988912e+02
  5.6663431e+02
  5.9849939e+02
  5.8659741e+02
  5.8688403e+02
  5.8586502e+02
  5.8499766e+02
  5.7564998e+02
  5.8434559e+02
  5.7590719e+02
  5.9123863e+02
  5.7131266e+02
  5.8039783e+02
  5.9100304e+02
  5.8320477e+02
  5.7281184e+02
  5.7739872e+02
  5.8073174e+02
  5.8246294e+02
  5.7403385e+02
  5.8748242e+02
  5.8230690e+02
  5.7479053e+02
  5.9794774e+02
  5.9345600e+02
  5.7010330e+02
  5.6968603e+02
  5.7269264e+02
  5.7691046e+02
  5.7425893e+02
  5.8864634e+02
  5.8018952e+02
  5.7653402e+02
  5.7728446e+02
  5.7377107e+02
  5.8367948e+02
  5.8050708e+02
  5.8161726e+02
  5.8148540e+02
  5.9149054e+02
  5.8218754e+02
  5.6998676e+02
  5.7904906e+02
  5.8126927e+02
  5.9457653e+02
  5.9002385e+02
  5.6756063e+02
  5.8142727e+02
  5.7612456e+02
  5.8060502e+02
  5.7940664e+02
  5.8795081e+02
  5.8479402e+02
  5.8474275e+02
  5.7132110e+02
  5.8555175e+02
  5.8201520e+02
  6.0160948e+02
  5.8191744e+02
  5.8485921e+02
  5.8080001e+02
  5.8199290e+02
  5.7802925e+02
  5.8874203e+02
  5.8161461e+02
  5.8777992e+02
  5.7915173e+02
  5.7612180e+02
  5.8790685e+02
  5.7239498e+02
  5.7497848e+02
  5.6872779e+02
  5.9371802e+02
  5.8578285e+02
  5.7319111e+02
  5.7561756e+02
  5.9916719e+02
  5.7528845e+02
  5.7966867e+02
  5.8566237e+02
  5.7693234e+02
  5.8405228e+02
  5.7845431e+02
  5.8062538e+02
  5.7208837e+02
  5.8192823e+02
  5.9167047e+02
  5.8120208e+02
  6.0068429e+02
  5.7955110e+02
  5.8321228e+02
  5.7823273e+02
  5.8428052e+02
  5.9851123e+02
  5.7586785e+02
  5.8513973e+02
  5.8050818e+02
  5.7824422e+02
  5.7248091e+02
  5.8096136e+02
  5.8245203e+02
  5.8326320e+02
  5.7331096e+02
  5.6686052e+02
  5.8915080e+02
  5.7353198e+02
  5.7593329e+02
  5.8642434e+02
  5.7903089e+02
  5.6925565e+02
  6.0015866e+02
  5.7079645e+02
  5.7790464e+02
  5.8408363e+02
  5.6804778e+02
  5.7752797e+02
  5.8117515e+02
  5.8268515e+02
  5.7492981e+02
  5.7405229e+02
  5.9120099e+02
  5.8616300e+02
  5.8427031e+02
  5.7453538e+02
  5.9190918e+02
  5.9509770e+02
  5.6427048e+02
  5.7078055e+02
  5.7582429e+02
  5.8315642e+02
  5.9267559e+02
  5.9159740e+02
  5.9031756e+02
  5.8050181e+02
  5.8973112e+02
  5.7274519e+02
  5.7752003e+02
  5.7642715e+02
  5.8910661e+02
  5.7788989e+02
  5.7531253e+02
  5.7633323e+02
  5.8167637e+02
  5.7570714e+02
  5.8200668e+02
  5.9441505e+02
  5.8613043e+02
  6.0007665e+02
  5.6984917e+02
  5.7887104e+02
  5.7408659e+02
  5.7500262e+02
  5.6717753e+02
  5.7381649e+02
  5.9013885e+02
  5.8639222e+02
  5.7197779e+02
  5.6759689e+02
  5.9051265e+02
  5.7399227e+02
  5.7574516e+02
  5.8095147e+02
  5.7260206e+02
  5.8019819e+02
  5.8159250e+02
  5.7906080e+02
  5.8668114e+02
  5.8442797e+02
  5.8000214e+02
  5.7898135e+02
  5.9152194e+02
  5.7190596e+02
  5.6769019e+02
  5.8136608e+02
  5.7154173e+02
  5.8565010e+02
  5.9306919e+02
  5.7903855e+02
  5.8043664e+02
  5.8585218e+02
  5.8576541e+02
  5.8498514e+02
  5.8817178e+02
  5.8538144e+02
  5.8172400e+02
  5.8706565e+02
  5.8554819e+02
  5.6865743e+02
  5.7327163e+02
  5.8204440e+02
  5.8795461e+02
  5.8659457e+02
  5.7085854e+02
  5.8171601e+02
  5.8606766e+02
  5.8240815e+02
  5.7229600e+02
  5.7180346e+02
  5.9917789e+02
  5.7893851e+02
  5.9290126e+02
  5.7641763e+02
  5.7081217e+02
  5.7720734e+02
  5.9960216e+02
  5.8012188e+02
  5.8881065e+02
  5.8087142e+02
  5.7064100e+02
  5.7006854e+02
  5.8528598e+02
  5.7548975e+02
  5.7401038e+02
  5.7593213e+02
  5.7401058e+02
  5.9406863e+02
  5.8493541e+02
  5.8478587e+02
  5.6165674e+02
  5.7921839e+02
  5.7160297e+02
  5.6614184e+02
  5.9674979e+02
  5.8113003e+02
  5.9685871e+02
  5.8127958e+02
  5.9459446e+02
  5.6850249e+02
  5.8684256e+02
  5.6938302e+02
  5.9014831e+02
  5.8063769e+02
  5.8385375e+02
  5.7841444e+02
  5.7890324e+02
  5.8425190e+02
  5.8117221e+02
  5.7151464e+02
  5.8501939e+02
  5.7956604e+02
  5.7285203e+02
  5.6712615e+02
  5.8923174e+02
  5.8584335e+02
  5.7503729e+02
  5.8349212e+02
  5.8041539e+02
  5.8868699e+02
  5.9238041e+02
  5.8903071e+02
  5.7916012e+02
  5.8053218e+02
  5.6799914e+02
  5.8283289e+02
  5.7289297e+02
  5.8239994e+02
  5.8488777e+02
  5.9046962e+02
  5.7383321e+02
  5.9193021e+02
  5.8191149e+02
  5.8595254e+02
  5.9047078e+02
  5.8374590e+02
  5.9302689e+02
  5.8532856e+02
  5.8830275e+02
  5.7763305e+02
  5.8672209e+02
  5.8464761e+02
  5.9466133e+02
  5.8625637e+02
  5.7738449e+02
  5.7194360e+02
  5.6940069e+02
  5.7749058e+02
  5.8749611e+02
  5.7655458e+02
  5.7774491e+02
  5.6892811e+02
  5.8708933e+02
  5.8412568e+02
  5.9899450e+02
  5.7241452e+02
  5.6947097e+02
  5.7209428e+02
  5.8694044e+02
  5.7911345e+02
  5.8512077e+02
  5.7423240e+02
  5.7634853e+02
  5.8761837e+02
  5.7839410e+02
  5.6715702e+02
  5.9076199e+02
  5.7692794e+02
  5.8468980e+02
  5.9194947e+02
  5.8267612e+02
  5.7268314e+02
  5.8664640e+02
  5.7538973e+02
  5.7487629e+02
  5.8802293e+02
  5.8712233e+02
  5.7972401e+02
  5.6921128e+02
  5.7412372e+02
  5.7315613e+02
  5.9507211e+02
  5.7596352e+02
  5.8538101e+02
  5.7058962e+02
  5.6921485e+02
  5.9139581e+02
  5.8963511e+02
  5.7985913e+02
  5.6785880e+02
  5.8060060e+02
  5.8390301e+02
  5.8577567e+02
  5.8004077e+02
  5.7124804e+02
  5.8376375e+02
  5.8050991e+02
  5.8022010e+02
  5.8278811e+02
  5.6940631e+02
  5.8016511e+02
  5.8217341e+02
  5.7809053e+02
  5.7966578e+02
  5.7501141e+02
  5.7537004e+02
  5.7070998e+02
  5.8471406e+02
  5.7994943e+02
  5.8210049e+02
  5.8343727e+02
  5.7718581e+02
  5.6977977e+02
  5.7489248e+02
  5.8980647e+02
  5.9711991e+02
  5.7827715e+02
  5.8425305e+02
  5.9548974e+02
  5.7212030e+02
  5.7719545e+02
  5.8369169e+02
  5.8087266e+02
  5.7492489e+02
  5.9960675e+02
  5.8870819e+02
  5.8030423e+02
  5.8782696e+02
  5.7276055e+02
  5.8967679e+02
  5.8735851e+02
  5.8791140e+02
  5.7957778e+02
  5.8583102e+02
  5.9914324e+02
  5.8049365e+02
  5.8558072e+02
  5.8245977e+02
  5.7738559e+02
  5.8773549e+02
  5.8315670e+02
  5.8157170e+02
  5.8776471e+02
  5.8875280e+02
  5.6787060e+02
  5.8252841e+02
  5.8164368e+02
  5.8243841e+02
  5.7236947e+02
  5.8734208e+02
  5.7678196e+02
  5.7808303e+02
  5.8562321e+02
  5.7628062e+02
  5.8461230e+02
  5.7875390e+02
  5.8526670e+02
  5.8589483e+02
  5.8257339e+02
  5.7965953e+02
  5.7634871e+02
  5.7683421e+02
  5.9054008e+02
  5.6725206e+02
  5.7402867e+02
  5.7954878e+02
  5.9192403e+02
  5.8553869e+02
  5.8405306e+02
  5.8284616e+02
  5.7784530e+02
  5.8826237e+02
  5.8835631e+02
  5.8187471e+02
  5.8406982e+02
  5.8656068e+02
  5.9379613e+02
  5.7517917e+02
  5.9363032e+02
  5.8647486e+02
  5.7574585e+02
  5.8514147e+02
  5.9201587e+02
  5.7211596e+02
  5.8363122e+02
  5.9260833e+02
  5.9325833e+02
  5.8665500e+02
  5.7332337e+02
  5.9600583e+02
  5.7766799e+02
  5.9001246e+02
  5.7899740e+02
  5.8350665e+02
  5.8921444e+02
  5.8586082e+02
  5.7418211e+02
  5.8792431e+02
  5.9063105e+02
  5.8298257e+02
  5.7261348e+02
  5.8425695e+02
  5.7230156e+02
  5.7568409e+02
  5.7457232e+02
  5.7138934e+02
  5.7967396e+02
  5.8842653e+02
  5.7882227e+02
  5.8849264e+02
  5.7847720e+02
  5.8717197e+02
  5.7018006e+02
  5.8617350e+02
  5.9739023e+02
  5.7265994e+02
  5.8000396e+02
  5.9013371e+02
  5.7164093e+02
  5.7629511e+02
  5.8447088e+02
  5.8767802e+02
  5.9012794e+02
  5.9137095e+02
  5.8434846e+02
