  1.7993498e+00
  1.8642411e+00
  1.8005295e+00
  1.8030674e+00
  1.8390470e+00
  1.8459632e+00
  1.7984387e+00
  1.7859711e+00
  1.8296154e+00
  1.7939659e+00
  1.7761981e+00
  1.8167732e+00
  1.7851029e+00
  1.8346499e+00
  1.7812337e+00
  1.7803457e+00
  1.7751990e+00
  1.8134589e+00
  1.7399053e+00
  1.7712054e+00
  1.7639033e+00
  1.7981297e+00
  1.7886984e+00
  1.7923354e+00
  1.7507116e+00
  1.7920068e+00
  1.8067396e+00
  1.8775294e+00
  1.8164217e+00
  1.7940571e+00
  1.8141589e+00
  1.8308444e+00
  1.8199813e+00
  1.8047018e+00
  1.7523700e+00
  1.7396273e+00
  1.7189611e+00
  1.7435774e+00
  1.7564326e+00
  1.7868151e+00
  1.7703941e+00
  1.7676113e+00
  1.7401112e+00
  1.7644476e+00
  1.7930948e+00
  1.7827935e+00
  1.7882436e+00
  1.7649347e+00
  1.8229208e+00
  1.7848288e+00
  1.7919434e+00
  1.8434100e+00
  1.8219502e+00
  1.8318066e+00
  1.8330456e+00
  1.7552582e+00
  1.7370043e+00
  1.7927215e+00
  1.7949182e+00
  1.8408043e+00
  1.8533789e+00
  1.7569093e+00
  1.7187847e+00
  1.7343780e+00
  1.7046379e+00
  1.7291790e+00
  1.7708586e+00
  1.6818704e+00
  1.6928024e+00
  1.7498685e+00
  1.7227408e+00
  1.7735840e+00
  1.7798187e+00
  1.7904289e+00
  1.8104023e+00
  1.8196533e+00
  1.7428539e+00
  1.7405644e+00
  1.7078231e+00
  1.6954666e+00
  1.7152267e+00
  1.6744666e+00
  1.6886042e+00
  1.7180783e+00
  1.7661442e+00
  1.7511521e+00
  1.8047618e+00
  1.8837523e+00
  1.8708696e+00
  1.8712749e+00
  1.8671211e+00
  1.8577833e+00
  1.7994095e+00
  1.8269312e+00
  1.8555643e+00
  1.8977054e+00
  1.8516269e+00
  1.8903327e+00
  1.9158966e+00
  1.8525603e+00
  1.8226976e+00
  1.8057439e+00
  1.7951971e+00
  1.8332423e+00
  1.8212663e+00
  1.8375509e+00
  1.9121804e+00
  1.8538297e+00
  1.8414570e+00
  1.8262867e+00
  1.7588008e+00
  1.7408534e+00
  1.7455804e+00
  1.7853001e+00
  1.7753647e+00
  1.7782462e+00
  1.8251119e+00
  1.8198740e+00
  1.8534588e+00
  1.8184366e+00
  1.8244934e+00
  1.7916866e+00
  1.8489173e+00
  1.8865662e+00
  1.8593575e+00
  1.8762139e+00
  1.8558975e+00
  1.8217165e+00
  1.7906281e+00
  1.7585069e+00
  1.7940016e+00
  1.7526142e+00
  1.7480462e+00
  1.7645827e+00
  1.7690215e+00
  1.7931187e+00
  1.8528680e+00
  1.8716471e+00
  1.8561686e+00
  1.7890417e+00
  1.7560819e+00
  1.8023946e+00
  1.8429605e+00
  1.8925311e+00
  1.9306019e+00
  1.8563543e+00
  1.8501352e+00
  1.7868578e+00
  1.7664942e+00
  1.7508828e+00
  1.7315158e+00
  1.8002521e+00
  1.8286569e+00
  1.7890482e+00
  1.7689507e+00
  1.7626010e+00
  1.7602730e+00
  1.7819640e+00
  1.7593370e+00
  1.8555011e+00
  1.8215964e+00
  1.8120788e+00
  1.7948673e+00
  1.8170941e+00
  1.8040726e+00
  1.7546122e+00
  1.7681684e+00
  1.7794058e+00
  1.7811071e+00
  1.7602483e+00
  1.7281681e+00
  1.8149202e+00
  1.7925419e+00
  1.7834849e+00
  1.7544419e+00
  1.7446604e+00
  1.7620763e+00
  1.7802074e+00
  1.7508054e+00
  1.7818259e+00
  1.7915159e+00
  1.8174393e+00
  1.7933600e+00
  1.7694845e+00
  1.7907592e+00
  1.7437868e+00
  1.6883143e+00
  1.7772820e+00
  1.8128962e+00
  1.7580270e+00
  1.7940799e+00
  1.7476346e+00
  1.7893831e+00
  1.7649738e+00
  1.8006497e+00
  1.7528550e+00
  1.7206747e+00
  1.8010387e+00
  1.8377461e+00
  1.9047573e+00
  1.8938038e+00
  1.8907107e+00
  1.8889649e+00
  1.8471161e+00
  1.8040542e+00
  1.8413255e+00
  1.8741129e+00
  1.8110534e+00
  1.7964041e+00
  1.8825968e+00
  1.8280459e+00
  1.7834919e+00
  1.7404085e+00
  1.8273178e+00
  1.8007716e+00
  1.7941454e+00
  1.8339948e+00
  1.8485258e+00
  1.8360022e+00
  1.8403572e+00
  1.8360983e+00
  1.7843031e+00
  1.7554407e+00
  1.7719630e+00
  1.7573510e+00
  1.7283622e+00
  1.7518948e+00
  1.7870558e+00
  1.8042370e+00
  1.7734750e+00
  1.7064436e+00
  1.6934009e+00
  1.7259743e+00
  1.7261915e+00
  1.7494963e+00
  1.7616992e+00
  1.7483094e+00
  1.7318411e+00
  1.7693699e+00
  1.7501503e+00
  1.7542550e+00
  1.7553708e+00
  1.8349692e+00
  1.8508235e+00
  1.8660314e+00
  1.8882192e+00
  1.8773320e+00
  1.9017585e+00
  1.8071445e+00
  1.8019040e+00
  1.8438812e+00
  1.8067598e+00
  1.7896235e+00
  1.8254997e+00
  1.8554992e+00
  1.8115615e+00
  1.7910324e+00
  1.8369201e+00
  1.8269856e+00
  1.8345763e+00
  1.8161506e+00
  1.8151495e+00
  1.7295873e+00
  1.6857162e+00
  1.7204385e+00
  1.7245339e+00
  1.7479355e+00
  1.7421383e+00
  1.7693971e+00
  1.7586126e+00
  1.7278242e+00
  1.8269592e+00
  1.8610996e+00
  1.8659897e+00
  1.8685796e+00
  1.8345735e+00
  1.8073712e+00
  1.8118733e+00
  1.8217509e+00
  1.8039195e+00
  1.7665613e+00
  1.7925008e+00
  1.8552249e+00
  1.8775808e+00
  1.9180008e+00
  1.9135191e+00
  1.9006241e+00
  1.9186757e+00
  1.8507968e+00
  1.8281616e+00
  1.8288209e+00
  1.8158195e+00
  1.8659242e+00
  1.8378989e+00
  1.7801765e+00
  1.7531981e+00
  1.6891357e+00
  1.7218863e+00
  1.7549798e+00
  1.8114587e+00
  1.7720075e+00
  1.6730597e+00
  1.6997472e+00
  1.7177561e+00
  1.7566396e+00
  1.7904470e+00
  1.8109966e+00
  1.8475724e+00
  1.8466527e+00
  1.8212368e+00
  1.7939066e+00
  1.7907400e+00
  1.8098946e+00
  1.8083331e+00
  1.8613800e+00
  1.8522242e+00
  1.8086505e+00
  1.7545024e+00
  1.8347646e+00
  1.8080630e+00
  1.7848973e+00
  1.7935275e+00
  1.8209193e+00
  1.8059181e+00
  1.7721406e+00
  1.7484533e+00
  1.7726036e+00
  1.7760044e+00
  1.8305072e+00
  1.8363119e+00
  1.8153608e+00
  1.8288431e+00
  1.7362332e+00
  1.7080846e+00
  1.7171611e+00
  1.7215186e+00
  1.7369153e+00
  1.7796944e+00
  1.7916684e+00
  1.7815668e+00
  1.8130110e+00
  1.8447760e+00
  1.7861170e+00
  1.7528278e+00
  1.8108512e+00
  1.7711948e+00
  1.8076924e+00
  1.7695515e+00
  1.7800446e+00
  1.8381826e+00
  1.8577530e+00
  1.8617574e+00
  1.8235709e+00
  1.8205167e+00
  1.7926191e+00
  1.7765558e+00
  1.8000735e+00
  1.7507027e+00
  1.7661303e+00
  1.7793018e+00
  1.7977231e+00
  1.7911353e+00
  1.7998179e+00
  1.9328722e+00
  1.8343579e+00
  1.7920826e+00
  1.8257957e+00
  1.8494858e+00
  1.8084255e+00
  1.7957277e+00
  1.8183679e+00
  1.8709941e+00
  1.8312831e+00
  1.7680250e+00
  1.7241430e+00
  1.7595781e+00
  1.8424273e+00
  1.7962551e+00
  1.7403576e+00
  1.8222161e+00
  1.8063070e+00
  1.7781029e+00
  1.8194787e+00
  1.8629589e+00
  1.8837473e+00
  1.8212957e+00
  1.8271560e+00
  1.8156351e+00
  1.8427688e+00
  1.8510967e+00
  1.8747354e+00
  1.8787734e+00
  1.8777171e+00
  1.8601055e+00
  1.8303630e+00
  1.7433011e+00
  1.7897525e+00
  1.7784614e+00
  1.7946825e+00
  1.7785580e+00
  1.7465627e+00
  1.7786786e+00
  1.7853427e+00
  1.8161508e+00
  1.8042221e+00
  1.7264973e+00
  1.7297800e+00
  1.7551479e+00
  1.7394788e+00
  1.7124691e+00
  1.7924198e+00
  1.7944491e+00
  1.7605078e+00
  1.7723261e+00
  1.7937257e+00
  1.7677668e+00
  1.8055408e+00
  1.8621729e+00
  1.8999660e+00
  1.8792252e+00
  1.7804455e+00
  1.8226779e+00
  1.8180517e+00
  1.8383595e+00
  1.8312771e+00
  1.8407238e+00
  1.8233967e+00
  1.8200289e+00
  1.8299494e+00
  1.8139904e+00
  1.8096481e+00
  1.8664898e+00
  1.8159155e+00
  1.8512962e+00
  1.8633042e+00
  1.7675169e+00
  1.8044845e+00
  1.8121913e+00
  1.7588596e+00
  1.7281535e+00
  1.7786515e+00
  1.7771837e+00
  1.7858273e+00
  1.8546271e+00
  1.8072159e+00
  1.7977926e+00
  1.7743129e+00
  1.8281807e+00
  1.8736551e+00
  1.8756487e+00
  1.8708093e+00
  1.8786620e+00
  1.9549771e+00
  1.9313198e+00
  1.9087963e+00
  1.8770080e+00
  1.8647003e+00
  1.7900289e+00
  1.7953200e+00
  1.7735207e+00
  1.8271973e+00
  1.8043450e+00
  1.7674368e+00
  1.7933433e+00
  1.8057305e+00
  1.8053517e+00
  1.8372787e+00
  1.7925641e+00
  1.7722483e+00
  1.7387009e+00
  1.7830801e+00
  1.7544866e+00
  1.7773997e+00
  1.7860386e+00
  1.7827847e+00
  1.8156356e+00
  1.7712984e+00
  1.7435367e+00
  1.7701508e+00
  1.7755541e+00
  1.8153082e+00
  1.8203261e+00
  1.8394427e+00
  1.8815052e+00
  1.8421412e+00
  1.7847398e+00
  1.7653372e+00
  1.7557227e+00
  1.8040451e+00
  1.7972852e+00
  1.8114980e+00
  1.7970110e+00
  1.7525286e+00
  1.7645624e+00
  1.7757553e+00
  1.8283458e+00
  1.8318008e+00
  1.8499599e+00
  1.7634216e+00
  1.7893489e+00
  1.7710497e+00
  1.7656700e+00
  1.7517724e+00
  1.7450655e+00
  1.7717207e+00
  1.7320236e+00
  1.7146182e+00
  1.7525413e+00
  1.7293002e+00
  1.7791508e+00
  1.7445649e+00
  1.7362674e+00
  1.7695875e+00
  1.7946545e+00
  1.7487797e+00
  1.7612965e+00
  1.7875361e+00
  1.7551380e+00
  1.7578033e+00
  1.8300691e+00
  1.8571198e+00
  1.8695543e+00
  1.8962975e+00
  1.8389803e+00
  1.7756108e+00
  1.7711906e+00
  1.7387779e+00
  1.7655255e+00
  1.7411026e+00
  1.7823991e+00
  1.8170751e+00
  1.8300876e+00
  1.8460487e+00
  1.8366040e+00
  1.9151045e+00
  1.8827089e+00
  1.8989421e+00
  1.8372491e+00
  1.8244738e+00
  1.8146648e+00
  1.7755548e+00
  1.7632374e+00
  1.8416595e+00
  1.8075923e+00
  1.7869353e+00
  1.7820466e+00
  1.7950893e+00
  1.8021196e+00
  1.8466745e+00
  1.8309731e+00
  1.8120350e+00
  1.7788518e+00
  1.8285216e+00
  1.8091618e+00
  1.7905129e+00
  1.7538267e+00
  1.7176637e+00
  1.7677958e+00
  1.7400424e+00
  1.8032469e+00
  1.7958845e+00
  1.7377797e+00
  1.6901361e+00
  1.7280364e+00
  1.7493107e+00
  1.7448745e+00
  1.7781185e+00
  1.7845573e+00
  1.7708821e+00
  1.7809346e+00
  1.8021927e+00
  1.7848389e+00
  1.7608255e+00
  1.7467132e+00
  1.7538348e+00
  1.7303445e+00
  1.7580529e+00
  1.7962624e+00
  1.8339177e+00
  1.8264834e+00
  1.8038353e+00
  1.7707920e+00
  1.7931191e+00
  1.7871293e+00
  1.7230610e+00
  1.7720685e+00
  1.8005565e+00
  1.8055722e+00
  1.8041463e+00
  1.7916248e+00
  1.8333847e+00
  1.7945055e+00
  1.7813932e+00
  1.7234844e+00
  1.7188043e+00
  1.7584002e+00
  1.7790252e+00
  1.7870214e+00
  1.7465792e+00
  1.7284789e+00
  1.7496004e+00
  1.7975686e+00
  1.8521733e+00
  1.8519215e+00
  1.8848496e+00
  1.8322975e+00
  1.8239692e+00
  1.8273557e+00
  1.8169997e+00
  1.8291734e+00
  1.7601846e+00
  1.7356932e+00
  1.7505351e+00
  1.7791871e+00
  1.7648626e+00
  1.7805192e+00
  1.8370932e+00
  1.8175975e+00
  1.7849275e+00
  1.8287191e+00
  1.8068957e+00
  1.7921127e+00
  1.7100251e+00
  1.7392374e+00
  1.8279075e+00
  1.7959239e+00
  1.7860139e+00
  1.7618719e+00
  1.8039791e+00
  1.7646242e+00
  1.7688998e+00
  1.7620315e+00
  1.7962987e+00
  1.7795019e+00
  1.7086222e+00
  1.6478935e+00
  1.7182891e+00
  1.7779601e+00
  1.8140430e+00
  1.7959864e+00
  1.7897234e+00
  1.8237234e+00
  1.8507529e+00
  1.8502379e+00
  1.8270433e+00
  1.7509551e+00
  1.7172492e+00
  1.7534243e+00
  1.7658817e+00
  1.8097528e+00
  1.8529117e+00
  1.8400218e+00
  1.8011584e+00
  1.8311663e+00
  1.7882099e+00
  1.8349680e+00
  1.8703036e+00
  1.8132174e+00
  1.8443082e+00
  1.8562015e+00
  1.8471501e+00
  1.8385049e+00
  1.8175222e+00
  1.7910642e+00
  1.8369564e+00
  1.8478843e+00
  1.8325033e+00
  1.7793278e+00
  1.7623471e+00
  1.7301355e+00
  1.7418324e+00
  1.7850721e+00
  1.8002283e+00
  1.8146645e+00
  1.8179672e+00
  1.8879347e+00
  1.8443422e+00
  1.8011289e+00
  1.8426290e+00
  1.8235576e+00
  1.8450434e+00
  1.8349921e+00
  1.8213164e+00
  1.7647833e+00
  1.7749180e+00
  1.7513250e+00
  1.7198185e+00
  1.7419983e+00
  1.7685516e+00
  1.7597911e+00
  1.7350262e+00
  1.7959153e+00
  1.7469716e+00
  1.7707382e+00
  1.8188892e+00
  1.7824256e+00
  1.7913380e+00
  1.7934835e+00
  1.8211240e+00
  1.7716255e+00
  1.8054355e+00
  1.7478874e+00
  1.7228383e+00
  1.7951846e+00
  1.8523301e+00
  1.8269792e+00
  1.8280035e+00
  1.8699801e+00
  1.8478495e+00
  1.8468283e+00
  1.9200660e+00
  1.8198693e+00
  1.7917631e+00
  1.8263936e+00
  1.7722035e+00
  1.7275389e+00
  1.8111767e+00
  1.8506548e+00
  1.8412611e+00
  1.7622210e+00
  1.7380829e+00
  1.8079863e+00
  1.8216424e+00
  1.8601215e+00
  1.8245522e+00
  1.8007841e+00
  1.8102265e+00
  1.8293565e+00
  1.8067181e+00
  1.7792423e+00
  1.7488300e+00
  1.7281122e+00
  1.7623930e+00
  1.7448535e+00
  1.7312813e+00
  1.7182956e+00
  1.7702913e+00
  1.7733852e+00
  1.8352553e+00
  1.8095991e+00
  1.7836495e+00
  1.7802404e+00
  1.7340657e+00
  1.6891513e+00
  1.7279442e+00
  1.7129400e+00
  1.7627428e+00
  1.7995639e+00
  1.7940249e+00
  1.7648530e+00
  1.7184917e+00
  1.7546543e+00
  1.7675832e+00
  1.7982697e+00
  1.8065744e+00
  1.8371936e+00
  1.8416648e+00
  1.8075347e+00
  1.7384210e+00
  1.7493154e+00
  1.7835174e+00
  1.7667024e+00
  1.8114469e+00
  1.8672329e+00
  1.8427897e+00
  1.8073964e+00
  1.7489898e+00
  1.7762426e+00
  1.7665147e+00
  1.7093719e+00
  1.7361754e+00
  1.7571744e+00
  1.7312804e+00
  1.6731426e+00
  1.7207972e+00
  1.7055808e+00
  1.7283944e+00
  1.8029864e+00
  1.8048962e+00
  1.7504137e+00
  1.7298952e+00
  1.7862992e+00
  1.8020838e+00
  1.7826094e+00
  1.7985081e+00
  1.8290682e+00
  1.8650767e+00
  1.8189590e+00
  1.8219561e+00
  1.8276383e+00
  1.7825842e+00
  1.7125370e+00
  1.7431376e+00
  1.7292346e+00
  1.7335007e+00
  1.7149708e+00
  1.7269556e+00
  1.7495273e+00
  1.8039413e+00
  1.7825235e+00
  1.7703670e+00
  1.7978715e+00
  1.8879517e+00
  1.8949447e+00
  1.7670904e+00
  1.7975945e+00
  1.7806298e+00
  1.8330761e+00
  1.8105583e+00
  1.7892442e+00
  1.7825977e+00
  1.7789876e+00
  1.7776349e+00
  1.8184473e+00
  1.7941621e+00
  1.8055946e+00
  1.7334194e+00
  1.7487732e+00
  1.7271493e+00
  1.7033829e+00
  1.7163070e+00
  1.7531977e+00
  1.8312139e+00
  1.8734967e+00
  1.8652776e+00
  1.8421255e+00
  1.8401966e+00
  1.8147458e+00
  1.7904278e+00
  1.8472260e+00
  1.8706898e+00
  1.8670644e+00
  1.8626604e+00
  1.8045052e+00
  1.8048448e+00
  1.8266046e+00
  1.7674135e+00
  1.7836732e+00
  1.7798837e+00
  1.7872210e+00
  1.7788813e+00
  1.7526069e+00
  1.7984504e+00
  1.7350898e+00
  1.7484473e+00
  1.8268442e+00
  1.8243034e+00
  1.8098745e+00
  1.8053000e+00
  1.7857922e+00
  1.7844434e+00
  1.8059441e+00
  1.7865597e+00
  1.8275898e+00
  1.8490535e+00
  1.8690584e+00
  1.8359610e+00
  1.7489161e+00
  1.7525086e+00
  1.7772312e+00
  1.7611378e+00
  1.8082568e+00
  1.8073683e+00
  1.7782362e+00
  1.8416888e+00
  1.8119194e+00
  1.7568754e+00
  1.7676765e+00
  1.7531571e+00
  1.8045602e+00
  1.8225048e+00
  1.8584901e+00
  1.8509152e+00
  1.8394747e+00
  1.8386992e+00
  1.9138759e+00
  1.9142854e+00
  1.8126229e+00
  1.8198317e+00
  1.7896612e+00
  1.8074852e+00
  1.8506085e+00
  1.8470032e+00
  1.7784257e+00
  1.8457469e+00
  1.8956138e+00
  1.8295237e+00
  1.7948480e+00
  1.7810582e+00
  1.8028728e+00
  1.8141067e+00
  1.8100190e+00
  1.7899708e+00
  1.7958496e+00
  1.8497098e+00
  1.7973948e+00
  1.7384225e+00
  1.7268204e+00
  1.7602039e+00
  1.7480898e+00
  1.7943975e+00
  1.7897864e+00
  1.7514133e+00
  1.7884283e+00
  1.7804521e+00
  1.7694301e+00
  1.7697711e+00
  1.8464195e+00
  1.7710567e+00
  1.8068654e+00
  1.8236188e+00
  1.8489753e+00
  1.8640036e+00
  1.8781273e+00
  1.8562294e+00
  1.8653364e+00
  1.8601762e+00
  1.8189747e+00
  1.8603046e+00
  1.8139727e+00
  1.8309986e+00
  1.8468280e+00
  1.8182953e+00
  1.7501123e+00
  1.6860691e+00
  1.7795248e+00
  1.8020744e+00
  1.8071204e+00
  1.7529376e+00
  1.7347787e+00
  1.7774826e+00
  1.7661961e+00
  1.7531086e+00
  1.7858783e+00
  1.7927863e+00
  1.7330674e+00
  1.7920004e+00
  1.7954592e+00
  1.7265053e+00
  1.7562492e+00
  1.7335931e+00
  1.7433653e+00
  1.7678533e+00
  1.7814797e+00
  1.7988816e+00
  1.8171509e+00
  1.8310424e+00
  1.8268201e+00
  1.8053153e+00
  1.8285427e+00
  1.7446917e+00
  1.6918720e+00
  1.6980208e+00
  1.7693230e+00
  1.8182319e+00
  1.7278912e+00
  1.7180078e+00
  1.7738813e+00
  1.7212157e+00
  1.8012660e+00
  1.7551110e+00
  1.8090149e+00
  1.7990581e+00
  1.8600915e+00
  1.8040570e+00
  1.7874717e+00
  1.7998646e+00
  1.7701969e+00
  1.7516326e+00
  1.8239285e+00
  1.7778227e+00
  1.7957100e+00
  1.8050847e+00
  1.8030693e+00
  1.8441421e+00
  1.8524037e+00
  1.7808516e+00
  1.8118737e+00
  1.7792251e+00
  1.7804181e+00
  1.7648908e+00
  1.7595122e+00
  1.7988344e+00
  1.7756566e+00
  1.7840103e+00
  1.8076954e+00
  1.8029616e+00
  1.8046914e+00
  1.8112301e+00
  1.7848068e+00
  1.8111473e+00
  1.7609235e+00
  1.7854604e+00
  1.7417020e+00
  1.7485398e+00
  1.8204110e+00
  1.8406224e+00
  1.8877541e+00
  1.9132829e+00
  1.8717665e+00
  1.8624056e+00
  1.8246662e+00
  1.7972762e+00
  1.7686999e+00
  1.8184282e+00
  1.7906870e+00
  1.8193746e+00
  1.7870993e+00
  1.7949733e+00
  1.8505045e+00
  1.8534457e+00
  1.8227232e+00
  1.8077570e+00
  1.8535842e+00
  1.8403455e+00
  1.8257072e+00
  1.8130890e+00
  1.7771639e+00
  1.7953544e+00
  1.8294070e+00
  1.8387840e+00
  1.8508374e+00
  1.8708696e+00
  1.8825799e+00
  1.8042756e+00
  1.7329848e+00
  1.7783033e+00
  1.8034813e+00
  1.8023125e+00
  1.8249810e+00
  1.8796792e+00
  1.8546205e+00
  1.7841539e+00
  1.7185907e+00
  1.7723687e+00
  1.7837539e+00
  1.7231396e+00
  1.7782524e+00
  1.7553582e+00
  1.7994042e+00
  1.8070112e+00
  1.8105358e+00
  1.8082551e+00
  1.7745761e+00
  1.7486373e+00
  1.7959583e+00
  1.7653342e+00
  1.7940865e+00
  1.7953937e+00
  1.7563847e+00
  1.7969028e+00
  1.8098017e+00
  1.7476727e+00
  1.7664789e+00
  1.8148310e+00
  1.8479470e+00
  1.8412552e+00
  1.8675207e+00
  1.8597948e+00
  1.8290644e+00
  1.8283388e+00
  1.8198486e+00
  1.7988623e+00
  1.7640461e+00
  1.7864990e+00
  1.7896284e+00
  1.8043437e+00
  1.8189484e+00
  1.8141922e+00
  1.8336386e+00
  1.8056558e+00
  1.8161249e+00
  1.7476056e+00
  1.8006456e+00
  1.7773179e+00
  1.8033150e+00
  1.8065726e+00
  1.7785084e+00
  1.7702454e+00
  1.7797508e+00
  1.8602046e+00
  1.7899833e+00
  1.7867699e+00
  1.7973314e+00
  1.7656584e+00
  1.7544560e+00
  1.7273500e+00
  1.7096531e+00
  1.6960141e+00
  1.7177224e+00
  1.7522366e+00
  1.7432220e+00
  1.8254426e+00
  1.8387421e+00
  1.8392002e+00
  1.8184883e+00
  1.7625128e+00
  1.8012724e+00
  1.8639078e+00
  1.8880644e+00
  1.9241545e+00
  1.9072144e+00
  1.8764024e+00
  1.8475867e+00
  1.8036264e+00
  1.7581098e+00
  1.7495987e+00
  1.7691848e+00
  1.7610595e+00
  1.7254105e+00
  1.7815854e+00
  1.7399144e+00
  1.7239729e+00
  1.7554773e+00
  1.7198169e+00
  1.7553498e+00
  1.7330433e+00
  1.7158636e+00
  1.7277617e+00
  1.7194164e+00
  1.7193789e+00
  1.7877725e+00
  1.7269708e+00
  1.7689552e+00
  1.7853250e+00
  1.8487782e+00
  1.8337909e+00
  1.8698688e+00
  1.8875041e+00
  1.8663526e+00
  1.8553786e+00
  1.8456118e+00
  1.8587155e+00
  1.8651808e+00
  1.8381401e+00
  1.8546370e+00
  1.8001294e+00
  1.7822549e+00
  1.7381009e+00
  1.7264000e+00
  1.7477373e+00
  1.8257440e+00
  1.8752706e+00
  1.8880072e+00
  1.8720195e+00
  1.8766994e+00
  1.9146731e+00
  1.8725187e+00
  1.8681154e+00
  1.8212342e+00
  1.7673948e+00
  1.7469672e+00
  1.7051305e+00
  1.6735096e+00
  1.7127612e+00
  1.7477101e+00
  1.8375267e+00
  1.8588668e+00
  1.7759043e+00
  1.7696445e+00
  1.7705460e+00
  1.8144913e+00
  1.8223527e+00
  1.8614229e+00
  1.8656922e+00
  1.8692665e+00
  1.8478216e+00
  1.8638682e+00
  1.8866800e+00
  1.8680377e+00
  1.8944530e+00
  1.8960230e+00
  1.8808691e+00
  1.8805883e+00
  1.7957541e+00
  1.7424846e+00
  1.7792109e+00
  1.7973982e+00
  1.8331414e+00
  1.8100192e+00
  1.8588151e+00
  1.8438368e+00
  1.8406543e+00
  1.7873615e+00
  1.7721368e+00
  1.7585014e+00
  1.7377438e+00
  1.7893490e+00
  1.7637894e+00
  1.7303179e+00
  1.6614745e+00
  1.7246694e+00
  1.7660469e+00
  1.7565421e+00
  1.7785344e+00
  1.8082443e+00
  1.7852386e+00
  1.7830498e+00
  1.8085353e+00
  1.8436834e+00
  1.8713636e+00
  1.8472236e+00
  1.8424118e+00
  1.7969529e+00
  1.7772471e+00
  1.7379898e+00
  1.8158188e+00
  1.8134057e+00
  1.7763181e+00
  1.7870349e+00
  1.8188126e+00
  1.8207531e+00
  1.8350025e+00
  1.8117384e+00
  1.7119728e+00
  1.6982274e+00
  1.7389149e+00
  1.7509565e+00
  1.7689966e+00
  1.7725679e+00
  1.7919988e+00
  1.7836770e+00
  1.7481764e+00
  1.7103789e+00
  1.7381995e+00
  1.7955787e+00
  1.7331024e+00
  1.7811947e+00
  1.8244130e+00
  1.7623563e+00
  1.7780450e+00
  1.7830172e+00
  1.8086347e+00
  1.7749703e+00
  1.7506428e+00
  1.7666763e+00
  1.7963633e+00
  1.8111719e+00
  1.8036790e+00
  1.7961663e+00
  1.7738435e+00
  1.7662140e+00
  1.7964699e+00
  1.7614250e+00
  1.7914272e+00
  1.8136095e+00
  1.8267942e+00
  1.7643627e+00
  1.7686763e+00
  1.8009827e+00
  1.8305451e+00
  1.8333905e+00
  1.7987929e+00
  1.8223539e+00
  1.8095835e+00
  1.8508756e+00
  1.8440554e+00
  1.7664111e+00
  1.8230303e+00
  1.8743125e+00
  1.8232389e+00
  1.8602533e+00
  1.8068020e+00
  1.8089422e+00
  1.7605543e+00
  1.7853201e+00
  1.7824718e+00
  1.8201001e+00
  1.8207007e+00
  1.8330970e+00
  1.8097115e+00
  1.7864760e+00
  1.8436134e+00
  1.8384966e+00
  1.7410534e+00
  1.6948872e+00
  1.7581986e+00
  1.7799011e+00
  1.8099785e+00
  1.8079177e+00
  1.7486586e+00
  1.7216911e+00
  1.7213585e+00
  1.7595487e+00
  1.8074985e+00
  1.8140429e+00
  1.7723323e+00
  1.7803693e+00
  1.8779568e+00
  1.8620968e+00
  1.8332960e+00
  1.7987503e+00
  1.8370116e+00
  1.8890381e+00
  1.8110240e+00
  1.8841220e+00
  1.9165919e+00
  1.8910675e+00
  1.8792214e+00
  1.9044129e+00
  1.8799458e+00
  1.8269062e+00
  1.8806791e+00
  1.8158147e+00
  1.8097965e+00
  1.7783314e+00
  1.7456561e+00
  1.7876570e+00
  1.7657824e+00
  1.8117554e+00
  1.8786075e+00
  1.8217615e+00
  1.7834135e+00
  1.7660763e+00
  1.7663079e+00
  1.7515709e+00
  1.8048552e+00
  1.8362188e+00
  1.8455061e+00
  1.8269275e+00
  1.8867207e+00
  1.8704665e+00
  1.8824205e+00
  1.8273148e+00
  1.8313396e+00
  1.8472932e+00
  1.8065113e+00
  1.7987817e+00
  1.8588247e+00
  1.8476661e+00
  1.8093439e+00
  1.7761679e+00
  1.7570383e+00
  1.7920804e+00
  1.6965642e+00
  1.7162650e+00
  1.6914694e+00
  1.7528843e+00
  1.7530843e+00
  1.7518345e+00
  1.7497313e+00
  1.7871098e+00
  1.8631833e+00
  1.8303416e+00
  1.7967005e+00
  1.8113649e+00
  1.7595883e+00
  1.7749670e+00
  1.7550807e+00
  1.7212166e+00
  1.7384428e+00
  1.7663895e+00
  1.7927104e+00
  1.7889713e+00
  1.7334854e+00
  1.7162226e+00
  1.7481874e+00
  1.7852290e+00
  1.7767120e+00
  1.7877266e+00
  1.7397532e+00
  1.7442202e+00
  1.7880521e+00
  1.8130840e+00
  1.7837950e+00
  1.8144154e+00
  1.7930697e+00
  1.8434088e+00
  1.8289777e+00
  1.8066636e+00
  1.8123903e+00
  1.8091683e+00
  1.8413867e+00
  1.7856789e+00
  1.7869265e+00
  1.7807330e+00
  1.7938614e+00
  1.8167654e+00
  1.7629649e+00
  1.8348533e+00
  1.8474668e+00
  1.8192377e+00
  1.7941437e+00
  1.7376795e+00
  1.6702780e+00
  1.6758201e+00
  1.6756228e+00
  1.7066101e+00
  1.7150979e+00
  1.6895172e+00
  1.6714876e+00
  1.7109555e+00
  1.7428995e+00
  1.6755483e+00
  1.6866681e+00
  1.7465940e+00
  1.7292178e+00
  1.7889090e+00
  1.7945858e+00
  1.7591168e+00
  1.7903360e+00
  1.7622915e+00
  1.7909980e+00
  1.7811104e+00
  1.7900492e+00
  1.7846250e+00
  1.7639194e+00
  1.7720933e+00
  1.8339078e+00
  1.8361572e+00
  1.8321970e+00
  1.8005894e+00
  1.7769810e+00
  1.7888775e+00
  1.7747425e+00
  1.7782186e+00
  1.8360479e+00
  1.8454310e+00
  1.8728192e+00
  1.8413734e+00
  1.8341258e+00
  1.8528152e+00
  1.8383965e+00
  1.8332951e+00
  1.7808702e+00
  1.8280133e+00
  1.8493667e+00
  1.8521512e+00
  1.7849937e+00
  1.8316948e+00
  1.7854991e+00
  1.7772100e+00
  1.8241633e+00
  1.8046596e+00
  1.8102334e+00
  1.8183474e+00
  1.8066034e+00
  1.8004802e+00
  1.8057831e+00
  1.7580386e+00
  1.7644828e+00
  1.8136095e+00
  1.8166996e+00
  1.7913126e+00
  1.8173741e+00
  1.8339589e+00
  1.7607980e+00
  1.7357158e+00
  1.8005781e+00
  1.7832698e+00
  1.7690476e+00
  1.8068366e+00
  1.8396169e+00
  1.8307474e+00
  1.8097363e+00
  1.8295748e+00
  1.7993395e+00
  1.7992589e+00
  1.7622883e+00
  1.7913192e+00
  1.7973248e+00
  1.8180920e+00
  1.8498465e+00
  1.7913630e+00
  1.8143130e+00
  1.8479892e+00
  1.8376131e+00
  1.8353738e+00
  1.8468468e+00
  1.8138371e+00
  1.7278352e+00
  1.7459453e+00
  1.7269031e+00
  1.7017757e+00
  1.7315029e+00
  1.8072753e+00
  1.8209556e+00
  1.7677383e+00
  1.8431820e+00
  1.7920035e+00
  1.7558273e+00
  1.7934906e+00
  1.7828934e+00
  1.7774106e+00
  1.7885314e+00
  1.7664755e+00
  1.8386126e+00
  1.8489689e+00
  1.7576840e+00
  1.7740419e+00
  1.7152803e+00
  1.8076240e+00
  1.8590886e+00
  1.8011605e+00
  1.7898944e+00
  1.7393806e+00
  1.7442562e+00
  1.7825032e+00
  1.7300923e+00
  1.7368831e+00
  1.7359734e+00
  1.7191038e+00
  1.7658331e+00
  1.8111066e+00
  1.8189048e+00
  1.8439155e+00
  1.7196591e+00
  1.7565655e+00
  1.7608702e+00
  1.7665675e+00
  1.7651955e+00
  1.7629767e+00
  1.7324015e+00
  1.7551521e+00
  1.7874949e+00
  1.7570910e+00
  1.7418677e+00
  1.7221745e+00
  1.7069328e+00
  1.7754088e+00
  1.8160848e+00
  1.8075844e+00
  1.8144595e+00
  1.8257109e+00
  1.8366713e+00
  1.7579863e+00
  1.7175946e+00
  1.7443356e+00
  1.7760782e+00
  1.8218532e+00
  1.8102865e+00
  1.8142267e+00
  1.8588497e+00
  1.8744059e+00
  1.8549198e+00
  1.8151044e+00
  1.8265919e+00
  1.7886252e+00
  1.7785866e+00
  1.7351177e+00
  1.7772298e+00
  1.8128353e+00
  1.8361690e+00
  1.7969633e+00
  1.7764813e+00
  1.8114632e+00
  1.8192198e+00
  1.8364128e+00
  1.8953548e+00
  1.8264329e+00
  1.8247258e+00
  1.8401168e+00
  1.8307717e+00
  1.8138180e+00
  1.8232567e+00
  1.7732919e+00
  1.7982906e+00
  1.7811503e+00
  1.7488246e+00
  1.7583805e+00
  1.7434221e+00
  1.7942917e+00
  1.8289255e+00
  1.8680838e+00
  1.8225548e+00
  1.8668122e+00
  1.8932176e+00
  1.8095272e+00
  1.7807839e+00
  1.8017703e+00
  1.7431806e+00
  1.7320511e+00
  1.7433972e+00
  1.7268193e+00
  1.7511985e+00
  1.7305375e+00
  1.7147976e+00
  1.7083796e+00
  1.7413567e+00
  1.7919945e+00
  1.7320298e+00
  1.7533138e+00
  1.7392397e+00
  1.7476003e+00
  1.8220702e+00
  1.8634888e+00
  1.8822093e+00
  1.8426182e+00
  1.8267673e+00
  1.8371223e+00
  1.7849849e+00
  1.8186466e+00
  1.8340866e+00
  1.8054252e+00
  1.7960311e+00
  1.8658981e+00
  1.8157421e+00
  1.8079879e+00
  1.7714286e+00
  1.8193360e+00
  1.7725793e+00
  1.7455868e+00
  1.7995803e+00
  1.7657179e+00
  1.8121198e+00
  1.7981167e+00
  1.7425635e+00
  1.7553008e+00
  1.7655496e+00
  1.7474712e+00
  1.7593694e+00
  1.7950997e+00
  1.8143380e+00
  1.8358335e+00
  1.7995739e+00
  1.8111643e+00
  1.8688704e+00
  1.8476368e+00
  1.8224196e+00
  1.7673485e+00
  1.8160766e+00
  1.8646781e+00
  1.8501008e+00
  1.7791614e+00
  1.7236288e+00
  1.6938603e+00
  1.7168233e+00
  1.7864065e+00
  1.7976669e+00
  1.7555196e+00
  1.7353974e+00
  1.7244248e+00
  1.7091815e+00
  1.7313997e+00
  1.7383023e+00
  1.7504415e+00
  1.7768076e+00
  1.7365724e+00
  1.7429528e+00
  1.7458334e+00
  1.7982177e+00
  1.7351505e+00
  1.7542078e+00
  1.8485265e+00
  1.8528210e+00
  1.8505857e+00
  1.9391060e+00
  1.9329141e+00
  1.8707183e+00
  1.8236023e+00
  1.8085722e+00
  1.8078404e+00
  1.7785625e+00
  1.7637023e+00
  1.7113567e+00
  1.7198174e+00
  1.7572756e+00
  1.8011899e+00
  1.8457518e+00
  1.8585827e+00
  1.8209901e+00
  1.7636740e+00
  1.7903292e+00
  1.7975250e+00
  1.7994174e+00
  1.7854135e+00
  1.8005486e+00
  1.7363282e+00
  1.7152478e+00
  1.6937904e+00
  1.7363114e+00
  1.7990786e+00
  1.8494183e+00
  1.8347176e+00
  1.8257148e+00
  1.8084202e+00
  1.7638740e+00
  1.7408283e+00
  1.7824202e+00
  1.8489315e+00
  1.8108543e+00
  1.8413822e+00
  1.8350569e+00
  1.8108392e+00
  1.8291025e+00
  1.8290128e+00
  1.7864772e+00
  1.8323330e+00
  1.8225768e+00
  1.8387054e+00
  1.8381117e+00
  1.8102467e+00
  1.8517172e+00
  1.8180974e+00
  1.7549270e+00
  1.7345592e+00
  1.7458032e+00
  1.7956504e+00
  1.7580835e+00
  1.8184976e+00
  1.7837677e+00
  1.7216184e+00
  1.7691080e+00
  1.7708211e+00
  1.7994577e+00
  1.8433117e+00
  1.7991023e+00
  1.7254303e+00
  1.7426196e+00
  1.7757869e+00
  1.8289132e+00
  1.8159924e+00
  1.9008425e+00
  1.9018382e+00
  1.8372804e+00
  1.8287256e+00
  1.7595378e+00
  1.7350583e+00
  1.7514356e+00
  1.7528018e+00
  1.8102269e+00
  1.7870191e+00
  1.7429763e+00
  1.7016046e+00
  1.6931047e+00
  1.6999302e+00
  1.7166825e+00
  1.6757117e+00
  1.6276670e+00
  1.6484210e+00
  1.7588923e+00
  1.7804218e+00
  1.8168062e+00
  1.8462110e+00
  1.8532560e+00
  1.7961812e+00
  1.8197240e+00
  1.7719021e+00
  1.7699959e+00
  1.7606346e+00
  1.7171199e+00
  1.7805160e+00
  1.7909926e+00
  1.8325238e+00
  1.8532688e+00
  1.8212226e+00
  1.8120018e+00
  1.7886593e+00
  1.7962325e+00
  1.8109653e+00
  1.7607306e+00
  1.7313203e+00
  1.7334786e+00
  1.7142709e+00
  1.7508212e+00
  1.7741250e+00
  1.8132895e+00
  1.8288805e+00
  1.8545598e+00
  1.8545018e+00
  1.8316657e+00
  1.7919790e+00
  1.8044206e+00
  1.8054771e+00
  1.8565163e+00
  1.8337517e+00
  1.8002855e+00
  1.8102225e+00
  1.7694284e+00
  1.7821884e+00
  1.8028830e+00
  1.7391727e+00
  1.7025377e+00
  1.7442480e+00
  1.7349491e+00
  1.7797797e+00
  1.7893358e+00
  1.7278526e+00
  1.7228753e+00
  1.7985736e+00
  1.7757899e+00
  1.8194668e+00
  1.8190329e+00
  1.7879862e+00
  1.8240458e+00
  1.8422434e+00
  1.8607981e+00
  1.8459165e+00
  1.7984976e+00
  1.7844949e+00
  1.7742596e+00
  1.7786930e+00
  1.7660682e+00
  1.8322395e+00
  1.8231909e+00
  1.8472418e+00
  1.8025077e+00
  1.7946611e+00
  1.8049553e+00
  1.7991199e+00
  1.8094744e+00
  1.7350011e+00
  1.7197536e+00
  1.7262929e+00
  1.6997869e+00
  1.6940918e+00
  1.7232063e+00
  1.7085016e+00
  1.7381337e+00
  1.8413913e+00
  1.8194309e+00
  1.7929830e+00
  1.7936709e+00
  1.8152895e+00
  1.8148489e+00
  1.7674426e+00
  1.7299941e+00
  1.8030261e+00
  1.8118311e+00
  1.8152001e+00
  1.8373687e+00
  1.7933218e+00
  1.8139795e+00
  1.7967275e+00
  1.8103188e+00
  1.8129548e+00
  1.8022363e+00
  1.8338503e+00
  1.8002576e+00
  1.7924116e+00
  1.7875286e+00
  1.7509334e+00
  1.7026779e+00
  1.7197708e+00
  1.7761952e+00
  1.8196549e+00
  1.7613517e+00
  1.7270599e+00
  1.7329155e+00
  1.7918818e+00
  1.8074083e+00
  1.8696863e+00
  1.8053953e+00
  1.8223396e+00
  1.8146556e+00
  1.8220671e+00
  1.8266246e+00
  1.7475363e+00
  1.7375336e+00
  1.7965040e+00
  1.8098276e+00
  1.8304206e+00
  1.8711737e+00
  1.8945343e+00
  1.9123427e+00
  1.8224714e+00
  1.7571414e+00
  1.7296624e+00
  1.7212385e+00
  1.7530719e+00
  1.7788836e+00
  1.8017277e+00
  1.7522543e+00
  1.7918632e+00
  1.8032566e+00
  1.8057034e+00
  1.8170426e+00
  1.7899502e+00
  1.7599876e+00
  1.8451292e+00
  1.8590127e+00
  1.8661857e+00
  1.8470374e+00
  1.8441076e+00
  1.8991234e+00
  1.8846917e+00
  1.8791770e+00
  1.8399497e+00
  1.8199044e+00
  1.7813231e+00
  1.7187904e+00
  1.7117877e+00
  1.7787187e+00
  1.7949136e+00
  1.8395454e+00
  1.8247900e+00
  1.7825782e+00
  1.8142840e+00
  1.8329511e+00
  1.8229060e+00
  1.7723483e+00
  1.7953558e+00
  1.8241954e+00
  1.8111633e+00
  1.8595159e+00
  1.8576895e+00
  1.8298259e+00
  1.8009264e+00
  1.7870061e+00
  1.7912580e+00
  1.7756491e+00
  1.7754382e+00
  1.8403893e+00
  1.8271342e+00
  1.7759392e+00
  1.7462930e+00
  1.7161252e+00
  1.7715338e+00
  1.8422533e+00
  1.8195037e+00
  1.8324743e+00
  1.8460221e+00
  1.7919127e+00
  1.7603811e+00
  1.7640537e+00
  1.7782750e+00
  1.8019742e+00
  1.7961526e+00
  1.8001161e+00
  1.8442953e+00
  1.8079956e+00
  1.7299054e+00
  1.8009738e+00
  1.8692911e+00
  1.8400411e+00
  1.8440161e+00
  1.7933926e+00
  1.8497801e+00
  1.8519051e+00
  1.8106337e+00
  1.7883336e+00
  1.8233593e+00
  1.8420608e+00
  1.8266493e+00
  1.8250089e+00
  1.7797224e+00
  1.7866907e+00
  1.7846447e+00
  1.7674310e+00
  1.8089557e+00
  1.8342470e+00
  1.8266019e+00
  1.8321491e+00
  1.7889223e+00
  1.7715298e+00
  1.8146484e+00
  1.7866263e+00
  1.7832354e+00
  1.7674829e+00
  1.7595015e+00
  1.7406517e+00
  1.7996135e+00
  1.7703863e+00
  1.7538358e+00
  1.7334378e+00
  1.7943200e+00
  1.7639095e+00
  1.7795070e+00
  1.8342631e+00
  1.8111639e+00
  1.8062968e+00
  1.7656926e+00
  1.7671362e+00
  1.7552437e+00
  1.7969317e+00
  1.8225982e+00
  1.8146717e+00
  1.8593918e+00
  1.8308519e+00
  1.8383360e+00
  1.8125784e+00
  1.8048546e+00
  1.8248785e+00
  1.8910827e+00
  1.8893478e+00
  1.8706823e+00
  1.8515581e+00
  1.8905691e+00
  1.7815797e+00
  1.8256878e+00
  1.7948157e+00
  1.7620294e+00
  1.7038984e+00
  1.7840373e+00
  1.8333436e+00
  1.7804656e+00
  1.7958508e+00
  1.8483362e+00
  1.7924277e+00
  1.7127259e+00
  1.7483044e+00
  1.8089773e+00
  1.7928259e+00
  1.7740116e+00
  1.7555353e+00
  1.7749019e+00
  1.7074833e+00
  1.7254497e+00
  1.8121450e+00
  1.8150549e+00
