    RadiusGyration{
      interval                             100
      outputFileName            RadiusGyration
      nSamplePerBlock                       10
      speciesId                              0
    }

Average     3.5039868e+00
Variance    7.0925106e-03
Std Dev     8.4217045e-02

Hierarchichal Error Analysis:
              0              1  2.9775036e-04          80001
              1              2  3.8148670e-04          40000
              2              4  4.8986442e-04          20000
              3              8  6.1760961e-04          10000
              4             16  7.4964095e-04           5000
              5             32  8.6206407e-04           2500
              6             64  9.5978344e-04           1250
              7            128  1.0485980e-03            625
              8            256  1.0771678e-03            312
              9            512  1.0216989e-03            156
             10           1024  1.0810118e-03             78
             11           2048  1.1564301e-03             39
             12           4096  1.3770031e-03             19
             13           8192  1.0793575e-03              9
             14          16384  1.1194174e-03              4
