    RadiusGyration{
      interval                             100
      outputFileName            RadiusGyration
      nSamplePerBlock                       10
      speciesId                              0
    }

Average     3.5032829e+00
Variance    7.3471632e-03
Std Dev     8.5715595e-02

Hierarchichal Error Analysis:
              0              1  2.4743858e-04         120001
              1              2  3.3445018e-04          60000
              2              4  4.5340868e-04          30000
              3              8  6.1110134e-04          15000
              4             16  8.1020648e-04           7500
              5             32  1.0479885e-03           3750
              6             64  1.2980407e-03           1875
              7            128  1.5399858e-03            937
              8            256  1.7060839e-03            468
              9            512  1.8107705e-03            234
             10           1024  1.8885549e-03            117
             11           2048  1.9590575e-03             58
             12           4096  2.0833512e-03             29
             13           8192  2.0338873e-03             14
             14          16384  1.6641756e-03              7
