BOUNDARY

orthorhombic       1.0455159000e+01    1.0455159000e+01    1.0455159000e+01

MOLECULES

species    0
nMolecule  100

molecule  0
    8.4245394358e+00    5.2665495637e+00    1.8558581231e+00
    9.2100699767e+00    4.6895871844e+00    2.1052610508e+00
    9.4154749561e+00    3.8782521282e+00    1.5843362162e+00
    9.9658189193e+00    3.4040211551e+00    8.6857095800e-01
    9.8842443360e+00    2.7721697941e+00    1.6151081642e+00
    9.1162193568e+00    2.1331542750e+00    1.4655049282e+00
    8.1444683242e+00    2.1768631845e+00    1.1573430387e+00
    7.2455292162e+00    2.5487821873e+00    1.2422030488e+00

molecule  1
    5.5656551523e+00    1.4754176490e+00    8.1967294684e+00
    6.1747756511e+00    1.7390351353e+00    7.4653124376e+00
    7.0447245274e+00    2.2001864035e+00    7.4249130561e+00
    8.0385860112e+00    2.0402134679e+00    7.3081941516e+00
    8.8606851273e+00    2.4127795196e+00    7.7437426991e+00
    8.8893365814e+00    1.6378267939e+00    7.1472876171e+00
    8.5379544465e+00    2.1205300191e+00    6.3236782442e+00
    8.0845501121e+00    1.3001879265e+00    6.5773774355e+00

molecule  2
    7.1047842237e-01    1.0476202245e+00    2.9694500263e+00
    1.0575808210e+00    7.9781987598e-01    2.0856865143e+00
    1.8902169742e+00    1.3579024384e+00    1.9626162394e+00
    2.2231817937e+00    5.6726131330e-01    1.4416522240e+00
    2.7532702729e+00    4.5179750691e-01    5.9639413239e-01
    3.0176747255e+00    9.9764805530e+00    9.1340250842e-01
    3.9852073659e+00    9.7662899430e+00    1.1478045004e+00
    4.7742803125e+00    1.0376693857e+01    1.3444846634e+00

molecule  3
    8.5297881048e+00    9.4548786036e+00    8.8679933607e+00
    8.5573601066e+00    8.7569422927e+00    9.5975476560e+00
    7.6183819291e+00    9.0159024560e+00    9.4100087759e+00
    6.9542349772e+00    8.2917006560e+00    9.2512332643e+00
    6.3589324725e+00    7.8873614111e+00    8.5949942562e+00
    6.1835319856e+00    8.7985389537e+00    8.9152394784e+00
    6.0608898497e+00    9.5426111166e+00    8.3084401887e+00
    6.0297865659e+00    8.6603503438e+00    7.8259146888e+00

molecule  4
    6.4776090808e-01    9.7786793114e+00    3.6650127342e+00
    1.0174635514e+01    9.5859702090e+00    3.3419958581e+00
    9.7955815156e+00    1.0118712004e+01    2.5716745988e+00
    1.0048339527e+01    5.9613358740e-01    2.9075690589e+00
    1.0436991693e+01    7.8287193021e-01    1.9966769603e+00
    1.0370200856e+01    6.0178133943e-01    1.0244010398e+00
    9.9161328905e+00    1.4316844101e+00    1.3266336168e+00
    9.9489174984e+00    1.9244045387e+00    2.1833011491e+00

molecule  5
    4.8606045467e+00    5.4979767107e+00    6.6636599970e+00
    5.0866143103e+00    6.1953710131e+00    6.0360017960e+00
    5.8008232457e+00    5.4831833108e+00    6.0643380663e+00
    5.9824522642e+00    4.5866825032e+00    6.4980278031e+00
    5.3198690787e+00    4.2596807683e+00    5.8272464244e+00
    4.5298375411e+00    4.1357151584e+00    5.2458301926e+00
    4.4131998527e+00    4.9568164393e+00    5.8382307143e+00
    4.2214184599e+00    5.4231894102e+00    4.9679340399e+00

molecule  6
    5.0596037209e-01    4.2416986966e+00    4.9529395970e-01
    1.9985123859e-01    5.1240845153e+00    1.9883903410e-01
    1.0401900213e+01    4.7829832810e+00    9.7240105305e+00
    8.5013126586e-01    4.4009672887e+00    9.9762562528e+00
    3.5801455422e-01    3.5429510344e+00    1.0071555235e+01
    6.2279250511e-01    3.0098721829e+00    3.9107003514e-01
    2.8290005998e-01    2.2905433757e+00    9.4413618924e-01
    7.0940771046e-02    1.5613983824e+00    3.0416397492e-01

molecule  7
    6.4038852758e+00    9.2978300743e+00    5.2781440261e+00
    6.5899204120e+00    8.8956564071e+00    6.1524363759e+00
    7.5690316850e+00    8.8277683026e+00    5.7349573829e+00
    7.3868203323e+00    9.8251916022e+00    5.5957605419e+00
    7.7303286636e+00    1.5508298214e-01    5.0562184238e+00
    7.6895941428e+00    8.5050546973e-01    5.8146143566e+00
    8.0348521740e+00    1.3464519640e+00    5.0743926511e+00
    7.5950054302e+00    2.0695220905e+00    5.6036359168e+00

molecule  8
    8.0088136665e+00    1.4862714694e+00    3.7899926754e+00
    8.4694933384e+00    5.8327678910e-01    3.8021746190e+00
    8.9866339373e+00    1.0200569857e+01    3.5937762866e+00
    8.1591343985e+00    1.0378222010e+01    2.9882650042e+00
    8.8562821782e+00    4.8533165697e-01    2.5985672415e+00
    8.3932918812e+00    1.1860690752e+00    2.0299189298e+00
    8.9029087557e+00    1.0484052965e+00    1.1669050098e+00
    8.3129643791e+00    2.1095573255e-01    1.2162954644e+00

molecule  9
    8.5770490621e+00    7.4292753848e+00    1.6151245779e+00
    8.8861369378e+00    6.5593124677e+00    1.8685711205e+00
    9.5765985331e+00    6.9609462394e+00    2.4740476416e+00
    1.0104083985e+01    6.8116388673e+00    3.2886377780e+00
    4.7212433533e-01    6.3331109866e+00    3.6645370873e+00
    7.1345976684e-01    7.0184366163e+00    4.3479946570e+00
    3.2771427753e-01    7.7371502455e+00    3.7656977614e+00
    1.1540436429e+00    8.1577381295e+00    4.1786915319e+00

molecule  10
    5.0662441322e+00    9.9301576233e+00    9.5434801455e+00
    4.9096147994e+00    9.0075217027e+00    9.6330627822e+00
    4.8932528863e+00    8.0263506651e+00    9.8919329756e+00
    5.4084037084e+00    7.1961227782e+00    9.7471625591e+00
    6.2654981427e+00    6.7442534090e+00    9.6135828693e+00
    7.2438721619e+00    7.0519126656e+00    9.6422787690e+00
    6.8642609529e+00    6.9602477997e+00    8.7551973766e+00
    7.8346218719e+00    6.8849278231e+00    8.8484383945e+00

molecule  11
    9.2150299625e+00    7.4461897816e+00    4.5693078512e+00
    8.8624948110e+00    7.6501835899e+00    5.4254986890e+00
    8.8411535321e+00    6.7339680306e+00    5.8263228834e+00
    9.6920908416e+00    6.2355347649e+00    5.7964711439e+00
    9.7637756919e+00    7.2079593621e+00    5.7559616874e+00
    8.7297205561e-02    7.5978562371e+00    6.2227266234e+00
    1.0358452253e+01    8.0874324706e+00    7.0528202271e+00
    5.5904813790e-01    7.5674534756e+00    7.6423176627e+00

molecule  12
    7.0888909102e+00    8.7233410120e+00    2.5111928895e+00
    6.9597083138e+00    8.2301494440e+00    3.3705308877e+00
    7.3156752058e+00    7.7258899730e+00    4.1418760475e+00
    7.0046674367e+00    7.1771259674e+00    3.3393868387e+00
    6.7288087616e+00    6.7963106301e+00    4.2267530206e+00
    6.6222665593e+00    6.2629385088e+00    5.0051716186e+00
    6.7141611174e+00    6.2022501915e+00    6.0561773260e+00
    6.5339645330e+00    5.8848568643e+00    7.0002556547e+00

molecule  13
    7.5817700143e+00    5.5139678282e+00    5.8408378546e+00
    7.3860481005e+00    5.6442351559e+00    4.8791178290e+00
    7.3092184085e+00    5.3271734791e+00    3.9108266721e+00
    7.8773551366e+00    5.7567910738e+00    3.2173405078e+00
    8.6398005495e+00    6.2127645695e+00    3.6815339184e+00
    8.6257391651e+00    6.9114266848e+00    2.9716222321e+00
    8.5288822187e+00    7.8692401743e+00    3.3660455726e+00
    8.2586719291e+00    7.2795436795e+00    4.1194125065e+00

molecule  14
    3.6562269465e+00    6.2654458105e+00    6.3936649621e+00
    3.6662686505e+00    6.8363516773e+00    5.5432675872e+00
    3.0819779516e+00    6.4039886447e+00    4.8250310841e+00
    3.5482145806e+00    6.8100401463e+00    4.0002056523e+00
    3.8635214039e+00    7.6307941643e+00    4.5074498745e+00
    4.0517081850e+00    8.4459300519e+00    5.0300021254e+00
    3.5151871327e+00    8.6810166582e+00    5.8079760548e+00
    3.1813676983e+00    7.8382057325e+00    6.2283380673e+00

molecule  15
    4.0328023615e+00    1.1652470075e+00    7.5877133586e+00
    3.6778989669e+00    4.3257332501e-01    7.0205326059e+00
    4.4801451092e+00    1.0383443690e+01    7.3061520293e+00
    4.5297401563e+00    1.0366359564e+01    6.2946471006e+00
    5.4978314798e+00    2.1307658777e-01    6.4830858073e+00
    5.9079119473e+00    9.5266684352e-01    6.9910329396e+00
    6.8483148113e+00    8.9773083511e-01    6.6846442495e+00
    7.1512208192e+00    1.1037974882e+00    7.6384349673e+00

molecule  16
    7.4171377202e+00    4.1693648861e+00    4.2431937330e+00
    8.0855644945e+00    3.5340921559e+00    3.9032210778e+00
    8.9476050854e+00    3.7081032914e+00    4.4035439373e+00
    8.1838909392e+00    3.9012433880e+00    5.0228151249e+00
    7.5165497657e+00    3.9371945040e+00    5.7214340224e+00
    7.4278849495e+00    4.4770703409e+00    6.6110502409e+00
    8.0017240829e+00    5.2641611151e+00    6.7391259098e+00
    8.3597846729e+00    4.4017762652e+00    7.1828498164e+00

molecule  17
    6.8180729725e+00    7.1186412156e+00    6.7107178092e+00
    6.2272647391e+00    7.9382971390e+00    6.5666913928e+00
    6.5476800737e+00    7.8870602811e+00    5.6277786191e+00
    5.5691129271e+00    8.1710611563e+00    5.7049204828e+00
    5.2157453732e+00    7.3481939122e+00    6.0506210441e+00
    4.2490347288e+00    7.6617848524e+00    6.1051531593e+00
    4.4783808078e+00    7.2095789891e+00    6.9729734436e+00
    3.5634960645e+00    7.3015110130e+00    7.3489870595e+00

molecule  18
    1.6354778942e+00    2.4656545009e+00    8.9957949446e+00
    2.0881301235e+00    3.3536390248e+00    9.1599825224e+00
    1.2862931301e+00    3.2587491140e+00    9.7040702886e+00
    2.0851140162e+00    3.4313719250e+00    1.0263188577e+01
    2.0874526917e+00    4.3069290452e+00    9.8086850646e+00
    2.9717020513e+00    3.7793071485e+00    9.6768235616e+00
    3.9402101965e+00    3.7530707412e+00    9.5904905041e+00
    3.8204265600e+00    4.7263134681e+00    9.3861077395e+00

molecule  19
    8.9158187883e+00    5.2915758147e+00    6.0425510704e+00
    8.3713632019e+00    4.8984185854e+00    5.3000531881e+00
    8.3757949479e+00    5.4284208679e+00    4.4436481620e+00
    8.2263811389e+00    4.6651962125e+00    3.7567029868e+00
    9.1200504467e+00    4.7302036627e+00    3.4172666577e+00
    9.4387350973e+00    5.6530718018e+00    3.6158376797e+00
    9.2536669246e+00    5.6017618585e+00    2.6257025532e+00
    1.0087066110e+01    6.1136406343e+00    2.3582690988e+00

molecule  20
    1.9564507830e+00    2.4789053896e-01    5.7852836424e+00
    2.4639163516e+00    1.0194857698e+01    5.0476765356e+00
    1.7106446709e+00    9.5512027229e+00    5.2875126346e+00
    9.0325738181e-01    9.8843597314e+00    4.8456107550e+00
    1.6457655275e+00    1.0342084387e+01    4.3911698363e+00
    1.7850950118e+00    9.8423197199e+00    3.5142832323e+00
    1.5930057906e+00    8.8887391943e+00    3.6066040767e+00
    1.2153573796e+00    8.1777861657e+00    3.0361482891e+00

molecule  21
    1.1512429827e+00    2.6691004838e+00    4.6613324437e+00
    9.3824792898e-01    1.9058315115e+00    4.0548457635e+00
    3.6504651196e-01    1.7518981251e+00    4.8394107359e+00
    7.3363846851e-02    2.5882352451e+00    5.3559406063e+00
    8.8898612870e-02    3.5866715511e+00    5.4029300380e+00
    8.5582835436e-01    3.7832864482e+00    5.9956977069e+00
    1.3526367400e+00    3.0045541601e+00    6.2398752920e+00
    1.0012620280e+00    2.2955099458e+00    5.5797020534e+00

molecule  22
    3.8795212533e+00    6.3069083417e+00    1.0302131770e+01
    3.1796201670e+00    5.6149281577e+00    1.0249790200e+01
    3.5882657741e+00    4.8561021613e+00    2.6169532522e-01
    3.1354365849e+00    5.3447988225e+00    1.0004496990e+00
    3.9571907914e+00    5.8895518925e+00    8.9387967721e-01
    4.2197619850e+00    5.0472562329e+00    1.3883176834e+00
    3.7374721313e+00    5.2524375196e+00    2.2072905056e+00
    3.4699005166e+00    4.3084135161e+00    2.1187738057e+00

molecule  23
    1.1401975002e-01    2.5780088228e+00    6.4714377458e+00
    9.6153886145e+00    2.4197681880e+00    6.6103035428e+00
    1.0352220072e+01    1.7580755423e+00    6.8871407599e+00
    9.8119120914e+00    1.6434982310e+00    6.0138092179e+00
    9.5238452153e+00    7.3355062802e-01    5.6610161029e+00
    9.9474811180e+00    7.5108609175e-01    6.5680738097e+00
    9.0045154798e+00    5.0388239776e-01    6.6231368401e+00
    8.7000977917e+00    1.0051425714e+01    6.3328786513e+00

molecule  24
    6.9029839091e+00    2.4256764099e+00    6.3794027776e+00
    5.9697733550e+00    2.5119276723e+00    6.6237232861e+00
    6.2233998089e+00    3.2917591391e+00    7.0645453259e+00
    5.2297828475e+00    3.5993696628e+00    6.8848633688e+00
    4.7380371714e+00    3.9993785469e+00    7.6457052575e+00
    4.6095943384e+00    5.0266750799e+00    7.5474960773e+00
    4.6113563841e+00    4.6347862290e+00    8.4427472811e+00
    4.1387904651e+00    3.7620659428e+00    8.5725545209e+00

molecule  25
    9.5296282438e+00    9.3939951151e+00    1.0113528390e+01
    1.0180337955e+01    8.8918555852e+00    1.8781986833e-01
    2.9643189146e-01    8.7714663678e+00    9.8221586327e+00
    1.2263316958e+00    8.4324965321e+00    9.5582583751e+00
    5.7420238586e-01    8.2368738409e+00    8.7917775591e+00
    1.0152195689e+00    8.8807535002e+00    8.1500568857e+00
    1.9468296242e+00    9.2704114996e+00    7.9984433241e+00
    2.7720919192e+00    8.7619728412e+00    8.2503710869e+00

molecule  26
    6.1760460764e+00    3.8333831616e+00    1.2176466796e+00
    7.1422497301e+00    3.6462158520e+00    1.3159140444e+00
    7.4383839410e+00    3.6882230730e+00    2.2371954245e+00
    8.3435044584e+00    4.0819643510e+00    2.4674662655e+00
    8.3083842812e+00    3.9755596559e+00    1.4808367280e+00
    8.6289283567e+00    3.0262445993e+00    1.7858185678e+00
    8.7431501327e+00    3.2285728692e+00    8.1671585064e-01
    8.9587011954e+00    3.8688759651e+00    5.0460087085e-02

molecule  27
    7.5664212520e-02    8.1884576010e+00    2.8739563480e+00
    1.0228043398e+01    7.9327766485e+00    1.9898992228e+00
    9.9421598405e+00    8.8835872880e+00    2.1121706527e+00
    9.0584347432e+00    9.1371594828e+00    2.5099052692e+00
    9.0084764396e+00    8.1417926200e+00    2.3580928280e+00
    8.1396561342e+00    8.5445103165e+00    2.0099480044e+00
    7.9782404577e+00    9.4414405429e+00    2.4180735161e+00
    7.6343451800e+00    1.0115580836e+01    1.7733520987e+00

molecule  28
    5.4646848861e+00    5.9041080703e+00    7.8320073126e+00
    4.8921239860e+00    6.7026378617e+00    7.6281056076e+00
    4.0839906089e+00    6.3381144274e+00    8.0633818458e+00
    3.1656848820e+00    5.9193881592e+00    8.3001031382e+00
    3.2191508043e+00    5.7239594103e+00    7.3448782341e+00
    3.5941426756e+00    5.0602192371e+00    6.6946925037e+00
    3.7031833305e+00    4.0797911253e+00    6.9087168733e+00
    2.7842325345e+00    4.4581708142e+00    7.1088282762e+00

molecule  29
    4.5419408619e+00    6.0348311521e+00    3.8370680973e+00
    4.6794287864e+00    6.9453657153e+00    4.1685073902e+00
    4.7886073983e+00    7.7809099290e+00    4.7183090337e+00
    5.7756743637e+00    7.7855956025e+00    4.5065221484e+00
    5.8392897131e+00    8.5152158317e+00    3.7931141629e+00
    6.6225607698e+00    8.9706280126e+00    4.1852567644e+00
    7.2398997085e+00    9.7174034099e+00    4.4143714503e+00
    7.4703528778e+00    9.8502837327e+00    3.4841454171e+00

molecule  30
    8.2259037840e+00    2.4502663522e+00    3.8271852468e+00
    8.7080995866e+00    2.2379390798e+00    2.9551673027e+00
    8.5831869962e+00    3.2384200688e+00    3.0572427404e+00
    9.4815398350e+00    3.1609752472e+00    2.5907833864e+00
    1.0010813363e+01    3.4573043854e+00    3.3401475568e+00
    2.8398418886e-01    3.4906999106e+00    3.9565594837e+00
    5.3128565628e-01    2.8372084655e+00    3.2662024790e+00
    4.2338535280e-01    2.8216030254e+00    2.2757611361e+00

molecule  31
    5.4322850969e+00    1.4056769902e+00    4.8339992566e+00
    4.5470016272e+00    1.5745356648e+00    4.5780889842e+00
    3.7857192321e+00    1.9715647294e+00    5.0847433546e+00
    3.5754287481e+00    1.0571298446e+00    4.7369252772e+00
    3.6916849367e+00    7.3835239040e-01    3.7983800584e+00
    2.8443300090e+00    5.1307022788e-01    4.2514835299e+00
    2.9527896614e+00    1.0309794200e+01    3.4890992154e+00
    2.8730841673e+00    9.3984492171e+00    3.1795697199e+00

molecule  32
    5.8254279065e+00    7.0786081051e+00    3.2240914091e+00
    6.4971370446e+00    6.3435666068e+00    2.8557693799e+00
    5.8497166410e+00    5.8844291829e+00    2.2175890071e+00
    5.2507755051e+00    5.5576841732e+00    1.5147488839e+00
    5.6990044203e+00    6.3734960354e+00    1.3500862026e+00
    4.9017344768e+00    6.9497270311e+00    1.3780995330e+00
    4.7077671083e+00    6.3075349104e+00    2.0621230641e+00
    3.9351871175e+00    6.4045950271e+00    2.7384844121e+00

molecule  33
    9.8443494440e+00    4.7614305387e+00    1.0253554209e+00
   -1.5948645384e-02    5.1158278983e+00    1.7143451693e+00
    6.2630466629e-01    5.0817689152e+00    2.4954879082e+00
    1.5379257703e+00    4.6688156580e+00    2.5473126849e+00
    2.1177110451e+00    4.9788081903e+00    3.2683496504e+00
    2.8220789617e+00    5.5665177000e+00    3.5635618248e+00
    2.1873008036e+00    5.8021646924e+00    4.3099997751e+00
    1.5294116614e+00    5.8958905026e+00    3.5711451949e+00

molecule  34
    3.7807446090e+00    2.2601587658e+00    3.5881752670e+00
    3.5857437804e+00    2.9640093162e+00    4.3054987066e+00
    4.1390351730e+00    2.9524663644e+00    5.1369892182e+00
    4.7794121152e+00    2.5953456956e+00    4.4634807362e+00
    5.2407356009e+00    2.7909539359e+00    3.6285964316e+00
    5.2842580234e+00    1.7996022010e+00    3.8826417089e+00
    4.8024436012e+00    1.2972742483e+00    3.1748097492e+00
    5.3460059456e+00    1.8780805822e+00    2.6038265691e+00

molecule  35
    2.8568064181e+00    2.0986708299e+00    5.6657528243e+00
    2.2304819665e+00    1.7872672817e+00    4.9224260043e+00
    2.7504389075e+00    2.1376900147e+00    4.1930726143e+00
    2.6724028952e+00    2.5298989063e+00    3.2295361901e+00
    1.9639558168e+00    2.0505435435e+00    2.7730584272e+00
    2.4572567692e+00    1.4849321703e+00    3.4466660612e+00
    2.9751941558e+00    8.0488633868e-01    2.9378568055e+00
    3.9165578199e+00    1.1142216786e+00    2.7773417891e+00

molecule  36
    2.3522723845e+00    3.6333495423e+00    2.1163982938e+00
    1.5574356136e+00    3.1852529920e+00    2.4956963171e+00
    1.4762678067e+00    2.3810988118e+00    1.9190717516e+00
    2.3214947876e+00    2.2284491212e+00    1.4374760623e+00
    2.9892468278e+00    1.8086676864e+00    2.0835889079e+00
    3.0325784115e+00    1.4013863338e+00    1.1731726042e+00
    3.7005871481e+00    1.6648745934e+00    4.6505802847e-01
    3.3203624477e+00    1.9837907817e+00    1.0012702057e+01

molecule  37
    3.5506377364e+00    2.9061534796e+00    2.4974882295e+00
    3.3708904892e+00    3.3387134152e+00    3.4098313255e+00
    3.7453344823e+00    4.1465157313e+00    3.8591391360e+00
    4.1391124768e+00    4.0649700579e+00    2.9457394603e+00
    4.0336029040e+00    4.9646509950e+00    3.3392999518e+00
    4.8305236708e+00    5.4476886523e+00    2.9400275725e+00
    4.9792195147e+00    4.6054574589e+00    2.3742111954e+00
    5.0547702789e+00    3.5980684363e+00    2.2653173207e+00

molecule  38
    6.3187179614e-01    8.0663523248e+00    1.4688990118e+00
    1.2672714939e+00    7.5530802338e+00    9.0515956259e-01
    1.3708936432e+00    7.4080804005e+00    1.8978303633e+00
    1.8857548597e+00    6.5663407383e+00    2.0317996282e+00
    2.8308554174e+00    6.2045952144e+00    1.9872206244e+00
    2.9985799082e+00    7.1542715812e+00    2.0681943867e+00
    3.6743889900e+00    7.6013170300e+00    1.4696996978e+00
    3.5230218737e+00    7.0073845977e+00    6.8748367442e-01

molecule  39
    9.7863928947e+00    1.2885266787e+00    8.9008791616e+00
    9.8066700976e+00    2.1932768589e+00    8.4678918870e+00
    1.9659001300e-01    1.9742696602e+00    8.9747502149e+00
    9.9032913366e+00    2.1279989265e+00    9.6524122592e+00
    8.9815082934e+00    2.2238827256e+00    9.4055557385e+00
    9.1295322506e+00    3.1941499865e+00    9.5995342484e+00
    9.0289476014e+00    2.6981166251e+00    8.1734612685e-03
    9.5769529704e+00    1.9294719058e+00    2.0579622661e-01

molecule  40
    5.2747823203e+00    2.6648112502e+00    9.7139316170e+00
    4.6508469781e+00    2.4296018786e+00    2.2672854793e-02
    5.0536433814e+00    1.5885598013e+00    1.0122056094e+01
    4.1575456583e+00    1.1520325849e+00    1.0169605885e+01
    3.6680882173e+00    3.2466754067e-01    1.0389634172e+01
    3.9035446061e+00    3.5886304202e-01    8.5861700705e-01
    4.4516904006e+00    1.0668542444e+00    1.2653624024e+00
    5.1085248234e+00    1.8168505370e+00    1.3122066104e+00

molecule  41
    7.9883028356e+00    9.7491566894e+00    7.0886836085e+00
    7.5677447699e+00    1.7204360001e-01    6.7841246282e+00
    8.0675935718e+00    6.7473979282e-01    7.4784067911e+00
    8.3788311425e+00    1.0331245301e+01    8.0173448605e+00
    7.8616821604e+00    1.0410773829e+01    8.8499429108e+00
    7.1163557077e+00    9.8064036245e+00    8.8972525330e+00
    7.3023147857e+00    9.1876807506e+00    8.0782545875e+00
    6.7952384555e+00    1.0017781504e+01    7.8125577459e+00

molecule  42
    3.7087436649e+00    1.0095807093e+01    2.6868142388e+00
    4.4311315657e+00    9.6694075355e+00    2.1449073984e+00
    4.4165510301e+00    9.2096792577e+00    3.0099038199e+00
    5.2797410728e+00    9.0310049108e+00    2.5251153690e+00
    5.4830015923e+00    9.5674895964e+00    1.7417226381e+00
    5.5423077283e+00    1.0277022221e+01    2.3834061115e+00
    4.7151720685e+00    1.4333237418e-01    2.7698294270e+00
    5.2014705091e+00    7.4562622239e-01    2.0987289397e+00

molecule  43
    9.6759674952e+00    4.0291538745e+00    9.8909772746e+00
    8.9649811582e+00    4.7477829766e+00    1.0051340914e+01
    8.4108240389e+00    5.5885030823e+00    1.0092783110e+01
    9.3840988125e+00    5.6902279490e+00    1.0325049608e+01
    9.2994338575e+00    5.7991747952e+00    9.3626795631e+00
    9.6073710162e+00    6.6244930990e+00    8.9489252094e+00
    1.0202263472e+01    6.3376132967e+00    9.6474701924e+00
    1.0317336541e+01    5.7106658552e+00    8.8630973602e+00

molecule  44
    6.2463380153e+00    9.3999396797e+00    2.7881925597e+00
    6.5650722026e+00    9.3753360827e+00    1.8299003218e+00
    6.3912141332e+00    8.8280066120e+00    1.0614723413e+00
    6.6878032186e+00    9.3197970509e+00    2.3988486084e-01
    6.7202826345e+00    1.0066371049e+01    8.7007616232e-01
    7.3638845185e+00    3.3634274462e-01    5.5786600649e-01
    7.2361960228e+00    1.0202890139e+01    1.0188823322e+01
    6.3123349738e+00    9.9014107147e+00    9.8232277044e+00

molecule  45
    6.9783020866e+00    5.7683905144e+00    9.7341744904e+00
    6.2789377646e+00    5.1286890673e+00    9.9820590004e+00
    5.6644380471e+00    4.7116125677e+00    9.2622429459e+00
    6.6366407238e+00    4.5085486621e+00    8.9811818599e+00
    7.5450795204e+00    4.0215203699e+00    8.9302444954e+00
    7.9172856463e+00    4.9308232988e+00    9.2122186707e+00
    8.6010170370e+00    4.2975588108e+00    8.8420864774e+00
    8.3354387689e+00    3.3325873760e+00    8.8906253982e+00

molecule  46
    4.8348904234e+00    3.1070778360e+00    8.5330375488e+00
    4.3027491304e+00    2.3308235881e+00    8.2658537518e+00
    4.3250051884e+00    2.2100778679e+00    9.3183613249e+00
    4.8397421910e+00    1.5463842585e+00    8.8051011946e+00
    5.7807741627e+00    1.7142893179e+00    9.1314216563e+00
    6.5547083883e+00    1.2844265477e+00    8.7141556525e+00
    7.3069508209e+00    1.8432464578e+00    8.3822944065e+00
    8.2356491867e+00    2.1084818108e+00    8.6453257535e+00

molecule  47
    9.6971163063e+00    7.5444013172e+00    8.0435156606e+00
    9.8622206765e+00    8.5208304323e+00    7.8792564259e+00
    9.1925374751e+00    8.4548621035e+00    8.5571647854e+00
    9.9903436218e+00    8.9232337103e+00    8.9621744178e+00
    9.4203375018e+00    8.3299488585e+00    9.5556245054e+00
    8.9516925083e+00    7.5367450419e+00    9.1724998182e+00
    8.0212940799e+00    7.9841788007e+00    9.2215125464e+00
    7.9409812145e+00    8.4122574190e+00    8.3421992280e+00

molecule  48
    7.7402747877e+00    2.8128369766e+00    7.8583742343e+00
    7.3144733391e+00    3.4504751358e+00    7.2240197144e+00
    7.7071988150e+00    3.0746393537e+00    6.3534372201e+00
    8.2967188229e+00    3.4246123390e+00    7.0803770599e+00
    8.8316554400e+00    3.7154663973e+00    7.8585427238e+00
    9.6943360803e+00    3.4714732865e+00    7.4432282757e+00
    9.8470848030e+00    4.4139661434e+00    7.8468879386e+00
    1.2667331303e-01    4.0740984104e+00    8.3817408734e+00

molecule  49
    5.6514948262e+00    3.0233191993e+00    1.4630194394e+00
    6.1484150794e+00    2.5033108387e+00    2.1800993644e+00
    6.2885907015e+00    1.5204855171e+00    2.1890736194e+00
    7.0817444870e+00    9.3432343855e-01    2.0705516019e+00
    6.3232633382e+00    4.7369077436e-01    1.6041239509e+00
    6.3939159337e+00    1.2551429460e+00    1.0062407758e+00
    5.5770167519e+00    6.4843892402e-01    8.9084480928e-01
    5.4700883752e+00    3.8730050301e-01    1.0390015238e+01

molecule  50
    5.3034175882e+00    9.0713782312e+00    5.4584460222e+00
    4.8883766846e+00    9.9752800647e+00    5.4375234109e+00
    4.7550463586e+00    5.0754689553e-01    5.2962706998e+00
    4.3388942507e+00    1.0376239078e+01    4.6128823615e+00
    4.8836991112e+00    1.0158918071e+01    3.8732052411e+00
    5.0644478881e+00    9.1991906666e+00    3.8741902453e+00
    5.9288779414e+00    9.6286189611e+00    3.7067764512e+00
    5.9113844340e+00    1.0169152878e+01    4.5313444883e+00

molecule  51
    4.7109837903e+00    3.1907871301e+00    5.9996553096e+00
    5.7378015132e+00    3.2160851780e+00    5.8382292130e+00
    5.3781236337e+00    3.5415559061e+00    4.9875514358e+00
    4.6908530854e+00    3.7309124483e+00    4.2434832218e+00
    4.8420589781e+00    4.7245991802e+00    4.1725986911e+00
    5.6206646344e+00    4.2033358323e+00    3.7723292114e+00
    6.3293934315e+00    3.5062478782e+00    3.6990834580e+00
    6.5344902456e+00    3.5026606984e+00    2.7270740400e+00

molecule  52
    8.4254559983e+00    8.4467513835e+00    1.1194641680e-01
    8.5262128812e+00    9.4472426342e+00    1.7783107388e-01
    8.6283497379e+00    9.9302829709e+00    9.7536643305e+00
    9.0028374257e+00    1.1122992276e-01    9.0785409977e+00
    9.4521271161e+00    1.0318829153e+01    8.1966847272e+00
    9.0895344787e+00    6.9587573733e-01    7.7296701137e+00
    1.0005651110e+01    1.1202443326e+00    7.6858340115e+00
    3.6275413188e-01    1.6787072949e+00    7.8907337189e+00

molecule  53
    4.6134785651e+00    3.4658605341e-02    1.5954801319e-01
    4.1632914175e+00    9.6489474996e+00    1.5194479980e-01
    3.6862857356e+00    8.7785698934e+00    1.6203563816e-01
    3.6704315894e+00    9.3108717007e+00    9.7887385171e+00
    3.7222532002e+00    1.0036588811e+01    9.0625133502e+00
    3.9877195526e+00    9.1274405280e+00    8.7346247744e+00
    4.7755652376e+00    8.6220857295e+00    8.3830337415e+00
    4.6224439074e+00    7.6964295327e+00    8.1114159777e+00

molecule  54
    5.8000271738e+00    9.5906146455e+00    6.9239637541e-01
    5.6493837575e+00    8.7119199124e+00    2.9293848903e-01
    5.3912643212e+00    8.3331940843e+00    1.1725849323e+00
    4.9041309720e+00    9.2076012117e+00    8.9016007728e-01
    4.3728019343e+00    8.4502396639e+00    1.1816365275e+00
    4.5157188465e+00    7.6307296131e+00    6.6156786413e-01
    4.7151139450e+00    6.8674058101e+00    2.9957923597e-02
    5.1775171015e+00    6.0342680679e+00    4.5692612880e-01

molecule  55
    5.0944838381e+00    6.6482252364e+00    8.8395538615e+00
    5.6675898337e+00    7.1449527067e+00    8.2436887242e+00
    5.5969802463e+00    7.7024555402e+00    7.4174960493e+00
    4.9509339186e+00    8.1860113652e+00    6.8670534915e+00
    4.5532805890e+00    8.6189305528e+00    6.0627144215e+00
    5.1018716796e+00    9.3140473039e+00    6.4568375631e+00
    5.9240807977e+00    9.6022554678e+00    6.9575066061e+00
    6.8986121789e+00    9.5517194721e+00    6.7898498499e+00

molecule  56
    9.5969731779e+00    8.3984360058e+00    8.1907952080e-01
    1.0123081485e+01    7.7180728971e+00    2.6524830725e-01
    9.4066664582e+00    7.1887572571e+00    1.0310919045e+01
    8.4314554543e+00    7.3112895018e+00    1.0246491627e+01
    8.6080253057e+00    6.5631621433e+00    9.6392656922e+00
    8.5590710094e+00    6.0853386858e+00    8.7766127412e+00
    8.3494916362e+00    5.4386122759e+00    8.0015960355e+00
    7.5203100216e+00    5.5832599156e+00    8.5861637128e+00

molecule  57
    4.2850838495e+00    2.2050551209e+00    1.8879383485e+00
    4.1145564468e+00    3.1655088207e+00    1.6872646674e+00
    4.2260853922e+00    4.0674536768e+00    1.2573259718e+00
    4.4830741688e+00    4.2167131801e+00    2.9056521363e-01
    4.7112039467e+00    4.7926668928e+00    9.9943151251e+00
    5.2356014509e+00    5.6437982749e+00    9.8710384113e+00
    4.6711886967e+00    5.7930134751e+00    9.0660016463e+00
    3.7882212265e+00    6.2212382665e+00    9.1786451942e+00

molecule  58
    7.4281475809e+00    6.2658728306e+00    7.7390005900e+00
    7.7351306593e+00    6.3683168308e+00    6.7706132666e+00
    7.7516669002e+00    7.1701199254e+00    7.3580749591e+00
    7.7065276452e+00    7.5124701049e+00    6.4336169618e+00
    7.6611751149e+00    7.6694536163e+00    5.4395315909e+00
    8.2887604917e+00    8.3209493771e+00    4.9374365506e+00
    8.0063093849e+00    8.5529933194e+00    3.9877434064e+00
    8.5666113098e+00    9.1089342310e+00    3.3827183615e+00

molecule  59
    1.1518784995e+00    1.9300646241e+00    7.0965329861e+00
    2.0807804535e+00    1.6211915981e+00    6.8042929213e+00
    2.5704916454e+00    1.6622547859e+00    7.6667141832e+00
    2.0058972928e+00    9.4200458488e-01    8.0233406953e+00
    2.4993534729e+00    8.4699464123e-01    7.1494872690e+00
    2.9164614065e+00    8.2899530328e-01    6.2463663674e+00
    3.2196681970e+00    1.6581535516e+00    6.7576210486e+00
    4.1698780020e+00    1.8294649654e+00    6.6727212359e+00

molecule  60
    7.9948528911e+00    6.5961141563e+00    4.8965913348e+00
    8.7164215938e+00    5.9698833179e+00    5.1592426566e+00
    9.4436438704e+00    6.3327378858e+00    4.5648621062e+00
    1.0356717388e+01    6.6461163778e+00    4.9595256418e+00
    6.6321030378e-01    6.0310257258e+00    5.1720425886e+00
    1.0986149820e+00    5.4234379621e+00    4.5274310367e+00
    8.0606201524e-01    4.9922414184e+00    3.6930476325e+00
    1.0291819329e+01    5.0366120138e+00    3.6164783979e+00

molecule  61
    8.5902649397e+00    1.0337500323e+00    8.5708827795e+00
    8.6674551066e+00    1.0178734104e+00    9.5607937843e+00
    8.2655696567e+00    3.5977162793e-01    1.0204965406e+01
    8.0720921089e+00    1.0564764557e+00    4.7699867577e-01
    7.2126201456e+00    1.5667911999e+00    2.9144447324e-01
    7.1246619484e+00    2.4590869982e+00    1.0229161371e+01
    7.5990120803e+00    2.2189807089e+00    9.3683856458e+00
    7.2182483326e+00    1.3845003264e+00    9.6884386802e+00

molecule  62
    5.0335598822e+00    2.3720736603e+00    7.1890664003e+00
    4.2656692957e+00    2.9659871221e+00    7.0273800047e+00
    3.4929403751e+00    2.9067893056e+00    6.4373532508e+00
    3.2833168594e+00    3.7668243754e+00    5.9717433660e+00
    2.9433444443e+00    3.3083054368e+00    5.1783198457e+00
    2.1417942760e+00    2.7310500475e+00    5.3228454322e+00
    1.8557075280e+00    3.4889665100e+00    4.7328399177e+00
    1.6961205324e+00    4.3074279474e+00    5.3319529543e+00

molecule  63
    5.1778630485e+00    2.4743912804e+00    5.3809463782e+00
    4.6954646821e+00    1.6286119690e+00    5.6114675528e+00
    5.4137067709e+00    1.2588258247e+00    6.1699492259e+00
    4.8036039657e+00    1.0338296033e+00    6.8797036097e+00
    5.1959114067e+00    5.8143455528e-01    7.6586850898e+00
    5.8197737963e+00    5.3239084714e-02    8.2397567614e+00
    4.9407096250e+00    1.0096777565e+01    8.3771109638e+00
    5.0278765579e+00    9.4562201120e+00    7.5804712818e+00

molecule  64
    3.4043607650e+00    9.8233396132e+00    5.0608269078e+00
    2.7362902548e+00    9.4436531832e+00    5.6346345536e+00
    3.1149413101e+00    1.0094970128e+01    6.3459028480e+00
    3.5808043342e+00    9.3514851964e+00    6.7406698030e+00
    3.9754795358e+00    8.7597259575e+00    7.4928039961e+00
    3.5706047920e+00    8.1843052025e+00    8.2216812998e+00
    2.9523290895e+00    8.1532333278e+00    7.4307897561e+00
    2.1995111219e+00    7.8926875515e+00    8.0626119192e+00

molecule  65
    9.9613181447e+00    9.0747703463e+00    6.9465416013e+00
    9.6799810003e+00    8.9342373026e+00    6.0148308983e+00
    9.6867510732e+00    9.6593320818e+00    5.3862801921e+00
    9.5673154199e+00    9.6634297651e+00    4.4058139455e+00
    8.7613316518e+00    9.2657321834e+00    4.7978180938e+00
    9.0090569395e+00    8.4687366837e+00    4.1873289442e+00
    9.7389299555e+00    8.5405181187e+00    3.5395311958e+00
    1.0007070734e+01    8.1762071684e+00    4.4450282548e+00

molecule  66
    8.6103400366e+00    8.7959337125e+00    6.1928706981e+00
    8.8403494436e+00    8.8680085142e+00    7.1934136655e+00
    9.3210497060e+00    8.1027083105e+00    6.7380222445e+00
    8.7794530797e+00    7.7726492686e+00    7.5168796747e+00
    7.9594547930e+00    8.2165548161e+00    7.1121793408e+00
    6.9552853220e+00    8.1873829917e+00    7.2250503281e+00
    6.7766045649e+00    7.4259950008e+00    7.8025395400e+00
    6.2896591750e+00    6.5531683288e+00    7.7579360079e+00

molecule  67
    3.2262498454e+00    2.7417047388e+00    9.0983063227e+00
    2.7014444355e+00    2.6433509701e+00    8.1955753304e+00
    3.5815315979e+00    2.7837606623e+00    7.7382487702e+00
    3.4556174443e+00    3.7647141204e+00    7.8482653389e+00
    2.5587614512e+00    3.6484321705e+00    8.2707116466e+00
    1.8303463707e+00    4.3412911158e+00    8.1480871978e+00
    1.5560094311e+00    3.4127434074e+00    8.0673027051e+00
    1.7939839401e+00    2.5072330452e+00    7.6985286427e+00

molecule  68
    5.7447936907e+00    7.0536796804e+00    4.9648160322e-01
    6.1718182771e+00    6.1779531451e+00    4.2631236292e-01
    7.1337117764e+00    6.2698458538e+00    3.9991008414e-01
    7.1481711681e+00    5.2597137014e+00    2.1363570154e-01
    6.5527083646e+00    4.5987087921e+00    5.7699425222e-01
    6.9737930461e+00    4.0685289485e+00    1.0297048102e+01
    7.9083356389e+00    3.9928251360e+00    9.9148570832e+00
    7.9582069085e+00    3.0609942213e+00    1.0195482688e+01

molecule  69
    3.4164857436e+00    1.7762474338e+00    8.4957947401e+00
    2.7267036021e+00    1.0423796540e+00    8.7102403243e+00
    3.4106099096e+00    1.0194031725e+00    9.4270042538e+00
    2.7008204951e+00    3.3447792668e-01    9.6109431758e+00
    2.5630933374e+00    1.0361259864e+01    8.7196840909e+00
    3.0416162031e+00    1.9027945696e-01    7.8796257037e+00
    3.9081076656e+00    3.6771810497e-01    8.3582336390e+00
    4.4970854413e+00    6.1895703840e-01    9.1313545229e+00

molecule  70
    3.4060816431e+00    9.0153997206e+00    4.3474346507e+00
    2.4266015669e+00    9.0891391407e+00    4.1800095802e+00
    1.8032828044e+00    8.6965414064e+00    4.8500056496e+00
    2.6963254436e+00    8.2743328474e+00    5.0074572987e+00
    1.9929608423e+00    7.7324728328e+00    5.4606454975e+00
    1.8938269099e+00    6.9256321278e+00    4.8470674564e+00
    2.2504949767e+00    7.4974583433e+00    4.1229491473e+00
    2.6367890685e+00    6.7320335014e+00    3.5749393262e+00

molecule  71
    1.0244110819e+01    6.8902440762e+00    1.3224625110e+00
    9.3522887908e+00    6.9871353315e+00    9.4627299553e-01
    8.5913901814e+00    6.5691115337e+00    4.9879762891e-01
    7.7355789024e+00    7.1037166446e+00    4.0063342430e-01
    7.4945550353e+00    7.2324367212e+00    1.3596614647e+00
    7.9674204807e+00    6.3913178847e+00    1.3679331700e+00
    7.9573414694e+00    5.5052668989e+00    9.3014469162e-01
    7.9016625154e+00    4.5814976062e+00    6.0011925362e-01

molecule  72
    1.0264366253e+01    7.5935348637e+00    8.9030641512e+00
    4.8620288726e-01    7.7338705921e+00    9.6572161232e+00
    8.5276390704e-01    8.0900160211e+00    6.5753621498e-02
    1.3672284496e+00    8.9164231114e+00    3.8170388862e-01
    7.6985104491e-01    9.6731290653e+00    5.2800700883e-01
    1.6134318564e-01    1.0120719508e+01    1.0356970370e+01
    1.0263479460e+01    3.9514142440e-01    9.8228964277e+00
    9.4606403545e+00    5.7036756517e-01    1.0384186969e+01

molecule  73
    8.5606565207e+00    4.2987135627e+00    6.2235631945e+00
    9.4248462408e+00    4.4810716926e+00    6.7270320534e+00
    9.5155529760e+00    3.5756341029e+00    6.3422982752e+00
    9.3646171585e+00    3.8973339058e+00    5.4338161120e+00
    9.6313839523e+00    4.8135255065e+00    5.4416575307e+00
    9.6274216036e+00    4.5014473084e+00    4.4609757169e+00
    1.0310927963e+01    5.1502149286e+00    4.7596408748e+00
    5.2464491906e-01    4.4481680436e+00    5.0204528490e+00

molecule  74
    5.0401897108e+00    3.4536416236e+00    1.4734633841e-01
    5.4050558898e+00    3.6053818539e+00    9.6768477848e+00
    5.7819501944e+00    4.2009461896e+00    1.0354478912e+01
    6.2178210200e+00    3.3525563892e+00    1.5724637721e-01
    5.7789188369e+00    2.4574091271e+00    3.4863670378e-01
    6.0609586733e+00    1.5713456375e+00    7.7190737347e-02
    6.1120717407e+00    9.2602706585e-01    9.7823206203e+00
    5.5628053349e+00    4.8464641639e-01    9.1002303952e+00

molecule  75
    1.0879462640e+00    4.9155229033e+00    8.0126260928e+00
    1.3122008215e+00    4.5735642990e+00    7.1182152746e+00
    3.4371145605e-01    4.7703394963e+00    7.3222930822e+00
    9.3657926438e-02    4.0317432243e+00    6.7247798994e+00
    5.3466725991e-01    3.6412424483e+00    7.5128006870e+00
    5.0130893331e-01    2.7714527032e+00    8.0477916811e+00
    6.6386958121e-01    3.3273265696e+00    8.8674145294e+00
    9.6192677558e-01    4.2908197903e+00    8.9770881167e+00

molecule  76
    9.9045619999e+00    9.2595569985e-01    4.4647493116e+00
    1.0338779066e+01    1.4883075518e+00    3.7636868952e+00
    1.0185448907e+01    2.3298767458e+00    4.2716271838e+00
    9.8163423773e+00    3.2169083481e+00    4.6101352827e+00
    9.5413017437e+00    2.4622266855e+00    5.1473227617e+00
    9.0423096112e+00    1.6898475533e+00    5.3866562015e+00
    9.0686910518e+00    1.7145309600e+00    4.3904180109e+00
    8.8733621094e+00    7.8664590760e-01    4.7896249112e+00

molecule  77
    6.0888060533e+00    4.8924222296e+00    1.5148967589e+00
    6.7129923153e+00    5.6048691202e+00    1.3710220983e+00
    7.4452900854e+00    4.9781736547e+00    1.5112737217e+00
    7.4212152235e+00    5.8047046685e+00    2.1001875810e+00
    6.8105870921e+00    5.1024091645e+00    2.2821050389e+00
    5.9760454723e+00    4.8697471348e+00    2.8269774884e+00
    6.0792099248e+00    5.5323664172e+00    3.6122483977e+00
    5.5137003798e+00    6.2886822513e+00    4.0623970967e+00

molecule  78
    3.1658767368e+00    5.2235207175e+00    4.3863029594e+00
    3.3765683986e+00    4.8619655953e+00    5.2682974269e+00
    2.9034034157e+00    5.6407323890e+00    5.7559910456e+00
    2.0536904741e+00    5.2311452452e+00    5.4424120062e+00
    2.5911768690e+00    4.5662118558e+00    5.9338552956e+00
    2.2268852996e+00    3.6434660526e+00    5.9436226605e+00
    1.8144704092e+00    3.6586030694e+00    6.8579387207e+00
    2.4899386956e+00    3.0846459549e+00    7.2490272678e+00

molecule  79
    2.4682217811e+00    8.3102896937e+00    3.3641434728e+00
    2.9324946694e+00    8.3227708782e+00    2.4671739774e+00
    2.1882421335e+00    8.1209617261e+00    1.8996673334e+00
    1.9973228169e+00    7.5938041591e+00    2.7122168448e+00
    1.1821927047e+00    7.0832331644e+00    2.8017755482e+00
    4.6829077888e-01    6.9406215299e+00    2.1426295609e+00
    8.8328699657e-01    6.1562574998e+00    2.5518215816e+00
    1.2097450061e+00    5.7800538403e+00    1.6654682726e+00

molecule  80
    9.8864463486e+00    1.0154861387e+01    6.9481818042e+00
    5.8930530142e-02    9.8575908211e+00    6.2010243216e+00
    9.5109213675e-01    9.5552459598e+00    5.9589960737e+00
    1.3542762237e+00    9.8914391275e+00    6.8462965461e+00
    5.4044563227e-01    1.0273051241e+01    7.2664185179e+00
    7.2494509103e-01    5.3159998209e-01    6.6282940384e+00
    6.7782507225e-01    5.0522236223e-02    5.7152796474e+00
    6.1757199559e-01    1.0858128151e+00    5.7032389529e+00

molecule  81
    3.0517546121e+00    8.2944132547e+00    9.4527780831e+00
    3.2978352240e+00    7.4446583249e+00    8.9876062797e+00
    4.2071146935e+00    7.8738612976e+00    9.0608823258e+00
    3.7465010561e+00    7.6020279675e+00    9.9478184106e+00
    3.1145477876e+00    7.9304809583e+00    2.2966850782e-01
    2.4062625016e+00    8.2666459985e+00    8.2499662322e-01
    2.8235246125e+00    9.0682022936e+00    1.2679587327e+00
    3.4864420956e+00    9.2481372283e+00    1.9920408000e+00

molecule  82
    7.4353845292e-01    5.2968593428e+00    5.8808848228e+00
    1.5322009477e+00    5.9402274393e+00    5.9839738803e+00
    2.0836765596e+00    5.6125396271e+00    6.7421514426e+00
    1.3338080515e+00    5.7215774350e+00    7.3921898307e+00
    2.0447714140e+00    5.8741614835e+00    8.1106263029e+00
    2.1279511502e+00    6.7841123866e+00    7.6380486330e+00
    2.9291600144e+00    7.0205048310e+00    8.1402835875e+00
    2.3846583844e+00    6.6669504674e+00    8.8662939513e+00

molecule  83
    1.0147468914e+01    9.6468359461e+00    1.1447003923e+00
    4.1658547718e-01    8.9771351646e+00    1.1983697126e+00
    1.1007358171e+00    9.1614225219e+00    1.9378071206e+00
    2.8077569458e-01    9.6045861245e+00    2.3230403316e+00
    4.8381302432e-01    1.9075929912e-02    2.6901547542e+00
    1.4123842862e+00    1.0184723011e+01    2.5420087980e+00
    1.5830913279e+00    9.9896468685e+00    1.6160457430e+00
    6.5106490145e-01    1.0286752911e+01    1.4115589859e+00

molecule  84
    7.7030967762e+00    7.1495127680e+00    2.4241941853e+00
    6.7606757945e+00    7.4848288291e+00    2.3807737342e+00
    6.1334377337e+00    8.0355682402e+00    1.8034492232e+00
    5.9754188190e+00    8.3257239835e+00    2.7161997544e+00
    5.1517947364e+00    8.0776021621e+00    3.2200847047e+00
    5.0066472879e+00    7.9977061065e+00    2.2048063268e+00
    4.7486040828e+00    7.1564383716e+00    2.6801361611e+00
    5.6580378253e+00    7.1297026341e+00    2.2178363865e+00

molecule  85
    7.1981341151e+00    2.5549887830e+00    2.5190038957e+00
    7.0572612661e+00    2.6589001370e+00    3.5134176748e+00
    6.8173747382e+00    1.8264737511e+00    3.0863008584e+00
    7.0741059692e+00    9.3711925905e-01    3.4734784266e+00
    7.1715336082e+00    1.6033934320e-01    2.8146811194e+00
    6.4407383353e+00    5.2211458425e-02    3.4191083951e+00
    5.9591892626e+00    7.1412170074e-01    4.0519362614e+00
    5.8204736124e+00    9.1571603632e-01    3.0578854495e+00

molecule  86
    1.0294730548e+01    6.3494381126e+00    3.6646658648e-01
    3.0111724473e-01    5.7805219720e+00    1.0882255686e+00
    7.8397137560e-01    6.6831623843e+00    1.0222949434e+00
    8.1011850454e-01    6.6777302700e+00    3.0303648414e-02
    1.5491192823e+00    6.2027571099e+00    1.0011422794e+01
    1.7992358628e+00    5.5106720536e+00    9.3053796009e+00
    2.7270710820e+00    5.2855700968e+00    9.4523675852e+00
    2.8353388720e+00    4.6075603637e+00    8.7499319714e+00

molecule  87
    7.6620996288e-01    7.6787095779e-01    9.5246385389e+00
    1.4004608317e+00    1.4724528863e+00    9.3039944042e+00
    1.1208780504e+00    1.8745574989e+00    1.0164851394e+01
    1.4554446097e+00    1.6256574768e+00    6.6494130893e-01
    1.0897320935e+00    7.5684548817e-01    2.1984776213e-01
    1.7312877500e+00    1.8996947186e-02    1.5750240033e-01
    2.0130973966e+00    9.9636973863e+00    9.8339029042e+00
    2.3099825171e+00    9.1730947912e+00    1.0314694535e+01

molecule  88
    1.9562885893e+00    7.5968293483e+00    6.9770703114e+00
    2.7337347085e+00    7.0103763493e+00    6.7212080716e+00
    2.3029671141e+00    6.7262442695e+00    5.8832251547e+00
    1.3984088675e+00    7.1477240175e+00    6.0245610111e+00
    1.1553319732e+00    6.8546023823e+00    6.9526541234e+00
    9.5951431842e-01    6.5655607520e+00    7.9272863701e+00
    8.5380817837e-01    6.4162585940e+00    8.8791006746e+00
    8.0892941339e-01    5.5213712776e+00    9.3356314518e+00

molecule  89
    5.7943310572e-01    7.7273379673e+00    5.1525563129e+00
    1.0343849592e+01    8.3750460425e+00    5.3883644613e+00
    7.8889653764e-01    8.7637379986e+00    5.1606535185e+00
    7.3706451267e-01    8.3658422432e+00    6.0375893613e+00
    1.5371238920e+00    8.5379927325e+00    6.5949782557e+00
    2.3366574636e+00    8.6294452991e+00    6.1057255504e+00
    2.4534684488e+00    9.2497304262e+00    6.8661686389e+00
    2.3882888902e+00    1.0188200233e+01    7.2719716261e+00

molecule  90
    1.0091275169e+01    6.7355970526e+00    6.7134510398e+00
    9.0751486511e+00    7.0163569950e+00    6.7567171252e+00
    8.9432366617e+00    6.6475470303e+00    7.6931658593e+00
    9.8936646838e+00    6.4833320550e+00    7.7417054349e+00
   -2.1801881822e-02    5.6731302082e+00    7.8133598253e+00
    2.8533390458e-01    5.9026145418e+00    6.8890595515e+00
    9.7342812213e+00    5.8391554071e+00    6.8128869249e+00
    9.2965421970e+00    5.1989851483e+00    7.4668447735e+00

molecule  91
    3.5959817150e+00    9.6449775314e-01    1.7346790100e+00
    3.2548667788e+00    1.0455476954e+01    1.8468145019e+00
    2.5412925015e+00    1.0269538706e+01    2.5356016947e+00
    1.8995412939e+00    5.0048111409e-01    2.9125104188e+00
    1.5929061982e+00    8.9369913350e-01    3.7411389085e+00
    8.0691625925e-01    6.4490886010e-01    4.3378405828e+00
   -1.0036682464e-02    1.0874313185e-01    4.0149571397e+00
    1.0338109886e+01    2.1035698850e-02    4.9705991658e+00

molecule  92
    6.3539040697e+00    1.8049328018e+00    4.2053643969e+00
    5.8241106985e+00    2.5796018377e+00    4.5803793006e+00
    6.6128567545e+00    2.2209391324e+00    5.0698516032e+00
    7.3527779658e+00    2.0930625649e+00    4.4299748058e+00
    6.9606191121e+00    1.2200313670e+00    4.7446342489e+00
    6.3674884254e+00    1.3330849634e+00    5.5671564362e+00
    6.5680313981e+00    3.8317206135e-01    5.4400246480e+00
    6.2408636272e+00    1.0085904183e+01    6.0353002178e+00

molecule  93
    6.3348854349e+00    7.7551992650e+00    9.9606618884e+00
    6.6002413986e+00    7.7843553960e+00    4.7320389015e-01
    7.3272571730e+00    8.3786275882e+00    2.3511475674e-01
    7.6904046785e+00    8.3131485469e+00    1.1662335315e+00
    7.7516801655e+00    9.2620871341e+00    8.5078588397e-01
    8.5523821015e+00    9.6325075632e+00    1.3520367545e+00
    9.2267977835e+00    1.0106889257e+01    7.6917247677e-01
    9.4643800732e+00    2.2226864488e-01    1.5483673099e+00

molecule  94
    6.6949360693e+00    3.4328335147e+00    9.2932759989e+00
    7.0059776879e+00    2.9164402997e+00    8.4844918085e+00
    6.0762123863e+00    2.6400455620e+00    8.2189614547e+00
    5.9353936940e+00    3.6269925646e+00    8.3964158529e+00
    5.7076314052e+00    4.5977386042e+00    8.2241756500e+00
    6.3591590548e+00    4.2470379617e+00    7.5850051865e+00
    6.7151172107e+00    5.1951920215e+00    7.8518374683e+00
    6.1022001365e+00    5.5198776072e+00    8.5373701118e+00

molecule  95
    2.2092107623e+00    4.6720523972e+00    4.3226598018e+00
    2.6000356055e+00    3.7752580120e+00    3.9822832074e+00
    1.7167733493e+00    3.9225479916e+00    3.5703156686e+00
    8.0819256553e-01    3.9121871170e+00    3.1055116474e+00
    1.0415874016e+01    4.1358530646e+00    2.6505655782e+00
    1.8050300482e-01    3.7031729961e+00    1.7731444390e+00
    1.1261024039e+00    3.7551225035e+00    1.4916306806e+00
    1.9424421332e+00    3.4369003598e+00    9.7767146898e-01

molecule  96
    4.6236276466e+00    6.5890978372e+00    5.1319808376e+00
    5.6386909661e+00    6.5098300466e+00    4.9942889529e+00
    5.5129140341e+00    5.5174632802e+00    4.9152293776e+00
    6.4006045372e+00    5.1417567475e+00    4.6275820180e+00
    6.1141303372e+00    4.2225701554e+00    4.7489849676e+00
    6.5408691082e+00    3.3438378077e+00    4.9314752271e+00
    7.5175136879e+00    3.0913976986e+00    4.9696752842e+00
    8.4816436304e+00    2.7370941568e+00    5.0109424974e+00

molecule  97
    1.0314959355e+01    9.8243749708e+00    8.5725236082e+00
    1.9578885620e-01    2.8287108297e-01    8.4094393491e+00
    8.8154129695e-01    6.0130889988e-01    7.7891407490e+00
    1.2611339585e+00    3.1140542817e-01    8.6637428399e+00
    1.0548847001e+00    9.9466582961e+00    8.1281789559e+00
    8.2715701598e-01    9.8383641042e+00    9.0955608602e+00
    1.6652039174e+00    9.3492676613e+00    9.0470863891e+00
    2.6624199821e+00    9.2908925624e+00    9.1829638555e+00

molecule  98
    1.3232872167e+00    4.7338260076e+00    1.0580462486e+00
    1.9294193188e+00    4.9404453742e+00    2.5889054321e-01
    2.2095072507e+00    5.8675586446e+00    3.2274669775e-01
    2.5484947729e+00    6.5884720824e+00    9.1074938319e-01
    2.4286806836e+00    7.1995326024e+00    8.8410658609e-02
    2.0332626016e+00    8.0715356818e+00    1.0219237274e+01
    1.5417148995e+00    7.3289095484e+00    9.7978005118e+00
    1.5477679736e+00    7.4032261783e+00    8.7605632615e+00

molecule  99
    2.3611501275e+00    5.1811827370e+00    2.1213153461e+00
    2.4977860475e+00    4.4749648695e+00    1.4001149296e+00
    3.1421238676e+00    3.9696504165e+00    8.8601186782e-01
    3.5654719384e+00    3.5086950146e+00    9.1747969682e-02
    3.4206300173e+00    2.7734824835e+00    8.1049236665e-01
    2.5161932199e+00    2.4385023511e+00    4.8384789992e-01
    2.1224230873e+00    2.3641294846e+00    1.0053873439e+01
    2.3500677747e+00    1.4020693898e+00    9.9386951641e+00
