    MdKineticEnergyAverage{
      interval                            1000
      outputFileName          kineticEnergyAve
      nSamplePerBlock                       10
    }

Average     1.1999571e+03
Variance    1.2008890e+03
Std Dev     3.4653845e+01

Hierarchichal Error Analysis:
              0              1  5.4792472e-02         400001
              1              2  5.6083723e-02         200000
              2              4  3.0841102e-02         100000
              3              8  3.1335742e-02          50000
              4             16  3.2013468e-02          25000
              5             32  3.1473316e-02          12500
              6             64  2.9654485e-02           6250
              7            128  3.0207093e-02           3125
              8            256  2.9914230e-02           1562
              9            512  2.9731531e-02            781
             10           1024  2.8662162e-02            390
             11           2048  2.8137593e-02            195
             12           4096  2.5762894e-02             97
             13           8192  2.6742145e-02             48
             14          16384  2.9134665e-02             24
             15          32768  2.8136398e-02             12
             16          65536  3.0951247e-02              6
