    MdPotentialEnergyAverage{
      interval                            1000
      outputFileName        potentialEnergyAve
      nSamplePerBlock                       10
    }

Average     5.8288143e+02
Variance    5.8501779e+02
Std Dev     2.4187141e+01

Hierarchichal Error Analysis:
              0              1  3.8243180e-02         400001
              1              2  4.0586819e-02         200000
              2              4  3.7374459e-02         100000
              3              8  3.9562620e-02          50000
              4             16  4.1201797e-02          25000
              5             32  4.1721754e-02          12500
              6             64  4.1783324e-02           6250
              7            128  4.2849551e-02           3125
              8            256  4.4029114e-02           1562
              9            512  4.5424075e-02            781
             10           1024  4.4123366e-02            390
             11           2048  4.2170204e-02            195
             12           4096  4.0831320e-02             97
             13           8192  4.1127859e-02             48
             14          16384  3.9557776e-02             24
             15          32768  3.7709424e-02             12
             16          65536  3.8887351e-02              6
