    RadiusGyration{
      interval                            1000
      outputFileName            RadiusGyration
      nSamplePerBlock                       10
      speciesId                              0
    }

Average     3.5044769e+00
Variance    7.0704256e-03
Std Dev     8.4085823e-02

Hierarchichal Error Analysis:
              0              1  1.3295119e-04         400001
              1              2  1.7196392e-04         200000
              2              4  2.2156070e-04         100000
              3              8  2.7911900e-04          50000
              4             16  3.3893551e-04          25000
              5             32  3.9254461e-04          12500
              6             64  4.3148488e-04           6250
              7            128  4.5731477e-04           3125
              8            256  4.7469947e-04           1562
              9            512  4.7910847e-04            781
             10           1024  4.6275796e-04            390
             11           2048  4.6245096e-04            195
             12           4096  4.6688996e-04             97
             13           8192  4.9390006e-04             48
             14          16384  4.7073754e-04             24
             15          32768  4.8400151e-04             12
             16          65536  5.5562224e-04              6
