    RadiusGyration{
      interval                           10000
      outputFileName            RadiusGyration
      nSamplePerBlock                       10
      speciesId                              0
    }

Average     3.5070164e+00
Variance    6.3003983e-03
Std Dev     7.9375048e-02

Hierarchichal Error Analysis:
              0              1  1.7748756e-04         200001
              1              2  2.4875783e-04         100000
              2              4  3.4905896e-04          50000
              3              8  4.8947422e-04          25000
              4             16  6.8506418e-04          12500
              5             32  9.5589776e-04           6250
              6             64  1.3262950e-03           3125
              7            128  1.8264344e-03           1562
              8            256  2.4873857e-03            781
              9            512  3.3692371e-03            390
             10           1024  4.4820185e-03            195
             11           2048  5.8506999e-03             97
             12           4096  7.2490191e-03             48
             13           8192  8.7327251e-03             24
             14          16384  9.2000238e-03             12
             15          32768  1.1420689e-02              6
