  5.8168784e+02
  5.9332255e+02
  5.7192568e+02
  5.8390192e+02
  5.8177643e+02
  5.9414147e+02
  5.8646065e+02
  5.7645936e+02
  5.6605917e+02
  5.8008466e+02
  5.7427267e+02
  5.7918749e+02
  5.8716484e+02
  5.8095874e+02
  5.8298807e+02
  5.8177372e+02
  5.8547986e+02
  5.8649811e+02
  5.9247417e+02
  5.8841339e+02
  5.8381242e+02
  5.7467075e+02
  5.9212283e+02
  5.8903103e+02
  5.8859660e+02
  5.9420096e+02
  5.6241821e+02
  5.7962826e+02
  5.8835842e+02
  5.7703828e+02
  5.8392342e+02
  5.7679350e+02
  5.7681008e+02
  5.8395606e+02
  5.8063078e+02
  5.8441760e+02
  5.9231862e+02
  5.7307315e+02
  5.8073475e+02
  5.9287950e+02
  5.8326219e+02
  5.8953094e+02
  5.7668575e+02
  5.8138943e+02
  5.7892749e+02
  5.7505230e+02
  5.9158406e+02
  5.7950036e+02
  5.9252813e+02
  5.7044658e+02
  5.8649918e+02
  5.7984846e+02
  5.7353476e+02
  5.7263490e+02
  5.8416531e+02
  5.8149620e+02
  5.8806107e+02
  5.8181647e+02
  5.8214448e+02
  5.7931660e+02
  5.7437104e+02
  5.8659477e+02
  5.7398653e+02
  5.7798601e+02
  5.9343766e+02
  5.7287232e+02
  5.9128910e+02
  5.6693377e+02
  5.7166776e+02
  5.7763593e+02
  5.8670779e+02
  5.7658063e+02
  5.8164297e+02
  5.7702321e+02
  5.8308169e+02
  5.7773540e+02
  5.9340070e+02
  5.7866288e+02
  5.7793349e+02
  5.9193351e+02
  5.8183463e+02
  5.7546638e+02
  5.8386949e+02
  5.8987766e+02
  5.8029989e+02
  5.7912458e+02
  5.9036501e+02
  5.8563114e+02
  5.7917128e+02
  5.8780271e+02
  5.7819283e+02
  5.8079831e+02
  5.7759050e+02
  5.6985869e+02
  5.9909038e+02
  5.8235838e+02
  5.9280593e+02
  5.7419815e+02
  5.7493323e+02
  5.7772096e+02
  5.7564529e+02
  5.7821865e+02
  5.8426032e+02
  5.7417500e+02
  5.9678574e+02
  5.8232491e+02
  5.9058668e+02
  5.8172329e+02
  5.6709562e+02
  5.8195354e+02
  5.8456982e+02
  5.8405218e+02
  5.6985951e+02
  5.8048807e+02
  5.8772332e+02
  5.8271576e+02
  5.9041732e+02
  5.8401570e+02
  5.8343477e+02
  5.6900573e+02
  5.7641798e+02
  5.7165301e+02
  5.8127994e+02
  5.6970609e+02
  5.9094149e+02
  5.5781658e+02
  5.9943841e+02
  5.9313095e+02
  5.8610723e+02
  5.7477655e+02
  5.6939026e+02
  5.7491879e+02
  5.8578789e+02
  5.8740430e+02
  5.7681956e+02
  5.8208059e+02
  5.8344809e+02
  5.8034865e+02
  5.8587037e+02
  5.8564241e+02
  5.7991646e+02
  5.8030091e+02
  5.9469356e+02
  5.7628684e+02
  5.7877887e+02
  5.8575918e+02
  5.9725447e+02
  5.8792605e+02
  5.9454713e+02
  5.8990087e+02
  5.7828072e+02
  5.7594939e+02
  5.9106838e+02
  5.8807889e+02
  5.6334210e+02
  5.7005940e+02
  5.8666435e+02
  5.8367226e+02
  5.8367284e+02
  5.7942710e+02
  5.7730636e+02
  5.6989130e+02
  5.7245997e+02
  5.7956985e+02
  5.8032888e+02
  5.8279198e+02
  5.7771468e+02
  5.7959144e+02
  5.7716736e+02
  5.7368885e+02
  5.7233666e+02
  5.7803556e+02
  5.7860750e+02
  5.9815755e+02
  5.8280186e+02
  5.8245751e+02
  5.9022718e+02
  5.8848901e+02
  5.9278208e+02
  5.7758950e+02
  5.8329443e+02
  5.8909308e+02
  6.0087845e+02
  5.8273195e+02
  5.6970885e+02
  5.7187161e+02
  5.6224412e+02
  5.8765197e+02
  5.7974615e+02
  5.7136427e+02
  5.7979439e+02
  5.8209464e+02
  5.7872916e+02
  5.7847241e+02
  5.8454550e+02
  5.7722336e+02
  5.7807055e+02
  5.7784474e+02
  5.7419449e+02
  5.9405196e+02
  5.7992437e+02
  5.7427636e+02
  5.6574968e+02
  5.7537641e+02
  5.8611374e+02
  5.7615057e+02
  5.7973112e+02
  5.8809480e+02
  5.7775424e+02
  5.7507663e+02
  5.8116073e+02
  5.8226931e+02
  5.8381372e+02
  5.8182360e+02
  5.8644826e+02
  5.7466201e+02
  5.8740817e+02
  5.7487824e+02
  5.8820537e+02
  5.7824916e+02
  5.8206097e+02
  5.8874893e+02
  5.8187384e+02
  6.0469892e+02
  5.7488297e+02
  5.9949046e+02
  5.7767983e+02
  5.9187373e+02
  5.9444023e+02
  5.7927954e+02
  5.9444962e+02
  5.6870211e+02
  5.7225926e+02
  5.8936598e+02
  5.7678289e+02
  5.8107763e+02
  5.8983471e+02
  5.9091139e+02
  5.7970318e+02
  5.8197862e+02
  5.8255188e+02
  5.7806112e+02
  5.7905671e+02
  5.8093704e+02
  5.6901008e+02
  5.8203674e+02
  5.9088571e+02
  5.7722713e+02
  5.9211275e+02
  5.7488335e+02
  5.8627034e+02
  5.8589030e+02
  5.8407376e+02
  5.8437202e+02
  5.7812462e+02
  5.9033541e+02
  5.8223490e+02
  5.7203193e+02
  5.8737340e+02
  5.7625875e+02
  5.8840717e+02
  5.8993008e+02
  5.9557426e+02
  5.7676289e+02
  5.7063807e+02
  5.6588619e+02
  5.6013268e+02
  5.8101772e+02
  5.8923759e+02
  5.9292668e+02
  5.8667593e+02
  5.8602033e+02
  5.8230028e+02
  5.9775270e+02
  5.8091439e+02
  5.6724142e+02
  5.8308625e+02
  5.8492753e+02
  5.8555961e+02
  5.7706550e+02
  5.8069992e+02
  5.7653547e+02
  5.9377508e+02
  5.8105522e+02
  5.7840099e+02
  5.7612473e+02
  5.9023406e+02
  5.7986723e+02
  5.7695235e+02
  5.8675140e+02
  5.9519439e+02
  5.8035222e+02
  5.8710812e+02
  5.8940719e+02
  5.8696434e+02
  5.7439135e+02
  5.7686955e+02
  5.9363270e+02
  5.9420818e+02
  5.8268523e+02
  5.7126304e+02
  5.7431981e+02
  5.7512003e+02
  5.8010103e+02
  5.8322520e+02
  5.8583315e+02
  5.7850077e+02
  5.7100704e+02
  5.8096673e+02
  5.8985403e+02
  5.8246357e+02
  5.8300342e+02
  5.8621423e+02
  5.8546033e+02
  5.8006931e+02
  5.9231804e+02
  5.9925280e+02
  5.7735533e+02
  5.8039524e+02
  5.7710233e+02
  5.8995975e+02
  5.7505978e+02
  5.8067836e+02
  5.9192528e+02
  5.7374780e+02
  5.8483751e+02
  5.7872619e+02
  5.7859903e+02
  5.8074067e+02
  5.7927291e+02
  5.8873747e+02
  5.7665443e+02
  5.7810923e+02
  6.0014530e+02
  5.7071042e+02
  5.8530544e+02
  5.7286218e+02
  5.7231658e+02
  5.7417196e+02
  5.9111120e+02
  5.8536777e+02
  5.8322500e+02
  5.8088970e+02
  5.7521759e+02
  5.9026796e+02
  5.8117287e+02
  5.8492486e+02
  5.8204305e+02
  5.9021700e+02
  5.8677797e+02
  5.8306797e+02
  5.7318021e+02
  5.7349518e+02
  5.8231447e+02
  5.7664530e+02
  5.7541299e+02
  5.8259092e+02
  5.7432389e+02
  5.9105865e+02
  5.7650926e+02
  5.8418514e+02
  5.8108229e+02
  5.7921748e+02
  5.8527810e+02
  6.0115999e+02
  5.7318567e+02
  5.9032490e+02
  5.8266016e+02
  5.9140453e+02
  5.7768448e+02
  5.9292656e+02
  5.8088024e+02
  5.8418109e+02
  5.7372410e+02
  5.7179123e+02
  5.8402661e+02
  5.8538355e+02
  5.9482313e+02
  5.8995534e+02
  5.8159496e+02
  5.7860744e+02
  5.7918517e+02
  5.8810969e+02
  5.8996102e+02
  5.7481057e+02
  5.9523947e+02
  5.8659713e+02
  5.7166664e+02
  5.8541816e+02
  5.8847908e+02
  5.7086477e+02
  5.7543375e+02
  5.8913429e+02
  5.9800698e+02
  5.7914175e+02
  5.8774192e+02
  5.7831774e+02
  5.8085112e+02
  5.7876986e+02
  5.8673804e+02
  5.7227861e+02
  5.7823270e+02
  5.7966447e+02
  5.7735931e+02
  5.7595493e+02
  5.8119855e+02
  5.7626324e+02
  5.9692355e+02
  5.7578541e+02
  5.9143692e+02
  5.7707146e+02
  5.8065347e+02
  5.7349433e+02
  5.7247126e+02
  5.8845481e+02
  5.8756837e+02
  5.6824046e+02
  5.8486495e+02
  5.6210870e+02
  5.7851116e+02
  5.7606007e+02
  5.9744261e+02
  5.7024414e+02
  5.8319033e+02
  5.8640421e+02
  5.8896812e+02
  5.7915134e+02
  5.7083617e+02
  5.7549887e+02
  5.7259239e+02
  5.8324815e+02
  5.8476028e+02
  5.7428243e+02
  5.8038469e+02
  5.8435112e+02
  5.8341425e+02
  5.7416601e+02
  5.7106291e+02
  5.7680839e+02
  5.8324275e+02
  5.9739151e+02
  5.7959373e+02
  5.9313805e+02
  5.7083015e+02
  5.8244599e+02
  5.7903431e+02
  5.7890777e+02
  5.9668929e+02
  5.8455467e+02
  5.7785808e+02
  5.8845993e+02
  5.7403967e+02
  5.7472449e+02
  5.8259764e+02
  5.8167735e+02
  5.7207837e+02
  5.7025362e+02
  5.8741480e+02
  5.8582501e+02
  5.7962280e+02
  5.8581131e+02
  5.8600927e+02
  5.7392149e+02
  5.9078173e+02
  5.8610838e+02
  5.7756713e+02
  5.8247004e+02
  5.7758235e+02
  5.8445514e+02
  5.8403726e+02
  5.8505007e+02
  5.9045780e+02
  5.8093679e+02
  5.8517356e+02
  5.8130340e+02
  5.8547824e+02
  5.7724436e+02
  5.9493147e+02
  5.5970952e+02
  5.7442284e+02
  5.7968886e+02
  5.8070727e+02
  5.8473731e+02
  5.9283376e+02
  5.8260190e+02
  5.8124779e+02
  5.8296547e+02
  5.7862955e+02
  5.9027458e+02
  5.9370875e+02
  5.8012981e+02
  5.8507287e+02
  5.7301956e+02
  5.7759797e+02
  5.7451251e+02
  5.7590103e+02
  5.7672461e+02
  5.8809034e+02
  5.8109026e+02
  5.9003063e+02
  5.8134880e+02
  5.7900595e+02
  5.8454022e+02
  5.9151494e+02
  5.8539026e+02
  5.6926883e+02
  5.9274977e+02
  5.7486869e+02
  5.8947703e+02
  5.7548873e+02
  5.7847101e+02
  5.7276531e+02
  5.7300343e+02
  5.8392152e+02
  5.8481878e+02
  5.8161025e+02
  5.7104393e+02
  5.8833372e+02
  5.9325388e+02
  5.8047403e+02
  5.8298616e+02
  5.7106386e+02
  5.9246228e+02
  5.8738305e+02
  5.9802355e+02
  5.8459047e+02
  5.9076212e+02
  5.8218111e+02
  5.8112347e+02
  5.7935678e+02
  5.7970489e+02
  5.8348845e+02
  5.7359474e+02
  5.8688247e+02
  5.8452086e+02
  5.8560883e+02
  5.7232962e+02
  5.8264383e+02
  5.7695065e+02
  5.8698651e+02
  5.6758126e+02
  5.8991011e+02
  5.7937487e+02
  5.8443030e+02
  5.8996022e+02
  5.7852503e+02
  5.8016560e+02
  5.8000536e+02
  5.7836678e+02
  5.8731923e+02
  5.8268760e+02
  5.8779433e+02
  5.8578236e+02
  5.8813202e+02
  5.8181011e+02
  5.7236670e+02
  5.8743642e+02
  5.8233863e+02
  5.7922761e+02
  5.7106501e+02
  5.8264841e+02
  5.7634067e+02
  5.7275492e+02
  5.8107850e+02
  5.8770175e+02
  5.8062127e+02
  5.8497473e+02
  5.8499317e+02
  5.7946593e+02
  5.7131985e+02
  5.8431046e+02
  5.8160953e+02
  5.8532900e+02
  5.7091289e+02
  5.9618690e+02
  5.7838132e+02
  5.7089532e+02
  5.7927033e+02
  5.8486782e+02
  5.7463929e+02
  5.8812484e+02
  5.7596364e+02
  5.9531687e+02
  5.7737438e+02
  5.7626150e+02
  5.9017246e+02
  5.8208182e+02
  5.5986597e+02
  5.8442607e+02
  5.8584865e+02
  5.7614613e+02
  5.7192605e+02
  5.7481480e+02
  5.7510547e+02
  5.9115826e+02
  5.7614271e+02
  5.9217067e+02
  5.7241883e+02
  5.8041340e+02
  5.9391244e+02
  5.7100728e+02
  5.7376243e+02
  5.7980859e+02
  5.7594877e+02
  5.7952452e+02
  5.7853257e+02
  5.8401309e+02
  5.9014357e+02
  5.8756634e+02
  5.7083431e+02
  5.7437968e+02
  5.8790272e+02
  5.8685133e+02
  5.7709438e+02
  5.8876507e+02
  5.7655196e+02
  5.7603968e+02
  5.9143057e+02
  5.8662249e+02
  5.8279806e+02
  5.7281288e+02
  5.8875552e+02
  5.9044295e+02
  5.8352516e+02
  5.7679478e+02
  5.8037393e+02
  5.8792986e+02
  5.8378885e+02
  5.9844713e+02
  5.7437742e+02
  5.7916444e+02
  5.8707426e+02
  5.8384038e+02
  5.8013072e+02
  5.7190881e+02
  5.9241433e+02
  5.9005357e+02
  5.6076556e+02
  5.9453678e+02
  5.9009874e+02
  5.8981214e+02
  5.8977756e+02
  5.7305338e+02
  5.6989382e+02
  5.8531992e+02
  5.7135601e+02
  5.7560318e+02
  5.9346434e+02
  5.8647973e+02
  5.7852384e+02
  5.7420586e+02
  5.9548669e+02
  5.7537083e+02
  5.7597585e+02
  5.7865405e+02
  5.8874421e+02
  5.8648101e+02
  5.7179224e+02
  5.6430838e+02
  5.8090332e+02
  5.6937962e+02
  5.8361099e+02
  5.8360407e+02
  5.8159159e+02
  5.7476412e+02
  5.8139283e+02
  5.7552589e+02
  5.9727608e+02
  5.9782261e+02
  5.8973800e+02
  5.6109838e+02
  5.8153121e+02
  5.7345885e+02
  5.7019056e+02
  5.8835149e+02
  5.8210093e+02
  5.7628530e+02
  5.8626274e+02
  5.6617045e+02
  5.8919756e+02
  5.7575902e+02
  5.7752592e+02
  5.8335075e+02
  5.6713875e+02
  5.8422618e+02
  5.8213490e+02
  5.8375561e+02
  5.7822721e+02
  5.7542443e+02
  5.9582560e+02
  5.8991263e+02
  5.7181167e+02
  5.8347671e+02
  5.8736308e+02
  5.7961232e+02
  5.7658801e+02
  5.9373172e+02
  5.8020886e+02
  5.7729920e+02
  5.8221371e+02
  5.7432247e+02
  5.8411720e+02
  5.8136139e+02
  5.8651471e+02
  5.8513758e+02
  5.8296161e+02
  5.8544164e+02
  5.8768269e+02
  5.7468053e+02
  5.8696610e+02
  5.9067540e+02
  5.8174034e+02
  5.7737202e+02
  5.7213539e+02
  5.8182002e+02
  5.7793417e+02
  5.7344309e+02
  5.7155442e+02
  5.7691636e+02
  5.7230064e+02
  5.8183843e+02
  5.7971888e+02
  5.9063712e+02
  5.7400576e+02
  5.7695245e+02
  5.9555811e+02
  5.8100788e+02
  5.8486628e+02
  5.7968137e+02
  5.7226508e+02
  5.7556081e+02
  5.7504411e+02
  5.7431534e+02
  5.7475991e+02
  5.7388819e+02
  5.7975791e+02
  5.7077530e+02
  5.8313880e+02
  5.8104606e+02
  5.7306337e+02
  5.7111451e+02
  5.8716821e+02
  5.8010265e+02
  5.7605786e+02
  5.7946318e+02
  5.8357547e+02
  5.8986153e+02
  5.5694077e+02
  5.8350296e+02
  5.7230027e+02
  5.7206369e+02
  5.7342567e+02
  5.8168536e+02
  5.8393931e+02
  5.7899326e+02
  5.8735568e+02
  5.8671582e+02
  5.8977327e+02
  5.7392938e+02
  5.6891670e+02
  5.9494299e+02
  5.9843861e+02
  5.8409972e+02
  5.8172984e+02
  5.9179779e+02
  5.8383125e+02
  5.8213154e+02
  5.8063009e+02
  5.8105129e+02
  5.7620271e+02
  5.7550230e+02
  5.8365910e+02
  5.8544353e+02
  5.7578750e+02
  5.7740560e+02
  5.8941733e+02
  5.8581585e+02
  5.8273649e+02
  5.8189890e+02
  5.8173022e+02
  5.8390840e+02
  5.7923781e+02
  5.8232941e+02
  5.8791799e+02
  5.7914113e+02
  5.7893390e+02
  5.7372453e+02
  5.8564593e+02
  5.7776750e+02
  5.8844638e+02
  5.7622856e+02
  5.8457348e+02
  5.9454000e+02
  5.7942012e+02
  5.8614954e+02
  5.7200937e+02
  5.7434311e+02
  5.8184042e+02
  5.8204806e+02
  5.7542084e+02
