  1.8035421e+00
  1.8061626e+00
  1.7930836e+00
  1.8006531e+00
  1.7989536e+00
  1.7892169e+00
  1.8120728e+00
  1.7815421e+00
  1.7647505e+00
  1.7563401e+00
  1.8293082e+00
  1.8150746e+00
  1.7853488e+00
  1.8028978e+00
  1.7975769e+00
  1.7809341e+00
  1.8164384e+00
  1.7842806e+00
  1.8213961e+00
  1.7774624e+00
  1.7984627e+00
  1.8232952e+00
  1.8349265e+00
  1.7781893e+00
  1.8049021e+00
  1.8301178e+00
  1.8051797e+00
  1.8046694e+00
  1.7704412e+00
  1.7864232e+00
  1.7827866e+00
  1.8029375e+00
  1.8127301e+00
  1.7902161e+00
  1.7618771e+00
  1.7747189e+00
  1.8020346e+00
  1.8117275e+00
  1.7896451e+00
  1.8238625e+00
  1.8795075e+00
  1.7974271e+00
  1.7822451e+00
  1.8083643e+00
  1.8563306e+00
  1.7977079e+00
  1.8099474e+00
  1.7983906e+00
  1.7990420e+00
  1.8122305e+00
  1.8135901e+00
  1.8077339e+00
  1.7636029e+00
  1.8503375e+00
  1.7928646e+00
  1.7982069e+00
  1.7893433e+00
  1.8724924e+00
  1.7640895e+00
  1.8120165e+00
  1.7817392e+00
  1.7838570e+00
  1.7671163e+00
  1.7989669e+00
  1.8028700e+00
  1.8028902e+00
  1.7756124e+00
  1.8085681e+00
  1.8273082e+00
  1.7938320e+00
  1.7824523e+00
  1.8084157e+00
  1.8034543e+00
  1.7764719e+00
  1.8135477e+00
  1.8372408e+00
  1.7657191e+00
  1.8086887e+00
  1.8222353e+00
  1.7566903e+00
  1.7672139e+00
  1.8045999e+00
  1.7894999e+00
  1.7939036e+00
  1.7973598e+00
  1.7964058e+00
  1.8011832e+00
  1.7991030e+00
  1.8050412e+00
  1.7997433e+00
  1.8267179e+00
  1.8277670e+00
  1.8042949e+00
  1.8273939e+00
  1.8148699e+00
  1.7749996e+00
  1.7697741e+00
  1.7913340e+00
  1.7976786e+00
  1.7874651e+00
  1.8357293e+00
  1.7816859e+00
  1.7679477e+00
  1.7882944e+00
  1.8008300e+00
  1.7921597e+00
  1.8206759e+00
  1.7994826e+00
  1.8030391e+00
  1.7937002e+00
  1.7729683e+00
  1.8042036e+00
  1.7597174e+00
  1.7685785e+00
  1.8137363e+00
  1.7616097e+00
  1.7567828e+00
  1.8099446e+00
  1.7627593e+00
  1.7985281e+00
  1.8005356e+00
  1.7728440e+00
  1.8063316e+00
  1.7994913e+00
  1.7819307e+00
  1.8137180e+00
  1.7756142e+00
  1.8276802e+00
  1.8026440e+00
  1.7981072e+00
  1.7522563e+00
  1.8066857e+00
  1.8167244e+00
  1.8196758e+00
  1.7789404e+00
  1.7638344e+00
  1.7677782e+00
  1.8056943e+00
  1.8070103e+00
  1.7867728e+00
  1.8228567e+00
  1.8226828e+00
  1.8057430e+00
  1.7963374e+00
  1.7948920e+00
  1.7692014e+00
  1.8106982e+00
  1.8120120e+00
  1.7743984e+00
  1.7627826e+00
  1.7853531e+00
  1.7911349e+00
  1.7907448e+00
  1.8154788e+00
  1.7899933e+00
  1.7809175e+00
  1.7716599e+00
  1.8048620e+00
  1.8299498e+00
  1.8031004e+00
  1.8167465e+00
  1.7690473e+00
  1.8262971e+00
  1.8035184e+00
  1.8012843e+00
  1.8088473e+00
  1.8039817e+00
  1.8050272e+00
  1.7979351e+00
  1.8398382e+00
  1.7877730e+00
  1.7981729e+00
  1.7926377e+00
  1.7960250e+00
  1.8084377e+00
  1.8166697e+00
  1.8161136e+00
  1.8286568e+00
  1.8158441e+00
  1.8297785e+00
  1.8423076e+00
  1.7780276e+00
  1.7646592e+00
  1.8187240e+00
  1.7814513e+00
  1.8787468e+00
  1.7914766e+00
  1.8192073e+00
  1.7727321e+00
  1.8004946e+00
  1.7793492e+00
  1.7889738e+00
  1.7869356e+00
  1.7880638e+00
  1.7911848e+00
  1.8464689e+00
  1.8481729e+00
  1.7970950e+00
  1.8257044e+00
  1.8156055e+00
  1.7810952e+00
  1.7767216e+00
  1.8056584e+00
  1.7983240e+00
  1.7928241e+00
  1.7970122e+00
  1.7650587e+00
  1.8136928e+00
  1.8116358e+00
  1.8083877e+00
  1.8156904e+00
  1.8027033e+00
  1.7815749e+00
  1.8608529e+00
  1.8279883e+00
  1.7667488e+00
  1.7884305e+00
  1.7841550e+00
  1.7565523e+00
  1.8156486e+00
  1.8304030e+00
  1.7801661e+00
  1.7777491e+00
  1.7744648e+00
  1.7599789e+00
  1.8020037e+00
  1.7691650e+00
  1.7800371e+00
  1.7960190e+00
  1.8241347e+00
  1.8247895e+00
  1.8157097e+00
  1.7796067e+00
  1.7716663e+00
  1.7970892e+00
  1.8176230e+00
  1.7927164e+00
  1.8388082e+00
  1.7878665e+00
  1.7697850e+00
  1.7761046e+00
  1.7767933e+00
  1.7663916e+00
  1.7886245e+00
  1.8107192e+00
  1.7807531e+00
  1.7455427e+00
  1.8327725e+00
  1.8107437e+00
  1.7573080e+00
  1.8240397e+00
  1.7512016e+00
  1.7563218e+00
  1.8529184e+00
  1.7558994e+00
  1.7661780e+00
  1.7928876e+00
  1.7825929e+00
  1.8381188e+00
  1.7859241e+00
  1.8264399e+00
  1.7904886e+00
  1.8035020e+00
  1.7840188e+00
  1.7875372e+00
  1.7615788e+00
  1.7847087e+00
  1.8614249e+00
  1.7855034e+00
  1.7936999e+00
  1.7779598e+00
  1.8045446e+00
  1.7818729e+00
  1.7963988e+00
  1.7558075e+00
  1.8031252e+00
  1.7989612e+00
  1.8101227e+00
  1.8482630e+00
  1.8504937e+00
  1.7839576e+00
  1.8183967e+00
  1.8487559e+00
  1.7511272e+00
  1.8189938e+00
  1.7902229e+00
  1.8111495e+00
  1.8021050e+00
  1.8258426e+00
  1.8240207e+00
  1.7871984e+00
  1.8115105e+00
  1.8269837e+00
  1.7932360e+00
  1.8146941e+00
  1.8101817e+00
  1.7975114e+00
  1.7887090e+00
  1.8214619e+00
  1.8261465e+00
  1.7921333e+00
  1.7993202e+00
  1.8328552e+00
  1.7940866e+00
  1.7831777e+00
  1.7938587e+00
  1.7859341e+00
  1.7956376e+00
  1.8300940e+00
  1.8028282e+00
  1.7813543e+00
  1.7948048e+00
  1.7788308e+00
  1.8337299e+00
  1.7891760e+00
  1.7369834e+00
  1.7806561e+00
  1.8312976e+00
  1.7930160e+00
  1.7996547e+00
  1.7682907e+00
  1.8163367e+00
  1.7813604e+00
  1.7923548e+00
  1.8291548e+00
  1.7650470e+00
  1.8426158e+00
  1.7815510e+00
  1.8008787e+00
  1.7779244e+00
  1.8195120e+00
  1.8244498e+00
  1.8196303e+00
  1.7823529e+00
  1.7914555e+00
  1.8329169e+00
  1.8142169e+00
  1.7860419e+00
  1.7560238e+00
  1.8063364e+00
  1.8131331e+00
  1.7741508e+00
  1.7912652e+00
  1.7964363e+00
  1.8456919e+00
  1.8091591e+00
  1.7911269e+00
  1.7618101e+00
  1.8203790e+00
  1.8347887e+00
  1.8228590e+00
  1.8013693e+00
  1.7989596e+00
  1.7840210e+00
  1.7952263e+00
  1.8044081e+00
  1.8087097e+00
  1.7904087e+00
  1.7511813e+00
  1.8189392e+00
  1.8056821e+00
  1.8099917e+00
  1.7648576e+00
  1.7857576e+00
  1.7661672e+00
  1.7832176e+00
  1.7903768e+00
  1.8141053e+00
  1.8001791e+00
  1.7589599e+00
  1.7876358e+00
  1.8038110e+00
  1.7922989e+00
  1.7558933e+00
  1.7812855e+00
  1.7698709e+00
  1.7283237e+00
  1.8026842e+00
  1.7754582e+00
  1.7578226e+00
  1.7884671e+00
  1.8341461e+00
  1.7964332e+00
  1.7469851e+00
  1.7661701e+00
  1.8239418e+00
  1.8079761e+00
  1.7774857e+00
  1.8235413e+00
  1.7809378e+00
  1.8041815e+00
  1.7858633e+00
  1.7939295e+00
  1.7920177e+00
  1.7707790e+00
  1.7853628e+00
  1.7899608e+00
  1.7618932e+00
  1.7912118e+00
  1.7780336e+00
  1.7998802e+00
  1.7957017e+00
  1.8242783e+00
  1.7854893e+00
  1.8058966e+00
  1.7911131e+00
  1.7523408e+00
  1.8024355e+00
  1.8151004e+00
  1.8005077e+00
  1.7625565e+00
  1.8088364e+00
  1.8574191e+00
  1.8079418e+00
  1.7376912e+00
  1.8223216e+00
  1.7881987e+00
  1.8251104e+00
  1.7575554e+00
  1.8258834e+00
  1.8047153e+00
  1.8317429e+00
  1.8009363e+00
  1.8428570e+00
  1.7916032e+00
  1.8019084e+00
  1.7850893e+00
  1.8436059e+00
  1.7903928e+00
  1.7653825e+00
  1.7615369e+00
  1.7924300e+00
  1.7575841e+00
  1.7789074e+00
  1.7808882e+00
  1.7837329e+00
  1.8087578e+00
  1.8123525e+00
  1.7996013e+00
  1.8069963e+00
  1.7894252e+00
  1.7860973e+00
  1.7978196e+00
  1.7777386e+00
  1.8094282e+00
  1.8096540e+00
  1.7984057e+00
  1.7799102e+00
  1.7980568e+00
  1.7551082e+00
  1.7945655e+00
  1.7809801e+00
  1.8062586e+00
  1.7945777e+00
  1.8388523e+00
  1.8211096e+00
  1.8280002e+00
  1.8162325e+00
  1.8227944e+00
  1.8127677e+00
  1.7954682e+00
  1.8184988e+00
  1.8077743e+00
  1.7844653e+00
  1.8001469e+00
  1.7875309e+00
  1.7817720e+00
  1.8426727e+00
  1.8079804e+00
  1.7756516e+00
  1.8018954e+00
  1.8372227e+00
  1.8476827e+00
  1.7742369e+00
  1.8037893e+00
  1.8165013e+00
  1.7928687e+00
  1.7913657e+00
  1.8137960e+00
  1.7776675e+00
  1.7547583e+00
  1.8173881e+00
  1.7777873e+00
  1.7722250e+00
  1.7919915e+00
  1.8120005e+00
  1.8256587e+00
  1.8086527e+00
  1.8346809e+00
  1.7967019e+00
  1.7882132e+00
  1.8147510e+00
  1.7760498e+00
  1.8182505e+00
  1.7488342e+00
  1.7973170e+00
  1.7684024e+00
  1.7885574e+00
  1.7752077e+00
  1.7551150e+00
  1.8178088e+00
  1.8137155e+00
  1.8200832e+00
  1.7977980e+00
  1.7852995e+00
  1.8346462e+00
  1.7769777e+00
  1.7858045e+00
  1.7763863e+00
  1.7519187e+00
  1.7850560e+00
  1.8182495e+00
  1.7923609e+00
  1.8110311e+00
  1.7583353e+00
  1.8087717e+00
  1.7723275e+00
  1.7975258e+00
  1.8102692e+00
  1.8097726e+00
  1.7851352e+00
  1.8045374e+00
  1.7977667e+00
  1.7723737e+00
  1.7926944e+00
  1.7903258e+00
  1.7933416e+00
  1.7971452e+00
  1.8230800e+00
  1.7740359e+00
  1.8306895e+00
  1.7728788e+00
  1.7766271e+00
  1.7887440e+00
  1.7975026e+00
  1.7905944e+00
  1.8071579e+00
  1.7709882e+00
  1.8155017e+00
  1.8241842e+00
  1.7948440e+00
  1.8295895e+00
  1.8180706e+00
  1.7854158e+00
  1.8028242e+00
  1.7952286e+00
  1.8350244e+00
  1.7837121e+00
  1.8138037e+00
  1.8171873e+00
  1.8069864e+00
  1.7937524e+00
  1.8297584e+00
  1.8145102e+00
  1.7825366e+00
  1.8178709e+00
  1.7972576e+00
  1.8347032e+00
  1.7819990e+00
  1.7897163e+00
  1.7646735e+00
  1.8198642e+00
  1.7938442e+00
  1.7681115e+00
  1.7776475e+00
  1.7610549e+00
  1.7589617e+00
  1.7843933e+00
  1.7843547e+00
  1.8028455e+00
  1.7994658e+00
  1.7975907e+00
  1.7625552e+00
  1.7692737e+00
  1.8216390e+00
  1.8054500e+00
  1.8140335e+00
  1.8041106e+00
  1.8261200e+00
  1.7742386e+00
  1.8280375e+00
  1.7856471e+00
  1.7924535e+00
  1.8227356e+00
  1.7602988e+00
  1.8318815e+00
  1.8084205e+00
  1.7698630e+00
  1.7926468e+00
  1.7706058e+00
  1.8026762e+00
  1.7933802e+00
  1.7847556e+00
  1.7897685e+00
  1.8047874e+00
  1.7928960e+00
  1.7595735e+00
  1.8137490e+00
  1.8020971e+00
  1.7715020e+00
  1.7804359e+00
  1.7835016e+00
  1.8045911e+00
  1.7572296e+00
  1.8061528e+00
  1.8175264e+00
  1.8073692e+00
  1.8210633e+00
  1.7752024e+00
  1.7588918e+00
  1.8015004e+00
  1.8162549e+00
  1.7476019e+00
  1.7996351e+00
  1.8585981e+00
  1.7870088e+00
  1.7853580e+00
  1.8096021e+00
  1.8230259e+00
  1.8368433e+00
  1.7721620e+00
  1.8018485e+00
  1.7812982e+00
  1.7990172e+00
  1.7951053e+00
  1.7968467e+00
  1.7849041e+00
  1.8270198e+00
  1.7994752e+00
  1.8192985e+00
  1.7887615e+00
  1.7934174e+00
  1.8087505e+00
  1.7775650e+00
  1.7447841e+00
  1.8016373e+00
  1.7988882e+00
  1.7897062e+00
  1.7763533e+00
  1.7585054e+00
  1.8069724e+00
  1.8319849e+00
  1.8235736e+00
  1.7872571e+00
  1.7841147e+00
  1.8266008e+00
  1.8025239e+00
  1.8354520e+00
  1.8200730e+00
  1.7932569e+00
  1.8256161e+00
  1.7741029e+00
  1.7971449e+00
  1.7274282e+00
  1.8196146e+00
  1.8178389e+00
  1.8020897e+00
  1.8303972e+00
  1.7811509e+00
  1.8001888e+00
  1.8097152e+00
  1.8136906e+00
  1.7997033e+00
  1.8074271e+00
  1.7797485e+00
  1.8526125e+00
  1.8217770e+00
  1.7906047e+00
  1.8117256e+00
  1.7891339e+00
  1.8099164e+00
  1.7937058e+00
  1.7930205e+00
  1.8367427e+00
  1.7754906e+00
  1.8215581e+00
  1.8179128e+00
  1.7515546e+00
  1.7878688e+00
  1.8072794e+00
  1.8487484e+00
  1.7963894e+00
  1.7952809e+00
  1.8154305e+00
  1.7634384e+00
  1.7797869e+00
  1.8231293e+00
  1.8181849e+00
  1.8153712e+00
  1.7818722e+00
  1.7909831e+00
  1.8008926e+00
  1.8212029e+00
  1.7954942e+00
  1.7737472e+00
  1.8292666e+00
  1.7859480e+00
  1.7920923e+00
  1.8024061e+00
  1.7941663e+00
  1.7516861e+00
  1.7800261e+00
  1.7855008e+00
  1.7754909e+00
  1.8211049e+00
  1.7822739e+00
  1.8015184e+00
  1.7960798e+00
  1.8128823e+00
  1.8101701e+00
  1.7748275e+00
  1.8234743e+00
  1.7704118e+00
  1.7520481e+00
  1.8560063e+00
  1.7655457e+00
  1.8460599e+00
  1.7957419e+00
  1.7898814e+00
  1.8467522e+00
  1.7820460e+00
  1.8122989e+00
  1.7791880e+00
  1.7914737e+00
  1.7948549e+00
  1.7825796e+00
  1.7896292e+00
  1.7941405e+00
  1.7898566e+00
  1.8098134e+00
  1.7732940e+00
  1.7588755e+00
  1.7910647e+00
  1.8109688e+00
  1.7544910e+00
  1.7747901e+00
  1.7958557e+00
  1.7883485e+00
  1.8408750e+00
  1.7984275e+00
  1.7947045e+00
  1.7997266e+00
  1.8116894e+00
  1.7911924e+00
  1.8062339e+00
  1.7726039e+00
  1.7994149e+00
  1.7697965e+00
  1.8039677e+00
  1.8024025e+00
  1.7820566e+00
  1.8324524e+00
  1.7870385e+00
  1.7737112e+00
  1.7847984e+00
  1.7976908e+00
  1.7704216e+00
  1.7946153e+00
  1.8151235e+00
  1.8217526e+00
  1.8106608e+00
  1.8096366e+00
  1.7715449e+00
  1.8110636e+00
  1.8193472e+00
  1.8001453e+00
  1.8162861e+00
  1.8138250e+00
  1.8191367e+00
  1.7785337e+00
  1.7947373e+00
  1.7907026e+00
  1.8031911e+00
  1.8293261e+00
  1.7908074e+00
  1.8057778e+00
  1.8051211e+00
  1.7823401e+00
  1.7634674e+00
  1.8233582e+00
  1.7698962e+00
  1.8217061e+00
  1.8291691e+00
  1.8026185e+00
  1.8330942e+00
  1.7632550e+00
  1.8013476e+00
  1.8275441e+00
  1.8258630e+00
  1.8133959e+00
  1.8367116e+00
  1.7784877e+00
  1.7894211e+00
  1.8045901e+00
  1.7743932e+00
  1.7851738e+00
  1.8214868e+00
  1.7915153e+00
  1.7761499e+00
  1.7684269e+00
