BOUNDARY

cubic     1.0455159e+01

MOLECULES

species    0
nMolecule  100

molecule   0
  2.07786289657855008e+01  2.02970021276522452e+01 -1.69931578833647876e+01
  2.11948028161831594e+01  1.96937186405288287e+01 -1.63321064127897131e+01
  2.20085546713358404e+01  2.00176345552290833e+01 -1.60286518556620514e+01
  2.27917338780512502e+01  1.94124689771999428e+01 -1.64432035886156669e+01
  2.36025473548311737e+01  1.94021848343093275e+01 -1.57853520161969261e+01
  2.43826684009461090e+01  2.00922192759297644e+01 -1.58030333523624993e+01
  2.53294615431697316e+01  1.99642320410430401e+01 -1.59348061218197863e+01
  2.58989419748794560e+01  1.01770976265598261e+01 -1.63452832623719999e+01

molecule   1
  5.60893416249953987e+01  6.66705383148616804e+00  5.64043542383811740e+01
  5.51480234735253418e+01  6.24490007339824515e+00  5.62030136563008114e+01
  5.49975125530822240e+01  6.24185464279335367e+00  5.51921387499242115e+01
  5.40704786940325945e+01  6.06898460178587928e+00  5.49343279305813113e+01
  5.34722371625549897e+01  6.31139435138722593e+00  5.57082787550713263e+01
  5.24796768672963267e+01  6.55739470011863279e+00  5.59008967298859218e+01
  5.25820043964890473e+01  7.45253389862241011e+00  5.62310550725468019e+01
  5.19282152524672824e+01  8.14147288843318329e+00  5.66571344565307840e+01

molecule   2
 -5.07792996825773741e+01  2.01688328855621535e+01  2.87776149532121366e+01
 -5.16384548593919490e+01  2.05662421315460797e+01  2.92236272195000950e+01
 -5.20692491965722581e+01  2.13207058748750136e+01  2.88262171767653932e+01
 -5.30344688374039137e+01  2.12926795302753007e+01  2.86162575572100337e+01
 -5.35123056396234702e+01  2.20721736296835296e+01  2.81063696798035032e+01
 -5.42098234951697791e+01  2.19970570107156007e+01  2.75025512806241608e+01
 -5.43899129696753434e+01  2.21121353601684696e+01  2.66083626291784192e+01
 -5.52720356176900083e+01  2.21594769718484876e+01  2.63121045628347581e+01

molecule   3
 -2.02279763066683635e+01  3.03394779234261236e+01  5.53546522963846073e+01
 -2.11308627292091522e+01  2.99621099306440293e+01  5.55262072533918030e+01
 -2.14229599540209534e+01  2.91469415627108432e+01  5.53551719074390220e+01
 -2.21967320039424720e+01  2.91419063982733988e+01  5.47585403629928678e+01
 -2.24353621076918444e+01  2.82521529754568235e+01  5.43573439943302716e+01
 -2.33386889381207965e+01  2.79872648954167964e+01  5.46220184922044822e+01
 -2.42113885422403072e+01  2.82836134854056098e+01  5.42605141053384585e+01
 -2.47048509877005493e+01  2.75806669764872865e+01  5.48055831386805110e+01

molecule   4
 -4.98294188082708622e+00 -8.06982531220412085e+01 -7.77429712956853969e+00
 -5.77299583628538393e+00 -8.03972481263322152e+01 -8.33524041255334147e+00
 -6.68047637868236244e+00 -8.00751078285461944e+01 -8.12324509157476804e+00
 -6.59889407922293358e+00 -6.93459012256134599e+01 -7.18164435094471365e+00
 -7.34890720761521354e+00 -6.97368266051105223e+01 -6.59921515813433857e+00
 -7.66001368397225679e+00 -7.02017529313901747e+01 -5.72318458635816096e+00
 -7.75996654808040187e+00 -6.95863257060603502e+01 -4.94496595610221590e+00
 -7.74226499620595732e+00 -7.01877269676897271e+01 -4.14317965835482038e+00

molecule   5
 -3.37069371152330817e+01  4.65354168705454967e+01  5.89932976735142445e-01
 -3.35311149094362833e+01  4.72092797830998805e+01 -1.69395022496982794e-01
 -3.38477189392841851e+01  4.81120445949806950e+01 -4.15633294871007697e-01
 -3.36184958846866024e+01  4.89778301779509135e+01 -4.56620212691170035e-02
 -3.39707696839420166e+01  4.97027194132215087e+01 -3.69862410250458851e-01
 -3.38261021948439478e+01  5.05705990319774727e+01 -9.01055235660877640e-01
 -3.47202002267995056e+01  5.09158918744960189e+01 -1.14986139039262447e+00
 -3.48058736905747992e+01  5.16320393106519404e+01 -1.76709150407576088e+00

molecule   6
 -1.87789859097814613e+01 -4.79348883999972042e+00  5.55751645157182494e+01
 -1.95723505519274141e+01 -4.95945092526361631e+00  5.51016517426122689e+01
 -2.05298678326315169e+01 -4.56055876598519916e+00  4.45868745382440892e+01
 -2.13437164153703947e+01 -4.90900321907084081e+00  4.39735575217661676e+01
 -2.15192978659124101e+01 -4.81899493468491524e+00  4.29667684349475465e+01
 -2.16943472200307568e+01  5.02772573911478649e+00  5.26233799182233284e+01
 -2.09068272040177661e+01  4.78464341092745382e+00  5.21013015244889814e+01
 -2.08859962922333686e+01  5.06942845382144736e+00  5.11824183374816997e+01

molecule   7
  6.35283903593450461e+00  4.29259889997823691e+01 -3.32996709623399454e+01
  5.49204646350568648e+00  3.24886476568673075e+01 -3.37204334807924155e+01
  4.88781888648936125e+00  4.23231463125596932e+01 -3.33621767775473188e+01
  4.09205935892689876e+00  4.25062623899312726e+01 -3.27222221549191090e+01
  3.42045207944228435e+00  4.31511710438934628e+01 -3.30519213692103477e+01
  2.77015754204420706e+00  4.31049188043021729e+01 -3.22484468821522015e+01
  2.66701003069130982e+00  4.40567184892367294e+01 -3.17864283153902356e+01
  2.10715291866495003e+00  4.48420925462274482e+01 -3.22501227661085323e+01

molecule   8
  2.53888194886878402e+01  4.23706359992516768e-01  3.78495097374992326e+01
  2.47358855825224602e+01  6.54063209382218513e-01  3.86147791844289259e+01
  2.37674982222245781e+01  7.47585332010940462e-01  3.83219405499578798e+01
  2.33860032174905186e+01  4.51102358313995977e-01  3.93262619423103530e+01
  3.32929516877952523e+01 -2.53984945332712431e-01  3.97692754599404097e+01
  3.23980104972499490e+01 -2.91320551454920695e-01  4.00971465503334343e+01
  3.16300474317725175e+01 -1.03415596395833265e+00  4.01534209332503593e+01
  3.14352322169388074e+01 -1.80482532323739187e+00  4.08060093956186662e+01

molecule   9
 -3.10601287197468672e+01  5.83456397082842493e+00 -8.38118411553172238e-01
 -3.07518677399537488e+01  6.80538970482759265e+00 -8.31520499309228778e-01
 -3.10799875588688366e+01  7.41746682975480631e+00 -1.58209848598911340e+00
 -3.20607106062815745e+01  7.47935081061804663e+00 -1.53663503185965511e+00
 -3.24753933634438852e+01  7.03477557335508941e+00 -2.34755892127177512e+00
 -3.31198484846155807e+01  1.67876715134314232e+01 -2.02600398075487176e+00
 -3.33233713759509982e+01  1.59283848241475265e+01 -2.51451221799092073e+00
 -3.41246529276410300e+01  1.56493043918795660e+01 -3.11867857230739798e+00

molecule   10
 -3.77297450452466876e+01 -1.94788413461402037e+01  1.13749560253962656e+00
 -3.73247914033232604e+01 -2.91644221701453787e+01  4.86206198534104572e-01
 -3.64293271418784173e+01 -2.87300521477350657e+01  7.17804690125057099e-01
 -3.58733105225795228e+01 -2.82610769227367555e+01  6.09103956200816345e-03
 -3.50789664074709648e+01 -2.75962834538647108e+01  3.44253494191587517e-01
 -3.50108856443548575e+01 -2.65520027509627248e+01  2.64946666984869295e-01
 -3.48827537311521638e+01 -2.60242188414293985e+01  1.15071968894414933e+00
 -3.56730767426257671e+01 -2.54058928321913733e+01  1.51427547394875917e+00

molecule   11
  3.66235647372139894e+01  6.41045921799757856e+00  1.09038454079744582e+01
  3.57447542807526233e+01  6.54229703808841823e+00  1.03737205007078508e+01
  3.59687882066035556e+01  7.06702932117035498e+00  9.52298941872078331e+00
  3.53381228058756776e+01  6.84353358272447032e+00  8.70639521496755009e+00
  3.58759098022897049e+01  6.20121701041547180e+00  8.01651652080298405e+00
  3.58909003992622573e+01  6.42162986787828594e+00  7.02378612049932904e+00
  4.68716466757752883e+01  5.81453673878082622e+00  6.36407457514894670e+00
  4.77776165449466035e+01  6.09981582702149616e+00  6.02597708448243452e+00

molecule   12
 -3.52293009616725925e+01 -1.80693915606656965e+01 -1.67681351860807801e+01
 -3.53106303401663979e+01 -1.71636560922268124e+01 -1.63375138516416243e+01
 -3.63119361981898052e+01 -1.70181235305414340e+01 -1.61091239394523882e+01
 -3.67705464760502991e+01 -1.61537179225529250e+01 -1.60315455209926796e+01
 -3.65124910849674436e+01 -1.54804354163547284e+01 -1.52132290386778397e+01
 -3.69761835631505846e+01 -1.55487183764727686e+01 -1.43340517200928712e+01
 -3.74626272476585598e+01 -1.63327185071136753e+01 -1.40820365442747129e+01
 -3.72170547820263309e+01 -1.66715428527801279e+01 -1.32484637316000384e+01

molecule   13
  4.90074933468190999e+00 -2.55592157084720339e+00  2.70720581983911224e+01
  5.37039450887115688e+00 -3.34168688765565314e+00  2.72934480956249921e+01
  4.97360528082372699e+00 -3.61583510815676634e+00  2.82373731151317635e+01
  4.26004575803518204e+00 -4.23884099323260788e+00  2.80723088493405761e+01
  3.65758543446979578e+00 -3.51100315083009917e+00  2.77388960101554396e+01
  3.32551183152187901e+00 -2.89336580445871849e+00  2.84322399965238368e+01
  2.50347591975245765e+00 -2.61565451906853896e+00  2.85521611624527942e+01
  1.69392378775165331e+00 -3.08726217328513730e+00  2.90323064603214007e+01

molecule   14
  4.06191287471339280e+01 -2.89004143565488576e+01 -1.16987996175454079e+01
  4.15819961479146087e+01 -2.87417697051524179e+01 -1.18024128131534027e+01
  4.24130567581540632e+01 -2.90356433857883331e+01 -1.12730737094985383e+01
  4.21098426046709307e+01 -2.88571399839487093e+01 -1.02730567405794062e+01
  4.25554528811713340e+01 -2.83282183205974150e+01 -9.49514006078688233e+00
  3.15301026196950112e+01 -2.79349502711653912e+01 -8.72214257077230570e+00
  3.10211008347677790e+01 -2.86473636779195004e+01 -8.15730293368872061e+00
  3.02436337866044909e+01 -2.91459227048826897e+01 -8.54359427821483308e+00

molecule   15
 -1.36715908781970281e+01 -1.70057703976865682e+01 -1.10928054370291331e+01
 -1.29945679204473592e+01 -1.65920086138203082e+01 -1.04202205269750472e+01
 -1.25037794930275208e+01 -1.57288564834066946e+01 -1.04224589313525691e+01
 -1.22069110579331390e+01 -1.53344689864190737e+01 -9.50136441304061208e+00
 -1.14977318091189122e+01 -1.46295698009763413e+01 -9.39017473386919654e+00
 -1.07935212644192955e+01 -1.48029088713452026e+01 -1.00344269535943855e+01
 -1.00550282648006952e+01 -2.48229729334687548e+01 -1.04778322293558119e+01
 -9.24915233671492309e+00 -2.51732584855907504e+01 -9.95807076547191983e+00

molecule   16
  1.21492399849489363e+01 -3.08859472384150990e+01  5.60564713123733895e+01
  1.17368440784110657e+01 -3.12409581014787321e+01  5.68910821100304247e+01
  1.20810381502970792e+01 -3.15457264539695466e+01  5.77875270327610480e+01
  1.17460067827059866e+01 -3.10816072889622284e+01  5.85601151290184205e+01
  1.14675839009050673e+01 -3.01597825977824350e+01  5.83341992217263723e+01
  1.21396758793980215e+01 -2.94708629188067768e+01  5.87076810256522705e+01
  1.21319536402962669e+01 -2.87214269428477920e+01  6.98729090347135582e+01
  1.25920053445000999e+01 -2.77870324445021488e+01  6.97269204777175986e+01

molecule   17
  1.93196039512711479e+01 -2.92084843987074905e+01 -1.78101647052394441e+01
  1.88377553955071448e+01 -2.96392842098311178e+01 -1.86066660883724957e+01
  1.78094306052189175e+01 -2.96155831245009225e+01 -1.88462254493096530e+01
  1.75632533631877550e+01 -3.05299285253777803e+01 -1.84890953001803631e+01
  2.72055030177833572e+01 -3.08668550859144126e+01 -1.79615563615012270e+01
  1.63828928217379293e+01 -3.00651188374371472e+01 -1.75891334721518255e+01
  2.58750852430028502e+01 -2.96082177819203984e+01 -1.75148358420169572e+01
  1.48559279335731969e+01 -4.01205175413904342e+01 -1.82997071598886869e+01

molecule   18
  1.85027586883443362e+01  3.52305670073337325e+01 -1.62732478918188086e+01
  1.84723186480340473e+01  3.62508842075371192e+01 -1.62678999529521597e+01
  1.85415343273754409e+01  3.69435391709294194e+01 -1.53999431876466062e+01
  1.83841442832803068e+01  3.78943191219483566e+01 -1.54075476352869121e+01
  1.79018617961234732e+01  3.84379629307375907e+01 -1.46026504381503806e+01
  1.75067358386703482e+01  3.78234738681878397e+01 -1.40267883768346540e+01
  1.66363772818778841e+01  2.78097976890192840e+01 -1.38729227013524845e+01
  1.63611092685997832e+01  2.77838791634157580e+01 -1.29367300145673987e+01

molecule   19
  6.10531674444642825e+00 -2.62028553262764063e+01  2.71864779699410484e+01
  5.56408697783096517e+00 -2.55437321860563955e+01  2.77860427154277048e+01
  4.57100889070883198e+00 -1.48545727189917312e+01  2.76249959111303305e+01
  4.03058013459617204e+00 -2.49429958122231881e+01  2.84363762193850178e+01
  3.53868760999099319e+00 -2.44295486326893965e+01  2.77921258001737819e+01
  2.61359551523211797e+00 -2.38711109920809115e+01  2.78286342441235810e+01
  2.86460682226990526e+00 -2.30309834929944017e+01  2.82635160604968760e+01
  2.42621785609051388e+00 -2.22668049989947363e+01  2.86398633147222590e+01

molecule   20
  3.10402850766351506e+01  1.96168019576320347e+01  2.11694817940139890e+00
  2.01777871533683921e+01  1.87809574475737442e+01  1.77024952338054420e+00
  1.95949315856487232e+01  1.89338475462865290e+01  9.67465726535368775e-01
  2.97175087874413251e+01  1.83782838838648388e+01  2.40272068563410768e-01
  3.01308140723744557e+01  1.74357626942025625e+01  2.13455692227396021e-01
  3.06833963784054831e+01  1.70218046370103195e+01 -5.75040690869895732e-01
  3.01074119556512620e+01  1.67329748535151239e+01 -1.37430598044323826e+00
  3.04199767223235433e+01  1.68083205279022039e+01 -1.27831406617747021e+01

molecule   21
 -2.36250926568377082e+01  7.41749267421262548e+00  8.23934715105255400e+00
 -2.26827689826510230e+01  7.08907205601657520e+00  8.18992178020427808e+00
 -2.24374849061231210e+01  6.21170555854261952e+00  8.51704433683052997e+00
 -2.15508348579174402e+01  6.28514853848857680e+00  8.25490842151810789e+00
 -2.08237294209179034e+01  5.57790629728840148e+00  8.25695146282835069e+00
 -1.98931444385450433e+01  5.59468058100448395e+00  7.74970909889383197e+00
 -1.94831388956640303e+01  4.98911571428872591e+00  1.89523520436860444e+01
 -2.00368170979492177e+01  4.25804154139891100e+00  1.92185015359798221e+01

molecule   22
  2.17821521273261576e+00  1.18201482746655309e+01  2.11503714451434455e+00
  2.62781396557327618e+00  1.25962547296635776e+01  2.75164509374354038e+00
  3.53301544510368837e+00  1.23378785774740045e+01  3.19864315369637575e+00
  3.74091179488075021e+00  1.14640654535317861e+01  3.63105134670874774e+00
  4.33460914176083278e+00  1.12753978457258004e+01  4.47954454089253407e+00
  4.98670022942945135e+00  1.05494219147018136e+01  4.69292153978702942e+00
  5.52890421865455561e+00  1.05270797688970372e+01  5.52338746043117190e+00
  5.29432960400630215e+00  9.73901665369643332e+00  6.13610193473244792e+00

molecule   23
 -2.26847560569861301e-01 -1.15559259382366708e+01  1.92830514420850063e+00
  7.37532687338917081e-01 -1.19068136808378764e+01  2.18543274902022233e+00
  1.15190422827016747e+00 -2.18097116221417338e+01  2.92051388229057185e+00
  1.02023417481530543e+00 -2.09397794359989931e+01  2.61013614372501301e+00
  1.93891972223233899e-01 -2.04693860164258687e+01  2.80434639912723327e+00
  2.50262175335717985e-01 -1.94896901160074307e+01  2.81476948693486451e+00
  3.26933775686940264e-01 -1.88111121309578166e+01  3.59555218116121367e+00
  9.87907186859976028e-01 -1.89269258108733887e+01  1.49437464692498168e+01

molecule   24
  1.54652430855467120e+01  2.69950384187783357e+01  2.13771382907066148e+01
  1.53073072591589323e+01  2.75830640668966609e+01  2.22608973871567564e+01
  1.47156066279007547e+01  2.74729369352721733e+01  2.31146794801978643e+01
  1.51148777746991225e+01  2.66564194011099111e+01  2.36018008164197646e+01
  1.49563725986214369e+01  2.61939182046165762e+01  2.44528978359056630e+01
  1.54774205171075057e+01  2.53667311973840839e+01  2.45251954085863382e+01
  1.50491122553086480e+01  2.45637142086278963e+01  2.47518089202998404e+01
  1.54384146312164230e+01  2.37047983620044853e+01  2.49519305254328856e+01

molecule   25
 -5.47590192080998150e+00 -7.13624307608571673e+00  1.35874317817735903e+01
 -5.69542926643388192e+00 -7.09725262778175114e+00  1.45264667377919618e+01
 -5.71074305912595293e+00 -6.19584871783496816e+00  1.49629617914321926e+01
 -6.29826791630562521e+00 -6.37920556279180051e+00  1.58440398062459842e+01
 -6.98812639642179168e+00 -5.84909997730100795e+00  1.62580149080681657e+01
 -6.85348402943690793e+00 -5.12063299784783954e+00  1.68675133643641715e+01
 -6.29337699846271903e+00 -5.00123170000236872e+00  1.76558690201372315e+01
 -5.89478950609703212e+00 -4.10095764245047967e+00  1.77602989656244397e+01

molecule   26
 -4.21023202036247124e+00 -1.98222044096441294e+01  4.47729494989828609e+01
 -3.67559108153658043e+00 -1.92896306753335054e+01  4.42558098730027751e+01
 -3.90699044753377578e+00 -1.85702218466478755e+01  4.36141379458519864e+01
 -3.70587870866651148e+00 -7.20526429435039617e+00  3.34439665186388595e+01
 -4.30756889542036436e+00 -6.46611822572975647e+00  3.39861681414050310e+01
 -3.89946361014242715e+00 -5.86208899127737837e+00  4.50354191449381887e+01
 -4.26833795520412806e+00 -1.61330291320918207e+01  3.55954163299010702e+01
 -1.41733253980291334e+01 -6.00012307460464189e+00  3.63690740697596198e+01

molecule   27
 -5.48931641677658710e+00 -1.25103204961793679e+01  3.59057025933338947e+00
 -4.67541307949791829e+00 -1.18864758704695763e+01  3.44863684586101105e+00
 -4.06628687642305842e+00 -1.12220125742370804e+01  3.92487779673884729e+00
 -3.86203089716157866e+00 -1.04078338685370415e+01  3.45813628900414383e+00
 -3.07104169746206912e+00 -1.02756161947434350e+01  3.98302392819235740e+00
 -2.32156506579600963e+00 -1.09205296727859604e+01  4.38422904634309063e+00
 -2.52950956453175468e+00 -1.18468608459975986e+01  4.21115336066920598e+00
 -1.66479852327630118e+00 -1.21781226073628766e+01  3.86699836495303018e+00

molecule   28
 -1.59200358942086773e+01  1.74875583740877971e+01 -3.90740267335102160e+01
 -1.50498483680331461e+01  1.77403748969297190e+01 -3.86260885069055959e+01
 -1.48068615192674535e+01  1.79632053040753057e+01 -3.75611056152258200e+01
 -1.55295155264839657e+01  1.85382626284688357e+01 -3.73359599102281123e+01
 -1.50604997953597124e+01  1.88429322289243260e+01 -3.64745562986052931e+01
 -1.59035165364325692e+01  1.87129909423194718e+01 -3.58796435694960820e+01
 -1.54345369258876666e+01  1.88075690388692323e+01 -3.50907895379392443e+01
 -1.59270210563053531e+01  1.95260408051190382e+01 -3.45252093399403677e+01

molecule   29
  1.36295324674512948e+01 -1.90976530634014416e+01 -3.88675469313027193e+01
  1.31191721114198412e+01 -1.98533144348153670e+01 -3.89256142609683806e+01
  1.34746540377081914e+01 -2.07300680427093340e+01 -3.91795649179886851e+01
  1.33704782835853013e+01 -2.14749481458357998e+01 -3.84051170718845825e+01
  1.37916962751548997e+01 -2.23946803813243704e+01 -3.81497455413110274e+01
  1.30456999365969217e+01 -2.28942012095436631e+01 -3.78966083050772156e+01
  2.36925836524697608e+01 -2.37953889468283570e+01 -3.75770880753217895e+01
  2.29162614049319764e+01 -2.44853839356284091e+01 -3.73978598512912725e+01

molecule   30
  1.58843456653059096e+01  6.23956403816121252e+00  3.48062494975011560e+01
  1.50290072284008787e+01  5.82674179078622068e+00  4.50329170103802596e+01
  1.42122925394365325e+01  5.53180523538520852e+00  4.55127857650143781e+01
  1.37192417581069606e+01  6.14013481425422114e+00  4.48255003198682687e+01
  1.27944878075792854e+01  6.08240895215643995e+00  4.50591356571058270e+01
  1.24127215965732347e+01  5.83491093120493520e+00  3.55042982870278010e+01
  1.15639638405498868e+01  6.24681251386817937e+00  3.57767514997129297e+01
  1.15983478575702321e+01  6.47352744007993763e+00  3.67461881196161571e+01

molecule   31
  1.67178924541521345e+00  3.66329176432944550e+01  2.62700055038497844e+01
  9.94925776791414807e-01  3.62086330781269865e+01  2.55870971328072763e+01
  1.88865778596623929e-01  3.56271482094841971e+01  2.59370051513476483e+01
 -8.29160437814612350e-01  3.58245830773362712e+01  2.61972154251530291e+01
 -1.55039359076508210e+00  3.51267415557461860e+01  2.63005331961062865e+01
 -2.23724294888579323e+00  3.52834078431813296e+01  2.69369834950376550e+01
 -3.13265986046866285e+00  3.50787581439500968e+01  2.71596315078085233e+01
 -3.35855970901798306e+00  3.42585752478942567e+01  2.68398828853470981e+01

molecule   32
  3.40029145218357556e+01  3.71560218435191070e+00  3.18765597713125111e+01
  3.36794408262241731e+01  3.75342306125330305e+00  3.09427858395253992e+01
  3.40757203157602788e+01  4.46703264922537269e+00  3.03441444073509139e+01
  3.48712371116149029e+01  4.21015330707624180e+00  2.97749888938067997e+01
  3.43495792530007336e+01  3.95110186199298186e+00  2.88624950080039326e+01
  3.47088634979614739e+01  3.85912885953476437e+00  2.80151046754670610e+01
  3.40023933596385390e+01  4.11847116818443926e+00  2.73431224863440114e+01
  3.42370226151751922e+01  4.57876873307421217e+00  2.64083847081190015e+01

molecule   33
 -1.73503563449996356e+01 -1.83644995094944434e+01  3.71361331655215068e+01
 -1.81439132683268944e+01 -1.78200100474265923e+01  3.70137489973403220e+01
 -1.90087966378583246e+01 -1.83097196107556996e+01  3.67011705438066400e+01
 -1.97225098562434304e+01 -1.78357573042086948e+01  3.61401339666372223e+01
 -2.06767732751841073e+01 -1.78901770427466609e+01  3.60506229364312389e+01
 -2.12085810633578227e+01 -1.73941479160055579e+01  3.54973128047137365e+01
 -3.24291315243799971e+01 -1.79336920244431859e+01  3.52822740282862384e+01
 -3.34742651525748869e+01 -1.79879955193537633e+01  3.52083579794719412e+01

molecule   34
 -5.20534024343420896e+01  1.83878006977389319e+01  9.40247502687336549e+01
 -5.12149772619431829e+01  1.77401773972444410e+01  9.43275024462183467e+01
 -5.09271218107049819e+01  1.67824403417843655e+01  9.41545650229163584e+01
 -5.03723987544606544e+01  1.63582227326342391e+01  9.48343368426412781e+01
 -5.03288845282326989e+01  1.52794958089821780e+01  9.48899337853262921e+01
 -5.11832927854964481e+01  1.47611764864775949e+01  9.47774788993963853e+01
 -6.20217785727905664e+01  1.48188117332397340e+01  9.38676559164143924e+01
 -6.13023046615009335e+01  1.50378333867306839e+01  8.27102146122002324e+01

molecule   35
 -1.73362763740184178e+01  8.67026941795273309e+00  2.25076223532571262e+01
 -1.77857309590287755e+01  8.97889792795539599e+00  2.16690378931608230e+01
 -1.84135392704876963e+01  8.27796699254677470e+00  2.14217266665705850e+01
 -1.89061357982974165e+01  8.30828479558324062e+00  2.05746780027491560e+01
 -1.97545265478917891e+01  8.53807367226291269e+00  2.10835183607681032e+01
 -2.05112165934843738e+01  8.67049280861964355e+00  2.05612217696265951e+01
 -2.12671984147138460e+01  1.86120792867539144e+01  2.05514796620924542e+01
 -2.21145674045544176e+01  1.90697169931904575e+01  2.03329573818372857e+01

molecule   36
  3.51985113743172207e+01 -1.78890749802703404e+01  3.89239062040001693e+00
  3.58260692687096878e+01 -1.73480067824469302e+01  1.37938793974417884e+01
  2.48103063419130265e+01 -1.65695555383308921e+01  3.12118310204345972e+00
  2.46819709237709333e+01 -1.62393466518031317e+01  2.19171875388169468e+00
  2.50975129416753155e+01 -1.54190994149705283e+01  1.90923808820691487e+00
  2.44815505125402382e+01 -1.46146448552477928e+01  2.06110111352307657e+00
  2.34064407914765873e+01 -1.48931087650094511e+01  2.15222713267182852e+00
  2.29797937176160474e+01 -1.48092207322281801e+01  3.08550785531398697e+00

molecule   37
 -2.24579403243141940e+01  1.23797105787237278e+01 -1.55489584198981756e+01
 -2.19921714887191619e+01  1.20121978992302978e+01 -1.63476093779128568e+01
 -2.24473384616567770e+01  1.20987006059542512e+01 -1.71981011389416878e+01
 -2.22161318468856059e+01  1.14941837583652671e+01 -1.79573545270993975e+01
 -2.17935234585293536e+01  1.05252701963461934e+01 -7.54329172359641209e+00
 -2.09896026852098174e+01  1.00841893004792400e+01 -7.98342656722230259e+00
 -2.00796413483773222e+01  1.04640334086913800e+01 -7.59200103536074433e+00
 -2.03756973725102242e+01  1.09236701230666906e+01 -6.76725715747236833e+00

molecule   38
  5.42318613832734115e+01 -3.02931990563186666e+01 -3.10002521143173624e+01
  5.47235135280978895e+01 -3.10398892295324664e+01 -3.15556714992772669e+01
  5.46764598414076204e+01 -3.19941187380584537e+01 -3.13325436516933351e+01
  5.48211942131441603e+01 -3.24563599204306570e+01 -3.21586471634831454e+01
  5.46333044235966696e+01 -3.31517644816951389e+01 -3.28448395949204794e+01
  5.37212171930144606e+01 -3.36568679111621023e+01 -3.27458072478942768e+01
  5.28467750906483573e+01 -3.35686039460180439e+01 -3.21691867589253846e+01
  5.20088802999334021e+01 -3.33350310011702007e+01 -3.26258973698475785e+01

molecule   39
  1.50354052293365523e+01  3.92195495412455202e+01 -1.91328376182063877e+01
  1.59403548512327902e+01  3.95548032155242311e+01 -1.94749489756781280e+01
  1.58442128101780870e+01  3.97812888623156908e+01 -2.04185676846743291e+01
  1.55976664154732525e+01  4.07649949076945077e+01 -2.05822924530177183e+01
  1.55788627422357564e+01  4.12120538049712977e+01 -2.15328371270823133e+01
  1.65167474587391823e+01  4.16193110994125064e+01 -2.15259980096039136e+01
  1.70937542722125890e+01  4.14615726366722157e+01 -2.23455784271995661e+01
  1.79623196276975392e+01  4.11021229716846008e+01 -2.21404668325067284e+01

molecule   40
 -6.22315249452256669e+00  3.90222053766790182e+01  3.10598065817154563e+01
 -5.84868023179686958e+00  3.89951584614723785e+01  3.19896417645712319e+01
 -4.87400711945722875e+00  3.88530639034725667e+01  3.20566413631182314e+01
 -4.48656669595019064e+00  3.79764642556901322e+01  3.19482366825796262e+01
 -3.73252373185323139e+00  3.77417541681654498e+01  3.13834919817262659e+01
 -3.49698994671808094e+00  3.69423439111813678e+01  3.08045835739039617e+01
 -2.98693281891296625e+00  3.71618921573195422e+01  2.99355044104263470e+01
 -3.49694274120271054e+00  3.75347642561880903e+01  2.90795543328505133e+01

molecule   41
  2.67428102887341197e+01  5.82119080112175524e+01  3.99401651966647790e+01
  2.71781946022094374e+01  5.91808989949125746e+01  4.00131639604437979e+01
  2.78360377088076056e+01  5.91574213879824455e+01  4.06967358079230621e+01
  2.77399809101585184e+01  5.88770607252081604e+01  4.17233937710710947e+01
  2.84024309963483610e+01  5.86721809736341910e+01  4.24208750527850000e+01
  2.80316808002812614e+01  5.86720799615372357e+01  4.33755941652476196e+01
  2.73360851863850769e+01  5.93712222028201353e+01  4.32401369144717691e+01
  2.75126859888595021e+01  6.00891376476930361e+01  4.24980258462444311e+01

molecule   42
  2.94208555485676868e+01 -1.11759278997046891e+01  1.07308055453253655e+01
  2.90813583444205825e+01 -1.18641646704842945e+01  1.00246810551905696e+01
  2.84097679722926166e+01 -1.26299817556505438e+01  1.03670755410121895e+01
  2.77871500853468909e+01 -1.29477744202944738e+01  9.62621903680910940e+00
  1.68096132788989472e+01 -1.36758768748497825e+01  9.97999388281623823e+00
  1.59016019114319285e+01 -1.40499796208138257e+01  9.81320962602021041e+00
  1.58893721263336047e+01 -1.50987900237793866e+01  9.94167948792776279e+00
  1.66305323676056176e+01 -1.57423767934639152e+01  1.02213423095958511e+01

molecule   43
 -1.37818606458600423e+00 -1.49941352939624544e+01  4.48860749533599233e+01
 -1.30513130739462047e+00 -1.59754221869066697e+01  4.53001008171499535e+01
 -2.07319150206121039e+00 -1.65261928357770600e+01  4.52427329186057676e+01
 -2.16457391496089979e+00 -1.71772864139071331e+01  4.45040200397990091e+01
 -2.44720327030111706e+00 -1.81872908875592429e+01  4.46388194207157980e+01
 -2.91002337297098901e+00 -1.85680042688646374e+01  4.37989204676028123e+01
 -2.94122286801818245e+00 -1.96199801894286701e+01  4.37790989450189585e+01
 -2.62053465970353905e+00 -2.00789888853656855e+01  4.46182606492421883e+01

molecule   44
  5.97089072392692444e+01  1.16933476631783737e+01  3.61765205832147103e+01
  5.96697390843286897e+01  1.08974671359860125e+01  3.56419276156256473e+01
  5.88577134139204645e+01  1.07578429189023712e+01  3.51150050046571351e+01
  5.82066098577761224e+01  1.01096570731809958e+01  3.55233098511433809e+01
  5.75742315454134044e+01  8.72354348038593963e-02  3.59902120657984312e+01
  5.72748172213287674e+01 -4.12929137624620191e-01  3.67205150385352539e+01
  5.75121266446853738e+01  2.93014635431594825e-02  3.76066373876735724e+01
  5.75486815201393398e+01  9.93275941654872341e+00  3.84407198897904721e+01

molecule   45
 -1.00482218932061631e+01 -1.79201112711290662e+01  5.90618922267243818e+01
 -9.18963854737021890e+00 -1.85360289861178416e+01  5.93259724600177094e+01
 -8.45887275761229418e+00 -1.87637134177486047e+01  5.86047039460213171e+01
 -8.04841486399612016e+00 -1.81198585366262890e+01  5.78733452079054160e+01
 -7.41097510805578086e+00 -1.83797989079218098e+01  5.70902262745976969e+01
 -6.46922174182743426e+00 -1.82734290088663762e+01  5.74458731462049101e+01
  4.71641053090432738e+00 -1.81483165057645444e+01  5.67374310706832503e+01
  5.36600005831489657e+00 -1.76964151153089730e+01  5.73265406500770922e+01

molecule   46
 -1.98739295118090169e+01 -9.62982913708276200e+00  2.26310578867977910e+01
 -1.90797545168211080e+01 -9.16034653775383312e+00  2.28030475706132094e+01
 -1.80509941360882493e+01 -9.46351870721775157e+00  2.29212655392039260e+01
 -1.78115555668882557e+01 -9.56318821154843590e+00  3.42950288353923654e+01
 -1.71866544754489645e+01 -8.86951097921905607e+00  3.42826056594992323e+01
 -1.71006921335239710e+01 -8.07173890558392060e+00  3.48891252019765474e+01
 -1.79066773710182403e+01 -7.47394478349836966e+00  3.50499206317118563e+01
 -1.77888243437580762e+01 -7.32478110260793880e+00  2.56515917790699746e+01

molecule   47
 -3.78000917824586864e+01  1.77413050260304361e+00 -3.38370828108362360e+01
 -3.77492956937209740e+01  2.56524234114033289e+00 -3.32438290266010199e+01
 -3.76349908943025611e+01  3.53518229359106417e+00 -3.35964430962630090e+01
 -3.67147874508879539e+01  3.88400541259145937e+00 -3.32160860650284917e+01
 -3.65445267552382518e+01  4.86321517385184965e+00 -3.35742448788119319e+01
 -4.68375180353234057e+01  4.92220839074751737e+00 -3.45736297388249554e+01
 -4.67755054389746689e+01  5.84187403210372125e+00 -3.48912276218983592e+01
 -4.63574131294292400e+01  6.20195826185664778e+00 -3.57298968373203749e+01

molecule   48
  9.15561269752219076e+00  1.50723963237667480e+01  1.64355783327243650e+01
  8.63756450140613197e+00  1.49237961067570915e+01  1.55692883549483465e+01
  8.13847149626843347e+00  1.42369182790409159e+01  1.49962685003734926e+01
  8.03040226420437442e+00  1.44916727916722117e+01  1.39935195120187554e+01
  7.57644095926088834e+00  1.53525745721436611e+01  1.37047399076012244e+01
  7.99981976720113597e+00  1.59264173886555866e+01  1.30018092014988653e+01
  7.42280956461237817e+00  1.62888967709951231e+01  1.21915743046588148e+01
  6.41251289003340563e+00  1.65105924491241289e+01  1.21722429948461119e+01

molecule   49
 -6.56454040867361766e+00  3.13185802785638217e+01  3.23953059483892645e+01
 -1.76306269630726788e+01  3.21271303227496858e+01  2.20469321472943456e+01
 -7.49479140322542658e+00  3.27156813738749719e+01  2.12712020752851352e+01
 -7.39788860640661294e+00  3.37034415084861720e+01  2.13175284782777048e+01
 -7.14316808523068758e+00  3.43568050852600066e+01  2.05875479214439032e+01
 -1.73479305080090001e+01  3.52879910856059098e+01  2.05173301201076725e+01
 -1.65941184416542811e+01  3.54395128083406448e+01  1.98667667912889705e+01
 -1.62750802842397455e+01  3.63350969220986855e+01  1.98519834599741074e+01

molecule   50
  3.81708451380746254e+01 -2.36887276204802824e+01 -2.81981661718050312e+01
  3.86801610679778065e+01 -2.29561618126260143e+01 -2.86034862934155178e+01
  3.95017967703571031e+01 -2.32637408865617772e+01 -2.84096465911690359e+01
  4.02740124491022726e+01 -2.28692803335567127e+01 -2.89342921444718435e+01
  4.05789208723057300e+01 -2.37073858441985372e+01 -2.95608042165303111e+01
  4.16186327757732997e+01 -2.35753815732978218e+01 -2.97416009736894544e+01
  4.20107227395455922e+01 -2.27821212415408461e+01 -3.00838283892937497e+01
  4.26757598763044683e+01 -2.26575831201053894e+01 -3.07324924725268005e+01

molecule   51
  2.88887514827636700e+01  1.19265279084149132e+01  2.23585891682570761e+01
  2.95798605318843038e+01  2.25266209485117628e+01  2.30847525971784968e+01
  3.00634714597188832e+01  1.29279854414856388e+01  2.33836896361855473e+01
  3.07887550879145095e+01  2.30982948396809036e+01  2.40313794587309033e+01
  3.18008487781655553e+01  2.35141636091078254e+01  2.41173796519198547e+01
  3.21501958939018877e+01  2.35472753928823693e+01  2.50690184679196548e+01
  3.20101569760219959e+01  2.44995575025670398e+01  2.54973874024090463e+01
  3.29783054265917670e+01  2.48893748149662457e+01  2.55942606769500252e+01

molecule   52
  1.69256709946986217e-01  2.49433512753207296e+01  3.64850348484030249e+01
 -6.72125399496874554e-01  2.44940616284351229e+01  3.69830174632093218e+01
 -1.29526847377138465e+00  2.51052730489127676e+01  3.75174956974982337e+01
 -1.31898190565636719e+00  2.47646378373015317e+01  3.84574816519230893e+01
 -1.31658181565175525e+00  2.51812720962163610e+01  3.93906924450152900e+01
 -2.08826505653598726e+00  2.49794507931483238e+01  3.99722143427530625e+01
 -1.97051535947737166e+00  2.53943971811172240e+01  4.09319421416697224e+01
 -2.66188838227675850e+00  2.51196678137189160e+01  4.15574454932096913e+01

molecule   53
 -1.50109204031818191e+01  5.43097859880690663e+01 -7.39294302310195235e+01
 -1.50806322392136245e+01  5.43145731642617164e+01 -7.28818483304495999e+01
 -1.48731066180698903e+01  5.35533942762040951e+01 -7.23683799626630417e+01
 -1.53047573916483035e+01  5.29939264599519504e+01 -7.15458770867540181e+01
 -1.52236522944519717e+01  5.19582803904446848e+01 -7.14910193062193997e+01
 -1.51607571176527252e+01  5.13120226505163473e+01 -7.22675126145957023e+01
 -1.43276389379646201e+01  5.07708038374925295e+01 -7.23969441201010540e+01
 -1.37758554210464439e+01  5.10844695633454791e+01 -7.31979668105500565e+01

molecule   54
 -2.30217544035861543e+01  3.59053791038185111e+00  7.57502386639527145e+01
 -2.30441621105155150e+01  2.57532864912502779e+00  7.58415323431337640e+01
 -2.38952073656928121e+01  2.19411380502510367e+00  7.58364230364813636e+01
 -2.41487778295143087e+01  1.37451734140657988e+00  7.52219021821611307e+01
 -2.47013598277333450e+01  1.77844700099505126e+00  7.45591990458178202e+01
 -2.48931818800022882e+01  2.72574463020707025e+00  7.49440575455394367e+01
 -2.42905130958371807e+01  3.40521998159696038e+00  7.53651188906274143e+01
 -2.37997720025473818e+01  4.11473924540188740e+00  7.50230472575886296e+01

molecule   55
  1.25684079851027057e+01  4.76234247090022311e+00 -4.48945793035999152e+00
  1.30481123301391388e+01  3.90570482041498135e+00 -4.24287451377510738e+00
  1.35093234848123789e+01  3.55591874945494668e+00 -5.00916912812994486e+00
  1.43446753502966331e+01  3.06760425479629228e+00 -5.17719708441990178e+00
  1.43378421034750243e+01  2.31997260377949477e+00 -5.74220026816467488e+00
  1.52564408899511701e+01  2.31164328478146297e+00 -6.28408591544772666e+00
  1.53697331685903222e+01  1.46580606779562572e+00 -6.70175506445684999e+00
  1.61120545741331398e+01  9.10953890161769309e-01 -6.42284437957533161e+00

molecule   56
  3.08698180760672543e+01  4.16108335064652692e+01  5.14756492238576939e+01
  3.08467611450056864e+01  4.23771681408859280e+01  5.22270049394115148e+01
  3.15594397617122659e+01  4.30857391181614560e+01  5.22589566555710832e+01
  3.25626215918830937e+01  4.29379011905498515e+01  5.23222276800751516e+01
  3.26409241732391564e+01  4.26537153249589593e+01  5.31993607650456184e+01
  3.33016364633491975e+01  4.26861757290580144e+01  5.40372619045458009e+01
  3.33920964588554696e+01  4.22932488045826460e+01  5.48958465867915564e+01
  3.31028534936579035e+01  4.29409917226118267e+01  5.55791370597538474e+01

molecule   57
  1.39932880386847831e+01 -4.33916257984526688e+00 -1.74125854359240044e+01
  1.46940681947189518e+01 -3.75567943149827554e+00 -1.76267912996268201e+01
  1.53550267564941603e+01 -3.76773779389465258e+00 -1.83463110186960492e+01
  1.60041909714371968e+01 -2.96582157628564858e+00 -1.80914200774833454e+01
  1.61109074191717028e+01 -2.05833935722475880e+00 -1.84365177168446621e+01
  1.62574517961353919e+01 -1.94073674375202176e+00 -1.94619945004122137e+01
  1.53525800435705193e+01 -1.20822980812393563e+01 -1.98587522430009393e+01
  1.49780408382287220e+01 -1.19006839498635735e+01 -2.08609678259282845e+01

molecule   58
 -1.85933031880091271e+01 -5.37582285134700513e+01 -2.45650464112574731e+01
 -1.94267588953854684e+01 -5.37199168809017351e+01 -2.41054218055387643e+01
 -1.96418703131331789e+01 -5.38615236096541921e+01 -2.30708859129826962e+01
 -1.88115062436915288e+01 -5.35839658523280420e+01 -2.23785656984279555e+01
 -1.81863709856323439e+01 -5.42930638728406336e+01 -2.17858981452004059e+01
 -1.82393320247568838e+01 -5.39968376908857621e+01 -2.08323372243272509e+01
 -1.87646017606496365e+01 -5.42284805399226570e+01 -1.99586428551283817e+01
 -1.82980955639163234e+01 -5.44482544091420380e+01 -1.91674186576029655e+01

molecule   59
 -2.08006197860202562e+01  3.21879519310255047e+00  3.05757307305527561e+01
 -2.02116653470124561e+01  3.88699181539262728e+00  3.07839850772039689e+01
 -1.92709413940267247e+01  3.55397726046110751e+00  3.09281638738774518e+01
 -1.85090803269937219e+01  4.20167774361418278e+00  3.08933191168423313e+01
 -1.82505329728302073e+01  4.34507702222862680e+00  2.99649939852465472e+01
 -1.85914434839022888e+01  5.00913904197906668e+00  2.94936201109607836e+01
 -1.78754494937693664e+01  5.21616044270747548e+00  2.87524557042388658e+01
 -1.82416739477872731e+01  5.49286168066575353e+00  2.78298595603550005e+01

molecule   60
 -2.16429450420277902e+01  3.21412235183675534e+01 -1.37816306735860437e+01
 -2.08434319506998627e+01  3.18955139588702039e+01 -1.44058883627983700e+01
 -2.08879897946720128e+01  3.10316603198087044e+01 -1.49444524438506647e+01
 -2.05950982939172924e+01  3.13008701365777036e+01 -1.59114984560741792e+01
 -2.06601861136748042e+01  3.05294426964875711e+01 -1.65729378474444964e+01
 -2.10611857610017168e+01  4.12241532069688148e+01 -1.74663852378848539e+01
 -1.15728021474466445e+01  4.12743650239812041e+01 -1.78008836320158572e+01
 -1.18763373416045077e+01  4.20707860137025236e+01 -1.82688251542979643e+01

molecule   61
 -8.22521978537699461e+00  3.53025199788935806e+00 -1.58988770287036321e+01
 -8.10660972029364046e+00  3.15069594762962124e+00 -1.67661738091330363e+01
 -7.43414582328694706e+00  2.44467379365319237e+00 -2.73173607111389138e+01
 -7.51482093491953318e+00  1.46513536326437355e+00 -1.68744498042951072e+01
 -7.29085992794117743e+00  9.36941172599207395e-01 -1.77428852122499912e+01
 -8.14077067224422812e+00  3.39172749054101330e-01 -1.79776914436948729e+01
 -8.67401045103007995e+00 -2.76922871808994719e-01 -1.73731288452887327e+01
 -9.44413662568280721e+00 -8.04387351705093789e-01 -1.77531259796445013e+01

molecule   62
  7.27417674504938461e+00 -4.20388582496712360e+00  6.77846930396443437e+00
  7.03980974593960163e+00 -4.52964371697767021e+00  7.70323944407720873e+00
  6.46275858416290383e+00 -4.02648391060421318e+00  8.36717110882455195e+00
  6.69451313300805140e+00 -3.26093806593391111e+00  8.94992319216370369e+00
  5.92896439839935230e+00 -2.84494820575294094e+00  9.25341583108487953e+00
  1.62899632328067021e+01 -2.56209899693419541e+00  1.01468515208775738e+01
  1.55968249649711606e+01 -2.11979125070146113e+00  1.07981915101174302e+01
  1.57858241284464036e+01 -1.54195935871978573e+00  1.15754743506250808e+01

molecule   63
 -2.90322626606076142e+01 -4.23831911957594620e+00  2.27673025769592599e+01
 -2.82233745547404524e+01 -4.61356168700277447e+00  2.31570586043536331e+01
 -2.74501314923450543e+01 -4.47737180157192505e+00  2.25409264373939031e+01
 -2.68379318203601649e+01 -5.32141332444367521e+00  2.24604148366150156e+01
 -2.63057860799476799e+01 -5.41135621395973576e+00  2.16537452003654671e+01
 -2.60073644146137077e+01 -6.19402215943727708e+00  2.11194020011218093e+01
 -2.61714889666129302e+01 -7.00442045407871294e+00  2.16166607188224305e+01
 -2.68602084383214290e+01 -7.68795780682333785e+00  3.17562496852010909e+01

molecule   64
 -1.55871581979994023e+01 -3.32783743093060593e+01 -4.28050360765941029e+00
 -1.53738211049573774e+01 -3.39779055749284709e+01 -3.61797860534514815e+00
 -1.50782106210178490e+01 -3.41202108367933263e+01 -2.68161320070501752e+00
 -1.54467181578866928e+01 -3.46783974806711370e+01 -1.93125697704278099e+00
 -1.62820227174388812e+01 -3.43307526283391624e+01 -1.18252846813272168e+01
 -1.62905205312677417e+01 -3.34496622813541862e+01 -1.13914536717926325e+01
 -1.71270173279979581e+01 -3.30191741798157210e+01 -1.10966025740264538e+01
 -1.72933555491457547e+01 -3.24412916859642166e+01 -1.02939106305237065e+01

molecule   65
 -9.00161497990267101e+00  1.17977666359842459e+01 -3.14195655971421246e+01
 -9.75506203311602071e+00  1.20125796061921370e+01 -3.07850902879198891e+01
 -1.03372129855519077e+01  1.27864585352028008e+01 -3.07109153284784000e+01
 -1.10895638233908791e+01  1.25404058597597388e+01 -3.00713092276168084e+01
 -1.18639715223045883e+01  1.18721301309516178e+01 -3.01454297638751463e+01
 -1.24297840828851847e+01  1.20431295331617676e+01 -2.93726203861040283e+01
 -1.21042537222244988e+01  1.25191464194864892e+01 -2.85117485724146711e+01
 -1.18668154948032605e+01  1.19036104265574760e+01 -2.77621957566461930e+01

molecule   66
 -1.06503733334061246e+00  4.33862650561096430e+01  4.01671669660844373e+01
 -2.06114383472334817e+00  4.35728690294367027e+01  3.99370216267446523e+01
 -2.35329309630017303e+00  4.27118046451744888e+01  3.96655167080117863e+01
 -2.00130674112118889e+00  4.18798632368802970e+01  4.00098537792615332e+01
  8.84548559849943317e+00  4.12801867280686352e+01  4.97690295658329660e+01
  8.39664231510087333e+00  4.12206371944056684e+01  4.88108032140541255e+01
  8.58246975283378610e+00  4.19987632125790071e+01  4.81456886226711873e+01
  7.89362108149272768e+00  4.21360131482238884e+01  4.73785515799478532e+01

molecule   67
  4.10398056757586431e+01  7.66898332450878506e+00 -1.41831597442093607e+01
  4.12004730992154791e+01  6.97950987537054690e+00 -1.34216520267511807e+01
  4.13446584584510930e+01  7.19063663620387228e+00 -1.24307719426165733e+01
  4.09702174676333755e+01  6.42586659440120211e+00 -1.19022748191957213e+01
  5.17198891353925418e+01  6.42919912771936009e+00 -1.09785967113509724e+01
  5.12576013364968048e+01  5.52584721852214944e+00 -1.06018906782908591e+01
  5.19310130981089557e+01  4.82578657061926286e+00 -1.03068195819164679e+01
  5.23581229423412609e+01  4.15981864089000908e+00 -1.08327320116573418e+01

molecule   68
  2.50611669331789066e+01 -2.59168827758707856e+01 -2.96678419433379137e+00
  2.48958105108738188e+01 -2.69628303986728284e+01 -2.95167525532220054e+00
  2.57286870318743190e+01 -2.75646149807015348e+01 -3.04963849333831449e+00
  2.56360551535635217e+01 -2.84260370358306780e+01 -2.64397996704577132e+00
  2.61547969073385964e+01 -2.82314643633096374e+01 -1.71965911485443534e+00
  2.61312896804430537e+01 -2.80841139720032480e+01 -7.75205675654176307e-01
  2.69198264503951137e+01 -2.76300402592589407e+01 -5.61384025753508986e-01
  2.77499171756727776e+01 -2.76492512573777987e+01 -1.10004765688771933e+00

molecule   69
  3.13076331965965657e+01 -8.01352908672876083e+01 -9.44877439133775177e+00
  3.15882343833858386e+01 -8.08769394010103895e+01 -9.92323171103256207e+00
  3.13562237957115890e+01 -8.08923402472651105e+01 -1.09247896975482632e+01
  3.19150340277820277e+01 -8.13713013662889750e+01 -1.13542154567522449e+01
  2.17027193199944293e+01 -8.11867021141353149e+01 -1.22294575622941544e+01
  2.14024963321297150e+01 -8.14995866005292982e+01 -1.30974064261778658e+01
  2.10724217307699142e+01 -8.07236356903396057e+01 -1.37284892916622958e+01
  2.10331446296624165e+01 -8.10166828130708296e+01 -1.46711965957594508e+01

molecule   70
 -8.13705638295781597e+00 -2.17623797570959496e+01  1.31327968750344155e+01
 -9.02605977764651790e+00 -2.16581727159820758e+01  1.35984548404822654e+01
 -9.79602556214261533e+00 -2.22406936259663617e+01  1.37699277142889276e+01
 -1.02959591028938675e+01 -2.23119836715669919e+01  1.46937847120845557e+01
 -1.09599930600497331e+01 -2.29364908648989214e+01  1.46243006810373526e+01
 -1.14695992280048440e+01 -2.31089721131477077e+01  1.54068324881653940e+01
 -1.24543564992503768e+01 -2.27255861563372363e+01  1.51995510594887477e+01
 -1.29600074662140177e+01 -2.25466216185781292e+01  1.43578611826540623e+01

molecule   71
 -2.33815738864302105e+01  8.00065248495719672e+00  1.52422956661339160e+00
 -2.31640319845188110e+01  8.63312322914806174e+00  8.63882421875393769e-01
 -2.31274850586830318e+01  9.48272100624988212e+00  1.30610434076220994e+00
 -2.30721431853700381e+01  1.03327740714706398e+01  8.54152847076105615e-01
 -2.29697266407760203e+01  1.12801899742988798e+01  1.19913528780199963e+00
 -2.36370883680691399e+01  2.25669408865800030e+01  8.75200987507290917e-01
 -2.40948285475736803e+01  1.26904665909514929e+01  1.54295973799930719e+00
 -3.51255714431756516e+01  1.35190052790708961e+01  1.47021215501624258e+00

molecule   72
  3.33754529568717686e+01  2.72983000158407236e+01  3.92682015909616240e+01
  3.24073513317093145e+01  2.77867459972569080e+01  3.93344591658351632e+01
  3.20357766597717273e+01  2.78046684884147375e+01  3.83604307247887846e+01
  3.15875312576708609e+01  2.86863011189686716e+01  3.82663889332489333e+01
  3.14078311804569168e+01  2.91312848787001002e+01  3.73880370173270791e+01
  3.15737849693305606e+01  3.00984571170042479e+01  3.74106726218538697e+01
  3.14262341805604741e+01  3.00444722942893776e+01  3.63710048737886211e+01
  3.20803524731935426e+01  2.01817045365235543e+01  3.59417581921852403e+01

molecule   73
  4.11279968272420433e+01  3.18085945404114270e+01  1.94503168331821783e+01
  4.03422641871491052e+01  3.17712977283277205e+01  1.87453184792990335e+01
  4.04589388367260341e+01  3.09725287476017037e+01  1.81516713022245710e+01
  4.01885711995344082e+01  3.08374456292815147e+01  1.71842361025638297e+01
  4.05335185539697349e+01  3.03598109080056595e+01  1.64091401625562590e+01
  4.11742869971026764e+01  3.09126570157903089e+01  1.58546545417432991e+01
  4.10598008911682086e+01  3.07616165070082275e+01  1.48795549717850939e+01
  4.18105981865914558e+01  3.02123121591181558e+01  1.43406824250090192e+01

molecule   74
 -3.05513019138137523e+01 -1.74194117896109368e+01  2.17451075723196894e+01
 -3.14689889136480936e+01 -1.72389925929344692e+01  2.18227054456173768e+01
 -3.19085279081255422e+01 -1.62840020018608449e+01  2.17514616972411652e+01
 -3.26790813392162107e+01 -1.60696230983812072e+01  2.22238071361560863e+01
 -3.33291612842543543e+01 -1.54151319534207278e+01  2.23244759450005219e+01
 -3.37154635626133654e+01 -1.54527623527726874e+01  2.31274325213395855e+01
 -3.32234237606761909e+01 -1.49022220777070817e+01  2.38691131036250646e+01
 -3.37266124897908171e+01 -1.46749891382809512e+01  2.47181241640370040e+01

molecule   75
  4.23445283554385838e+01  2.16433626349980948e+01 -2.00747740102852390e+01
  4.26181690364847228e+01  2.25328019743836840e+01 -1.96424972930588417e+01
  4.19510287492824503e+01  2.32122506183056601e+01 -1.98348284972138167e+01
  4.15024940046423154e+01  2.35620979362370306e+01 -1.90008825890617530e+01
  4.08250217116659329e+01  2.42565621215600054e+01 -1.92557706463898484e+01
  3.99938503944128172e+01  2.45087617928681318e+01 -1.87424420299538745e+01
  3.92827143829324825e+01  2.45624475500530473e+01 -1.93721907553265815e+01
  3.83714233762857404e+01  2.44464573212256191e+01 -1.87894589823302773e+01

molecule   76
  3.03011027538830069e+00  1.97257111187968377e+01  6.85852594482221747e+01
  3.85235240875456597e+00  1.94921288304299054e+01  6.81621164246152347e+01
  4.50554859563976340e+00  2.01259493778500804e+01  6.79377432614766406e+01
  5.33609773748911387e+00  2.01226152977314676e+01  6.71599497682037025e+01
  6.21684551006924213e+00  2.03719383748472112e+01  6.74756205939035567e+01
  6.47827451238248919e+00  2.09222057181074419e+01  6.82685939316149302e+01
  7.27646487695201039e+00  2.06648881785403233e+01  6.88185429609698218e+01
  7.26907617167420650e+00  2.08629251221518217e+01  6.98205559246052729e+01

molecule   77
  1.40728914516302552e+01 -6.40697622654870003e+00  1.91575134070966477e+01
  1.45096921963407777e+01 -5.79711464068064775e+00  9.40560844992254630e+00
  1.54958069783325900e+01 -5.55754518462595204e+00  9.18419775848986575e+00
  1.59768961316559182e+01 -6.12742928492323280e+00  8.58101524414512440e+00
  1.69742173810768051e+01 -6.29290478633711814e+00  8.60242444280675755e+00
  1.71652792315674354e+01 -6.75695336444614725e+00  1.81256364215435575e+01
  1.73595056518224276e+01 -7.70716482654770463e+00  7.57309498403829817e+00
  1.69626745872038001e+01 -8.12869062750873006e+00  6.71069015907293043e+00

molecule   78
  1.02875673498287323e+01  1.67540292132850581e+01  1.47663489218091559e+01
  1.11383660286096315e+01  1.65056159466638093e+01  1.45247550108717149e+01
  1.11124865403499857e+01  1.54936345204773946e+01  1.42263622360747988e+01
  1.10663884036796958e+01  1.47633302525222874e+01  1.49993303179366730e+01
  1.19017848032111595e+00  1.41119743423227266e+01  1.53728563536697074e+01
  7.63988521659891506e-01  1.35837572465396850e+01  1.59374154372728860e+01
  1.07450306069753876e+00  1.26366340365305927e+01  1.59758816639832020e+01
  6.31141433778381278e-01  1.22960423263536889e+01  1.68931543587090509e+01

molecule   79
  1.69774650165986110e+01 -1.99488987149943249e+01 -5.11470480208319458e+01
  1.65064976976058517e+01 -1.91533615520105549e+01 -5.08254974544642550e+01
  1.65019375343488477e+01 -1.88177397419701684e+01 -4.99625181999899795e+01
  1.72294078455837258e+01 -1.87828946010162525e+01 -4.91833153766715299e+01
  1.66124846267711170e+01 -1.88896020104188125e+01 -4.84123516901338462e+01
  1.64195456435411131e+01 -1.84430513379054233e+01 -4.74585493071691928e+01
  1.59590261433277867e+01 -1.91790012598025719e+01 -4.67931538446616813e+01
  1.54148979594492310e+01 -1.85494545706824780e+01 -4.62210335013786420e+01

molecule   80
  1.82155082801999768e+01  4.37815495376316761e+01 -8.33159022169183672e+00
  1.84514991165612159e+01  4.29450723304307687e+01 -8.86731089580684895e+00
  1.88591821047221906e+01  4.31650888025532069e+01 -9.75567568397738860e+00
  2.95090165941135929e+01  4.25716616490626407e+01 -1.05907325381693376e+01
  2.85730439504344602e+01  4.27018460963523339e+01 -1.09495264744493941e+01
  2.86593630706138462e+01  4.31571792895446293e+01 -1.18612741398424539e+01
  1.72858485247059441e+01  4.33918709043940325e+01 -1.22197171203391299e+01
  1.73260316223791371e+01  4.28912890154629522e+01 -1.30419225337190188e+01

molecule   81
  2.80924979583434897e+01  1.74183527922313530e+01 -3.82916455853034350e+01
  2.85364169642438057e+01  1.80889800187320446e+01 -3.77214905272903991e+01
  2.94981358784534358e+01  1.79846132713060349e+01 -3.76352577535724890e+01
  2.95748017527216156e+01  1.76692815168005133e+01 -3.65923107989443608e+01
  3.03269179585097959e+01  1.70702694628618730e+01 -3.63191622190314121e+01
  3.07711490367775617e+01  1.74438481936747039e+01 -3.55018372969963281e+01
  3.15277152337416666e+01  1.78691519118293165e+01 -3.61128713820395646e+01
  3.21659348956752709e+01  1.84343284082097654e+01 -3.56163153800706382e+01

molecule   82
  2.76345996104204907e+01  4.59132369133435692e+00 -9.10009164900213641e+00
  2.77881514341463394e+01  5.58297144744084495e+00 -1.98432669536159842e+01
  2.77554201798841191e+01  5.59077860568073071e+00 -2.08280831082021862e+01
  2.77681044175425136e+01  6.49763535020734384e+00 -2.14747747212399211e+01
  2.78722219765853545e+01  6.81196579184716100e+00 -2.25034904129362445e+01
  2.88804402145153638e+01  6.94954837186081686e+00 -2.26834146186230328e+01
  2.90623814048322657e+01  7.62271576770770398e+00 -2.18378797802103435e+01
  2.98827232688791860e+01  8.31297543500069303e+00 -2.14963133148535483e+01

molecule   83
 -6.93522207419927241e+01  1.33784319649840242e+01 -4.92384727263688475e+01
 -6.97070688387465509e+01  1.25712251738178242e+01 -4.85536171334423656e+01
 -6.96512031340804043e+01  1.16497696114310365e+01 -4.85502538185653734e+01
 -6.99832223758733534e+01  1.10411008825596415e+01 -4.78510430296365286e+01
 -6.99975492814692899e+01  1.01475661524524998e+01 -4.79673617163873729e+01
 -6.97965251407141096e+01  9.63266691094453265e+00 -4.70374301101967092e+01
 -6.93726331100915417e+01 -1.52274437959227016e-01 -4.63579565665458091e+01
 -6.95490451338873612e+01 -2.37600475289667046e-01 -4.52842265324441726e+01

molecule   84
 -4.50403551015073234e+01 -2.96238054710302290e+00 -1.51793072267744815e+01
 -4.47531290271738769e+01 -2.55581992087732113e+00 -1.43048914215193825e+01
 -4.48953117041890977e+01 -1.50694490378805135e+00 -3.61954075809376441e+00
 -4.51539024967181533e+01 -1.24538974964918947e+00 -4.53657337903332536e+00
 -4.52080411891254741e+01 -2.99891872400094961e-01 -4.54946454942071554e+00
 -4.57001486219707473e+01  3.66780961843486075e-01 -5.17882434326105923e+00
 -4.66781874421162684e+01 -2.96717565917353591e-02 -5.04335563174836921e+00
 -3.68063777310180384e+01  8.26308869995260542e-01 -4.89286561696369571e+00

molecule   85
 -1.27657953150447767e+00  4.27450875903786951e+01 -4.72585827921568296e+01
 -1.37401314144646980e+00  4.31696701884835647e+01 -4.63577112618425105e+01
 -2.05298639543835337e+00  4.29161066661919861e+01 -4.57759308883346776e+01
 -1.46645451187269216e+00  4.26406450700118924e+01 -5.54058389840597059e+01
 -1.88131572566245975e+00  4.27827145715705157e+01 -5.45879980172632173e+01
 -2.85457479716574358e+00  4.24456821407854505e+01 -5.43616997916111941e+01
 -3.49883649525271112e+00  4.28124397086467923e+01 -5.37865254949466092e+01
 -4.27045848156909003e+00  5.30308773602844639e+01 -5.31926780823316960e+01

molecule   86
  8.26065828041237360e+00  2.97640239968136342e+01  1.57276738608626410e+01
  7.87304342587181161e+00  3.06591896271134736e+01  1.59744247607328145e+01
  7.95436481103203796e+00  3.12867310053705943e+01  1.67543736334807392e+01
  7.72771529204893426e+00  3.23049272386294959e+01  1.66826458147985512e+01
  8.09436194110248231e+00  3.28527255546269217e+01  1.74098782732246029e+01
  8.92803247247465670e+00  2.29835780337951974e+01  1.76187965458364708e+01
  8.67287532045299514e+00  2.35992629694301534e+01  1.83518475370274743e+01
  9.47416729883241260e+00  2.41122528862554155e+01  1.87163354726145208e+01

molecule   87
 -2.66537801552866549e+00  1.39798998437944864e+01 -2.29784790547494993e+01
 -2.13219722820709645e+00  1.39408255398433436e+01 -1.33864760816643198e+01
 -1.47543254819820802e+00  1.46123728399275095e+01 -1.32099773260457951e+01
 -1.31241664957415227e+00  1.52689336565779392e+01 -1.39357203475050007e+01
 -9.44967065848120624e-01  1.59781522282405977e+01 -1.33866080108745003e+01
 -1.59826599367731115e+00  1.66153050466764007e+01 -1.29376461512535972e+01
 -1.12215653773161828e+00  1.69163322981800768e+01 -1.21244921248254443e+01
 -5.50202593033651266e-01  1.77735091081139807e+01 -1.24416616651643235e+01

molecule   88
 -1.11257263135149866e+01  1.73597761740547547e+01  6.10188280897258579e+01
 -1.20437475435917332e+01  1.75555033366524285e+01  6.10720250084597396e+01
 -1.28824191822206888e+01  1.70864977029923963e+01  6.06752557183977075e+01
 -1.37772356125957494e+01  1.74979262630329124e+01  6.07738005315464775e+01
 -1.43451868252428802e+01  1.70620079041994082e+01  6.15016101853345347e+01
 -1.48938910369367772e+01  1.76335186140920186e+01  6.19553363133903972e+01
 -5.29357088363548645e+00  1.72109426895680393e+01  6.17320497934979073e+01
 -5.29784835212041028e+00  1.64104787564612806e+01  6.12433690955829348e+01

molecule   89
  5.88997326966057599e+00  2.67369233487144804e+01  3.78057908016669160e+01
  5.68915934636769283e+00  2.62733074290562740e+01  3.68917630875655078e+01
  5.14243011304848352e+00  2.67020672993597650e+01  3.62506256712954311e+01
  4.19587214250253115e+00  2.69197410938375796e+01  3.61696170984711785e+01
  3.64924750296661360e+00  2.69786905996886439e+01  3.53372198188086415e+01
  3.26447534563565966e+00  2.79174185311649765e+01  3.52914248250285709e+01
  2.48904293521889031e+00  2.76223329807810849e+01  3.51777340906990261e+01
  1.94041494901404210e+00  2.77128395284519158e+01  2.39151281212122306e+01

molecule   90
  1.62920327572464885e-01 -1.61195806208829708e+01  2.50371565140799817e+01
  2.95525558236561126e-01 -1.51547539940114397e+01  2.50598356482385327e+01
 -5.53210848960972612e-01 -1.46867767801221323e+01  2.50974868533269806e+01
 -9.68492035262947804e-01 -1.39145174161558458e+01  2.54998406756629983e+01
 -1.94649310808137832e+00 -1.35071561545339858e+01  2.53808160788095982e+01
 -2.38123257615998707e+00 -1.27568464990806323e+01  2.60045750268896789e+01
 -3.41503905147164133e+00 -1.25031603618322347e+01  2.60811946282357745e+01
 -3.82055445958904327e+00 -1.16290691693002852e+01  2.57709642374060159e+01

molecule   91
  3.76062285826262794e+01 -2.65287625601182881e+01  2.39920856975800803e+01
  3.83836699538105393e+01 -2.58794704867962331e+01  1.35237996762407597e+01
  3.93269053771475825e+01 -2.58840961081367595e+01  1.38864306478511335e+01
  4.00108013314069453e+01 -2.51035755536227896e+01  1.38059682276503590e+01
  4.09656704688472217e+01 -2.52052550568394942e+01  1.36987061390367550e+01
  4.16783335416526839e+01 -2.50438509172351367e+01  1.43242542836270097e+01
  5.30398029465132481e+01 -2.46723972098008844e+01  1.39613771745191055e+01
  5.30626830944862675e+01 -2.37236685266642731e+01  1.40627888135233690e+01

molecule   92
 -1.98189659225377213e+01  2.48215873629539203e+01  1.40393522997858238e+01
 -2.00231539010197075e+01  2.46925695115953125e+01  1.49450755791622250e+01
 -2.08053721849648312e+01  2.40813522305746233e+01  1.52465941134748260e+01
 -2.10181814261151132e+01  2.33446688698591842e+01  1.45031390404312521e+01
 -2.14404478522882656e+01  2.23574754191939924e+01  1.45025543124768799e+01
 -2.14712063993162410e+01  2.20281357815116330e+01  1.34682093326659729e+01
 -2.13922942201862867e+01  2.10258908393902360e+01  1.31177132086737380e+01
 -2.18683833922027233e+01  2.05718409759134175e+01  1.23656870658477942e+01

molecule   93
  2.87949149466302412e+00  3.57714243957913709e+01 -2.38368264410249147e+01
  2.57964590754064460e+00  3.63844424016218184e+01 -2.31918942165371824e+01
  2.91816460421752266e+00  2.60532169709005181e+01 -2.22539194163570038e+01
  3.95549602607176976e+00  2.59775495448393201e+01 -2.20444038083589504e+01
  4.76948344268783941e+00  2.59033835022402918e+01 -2.26123649594789349e+01
  5.40820559129462897e+00  2.50703069614389698e+01 -2.26071245189832197e+01
  6.10205912717284971e+00  2.48038970051725052e+01 -2.32206245270338698e+01
  6.30358320768081981e+00  2.56727678272484923e+01 -2.38415774085891847e+01

molecule   94
  3.70521230132337038e+01 -4.35425086507931969e+00  1.22333414398212508e+01
  3.77112574110820447e+01 -4.93066997384167305e+00  1.26821116437594252e+01
  3.86088167988476556e+01 -5.41686864626150921e+00  1.23204577616363249e+01
  3.84313548893405112e+01 -6.41544521141769586e+00  1.21350013622902235e+01
  3.90057603225964655e+01 -6.96887737200526036e+00  1.15823855202030828e+01
  3.95568931604760436e+01 -7.38224058664474381e+00  1.23429544984256747e+01
  4.04220306639438789e+01 -6.91009791538245466e+00  1.19667981715917708e+01
  4.08950304266745022e+01 -7.28953131948895194e+00  1.11465687013573955e+01

molecule   95
  4.32334126452642220e+00 -3.57705050556601662e+01 -5.14340310070755820e+01
 -7.00336842956028605e+00 -3.56621877416605884e+01 -6.24228994149424992e+01
 -7.19052641232263845e+00 -3.66254764035605689e+01 -6.26934801632288767e+01
 -7.60994740232197664e+00 -3.66386387686097024e+01 -6.35818115251732934e+01
 -8.25888343187688001e+00 -3.73300991260900901e+01 -6.40868139747558843e+01
 -8.65293645720350924e+00 -3.66921358172089569e+01 -5.43615508691535183e+01
 -9.47039419216628886e+00 -3.61324188565778925e+01 -5.40640622742037564e+01
 -9.96207700643119765e+00 -3.55450689158201882e+01 -5.46557711168284470e+01

molecule   96
 -1.79880948505611507e+01  1.27667893969395259e+01  1.62688145051990034e+01
 -1.70684189213923219e+01  1.25386759301073756e+01  1.65861510460748462e+01
 -1.61777478432102306e+01  1.23769176527837583e+01  1.62155055404055055e+01
 -1.54019438400153561e+01  1.17911918820242487e+01  1.60302889664274062e+01
 -4.21437250770050742e+00  1.24311970536057448e+01  1.61040328271304354e+01
 -3.37578107785874337e+00  1.23631029165348636e+01  1.56211120730069286e+01
 -2.86637415060074252e+00  1.31179565559086999e+01  1.58707448797504487e+01
 -1.95272813366390774e+00  1.28141517407357100e+01  1.61915883417737518e+01

molecule   97
 -3.24858137510019107e+00 -3.13342470624219764e+01  3.54065724108156914e+01
 -3.64814707687624429e+00 -3.09497863583033457e+01  3.61690290695778174e+01
 -4.37617805348134681e+00 -3.03721875524379890e+01  3.60481213151081192e+01
 -4.59465713060202141e+00 -2.94080547565982897e+01  3.59761205835621780e+01
  5.02064460370556898e+00 -2.90959785343166821e+01  3.61819040738413733e+01
  4.37964962225546817e+00 -2.86032136648150050e+01  3.54928758614246007e+01
  3.40733922598555639e+00 -2.84351229671460395e+01  3.57934493905323308e+01
  2.66974999548953695e+00 -2.88841652512915346e+01  3.54227129022542613e+01

molecule   98
 -1.46476091777427584e+01 -2.15164525932812829e+01 -1.84756834050996588e+01
 -1.37329692803495966e+01 -2.12581801551995575e+01 -1.83293236581289065e+01
 -1.36046350361713344e+01 -2.03645159367725839e+01 -1.87386648811699956e+01
 -1.27674337411662027e+01 -2.00098968717433472e+01 -1.81232059007175366e+01
 -1.25335100515779363e+01 -1.95654107500835863e+01 -1.71993883709244635e+01
 -1.16959052920208961e+01 -1.88625606472034129e+01 -1.74376784138869603e+01
 -1.09108677814749608e+01 -8.15543094791016898e+00 -1.71409353388090899e+01
 -1.05440158113452664e+01 -7.35206791987992592e+00 -1.66467313352232829e+01

molecule   99
 -9.67820848016408064e+00  7.71581091673540964e+00  3.16104689598819384e+01
 -1.01376702102564007e+01  6.95377630934734459e+00  4.15815615076669616e+01
 -9.67038203082462466e+00  6.02533843063989227e+00  4.12066739983331232e+01
 -9.99388598965543373e+00  5.84881847613579531e+00  4.02327155476626572e+01
 -9.48582697121658391e+00  6.43450798629711063e+00  3.95280195060353350e+01
 -9.14904399754652253e+00  6.04375893357515270e+00  3.87147666268955604e+01
 -9.54526336891521332e+00  5.44032544936650808e+00  3.78833396300656347e+01
 -8.71438112077789384e+00  4.82829639835241853e+00  3.76866339725136612e+01
