BOUNDARY

orthorhombic       1.0455159000e+01    1.0455159000e+01    1.0455159000e+01

MOLECULES

species    0
nMolecule  100

molecule  0
    8.8617693334e+00    4.7346296845e+00    9.1175967243e+00
    9.1781148378e+00    4.0430974080e+00    9.7669876795e+00
    9.2713824417e+00    3.2482865350e+00    1.0366634957e+01
    9.9215583038e+00    3.1817661580e+00    9.6097688059e+00
    2.2191848843e-01    2.5866736961e+00    9.3358059083e+00
    7.7489685419e-01    1.9569912835e+00    9.8814384138e+00
    4.5674170115e-01    1.2270442991e+00    3.1221237920e-02
    1.4324448637e+00    1.1415408778e+00    1.0284654912e+01

molecule  1
    2.0505837058e+00    1.0407478931e+01    7.5578236950e+00
    2.7517490512e+00    1.7242080479e-01    8.2359997465e+00
    2.0870935901e+00    2.4351950331e-01    8.9797591794e+00
    1.9085595211e+00    1.1874640545e+00    9.2574177336e+00
    2.7357760701e+00    1.7490217043e+00    9.2765435169e+00
    3.4761860729e+00    1.7122264667e+00    8.6053959079e+00
    3.8834930141e+00    1.3459285375e+00    7.7687795874e+00
    4.7778026699e+00    1.3759950665e+00    7.3223422945e+00

molecule  2
    3.9119623638e+00    5.1862846605e+00    8.5161132030e+00
    4.1971263137e+00    5.6211411778e+00    7.6619578642e+00
    4.8869221753e+00    5.8850431358e+00    6.9877639332e+00
    4.5269353455e+00    6.7949834330e+00    7.1937206401e+00
    4.5102482800e+00    7.4134618927e+00    7.9793451761e+00
    4.1778785839e+00    6.5326918063e+00    8.3166498243e+00
    4.8068605577e+00    6.6907751759e+00    9.0778273937e+00
    4.1933284090e+00    6.1594527957e+00    9.6620147465e+00

molecule  3
    4.9402819333e+00    9.7841995846e+00    9.6865546792e+00
    5.7412692199e+00    9.2537933096e+00    9.4089068286e+00
    6.1767868274e+00    1.0153970813e+01    9.4111390506e+00
    6.8839764851e+00    2.9122413968e-01    9.0252239084e+00
    7.7923399136e+00    1.0370902433e+01    8.8411313142e+00
    7.1756768226e+00    9.6797800215e+00    9.2180616141e+00
    7.3057817555e+00    1.0320884491e+01    9.9744066088e+00
    7.1752249691e+00    9.7865547487e+00    3.5438032918e-01

molecule  4
    8.3606330330e+00    1.0248342935e+01    4.7046544659e+00
    9.3415935198e+00    1.0054170738e+01    4.7009675144e+00
    9.7674024600e+00    1.0018709092e+01    5.6050854462e+00
    9.6913829203e+00    9.0268000307e+00    5.5034125493e+00
    9.8628722101e+00    8.2113297664e+00    6.0562231959e+00
    2.2669997168e-01    8.5019108585e+00    5.5614269782e+00
    8.9331518229e-01    8.5281957926e+00    4.8164885740e+00
    5.9036775632e-01    9.2963566307e+00    4.2524391143e+00

molecule  5
    4.1564077219e+00    3.6133428045e+00    5.6633567807e+00
    4.3943126239e+00    3.9426345925e+00    4.7495908397e+00
    4.6056300585e+00    4.8754445076e+00    4.4576821403e+00
    5.4801894018e+00    4.6437318207e+00    4.8836576389e+00
    6.0944262689e+00    4.9165212939e+00    4.1431855054e+00
    5.5317428647e+00    4.1462524407e+00    3.8430629323e+00
    5.5085493905e+00    4.1163044407e+00    4.8423452441e+00
    5.4911661150e+00    4.0173602415e+00    3.8474040996e+00

molecule  6
    6.8450249901e+00    8.6989375277e+00    1.4384689630e-01
    6.8977484857e+00    8.6555045865e+00    9.6013416996e+00
    7.7943572249e+00    8.2206847125e+00    9.5175297145e+00
    7.0620445078e+00    7.6249702012e+00    9.1876170512e+00
    7.9952895707e+00    7.9634100589e+00    9.3080834038e+00
    8.9234291542e+00    8.2055242810e+00    9.0253509910e+00
    8.6141220087e+00    8.9856965738e+00    9.5690975709e+00
    7.7656366985e+00    9.2090342450e+00    1.0048881883e+01

molecule  7
    9.3760401334e+00    2.6828564764e+00    8.7651279660e+00
    1.0239523374e+01    2.7285530058e+00    8.2628247499e+00
    7.7923755506e-01    2.6995389603e+00    8.3597037443e+00
    1.3404572592e+00    2.0150116132e+00    7.8944567621e+00
    8.5191611563e-01    1.2395415018e+00    8.2944238367e+00
    1.0222784126e+00    3.1251083114e-01    7.9603717138e+00
    1.1687511402e+00    3.2405790217e-01    6.9712244012e+00
    1.0591922178e+00    9.7949712827e+00    6.8324533382e+00

molecule  8
    5.4347011455e-01    1.0374114644e+01    3.8856669593e+00
    1.1071449492e+00    1.0239777743e+01    3.0706674331e+00
    1.9544408224e+00    2.4121481184e-01    3.3419776268e+00
    1.7363704819e+00    1.0419459177e+00    2.7840609067e+00
    2.3077656939e+00    3.8986078941e-01    2.2857717017e+00
    2.2346519775e+00    9.8916094141e+00    2.5784551158e+00
    2.4934607718e+00    3.6375296276e-01    2.3080355715e+00
    3.3051302211e+00    1.0283338016e+01    2.5411710389e+00

molecule  9
    6.6472402962e+00    6.9587671801e+00    3.7497431665e+00
    6.1147848578e+00    7.3474513389e+00    2.9978017674e+00
    6.2820012063e+00    8.0606947961e+00    3.6784797022e+00
    7.2813721134e+00    8.0263391829e+00    3.6696819408e+00
    7.6667506459e+00    8.5434541607e+00    4.4339302910e+00
    6.8086360823e+00    8.0958188930e+00    4.6854498854e+00
    7.4706805578e+00    7.3617615447e+00    4.8366350064e+00
    7.8544226936e+00    7.1028560647e+00    3.9502322127e+00

molecule  10
    7.6390959267e-01    1.5470507012e+00    2.5415398077e+00
    1.2703257653e+00    1.2159985038e+00    1.7453270618e+00
    1.0999083053e+00    1.6372791882e+00    8.5454189316e-01
    6.4446285797e-01    2.1346983239e+00    1.5928800548e+00
    2.3272287861e-02    1.9534369186e+00    8.3046649567e-01
    1.0265853314e+01    1.3535308651e+00    1.6017784638e+00
    1.0348739571e+01    5.3163336834e-01    1.0382056220e+00
    9.6989666283e+00    1.1710684466e+00    6.2720936565e-01

molecule  11
    6.2564564817e+00    5.1595337737e-01    3.6123383225e+00
    5.3516612747e+00    9.3775460474e-01    3.6708991276e+00
    5.0783915436e+00    5.7935242195e-01    2.7782224855e+00
    4.1444368794e+00    3.6163367579e-01    3.0616427945e+00
    3.2899119560e+00    2.7004293896e-01    3.5729142682e+00
    4.2157317028e+00    5.1158893182e-02    3.2647787844e+00
    5.0681195820e+00    1.0298438679e+01    3.7445925181e+00
    5.7075950313e+00    1.0130469150e+01    2.9943542581e+00

molecule  12
    4.1293165541e+00    8.0330716681e-01    4.0934363676e+00
    3.2682696639e+00    1.1424813964e+00    4.4723281739e+00
    3.7210974140e+00    5.0485402742e-01    5.0955283570e+00
    3.1052753278e+00    3.7351719941e-01    5.8723897035e+00
    2.7601526218e+00    9.9520955292e+00    6.2077947225e+00
    2.1781284347e+00    9.1652683670e+00    6.0024881829e+00
    2.9535518399e+00    9.7595490188e+00    6.2159105502e+00
    3.8346285554e+00    9.3355755116e+00    6.0062672968e+00

molecule  13
    8.5553651684e+00    6.2747463206e+00    9.4637023443e+00
    9.4784095834e+00    5.9171554685e+00    9.6055388425e+00
    1.0315394072e+01    6.4632831459e+00    9.5708764548e+00
    9.8330569971e+00    7.3375805139e+00    9.5165164180e+00
    9.3236558701e+00    6.8470839505e+00    1.0223569138e+01
    8.9219045409e+00    6.0078203095e+00    1.3478755287e-01
    8.0645203338e+00    6.0913322264e+00    6.4264392698e-01
    8.3426693331e+00    6.9870115633e+00    2.9566922744e-01

molecule  14
    6.3882789655e+00    2.2252369414e+00    1.6859996390e+00
    6.9228729544e+00    2.8575898933e+00    2.2466580972e+00
    7.2849185180e+00    2.1223782092e+00    2.8197052268e+00
    7.7554532940e+00    2.0270283698e+00    3.6969192981e+00
    7.2759507560e+00    2.9034350753e+00    3.7415138148e+00
    6.3754192746e+00    2.9757447216e+00    3.3127788195e+00
    6.1635160412e+00    2.1541449596e+00    2.7835619879e+00
    6.1524105949e+00    1.9669130732e+00    3.7658149656e+00

molecule  15
    3.0574232462e+00    3.8146072315e+00    9.0507975804e+00
    3.5912346686e+00    2.9716616531e+00    9.1177878310e+00
    4.0101290485e+00    3.0922062107e+00    1.0017786048e+01
    4.4750844535e+00    3.6340491533e+00    9.3176271579e+00
    3.7980433597e+00    4.1803192194e+00    9.8107851118e+00
    4.3425443496e+00    4.0764097352e+00    8.9784864273e+00
    4.5348341440e+00    4.9527115911e+00    9.4202100154e+00
    5.2792433992e+00    4.5465393792e+00    9.9501901696e+00

molecule  16
    7.4270424493e+00    9.5432934748e+00    2.9685999698e+00
    6.9566259198e+00    9.3152478320e+00    2.1161310034e+00
    6.2036573423e+00    9.9622886898e+00    1.9962288009e+00
    6.9256978642e+00    6.5928003965e-02    2.4041527109e+00
    7.1876611983e+00    1.0412042595e+01    1.4452551391e+00
    6.2710485173e+00    1.0052057488e+01    1.6191284508e+00
    6.2197463688e+00    1.0295692243e+01    6.5061919019e-01
    6.0282743950e+00    9.5638525479e+00    1.0451752874e+01

molecule  17
    9.2184052763e+00    4.5051403477e+00    2.5049122877e+00
    9.0944398880e+00    4.6717668529e+00    1.5267158905e+00
    9.0860923835e+00    4.1971045036e+00    6.4658746291e-01
    8.3085101809e+00    3.9302807327e+00    1.2159509237e+00
    8.0711747761e+00    4.3443200582e+00    2.0947216992e+00
    8.1688935875e+00    4.8989033633e+00    2.9210906545e+00
    7.2412503685e+00    5.0052766429e+00    3.2790873878e+00
    7.3593184864e+00    4.0790738171e+00    2.9210250582e+00

molecule  18
    6.8110100702e+00    5.6522639809e+00    6.5835402793e+00
    5.9098929839e+00    6.0852187136e+00    6.5603419415e+00
    5.5579142539e+00    7.0196871987e+00    6.6140041827e+00
    4.7749304684e+00    7.6200356580e+00    6.4511603508e+00
    3.8614094643e+00    7.2729803298e+00    6.2389531533e+00
    3.4334951239e+00    8.1401230686e+00    5.9840945769e+00
    3.5594021622e+00    7.2759937338e+00    6.4713604396e+00
    3.0147868749e+00    7.9706215214e+00    6.0013747663e+00

molecule  19
    4.3881395035e+00    7.3957905531e+00    1.2779636943e+00
    3.9683873341e+00    7.0900972303e+00    4.2335283263e-01
    4.7588659438e+00    7.6178116344e+00    1.1244915814e-01
    5.3955656960e+00    7.8106480884e+00    8.5905986596e-01
    5.7500845378e+00    8.4145395779e+00    1.4517504122e-01
    6.3842417463e+00    7.6478212532e+00    2.4511357598e-01
    6.6911946747e+00    7.5107211248e+00    1.1869115191e+00
    5.9493953112e+00    6.8858916850e+00    1.4304722345e+00

molecule  20
    2.5676674915e+00    1.8981179182e+00    2.4360616433e+00
    2.6900861236e+00    1.4233811719e+00    1.5644890054e+00
    1.7228326839e+00    1.5510228289e+00    1.7838678193e+00
    1.4824786252e+00    1.9090318435e+00    8.8161144551e-01
    1.5853219254e+00    2.7286786715e+00    1.4451739939e+00
    1.5264351168e+00    3.1309892421e+00    2.3587815037e+00
    7.6721943320e-01    3.7719487386e+00    2.2458103423e+00
    3.7344920622e-01    2.9056540524e+00    2.5531839307e+00

molecule  21
    7.5136094439e+00    7.6878070220e+00    9.5450223376e-03
    7.7493193371e+00    6.9807530787e+00    9.7979841000e+00
    7.1374648056e+00    6.4499081505e+00    1.0384360047e+01
    7.4318903737e+00    5.4942450742e+00    1.0388469699e+01
    8.1884596924e+00    4.8429425256e+00    1.0446800511e+01
    7.3044395815e+00    4.3969109719e+00    1.3162391705e-01
    7.5395906221e+00    4.4483014404e+00    9.6161886054e+00
    7.2513380937e+00    5.3486788882e+00    9.2902602404e+00

molecule  22
    5.4461856967e+00    8.7458868877e+00    7.2468246417e+00
    5.5824306003e+00    9.2813307686e+00    6.4133156881e+00
    6.5295957252e+00    8.9766554205e+00    6.3130602352e+00
    6.5783457968e+00    9.1730080099e+00    7.2923809492e+00
    7.1588745096e+00    9.5109470642e+00    8.0331802558e+00
    7.3043416633e+00    2.5356632246e-02    7.8362634545e+00
    7.7751093361e+00    2.7299997772e-01    6.9894751033e+00
    7.6887584735e+00    1.0547329217e+00    7.6070810542e+00

molecule  23
    5.4188281944e+00    4.0151721128e+00    7.1188098080e+00
    5.6593618934e+00    4.4732259779e+00    7.9745727589e+00
    4.9973317232e+00    3.7402627656e+00    8.1310366539e+00
    5.9091090608e+00    3.3978330113e+00    8.3577607749e+00
    5.5001146028e+00    2.5453260973e+00    8.6832686352e+00
    6.1391766400e+00    2.5180371843e+00    9.4519394943e+00
    5.7470543226e+00    2.8578356592e+00    1.0306794203e+01
    5.0504422147e+00    2.1416340033e+00    1.0264525139e+01

molecule  24
    8.7268706297e+00    1.0404502341e+01    6.2837042739e+00
    8.1848807999e+00    4.8509664962e-01    5.6362357174e+00
    9.1509222866e+00    4.7368388597e-01    5.3781009724e+00
    9.1008843264e+00    1.0060114609e+00    6.2231593193e+00
    8.1595968090e+00    1.2398051688e+00    6.4667127896e+00
    7.1726538872e+00    1.1881741305e+00    6.6192836815e+00
    7.3393064135e+00    1.4217832928e+00    5.6613414882e+00
    6.7215620659e+00    2.0784871050e+00    6.0939296507e+00

molecule  25
    8.7403785642e+00    9.3952342919e-01    8.7799405852e+00
    8.9109593532e+00    4.6059417053e-02    9.1954213079e+00
    8.8897027758e+00    9.6370125755e+00    8.6927321346e+00
    9.6545137847e+00    9.4429220198e+00    8.0784089599e+00
    8.9217092574e+00    9.9378751305e+00    7.6114840074e+00
    9.7331348402e+00    9.8471438180e+00    7.0341138049e+00
    9.9790130233e+00    1.0006861882e+01    7.9901650924e+00
    1.0090310115e+01    1.0364642196e+01    8.9173145960e+00

molecule  26
    2.4906629364e+00    8.3209198354e+00    4.5158317117e+00
    3.0559018016e+00    9.1458099566e+00    4.5236433276e+00
    3.6821586463e+00    9.8662941592e+00    4.2258090475e+00
    4.1644903610e+00    9.0102415455e+00    4.4116321000e+00
    3.7751414611e+00    8.0891511271e+00    4.4114888414e+00
    3.8981753293e+00    7.9424266716e+00    3.4299927340e+00
    3.3409489696e+00    8.1649503217e+00    2.6300039767e+00
    3.1327003822e+00    9.0380774467e+00    2.1892301680e+00

molecule  27
    6.9408484089e+00    9.1176079754e+00    2.0508197910e+00
    6.8293288387e+00    8.3648188809e+00    2.6995662366e+00
    7.3809860001e+00    7.5410623683e+00    2.5688008580e+00
    7.4155770481e+00    8.1403075114e+00    1.7689828156e+00
    7.7790642122e+00    7.4882879063e+00    2.4343753801e+00
    7.6990994228e+00    8.1087432147e+00    1.6542208794e+00
    7.7695190506e+00    7.2029965822e+00    1.2362925721e+00
    7.1238658649e+00    6.5155068687e+00    1.5686927635e+00

molecule  28
    3.8673601782e+00    4.4256088606e+00    3.7417758687e+00
    4.5322046697e+00    3.8259572403e+00    3.2963561937e+00
    3.7028719950e+00    3.9304611701e+00    2.7474606903e+00
    2.7929256638e+00    3.7670212310e+00    3.1286233724e+00
    2.7620054759e+00    4.3240891060e+00    3.9585145269e+00
    3.1263902669e+00    5.2535590591e+00    3.9009871505e+00
    2.2814599411e+00    5.3373015904e+00    4.4292669911e+00
    1.5099193568e+00    5.2071759381e+00    3.8065374310e+00

molecule  29
    6.7123370545e+00    5.8992395218e+00    2.7647086625e+00
    7.5734817334e+00    5.6417036058e+00    2.3264119523e+00
    8.2302961354e+00    5.4109971750e+00    1.6085205544e+00
    7.3842136760e+00    5.1688268970e+00    1.1336531721e+00
    8.1922978152e+00    4.8756771501e+00    6.2271215017e-01
    7.4496258326e+00    4.2099211109e+00    5.5030391584e-01
    8.1755319602e+00    3.6899598880e+00    1.0006592018e-01
    8.0359710268e+00    3.4395782713e+00    9.5971883219e+00

molecule  30
    7.2333233514e+00    9.8020449172e+00    6.6326586678e+00
    7.8293087659e+00    9.8943184486e+00    5.8349826814e+00
    8.6630768593e+00    9.4800312678e+00    5.4700213490e+00
    7.9053647048e+00    8.8278554355e+00    5.4932386795e+00
    7.6340944995e+00    8.7215120188e+00    6.4498491184e+00
    8.5852451774e+00    8.8584927511e+00    6.7265234171e+00
    7.9663332341e+00    8.8683833697e+00    7.5119215217e+00
    8.3797865037e+00    9.7681587075e+00    7.3724197822e+00

molecule  31
    6.2100574270e+00    4.6498013583e+00    3.0141724866e+00
    6.3413239334e+00    3.7828193803e+00    2.5334322357e+00
    5.5159443744e+00    3.2182595368e+00    2.5379864332e+00
    5.2102293567e+00    4.1679384469e+00    2.4698107483e+00
    5.8629197694e+00    4.7015090849e+00    1.9319486215e+00
    5.5173934737e+00    4.5762172084e+00    1.0019412759e+00
    6.4300542781e+00    4.1678286460e+00    1.0182838831e+00
    6.2185910171e+00    3.3199513100e+00    1.5044844812e+00

molecule  32
    8.8532043146e+00    4.3854075948e+00    3.6476586527e+00
    8.5812172917e+00    3.8981512895e+00    4.4774798645e+00
    8.9941592442e+00    3.6027875185e+00    5.3390125014e+00
    9.0662642987e+00    3.9874763046e+00    6.2592380705e+00
    8.6815467059e+00    3.0809779870e+00    6.4331719863e+00
    8.2450567016e+00    2.4980852736e+00    7.1185278742e+00
    7.7673825238e+00    2.4587067431e+00    6.2408737895e+00
    7.2111812628e+00    3.0721051055e+00    5.6801755254e+00

molecule  33
    5.1836786331e+00    1.0056969692e+01    8.6253009778e+00
    5.5774849315e+00    4.8511384310e-01    8.8796471770e+00
    6.2042289943e+00    2.6416239301e-01    8.1324040282e+00
    6.3955703654e+00    8.8055343889e-01    7.3685648360e+00
    5.8364129413e+00    1.3729780261e+00    8.0355437647e+00
    6.6799821722e+00    1.3630795103e+00    8.5724729610e+00
    7.1008782644e+00    1.7692472850e+00    9.3835673942e+00
    6.3427687383e+00    2.4206532484e+00    9.4142290779e+00

molecule  34
    5.4339015768e+00    4.1322983420e+00    9.6213817181e+00
    6.2551134216e+00    4.2060912584e+00    9.0555491643e+00
    6.4742206717e+00    3.9316658447e+00    9.9918620487e+00
    6.9489224149e+00    3.3608478471e+00    9.3219189519e+00
    7.2028698551e+00    2.8317960714e+00    1.0131619553e+01
    8.1375602844e+00    2.5577512571e+00    1.0358011432e+01
    8.1670917044e+00    2.3391424183e+00    9.3826458255e+00
    8.2917488856e+00    2.5601214967e+00    1.0349924914e+01

molecule  35
    4.2464856356e+00    9.5965833784e+00    2.6080356337e+00
    4.2709419650e+00    8.8321677022e+00    1.9637766269e+00
    4.6688259942e+00    9.6447875020e+00    1.5379390663e+00
    5.5218342136e+00    9.4278829626e+00    1.0632502820e+00
    6.2123309698e+00    8.7394418215e+00    1.2852029855e+00
    5.3566564141e+00    8.5771484829e+00    1.7766110515e+00
    6.0578071698e+00    7.9084309716e+00    2.0240064713e+00
    5.2118398716e+00    7.4747336631e+00    2.3342417343e+00

molecule  36
    1.0428384697e-01    9.3388905092e+00    6.4582116855e+00
    2.8770008674e-01    8.3948248154e+00    6.7322526495e+00
    9.8947371652e+00    8.4527224768e+00    7.2588806741e+00
    1.0450817718e+01    7.6700060699e+00    7.5383970362e+00
    9.4450709958e-03    7.1953455411e+00    8.4184580059e+00
    1.0305507643e+01    6.2762765613e+00    8.0579021367e+00
    9.5807485764e+00    6.5574393808e+00    8.6869265790e+00
    8.7467662219e+00    6.1289192370e+00    8.3393004605e+00

molecule  37
    9.2467597971e+00    6.1818268100e+00    3.6356719817e+00
    8.2557615156e+00    6.0796957777e+00    3.7222264166e+00
    7.2591460974e+00    6.0156137898e+00    3.7737163775e+00
    7.3949591932e+00    6.2431541744e+00    4.7379674815e+00
    7.3958718355e+00    5.6146541551e+00    5.5157764991e+00
    7.8780759584e+00    4.7926821425e+00    5.8188295000e+00
    7.7068355642e+00    4.0122962845e+00    5.2174356873e+00
    7.7778927091e+00    3.1508990803e+00    4.7144988375e+00

molecule  38
    9.3110293390e+00    7.2512743991e+00    2.4760494146e+00
    1.0088932519e+01    7.2057131050e+00    3.1027796636e+00
    8.1894310970e-04    7.1830992097e+00    2.1728515730e+00
    1.0105786788e+01    8.1195389209e+00    2.1517130693e+00
    1.0147380339e+01    7.7214069700e+00    1.2353283688e+00
    4.3544488596e-01    7.8926220538e+00    5.8856402275e-01
    3.6161324764e-01    8.8174131704e+00    2.1532103597e-01
    1.0799839072e+00    8.7542352858e+00    9.0810678662e-01

molecule  39
    2.0425397569e+00    7.5210900941e+00    9.4974816936e+00
    1.2295625838e+00    8.0270388953e+00    9.2092390036e+00
    1.0426547002e+00    7.0449189477e+00    9.1867484704e+00
    1.1883049790e+00    7.3869369654e+00    8.2584114365e+00
    1.8734817294e+00    7.3799004017e+00    7.5300685961e+00
    2.4001367049e+00    8.1463723697e+00    7.1624338775e+00
    3.3984470835e+00    8.1086740297e+00    7.2066518706e+00
    3.0777798667e+00    9.0523570716e+00    7.1251976541e+00

molecule  40
    4.0244968589e-01    1.7367201361e+00    3.5897884199e+00
    1.0170177235e+01    1.4396023222e+00    2.9270976896e+00
    9.9865850453e+00    2.1996805423e+00    2.3037398863e+00
    1.0191539934e+01    2.7892297241e+00    1.5224431995e+00
    9.5561494295e+00    2.5911010486e+00    7.7610118492e-01
    1.0256046175e+01    2.8752641423e+00    1.4313832439e+00
    5.6275184207e-01    3.4669294538e+00    1.1677661892e+00
    1.4374444693e+00    3.0320700917e+00    9.5373359349e-01

molecule  41
    6.2152343271e+00    6.8730052573e+00    9.9044231057e+00
    6.8426673963e+00    6.5243479699e+00    9.2081716096e+00
    5.9176546840e+00    6.5922355063e+00    8.8343498127e+00
    5.4782797258e+00    7.4642611110e+00    8.6186628543e+00
    5.8726024920e+00    8.2915780039e+00    8.2185924659e+00
    5.1650991859e+00    8.9423531594e+00    8.4941475707e+00
    6.0418344505e+00    9.3953460475e+00    8.3324911580e+00
    5.7506177997e+00    9.8968571215e+00    7.5178258818e+00

molecule  42
    8.1298375386e-01    6.1424644701e+00    1.8350901562e+00
    1.1344157145e+00    6.1147848129e+00    8.8856212008e-01
    1.6047190987e+00    5.2463107629e+00    1.0453024521e+00
    2.1272688139e+00    5.7774575133e+00    3.7835048015e-01
    3.1270357988e+00    5.7723590007e+00    3.9931948870e-01
    2.7867541803e+00    5.9399504029e+00    9.9292101712e+00
    1.8158270690e+00    6.0021715078e+00    9.6980628636e+00
    8.5392253386e-01    5.9612694192e+00    9.4277544965e+00

molecule  43
    1.0310675235e+01    5.7494460587e+00    1.4006838952e+00
    9.6152448929e+00    5.3523270375e+00    8.0179067633e-01
    1.0186883074e+01    4.6478030929e+00    1.2223566124e+00
    5.1897327132e-01    4.9016269885e+00    6.6038496220e-01
    1.1330858665e+00    5.3845174751e+00    3.6139471107e-02
    1.7825083278e-01    5.4744513461e+00    1.0208099136e+01
    5.6016182227e-01    4.5882899995e+00    9.9456832763e+00
    1.3627882154e+00    4.9589585933e+00    9.4783549728e+00

molecule  44
    1.0439187628e+00    5.7677318566e+00    4.6833647593e+00
    2.0486731528e-01    6.0554138453e+00    4.2215945677e+00
    9.8917830355e+00    5.4156054597e+00    4.2004414086e+00
    9.1457940484e+00    4.8884946914e+00    4.6074483557e+00
    9.7616704124e+00    4.1052205825e+00    4.6921709128e+00
    1.0341462778e+01    3.5541820311e+00    4.0920065121e+00
    1.2481801504e-01    3.0406277573e+00    4.9162473492e+00
    1.5483967584e-01    2.0477676935e+00    4.8008019095e+00

molecule  45
    4.5427970862e+00    2.0047473864e+00    8.3942329878e+00
    4.5659138754e+00    2.4365156026e+00    9.2959212660e+00
    3.9523667986e+00    1.9221422300e+00    9.8950706613e+00
    4.5701755946e+00    1.2517497847e+00    9.4841128061e+00
    4.3378818450e+00    4.2330565378e-01    8.9744855655e+00
    4.7503553555e+00    1.2950981047e+00    9.2387647983e+00
    5.4183414157e+00    6.8281040950e-01    8.8158009422e+00
    4.8964854174e+00    4.7955234692e-01    7.9873369695e+00

molecule  46
    1.2871556441e+00    1.0901026698e+00    5.8256227335e+00
    1.0092796149e+00    2.0506347047e+00    5.8128409911e+00
    1.5802591579e+00    1.8411283432e+00    6.6066227301e+00
    2.4961804727e+00    2.2323753551e+00    6.5171030546e+00
    1.8558960531e+00    2.8818299342e+00    6.9272792361e+00
    2.6389071964e+00    3.3467398798e+00    6.5140573110e+00
    3.4228947100e+00    2.8507600078e+00    6.1407378263e+00
    4.1040749224e+00    3.4878281487e+00    5.7799916051e+00

molecule  47
    6.1735676282e-01    4.4733277977e-02    4.1122138078e+00
    7.8757873843e-01    9.3007094028e-01    4.5448823844e+00
    1.5383657056e+00    1.5289622391e+00    4.8235383537e+00
    1.6690845228e+00    1.1787336837e+00    3.8960417303e+00
    2.5757544048e+00    1.5027863581e+00    3.6259688258e+00
    3.4875219701e+00    1.3810199871e+00    3.2337281399e+00
    3.6999039878e+00    1.5980373066e+00    2.2809441439e+00
    4.2937656064e+00    2.2574919269e+00    2.7418649698e+00

molecule  48
    7.9005030532e+00    8.7275892917e+00    5.9867973897e-01
    7.7948976332e+00    9.4816766859e+00    1.2469078510e+00
    8.1952823963e+00    1.0350137182e+01    9.5455802218e-01
    9.1278559099e+00    2.1966635976e-01    7.9681069179e-01
    9.4270251741e+00    3.4160227417e-01    1.7431876719e+00
    9.0552974762e+00    1.1953211596e+00    2.1078554500e+00
    8.9851112323e+00    1.7581332743e+00    1.2842557298e+00
    8.5294841856e+00    2.6464349780e+00    1.2266006591e+00

molecule  49
    4.2780877481e+00    7.0936514615e+00    4.2573757660e+00
    3.3085261401e+00    6.9695771661e+00    4.0462931361e+00
    2.5199868612e+00    6.5991480399e+00    4.5371984297e+00
    2.1508046700e+00    7.0236259230e+00    5.3639529724e+00
    1.7647182788e+00    7.4314349850e+00    6.1913760739e+00
    1.5357333814e+00    6.4609127318e+00    6.2665588171e+00
    8.8463635667e-01    6.9506627169e+00    5.6867160664e+00
    1.1118812858e+00    6.3008685829e+00    6.4120624207e+00

molecule  50
    4.7817870536e+00    5.3385944269e+00    1.3728031004e+00
    3.9341261584e+00    5.1543228109e+00    8.7529451599e-01
    3.9148153286e+00    5.1682015828e+00    1.0330736288e+01
    4.5808324631e+00    5.8348659633e+00    2.1021052797e-01
    5.5119787042e+00    6.1445474755e+00    4.0273015117e-01
    4.9538618121e+00    6.4311401400e+00    1.1814279603e+00
    4.4342494512e+00    7.1884116252e+00    1.5770828178e+00
    3.9679624482e+00    6.3601741783e+00    1.8878869083e+00

molecule  51
    2.0870525965e+00    4.1804749439e+00    2.3522835594e+00
    2.8100098306e+00    4.4991842253e+00    1.7392931821e+00
    3.5732719069e+00    3.8635475240e+00    1.6235482486e+00
    4.4925456739e+00    3.9066974970e+00    1.2323016458e+00
    4.5861906275e+00    4.3962347236e+00    3.6536231012e-01
    3.6721406533e+00    4.0050370532e+00    4.7249504616e-01
    4.5912482938e+00    3.8912728321e+00    9.5270831232e-02
    4.1380398445e+00    3.0497914400e+00    1.0256301963e+01

molecule  52
    1.0434161351e+01    4.9272267562e+00    5.0554589394e+00
    5.4796119992e-01    4.3992353723e+00    4.4249742412e+00
    1.0642277881e+00    3.6502683436e+00    4.8403261828e+00
    1.6371273839e+00    4.4560492035e+00    4.6903151979e+00
    1.6665636757e+00    4.9908221906e+00    5.5347981334e+00
    1.8807219529e+00    5.3627298317e+00    6.4380261474e+00
    1.3593645932e+00    4.9095917834e+00    5.7149407684e+00
    6.1882697745e-01    5.5815388726e+00    5.7053948950e+00

molecule  53
    2.3888667032e+00    9.8851792045e+00    9.6950585856e+00
    1.5741456400e+00    9.3756268716e+00    9.4183168268e+00
    5.8136047271e-01    9.4680026745e+00    9.3418685780e+00
    1.0326495202e+01    1.0152612421e+01    9.1770199856e+00
    6.9322599117e-01    9.8065232538e+00    8.7245606432e+00
    4.2717467697e-01    9.1300724203e+00    9.4113145889e+00
    9.9302148190e+00    8.8932712531e+00    9.6046921403e+00
    9.6703483344e+00    9.7722614377e+00    1.0004499053e+01

molecule  54
    4.8861581688e+00    4.1057494362e-01    4.8247033617e+00
    4.6601739529e+00    1.0194669255e+01    5.5308218371e+00
    5.5850656099e+00    1.0060339248e+01    5.1751100729e+00
    6.1378201836e+00    9.3024812331e+00    4.8285359640e+00
    5.3368308030e+00    8.8270720105e+00    4.4646650338e+00
    5.5207508344e+00    8.5695179537e+00    5.4132637047e+00
    5.8889512198e+00    7.6683340010e+00    5.1845805914e+00
    6.1469962385e+00    6.7997929397e+00    4.7614385832e+00

molecule  55
    3.5449674931e-01    2.1641767813e+00    7.2225791818e+00
    4.5976960934e-01    1.1710855736e+00    7.1707383585e+00
    9.9696125290e+00    9.4921041809e-01    6.9316800119e+00
    1.0068038018e+01    1.1379306092e+00    7.9087660355e+00
    9.7667420021e+00    1.5677316101e+00    8.7599368715e+00
    1.2010745225e-02    1.0121991857e+00    9.2080269384e+00
    9.0571818099e-01    5.7033908338e-01    9.2857872370e+00
    6.2935103805e-01    2.7383717878e-03    1.0061319722e+01

molecule  56
    2.3901407181e+00    1.1318684839e+00    6.2888054009e+00
    2.9655611627e+00    1.5108656860e+00    5.5640624447e+00
    3.8846600648e+00    1.8437820168e+00    5.7748321978e+00
    3.8490839435e+00    2.6081788136e+00    5.1310681976e+00
    4.8447915180e+00    2.6416813021e+00    5.0447872291e+00
    5.4297495839e+00    1.9480144994e+00    4.6244885644e+00
    4.7518578298e+00    1.9308368072e+00    3.8895275171e+00
    4.3513136338e+00    1.6721163287e+00    4.7685202262e+00

molecule  57
    1.0508576836e+00    7.7270600307e+00    2.1644033124e+00
    1.5629617028e+00    6.8716642139e+00    2.2421690478e+00
    2.1793342605e+00    7.6252119028e+00    2.4707527565e+00
    2.0197130956e+00    7.5635795053e+00    1.4855001291e+00
    1.4764180776e+00    7.2898950172e+00    6.9182043941e-01
    2.1169335815e+00    7.8079572469e+00    1.2494249666e-01
    1.2357112819e+00    8.2015374929e+00    1.0318295950e+01
    3.7084950232e-01    7.8919361530e+00    9.9231235193e+00

molecule  58
    4.2665122678e+00    4.6253183418e+00    2.0696727574e+00
    3.5581890223e+00    5.3157703319e+00    1.9228592081e+00
    3.9445869247e+00    5.3719779552e+00    2.8434771984e+00
    3.3127200465e+00    6.1439853786e+00    2.9123871391e+00
    2.5504816958e+00    6.3407666659e+00    2.2957270656e+00
    3.0789987690e+00    7.1393273395e+00    2.0076808624e+00
    3.1226488598e+00    6.5769707983e+00    1.1819389892e+00
    2.1317171330e+00    6.4692586292e+00    1.2622660862e+00

molecule  59
    1.7921195465e-02    4.3264002049e+00    6.8345911265e+00
    1.0263444989e+01    4.1706694757e+00    5.8692927448e+00
    1.0337417688e+01    3.1826697305e+00    6.0048823184e+00
    1.0113685704e+01    3.0058089314e+00    6.9633520710e+00
    9.3999308859e+00    2.4939335240e+00    7.4414082068e+00
    9.1483644822e+00    3.4598866797e+00    7.3810057083e+00
    9.6951856061e+00    4.2558412346e+00    7.6407013743e+00
    8.7613926933e+00    4.5591506653e+00    7.8305279710e+00

molecule  60
    2.3913184531e+00    3.6286579715e+00    7.5719506543e+00
    1.4932369345e+00    4.0302924011e+00    7.3926759521e+00
    6.8270747352e-01    3.7243188242e+00    7.8920977377e+00
    1.0222423126e+00    4.2973078330e+00    8.6380197121e+00
    1.2051469768e+00    3.6975886912e+00    9.4170466297e+00
    1.7221975522e+00    2.8594852866e+00    9.5909480039e+00
    2.0731299039e+00    2.1757133649e+00    1.0230715971e+01
    2.3665111770e+00    1.4343435320e+00    3.7912896917e-01

molecule  61
    5.4833128567e+00    7.3451974399e+00    4.0231039384e+00
    5.2859686745e+00    6.6623430728e+00    3.3197084754e+00
    4.2927172433e+00    6.5567333156e+00    3.2717687107e+00
    5.2419983505e+00    6.5418273265e+00    2.9576940468e+00
    5.7553543694e+00    6.1087546973e+00    2.2168073555e+00
    5.8925756283e+00    5.6530380735e+00    1.3373235449e+00
    6.5308481598e+00    5.7032211171e+00    5.6915149466e-01
    6.1583120389e+00    4.8861900795e+00    1.2906379551e-01

molecule  62
    9.9411340119e+00    9.1557540439e+00    4.3954922188e+00
    9.5904165890e+00    8.4208910570e+00    3.8149979638e+00
    9.8296276223e+00    8.0893690494e+00    4.7276157893e+00
    9.8243976309e+00    7.2432902588e+00    4.1945835932e+00
    9.3145263965e+00    7.1453649297e+00    5.0492425459e+00
    1.0159351640e+01    6.6104112644e+00    5.0589830858e+00
    9.3523875247e+00    6.0261664097e+00    4.9725718046e+00
    9.9592805096e+00    5.7132327043e+00    5.7031560261e+00

molecule  63
    1.0211097406e+01    8.9523557585e+00    1.1507156106e+00
    9.4088434033e+00    9.5326444299e+00    1.0105244289e+00
    1.0209454669e+01    9.8867623851e+00    5.2717979725e-01
    9.3856161722e+00    9.9652430789e+00    1.0420973541e+01
    9.8493408477e+00    3.8684639470e-01    1.0293508481e+01
    8.9637580946e+00    8.5131702688e-01    1.0296699482e+01
    9.0032087449e+00    1.6784373304e+00    9.7360608042e+00
    9.8036418986e+00    2.1557433982e+00    1.0098670340e+01

molecule  64
    9.1204210351e+00    3.7724723971e+00    8.5727896482e+00
    8.2950767268e+00    3.4488031642e+00    8.1101396316e+00
    7.6264506578e+00    4.0247720760e+00    8.5804543980e+00
    7.0637894057e+00    3.2904745737e+00    8.2006954837e+00
    6.4831643097e+00    2.5145088510e+00    7.9542197526e+00
    7.2617644381e+00    2.0945476694e+00    7.4879424846e+00
    7.6604899025e+00    1.8736989519e+00    8.3780232945e+00
    8.5798511264e+00    2.1909759992e+00    8.1454072679e+00

molecule  65
    9.6889675855e+00    9.2813574223e+00    2.0882951457e+00
    9.1840233684e+00    9.4253976060e+00    1.2372464932e+00
    8.5924682896e+00    9.0749000704e+00    1.9633415637e+00
    8.6632781142e+00    8.1907683078e+00    2.4251823635e+00
    8.2483409481e+00    8.6878102178e+00    3.1872692984e+00
    8.5747402069e+00    7.9450172531e+00    3.7718393320e+00
    8.4834737773e+00    7.8432319028e+00    4.7624503697e+00
    8.9166091804e+00    8.7393468721e+00    4.6656437382e+00

molecule  66
    3.9365619601e+00    2.9170124542e+00    3.5771963455e+00
    3.1010377763e+00    2.5012039395e+00    3.2180312835e+00
    2.9267350075e+00    2.9476516318e+00    4.0956992007e+00
    2.7311268691e+00    2.3830533677e+00    4.8975505654e+00
    2.9030836146e+00    3.3215450774e+00    5.1969903019e+00
    2.9172236874e+00    4.1733154713e+00    5.7207147330e+00
    1.9652410308e+00    3.8703223494e+00    5.6768495629e+00
    1.3536628705e+00    3.1294434046e+00    5.9544653481e+00

molecule  67
    5.8161866990e+00    8.0880919352e+00    6.3832447040e+00
    6.2792151897e+00    7.5179090764e+00    5.7046460511e+00
    6.8784581791e+00    7.1066741555e+00    6.3915184381e+00
    7.7675549170e+00    7.2029371639e+00    5.9440361294e+00
    8.6869569745e+00    7.5890762772e+00    5.8692267460e+00
    9.3419654050e+00    6.8915244153e+00    6.1597183622e+00
    1.0291756050e+01    7.1744732393e+00    6.0261605538e+00
    2.1421493736e-01    6.7946513109e+00    6.8706367158e+00

molecule  68
    3.4430307248e+00    1.4331822480e+00    6.9661684966e-01
    4.0640140035e+00    9.5956777404e-01    1.3211715583e+00
    3.3080779015e+00    3.4125352639e-01    1.5362221979e+00
    3.8111103771e+00    1.0199750027e+01    9.1096160347e-01
    4.5066055449e+00    1.0045749047e+01    1.6127949084e+00
    5.0276910327e+00    1.3241042984e-01    9.5332509355e-01
    4.4289301382e+00    9.3027431333e-01    8.8334459674e-01
    5.1925355948e+00    1.1015103830e+00    1.5059066214e+00

molecule  69
    3.0003397811e+00    3.0747580632e-01    7.0537962021e+00
    2.1764023575e+00    6.7548514527e-01    6.6228713266e+00
    2.2498666661e+00    1.0869473595e+00    7.5313325758e+00
    2.5585003377e+00    1.9658350502e+00    7.8950655894e+00
    2.4854057388e+00    2.6350503998e+00    8.6345302926e+00
    2.4781857734e+00    3.2316670386e+00    7.8320364691e+00
    1.7254145586e+00    3.4415510903e+00    8.4559628504e+00
    2.1441864844e+00    4.3288755000e+00    8.6490580304e+00

molecule  70
    5.2879582957e+00    5.9086124518e+00    9.7233372565e+00
    6.2636491558e+00    5.7442590631e+00    9.8683039659e+00
    7.0245160524e+00    5.4171860904e+00    9.3078533538e+00
    6.4442099204e+00    5.1805453724e+00    8.5285927725e+00
    5.5693516050e+00    5.0932697321e+00    9.0050436063e+00
    6.2950767924e+00    5.5133087067e+00    8.4601670228e+00
    5.3983875162e+00    5.6976130284e+00    8.0576997717e+00
    5.4998765644e+00    6.6512018895e+00    7.7742068790e+00

molecule  71
    3.5571789497e+00    1.0338758204e+01    9.5737653947e+00
    4.2129279498e+00    1.0348582245e+01    1.0328680343e+01
    3.8236700015e+00    8.1276631319e-01    1.0271355216e+01
    2.8675857926e+00    8.9184511007e-01    9.9891342126e+00
    2.2150162035e+00    3.3241971840e-01    4.5049312809e-02
    1.7702659186e+00    9.9721841787e+00    4.1562955660e-01
    2.3517974676e+00    1.0350890913e+01    1.1356323118e+00
    1.5651236076e+00    4.8376270314e-01    9.4758026903e-01

molecule  72
    2.7798259012e+00    4.7571361826e+00    6.7331780766e+00
    2.3247728008e+00    4.7480645181e+00    7.6235960289e+00
    2.1476722079e+00    5.4937736478e+00    8.2658991465e+00
    3.0663083616e+00    5.5522797382e+00    7.8751502488e+00
    3.5296430635e+00    4.7206396082e+00    7.5690526575e+00
    4.5145711805e+00    4.5531279101e+00    7.5259671856e+00
    5.1896818593e+00    4.3034369126e+00    6.8317913421e+00
    5.9461365558e+00    4.9569188115e+00    6.8046311949e+00

molecule  73
    7.1096278184e+00    1.0373936367e+00    3.0475269306e+00
    8.0433312848e+00    1.2951982716e+00    2.7990596076e+00
    8.0282691189e+00    6.5287217528e-01    3.5653420933e+00
    7.6523192521e+00    1.0221290286e+01    3.8343246252e+00
    6.7459923059e+00    1.0002062996e+01    4.1955870334e+00
    6.7728837507e+00    9.0370146513e+00    3.9348982293e+00
    6.1843850076e+00    8.2609979867e+00    3.7080339119e+00
    5.9645952361e+00    9.0461661301e+00    3.1290664806e+00

molecule  74
    4.3322721413e+00    7.2415350501e-01    6.0143065156e+00
    4.6696408186e+00    1.2292258692e+00    6.8087146456e+00
    4.1342981446e+00    4.2932959946e-01    7.0799602383e+00
    4.9620756003e+00    1.0364206689e+01    6.8699811323e+00
    4.5050400165e+00    9.6549081857e+00    7.4066505874e+00
    4.8728021316e+00    8.7249999725e+00    7.4019884218e+00
    4.1027360543e+00    8.8145402434e+00    8.0336376724e+00
    3.4339628786e+00    9.5512530373e+00    8.1336211636e+00

molecule  75
    3.9214464208e+00    4.7871530968e+00    5.3431277439e+00
    4.7618960554e+00    4.7188668171e+00    5.8806975885e+00
    3.8635759658e+00    4.7084434180e+00    5.4414798826e+00
    3.7973596094e+00    4.4226868390e+00    6.3974916569e+00
    4.2568290854e+00    3.6745505414e+00    6.8762191057e+00
    3.5111031165e+00    3.5617947523e+00    7.5328612886e+00
    3.4745043325e+00    2.6057578025e+00    7.2419079084e+00
    3.4480143255e+00    1.7090572024e+00    6.8000636979e+00

molecule  76
    2.6096803235e+00    9.7826201378e+00    9.8037073414e+00
    2.5893889091e+00    8.8037345140e+00    1.0007106312e+01
    2.0802781668e+00    8.8934855932e+00    4.0795607595e-01
    2.9732560743e+00    9.3090035274e+00    5.8097351438e-01
    3.7625275353e+00    8.8336187972e+00    1.9230937644e-01
    3.6102449879e+00    8.4956599102e+00    1.1210686786e+00
    4.5846828219e+00    8.5847749727e+00    9.1484181744e-01
    4.9091871320e+00    9.1578522909e+00    1.6232664263e-01

molecule  77
    3.4034090904e-01    4.3573834196e-01    6.1259893789e+00
    3.4736284920e-02    3.1133063615e-01    5.1819933385e+00
    4.2846914763e-01    9.9199519355e+00    5.5402507854e+00
    1.1463587904e+00    5.2127135762e-03    5.1014104336e+00
    2.0202390675e+00    7.8966207271e-02    5.5819243545e+00
    2.7580072192e+00    1.0084175522e+01    5.0786914027e+00
    2.4181354732e+00    3.6364600298e-01    4.4914889655e+00
    2.5499765861e+00    9.9782572917e+00    3.9660390851e+00

molecule  78
    7.6364798616e+00    4.3496492167e+00    7.1893482670e+00
    7.1016052290e+00    4.1890731878e+00    6.3598156214e+00
    6.5454703561e+00    4.0720293090e+00    7.1826246414e+00
    6.8864389824e+00    3.1901309680e+00    6.8570548636e+00
    6.1072579054e+00    2.5646559462e+00    6.8977716877e+00
    6.3477708926e+00    3.3577023412e+00    6.3381016246e+00
    5.4547728239e+00    3.3137139027e+00    5.8901960861e+00
    5.8900675978e+00    2.5133527830e+00    5.4779577749e+00

molecule  79
    8.0764772237e+00    6.5295115397e-01    9.6384438787e+00
    7.2936715376e+00    9.8597238153e-01    1.0164097786e+01
    7.9604513118e+00    1.1630709440e+00    4.3284543885e-01
    7.1608205946e+00    1.7582437541e+00    5.1259553854e-01
    6.9457280009e+00    8.1407963206e-01    7.6217400098e-01
    6.0976981489e+00    1.3301259496e+00    8.8276104838e-01
    5.9842820759e+00    8.1329728698e-01    3.4218175281e-02
    6.1149480222e+00    1.7890366037e+00    1.0313709309e+01

molecule  80
    2.3177508615e-01    9.2213134496e+00    7.5757207601e+00
    8.2913247376e-01    8.6622691879e+00    8.1507282948e+00
    1.7930056765e+00    8.5554178592e+00    8.3947185458e+00
    1.8957561065e+00    9.5478351906e+00    8.3272634535e+00
    2.6437338911e+00    9.1413855550e+00    8.8519804510e+00
    3.5530828039e+00    9.1226443902e+00    9.2675924377e+00
    4.3738134537e+00    8.7260748420e+00    9.6788512297e+00
    4.0730172040e+00    8.1188432081e+00    8.9434660524e+00

molecule  81
    5.7847662614e+00    5.6363155919e+00    3.3394920336e+00
    4.8783129231e+00    5.7077843500e+00    3.7557058651e+00
    4.0133498000e+00    5.8546107432e+00    4.2355811662e+00
    3.3244170301e+00    5.6526223394e+00    4.9316933067e+00
    4.0531837025e+00    6.2358037760e+00    5.2905786046e+00
    3.1978550885e+00    6.5223652532e+00    5.7221981172e+00
    3.0530301203e+00    5.5782550628e+00    6.0183090411e+00
    2.3266452798e+00    5.8894269213e+00    5.4054982274e+00

molecule  82
    6.4412982822e+00    1.1722012167e+00    4.5040156508e+00
    6.9544572585e+00    2.0293362547e+00    4.5485928826e+00
    6.3195365475e+00    1.2646128586e+00    4.6584752627e+00
    5.9304930078e+00    6.9398502791e-01    5.3816828639e+00
    5.1459005127e+00    1.3024176869e+00    5.5009484755e+00
    5.4764770138e+00    1.8156403497e+00    6.2929848909e+00
    4.9708141109e+00    2.5877637753e+00    6.6778620853e+00
    5.2620995289e+00    2.3486058437e+00    7.6041213366e+00

molecule  83
    5.4323767787e+00    3.4924728856e+00    7.2232200443e-01
    4.7471620143e+00    2.7644824153e+00    6.9974234790e-01
    4.3668640022e+00    2.0393455049e+00    1.2738061649e+00
    3.7072271931e+00    2.7889574768e+00    1.3282186990e+00
    4.4094569840e+00    3.0741517745e+00    1.9805511368e+00
    4.6157719693e+00    2.4286859899e+00    2.7159475794e+00
    5.2044423332e+00    1.6547694934e+00    2.4824523375e+00
    5.2857111624e+00    2.3930065493e+00    1.8128245794e+00

molecule  84
    9.1433994741e-01    5.7438541003e+00    8.3280526372e+00
    7.0362386152e-01    4.9744179104e+00    7.7250878135e+00
    8.3459165711e-01    5.0906779040e+00    6.7405416915e+00
    1.0722374012e-01    5.6945948858e+00    7.0664560073e+00
    9.7148351088e+00    5.3671460836e+00    7.4841163029e+00
    9.8109106895e+00    5.3193405054e+00    8.4783417400e+00
    1.0382675222e+01    4.4990719259e+00    8.4939802058e+00
    1.0031735666e+01    4.6800753132e+00    9.4127178880e+00

molecule  85
    7.2746512024e+00    4.3591221928e-01    4.6567175309e+00
    7.8389115381e+00    1.2463161526e+00    4.4990603726e+00
    7.9908784759e+00    2.0902039869e+00    5.0136074507e+00
    8.7746518307e+00    2.5099830507e+00    5.4713020753e+00
    9.0039171708e+00    1.5732220033e+00    5.2068863196e+00
    9.9412036259e+00    1.2763645551e+00    5.3895600547e+00
    9.8574625896e+00    2.2483645385e+00    5.6091129657e+00
    9.2608908926e+00    2.1030982464e+00    6.3984163233e+00

molecule  86
    1.8419888848e+00    5.4882886825e+00    2.1153801357e+00
    1.6195652377e+00    5.9894408804e+00    2.9516660381e+00
    2.4059362277e+00    6.0467416004e+00    3.5667573155e+00
    1.5539204009e+00    6.0695359923e+00    3.0437378224e+00
    1.4503037671e+00    6.5029854832e+00    3.9389390692e+00
    1.0533071385e+00    7.0751936563e+00    3.2213240188e+00
    1.6950673119e+00    7.5884234136e+00    3.7911828416e+00
    7.6555044329e-01    7.9501786460e+00    3.8628174378e+00

molecule  87
    6.9749096068e+00    4.5567700970e+00    1.9808464136e+00
    7.2751759835e+00    3.6903854946e+00    1.5818275854e+00
    7.5582021212e+00    3.0983757569e+00    8.2722672874e-01
    7.4794799640e+00    2.3096413664e+00    1.4368982345e+00
    7.9774566251e+00    1.4814837081e+00    1.6941397092e+00
    8.2472377204e+00    2.2645848950e+00    2.2544713412e+00
    7.9774617388e+00    3.0041574754e+00    2.8711188394e+00
    8.7353292861e+00    3.4940289824e+00    2.4402394654e+00

molecule  88
    2.9775787043e+00    7.1505196366e+00    1.0285229094e+01
    3.3012999036e+00    6.7922645705e+00    9.4095250961e+00
    3.5718358055e+00    7.6641802195e+00    9.0013910251e+00
    3.0701836280e+00    8.1415947026e+00    8.2799892927e+00
    3.3767864429e+00    7.2487171103e+00    7.9501949038e+00
    3.4580827262e+00    6.4590567818e+00    7.3420604818e+00
    2.4642496006e+00    6.3504243042e+00    7.3198185687e+00
    1.5439970603e+00    5.9660670160e+00    7.3933353133e+00

molecule  89
    2.2234646660e-01    6.7534585703e+00    1.0304872600e+00
    1.0157180006e+01    6.2116041873e+00    1.6905291238e+00
    9.7749564471e+00    6.1465937767e+00    2.6123093130e+00
    2.8055138935e-01    6.3109097415e+00    2.8358083022e+00
    1.4007396547e-01    5.3964407619e+00    2.4563182386e+00
    7.4588938731e-01    5.0250434060e+00    1.7527191584e+00
    9.2288523330e-01    4.0821219257e+00    2.0348034436e+00
    1.8624602039e+00    4.2256326948e+00    2.3456144836e+00

molecule  90
    1.7897849449e+00    9.5895941284e+00    4.7743989552e+00
    1.6385564982e+00    9.2168482349e+00    3.8588715549e+00
    9.1099105472e-01    8.8848400179e+00    3.2585224763e+00
    1.0386139752e+01    9.0760728068e+00    3.3133831923e+00
    9.6511039946e+00    9.7539937502e+00    3.3013239533e+00
    8.8417702314e+00    9.4652881376e+00    3.8128195657e+00
    8.6001712197e+00    1.0215212339e+01    3.1969925731e+00
    8.5068950378e+00    1.0168250794e+01    2.2024606654e+00

molecule  91
    1.0295614078e+01    3.8092645544e+00    3.7972397792e-01
    4.2811277998e-01    3.3644325196e+00    1.0159025824e+01
    1.1036864577e+00    3.8492059086e+00    2.5938007011e-01
    2.0137729280e+00    3.5256741199e+00    4.0169591581e-04
    2.0221259560e+00    4.4943926178e+00    2.4842326967e-01
    2.2956283210e+00    3.5465966330e+00    8.4474413483e-02
    2.7446830886e+00    3.4728429598e+00    9.7492944164e-01
    1.9360516607e+00    3.9933362257e+00    1.2491591912e+00

molecule  92
    9.6200845150e+00    4.9453217466e+00    6.4482568142e+00
    9.1590419266e+00    5.8162216607e+00    6.6184715014e+00
    8.5617582948e+00    5.0384002877e+00    6.8140378978e+00
    8.0559711075e+00    5.5670921544e+00    7.4957006872e+00
    7.4713599914e+00    5.0283577331e+00    8.1023263715e+00
    7.7207072709e+00    5.7000159257e+00    7.4046873909e+00
    7.8870306990e+00    5.9762150849e+00    6.4580882487e+00
    8.4883604661e+00    5.8358438125e+00    5.6715145344e+00

molecule  93
    1.8944900975e+00    2.3477221084e+00    3.9209806187e+00
    1.0173355643e+00    2.7986076564e+00    4.0862142252e+00
    1.0642089472e+00    3.7183416786e+00    3.6964807306e+00
    1.0472019332e+00    4.4976544099e+00    3.0700763941e+00
    6.1503034608e-02    4.3439775314e+00    3.0009366147e+00
    9.5525062608e+00    4.1769363767e+00    2.7947825424e+00
    1.0057468521e+01    3.8190500831e+00    2.0093337147e+00
    9.2959015120e+00    3.4620560918e+00    1.4684402807e+00

molecule  94
    6.5401816876e+00    9.9514945839e+00    5.7546275314e+00
    6.5865216202e+00    2.3971374406e-01    6.4218917369e+00
    5.6935954224e+00    6.8627287596e-01    6.4790558131e+00
    6.2665440170e+00    1.1036408702e+00    5.7736950691e+00
    7.1655607423e+00    1.3216940792e+00    5.3939298844e+00
    6.8728658591e+00    2.1854510536e+00    4.9837418252e+00
    6.5689412571e+00    3.0784506960e+00    4.6518059288e+00
    5.6519424447e+00    2.9873362967e+00    4.2634617499e+00

molecule  95
    8.7066870931e+00    5.8089780464e+00    2.5437034102e+00
    8.2100995689e+00    6.5247326612e+00    2.0526883721e+00
    9.0428515284e+00    6.2619147235e+00    1.5653989756e+00
    9.5685358512e+00    6.7344397227e+00    8.5802630443e-01
    8.8834846657e+00    7.3373914298e+00    1.2668712254e+00
    9.1907869463e+00    8.2347542823e+00    9.5016110626e-01
    9.1123465977e+00    8.4814737255e+00    1.0439412958e+01
    8.8274043144e+00    9.0951390380e+00    9.7030551803e+00

molecule  96
    6.6424456437e+00    3.9633347574e+00    3.9161671330e+00
    7.6085953045e+00    4.2043229567e+00    4.0082518342e+00
    8.1108198215e+00    5.0558456716e+00    4.1588490249e+00
    7.1864466407e+00    5.0994419430e+00    4.5378392875e+00
    6.5087941001e+00    4.9099310169e+00    5.2483831925e+00
    5.7500174704e+00    5.3231712532e+00    5.7518615933e+00
    4.9661662417e+00    5.9329559429e+00    5.8690788082e+00
    4.9308463349e+00    6.8903478934e+00    5.5824551297e+00

molecule  97
    6.5499334783e+00    7.3820264580e+00    8.2187843182e+00
    7.2747373428e+00    6.7564748746e+00    7.9300897135e+00
    7.3698378218e+00    7.6049801050e+00    7.4095181282e+00
    8.3190966959e+00    7.3585408495e+00    7.2141332615e+00
    8.3955927430e+00    7.8475080270e+00    8.0830748270e+00
    8.6153581921e+00    7.1564154075e+00    8.7716197848e+00
    8.6412484727e+00    6.4402964474e+00    8.0741219477e+00
    9.3932691743e+00    6.6827416744e+00    7.4611902760e+00

molecule  98
    9.4410588516e+00    5.0130153733e-01    3.2549275050e+00
    1.0030999772e+01    4.6014954705e-01    4.0613244653e+00
    9.8600258473e+00    1.4295175534e+00    4.2376580610e+00
    8.9584919519e+00    9.9686748758e-01    4.2447696384e+00
    9.0814650163e+00    1.5827468416e+00    3.4437559328e+00
    9.1015650300e+00    2.4559966672e+00    2.9568978954e+00
    9.9678756352e+00    2.8209902485e+00    3.2979046949e+00
    9.2694520789e+00    3.3512362724e+00    3.7785746688e+00

molecule  99
    9.7138718004e+00    3.1510029795e-01    2.8289177262e+00
    1.0177843082e+01    1.1993435866e+00    2.7755917949e+00
    3.3566040619e-01    4.7263194164e-01    2.4655101770e+00
    1.0363519344e+01    1.0204637146e+01    1.9228654227e+00
    4.4728613231e-01    9.5283762907e+00    2.4250907388e+00
    7.9747256166e-01    9.6666279102e+00    1.4986697097e+00
    1.7719365850e+00    9.4456964377e+00    1.4585561133e+00
    1.9589145320e+00    8.5886735609e+00    1.9387129559e+00
