  1.4969828e+03
  1.1179469e-01
  1.0775505e+03
  9.6032344e-05
  2.1984851e-05
  4.5860136e+02
  2.9876429e-05
  5.3797366e+02
  6.9766453e+03
  4.4166145e-04
  1.8842093e+03
  5.8544719e+02
  3.1300559e-04
  3.4370792e+02
  2.2971387e-02
  1.8266417e-02
  2.5601374e+01
  1.7080875e-03
  5.6203360e+03
  2.1830934e-03
  1.2580722e+01
  3.9698356e+03
  3.5488762e+03
  2.6269559e+03
  1.5386186e+02
  2.5231774e+01
  2.7252251e+02
  4.8456583e+01
  8.6040473e+01
  1.7436778e+03
  3.1342141e-05
  8.1975108e-04
  1.4329074e-03
  1.6826828e-03
  3.6112881e+02
  4.6284854e-04
  5.6177967e-04
  9.5831354e-03
  2.0935290e+03
  1.1075859e-04
  8.1118006e-02
  2.1161586e+00
  2.7634345e-04
  5.8583437e+03
  1.1606331e+01
  5.2425182e+03
  7.5363515e-01
  1.4697165e+03
  1.2556939e-02
  4.0369997e+01
  3.8877792e+03
  3.6279232e-03
  2.9452376e+03
  2.9754841e+03
  2.4542073e-01
  3.6346767e+03
  2.8650486e-02
  1.4956128e+01
  2.5815987e-04
  4.7857914e+02
  3.9421563e-06
  7.7456875e-03
  1.2438794e+03
  3.9337477e+03
  4.2377752e+01
  6.7444135e-05
  6.3858318e+02
  2.2110467e-02
  7.0212826e+02
  1.9885926e-03
  1.9785666e+00
  3.9120506e-04
  7.3461724e+03
  2.4557606e-03
  7.2297012e+03
  3.3235710e+00
  3.2492500e-04
  7.8431453e+01
  7.8177482e-01
  9.9969976e-04
  7.5021732e+02
  2.8889152e-02
  3.7441314e+02
  2.1857817e+01
  4.1505119e-03
  8.1078215e+03
  5.8075316e-03
  8.9320922e+00
  1.1947337e+03
  6.2706735e-05
  3.6243783e+01
  2.6942406e-03
  2.1490987e+03
  2.2834623e-04
  1.0667240e-03
  4.0587104e+03
  8.4677971e-02
  6.7929674e-03
  5.8533750e-03
  4.4273713e-01
  2.7047220e-05
  8.9883058e+03
  8.8159470e+03
  6.5498033e-05
  9.1300786e-05
  1.4874840e-04
  5.3061912e-04
  4.6138605e-05
  1.1076728e-01
  4.9566235e-03
  3.6328283e-01
  1.1464841e+03
  1.8325021e+04
  2.1375517e-02
  5.5144520e+03
  1.3490520e-01
  8.3761695e+01
  5.4787659e-05
  6.7906480e+01
  2.8164196e-03
  2.8178377e-02
  1.7090426e+03
  9.4745416e+00
  6.4573221e+03
  1.2244060e-03
  2.1887752e-05
  3.1355700e+03
  1.0861213e-05
  4.1984687e+02
  6.2111736e+03
  4.9929852e-05
  6.1475195e+03
  6.3602628e-06
  6.9569390e+03
  1.1861300e-04
  7.2214633e+03
  6.1973652e+01
  5.2434990e-04
  2.9978625e+01
  6.7956522e+03
  7.8705807e+02
  1.1466506e-03
  1.1080591e+01
  1.8122842e+01
  7.5045139e-03
  1.7923740e+03
  6.5640024e+02
  1.2952892e+03
  7.0110679e+03
  5.2001480e+03
  4.0869130e-05
  7.6477280e-05
  1.0417475e+01
  3.0500202e-05
  3.2992900e-04
  3.8860501e+02
  4.2425556e+03
  6.9798923e+03
  4.0903466e-03
  1.4707731e+00
  2.3488770e-05
  1.4833706e+01
  5.7124201e+03
  2.7445715e+02
  2.4141297e-06
  8.1275385e+03
  3.4306652e-05
  4.4130050e-05
  8.4871040e+02
  1.5435563e-04
  3.9432662e-03
  6.6493471e+01
  9.7890114e-03
  1.5216253e+03
  8.7518546e-05
  2.4420094e+04
  4.1150099e+02
  1.4925676e-02
  3.6977896e-02
  1.7289754e-04
  1.5587854e-05
  1.4518008e+03
  2.3075347e+02
  1.3799814e-05
  1.1254705e-03
  5.2162213e+01
  2.5289676e-02
  3.7746831e+01
  2.3766350e+01
  9.9102091e+02
  1.0974105e+01
  1.2611828e+04
  1.0032177e-04
  1.1661610e+00
  3.1287030e-01
  4.0512169e-05
  3.8335005e+03
  7.2323347e+03
  8.3130912e-02
  5.5811664e+03
  5.0675536e-05
  4.2326366e+01
  4.6738207e+03
  2.6881699e+03
  1.0576428e+02
  4.7285802e-04
  7.2115606e+03
  1.2440546e-03
  1.5826300e+01
  6.0075776e+03
  4.2440822e-04
  3.1062949e+02
  4.9612068e+01
  1.3098087e+03
  7.1528688e-06
  1.5921120e-04
  2.9459927e+00
  6.6570485e+03
  5.5505509e+03
  1.8602857e-03
  4.7049040e+03
  3.3729503e+03
  5.8161778e+01
  2.9199575e+01
  7.2306596e+02
  3.7115401e-03
  2.2345930e+02
  1.8019566e-03
  1.5760829e+03
  1.3773112e+02
  3.4073142e-01
  1.4495523e+03
  4.0564023e+00
  1.3883906e+03
  4.7208268e-03
  5.1046292e-02
  1.1084029e+04
  1.8890689e-05
  6.5420194e+02
  3.9040960e+02
  3.2147588e-04
  1.4357201e+02
  4.7139735e-02
  2.2194618e-03
  3.2051155e+03
  1.9110352e-03
  4.9010399e+01
  4.0975976e-03
  1.4935794e+03
  2.5090637e-04
  3.8690778e+03
  3.8250256e-02
  2.0565958e-02
  1.0083202e+03
  1.7236599e-04
  7.4805883e+01
  1.4146863e+01
  1.2352856e+03
  3.8463708e+01
  1.2359972e+03
  2.9655865e-02
  2.2467979e+03
  1.1591554e+01
  2.9156406e-04
  1.8759629e+02
  5.3684012e+03
  1.0085800e-05
  3.3962007e+01
  2.3390564e+01
  3.7319023e-04
  6.5282946e+00
  1.0722122e+04
  7.8457061e-01
  8.8945015e-04
  3.9047840e+01
  3.6087957e+03
  1.1749069e-01
  1.7496631e+03
  1.1365057e+03
  7.1588204e+02
  8.4310723e-05
  5.5669238e+03
  1.0700135e+02
  7.1815691e+03
  2.9193654e-04
  6.1443805e+03
  1.5343048e+03
  6.1454500e-03
  1.6455541e+02
  3.6844227e-04
  1.4150375e+03
  3.0560259e+02
  2.0674658e-03
  1.1842682e-01
  6.3901255e+03
  2.0478431e-01
  1.2736859e-04
  7.7168415e+03
  7.0978700e+03
  1.5891799e-04
  2.7838206e-05
  2.3779348e-01
  2.4639794e+03
  3.8826338e-06
  2.1047900e-04
  1.1038169e+04
  1.3382134e-04
  2.5987942e-01
  3.2422937e-01
  6.1923929e+03
  5.0291691e+00
  8.2880695e-05
  1.0553279e-02
  6.1889446e+03
  5.1877917e+03
  3.7090856e-02
  6.0502294e-04
  1.8465286e-03
  6.4534162e-01
  9.8092910e+03
  5.3771234e+03
  6.9460906e+03
  8.2472545e-04
  3.7285021e+02
  3.3309289e-04
  1.7230468e+03
  1.2232480e+02
  3.3639425e+02
  1.3922960e+01
  4.9885597e+03
  1.6528197e+02
  1.4388451e-03
  7.4408563e+02
  1.2532003e+02
  3.7187874e+01
  4.2754442e+03
  1.7479440e+00
  4.3224837e-05
  1.7304405e+03
  2.0021505e-04
  1.5891975e-01
  5.7175666e-05
  1.1076637e+02
  6.8082480e+02
  1.0204525e-02
  1.0458211e-03
  1.8398884e-01
  3.2058906e+00
  3.6740528e+00
  1.5568291e-03
  4.5303654e+03
  1.7144491e-04
  7.0329896e+03
  6.9353616e+03
  4.9396673e+03
  5.9648998e+03
  1.7556658e+03
  4.8903205e+03
  5.7441346e+02
  7.0726695e-03
  9.9360701e+01
  2.5396111e-05
  6.6847463e-04
  1.9188445e+03
  8.2892356e-03
  2.8363979e+02
  9.8130122e-04
  7.7625262e+01
  1.6535162e-02
  7.2668395e-02
  7.3835294e+03
  7.7273310e-05
  2.1774139e-04
  2.4702768e+00
  4.3640927e+02
  6.6468132e+00
  1.7851604e+01
  5.2120456e-04
  2.0509199e+02
  6.5793527e-06
  2.1906298e-02
  3.8148436e+01
  1.7001244e-02
  7.4063020e+02
  2.6402729e-05
  3.9803303e-02
  4.7366732e+03
  9.3588735e-04
  7.3246929e+03
  4.2496529e-05
  3.0019446e-04
  6.8154394e+00
  3.4925163e+03
  1.1207352e+01
  5.6298730e+01
  1.6837307e-02
  5.5924343e-04
  6.5199604e+03
  3.1435701e-05
  9.8738162e-05
  1.9752735e-04
  3.1844062e-04
  8.5174468e-04
  3.2984440e-01
  3.4781326e+03
  1.0224560e-05
  5.8368983e+03
  6.9988620e+02
  4.4123772e-03
  8.3106821e+01
  1.9764999e-01
  4.2991928e+00
  2.3190449e+03
  1.5514420e-02
  6.9791500e-04
  6.8772588e+03
  8.9144478e+03
  6.1894324e+03
  1.1812237e+01
  3.2501940e-03
  3.3393561e+02
  1.7512190e+03
  6.4244708e-04
  1.9812974e+03
  6.3144793e+03
  1.1492545e+02
  3.5661998e+01
  4.1258224e-03
  1.7444665e-03
  1.6448451e+03
  3.3468087e+02
  1.0973714e-02
  5.3646976e+03
  8.2838844e-05
  8.5020508e-02
  3.5897198e-03
  6.3149006e+00
  1.8148659e-04
  3.0043743e-03
  3.1627948e+02
  8.9352514e-01
  5.6378425e+03
  9.6783762e+02
  5.1791390e-02
  2.8021864e+03
  2.0899581e-05
  7.2199830e+03
  1.7093493e-01
  6.5565165e-05
  1.6563028e-04
  1.4217991e+03
  5.5748857e+03
  3.1370565e-03
  6.7000251e-03
  2.7361292e+03
  1.2139041e-02
  5.7580063e-03
  6.3532352e+03
  5.2657479e+03
  1.5025012e-04
  5.6882614e-04
  2.8222696e+03
  5.1168091e-04
  3.1820450e+03
  2.2607618e-04
  9.6802523e-02
  5.9992724e+01
  1.8659002e+01
  1.4826494e+03
  3.9274903e-05
  4.4105551e-01
  1.7473399e+03
  4.6255100e-02
  1.6713425e-01
  3.6613253e+03
  9.5584973e-01
  1.2948046e+02
  9.8890016e-04
  1.6848005e-01
  1.0466766e+02
  4.9607398e-05
  7.7791013e-05
  2.0119299e-01
  9.7748377e-06
  5.1046399e+01
  6.4168493e+02
  4.1009743e-03
  6.4284697e+03
  4.1775865e-01
  5.3900083e+02
  1.6330550e+03
  4.1887288e+02
  2.0879610e+03
  4.0599780e+00
  2.1793112e+03
  5.7064621e-04
  3.0624442e+02
  6.3681400e+03
  3.8206278e-02
  1.6822420e+03
  4.9065864e-03
  4.4619422e-04
  1.1532925e+03
  2.6864566e+03
  4.9913360e+01
  1.0767134e+03
  1.9253605e-03
  8.8075653e-04
  9.0985255e+01
  4.4318582e-05
  3.4206622e-03
  8.6387612e-05
  1.4944227e-04
  1.2037184e+03
  1.0955757e-06
  1.5268339e-03
  1.4560737e+00
  1.7194225e-02
  3.7028198e+01
  4.1847407e-01
  2.6587336e+03
  4.7801207e-05
  8.4040019e+01
  4.7062456e-05
  1.5730955e-02
  1.0973963e-03
  4.6818646e+02
  1.3277542e-05
  3.3170864e+03
  6.6174676e-05
  2.5700966e-01
  6.8714237e+03
  7.1438939e+03
  1.8681821e-03
  2.5501998e+03
  1.7767511e-05
  4.4347733e+01
  5.3149272e+00
  6.9812053e+03
  2.6896453e+02
  2.3312977e-05
  1.8349495e-05
  1.1342191e+03
  2.8443437e+00
  1.0259211e+03
  1.8890746e-05
  4.9425791e+02
  3.6715734e+03
  4.8164784e-01
  2.2219846e+03
  8.1629115e-04
  5.4411961e+02
  4.5344738e-05
  4.0176917e-05
  1.1008767e+04
  5.6515585e+01
  1.9228403e+03
  4.8223700e+01
  3.0327848e+03
  5.5137487e-04
  2.2875648e+03
  2.5943958e-05
  5.9605263e+00
  2.9286601e+03
  3.5135567e-03
  6.5322485e+00
  1.4339724e-01
  2.2393802e+00
  2.3869051e-05
  1.5428171e-05
  1.7209846e+03
  4.8564387e+03
  5.4030585e-05
  1.1113703e+03
  2.4927145e-05
  3.2091967e+03
  1.1169783e+02
  2.3773123e+00
  1.6181004e-03
  4.5078936e+00
  2.9236378e-01
  4.1548450e-03
  7.2274365e+03
  3.8255599e-04
  4.2233405e+01
  3.5773794e+00
  1.8910864e-04
  7.0939892e+03
  1.9472413e-03
  1.5108459e+01
  5.3057940e-03
  2.3165426e+03
  8.2780913e-04
  9.3615585e+02
  7.0917218e-01
  2.0562073e+03
  3.2448077e+03
  3.1673204e+01
  6.1190123e+01
  8.4307478e+02
  4.5836061e+03
  9.0651566e+02
  4.8573111e+03
  5.5684935e+03
  2.4660978e-03
  9.2131609e-05
  4.7602330e+03
  2.3559035e-02
  9.9489589e+02
  2.5770968e-02
  5.6268158e+03
  1.3001361e+04
  1.3956034e-04
  4.6191662e+03
  4.8106536e-01
  2.4608227e+02
  7.9981302e-03
  2.3545360e+03
  5.5832057e+03
  7.9450414e-03
  2.8873008e+03
  1.7045660e-03
  1.6680059e+01
  2.7294187e+02
  1.3922216e-05
  2.7358443e+01
  3.4822940e-02
  6.4502729e+01
  8.9041276e+01
  5.7624091e+01
  7.0870708e+00
  8.3786498e-04
  3.0380846e+01
  7.6629988e-05
  5.8909513e+03
  1.2648194e+04
  1.1498508e-02
  4.3231282e+03
  8.4713332e-04
  3.6040190e+02
  2.7734923e-04
  5.1597333e+03
  2.3476798e-05
  2.3227333e-03
  7.4847186e+03
  1.4382358e-03
  6.3685731e-03
  6.7331607e+02
  1.9103227e-02
  1.6452654e+03
  1.6606788e+02
  8.5274682e-04
  5.8987530e+01
  1.2464191e-05
  7.3530515e-04
  9.9517557e+02
  1.0962926e+02
  2.8025865e-01
  2.0327810e-04
  1.4255576e+03
  4.5310828e+03
  1.5626266e+01
  9.2008286e+03
  1.7806735e-04
  1.2191727e-04
  7.1835031e+03
  4.0496141e+03
  3.5980839e-02
  8.7893254e-05
  1.1374040e-04
  1.5784189e-01
  2.9173544e+03
  7.1615829e+03
  2.4430940e-04
  1.0718412e-01
  7.4862526e+02
  2.6790580e+03
  9.4698814e-02
  7.6031019e+03
  7.0465870e+03
  2.2659868e+01
  3.9291294e+01
  4.4263388e+03
  1.1952449e-04
  4.7537996e+03
  6.7933636e+03
  3.4607059e-03
  1.2537343e+02
  4.9718534e-05
  7.9176065e+03
  1.8448106e-01
  1.7101959e-05
  2.3704110e-03
  5.1690616e+03
  9.5062614e-02
  6.1968081e+03
  5.3478885e+01
  5.8127473e+01
  6.3438758e+03
  7.7848316e+01
  2.3197331e-04
  3.2232676e-02
  2.7280835e+02
  2.0141412e+02
  8.1895811e+03
  2.1350860e+03
  9.5657081e-05
  2.5593486e+03
  3.4982494e+03
  5.8599156e-03
  1.7906805e+03
  4.9870320e-04
  6.6601297e+01
  2.4875699e+03
  8.8597071e+01
  2.7103341e-02
  5.5661150e+03
  1.6770378e+01
  7.2514445e+03
  1.1528411e-02
  1.1165230e+03
  5.4088535e+01
  3.6554908e-01
  1.7612318e-04
  4.9835110e+02
  2.8110095e-05
  9.3660298e+01
  9.4562051e+02
  8.0083068e+02
  2.1045014e-03
  1.7524454e+03
  1.3239580e+00
  2.2271539e+02
  1.0238046e+04
  6.9351189e+03
  6.7396625e-02
  5.4230033e-06
  9.9277677e-04
  3.0253704e+01
  2.5532044e-01
  1.5413408e+01
  4.5743113e+03
  5.4019059e-03
  5.4841900e-05
  4.6803903e+03
  1.3604208e-03
  7.2284964e-04
  3.6061634e-03
  1.0666187e+03
  4.4613168e-03
  7.3014378e-04
  4.1010126e-04
  4.9159133e+01
  1.4165948e+00
  3.3663941e-04
  6.0536144e-04
  1.8174034e+03
  5.1526635e+01
  4.4429997e-01
  1.6989185e+03
  1.3997473e-02
  6.6623027e+03
  5.2344669e+01
  3.1845362e+01
  4.5792257e+03
  4.1461523e-05
  3.4749552e+00
  7.2713708e+02
  1.2464772e-02
  1.6271984e+03
  5.8548183e+00
  1.4211552e+01
  4.6075039e+02
  2.1743703e+01
  2.1127896e-04
  3.1367973e-03
  5.8408610e+03
  5.8299188e+03
  2.4665532e+02
  3.4303234e+00
  4.0350625e-04
  1.1757018e+02
  4.9354076e-05
  4.8429892e-04
  2.1402950e-01
  1.2880769e-05
  7.2613563e+03
  2.1732450e-02
  1.6497275e-01
  1.5685514e+02
  5.2773019e+02
  9.0638372e-03
  2.5645797e+03
  2.4398253e-01
  7.6599599e+03
  4.0439796e+02
  6.2937796e+03
  6.0019452e-05
  5.3323676e+03
  6.0052574e+03
  4.3085978e+03
  3.2091205e-01
  8.1952098e+02
  2.7089562e+00
  1.3227924e+02
  1.6205338e-05
  6.3898614e+01
  1.0396346e+01
  6.6676537e+03
  2.8377344e+03
  7.6129908e+03
  6.6219312e+01
  3.1861984e-04
  5.5246570e+03
  8.0905487e-03
  2.4086052e+02
  2.5602766e+03
  7.5412822e+02
  2.4701975e-04
  1.0069773e+02
  1.5911172e+03
  3.4416140e-04
  5.6675213e-03
  4.2295908e+02
  1.7994863e+03
  5.0055317e+03
  1.2569919e+03
  1.9787590e-02
  1.6820767e-01
  1.8948939e+03
  3.6450472e-06
  1.4376280e-03
  6.4956101e+01
  2.6313071e-03
  6.9679752e+03
  7.2237198e+03
  1.6187178e+01
  8.8799515e+01
  6.1846430e-04
  6.9470894e+01
  2.9319025e+02
  1.2688290e+00
  4.7455656e+02
  1.2590284e-03
  1.1361215e+03
  1.4554626e-06
  1.8309734e+03
  1.0825455e+02
  1.4203705e+01
  1.2458843e-04
  3.8808480e-03
  5.4942009e+03
  1.0281519e-03
  1.2124274e+01
  4.1384696e-05
  2.9402973e+01
  3.8157841e-05
  1.6711786e+02
  4.2328406e+02
  8.1233169e-05
  1.8702505e-03
  6.0051920e+03
  1.4047942e-05
  7.2193996e+02
  4.2690790e+00
  1.3366424e-01
  1.6252761e-03
  1.0518369e-04
  1.1031735e+01
  1.1232781e-04
  6.0424799e-03
  3.5272833e+01
  1.6773256e+02
  8.2900388e+01
  1.4668113e-01
  6.0763797e+03
  1.2280668e+04
  1.6002863e+03
  8.0419606e-04
  1.7433057e+03
  9.1216409e+01
  1.8562696e-02
  6.8454161e+02
  1.3664483e+03
  4.1287124e-05
  1.3862255e+03
  8.8032249e-04
  1.3124472e-04
  4.4322275e+03
  1.3465518e-05
  1.0205979e-01
  1.8331908e+02
  1.3647354e+00
  1.1017105e+00
  2.5822351e+01
  8.3779067e-04
  5.9227792e+03
  6.5634992e+03
  5.9406184e-06
  1.2683867e-03
  1.9548721e+01
  5.8810289e+03
  3.6941894e+03
  7.9188561e-06
  1.8489688e-03
  1.0583582e+00
  1.1034203e-04
  2.1627103e+03
  3.3254529e+00
  1.5147205e+01
  3.2478663e-05
  2.3139273e+03
  7.6628779e-03
  3.9384779e+02
  8.2937358e-02
  5.2800048e+02
  5.1527367e+03
  1.7203425e-04
  1.7281389e-03
  5.0819737e-04
  8.3140406e+02
  2.3895257e+01
  2.4046028e-03
  4.8920135e+00
  4.0688628e-05
  3.6542015e+03
  7.2095058e+01
  1.1349181e-03
  3.8541374e+03
  7.8290203e+02
  3.6164947e-03
  4.4219490e+02
  3.4414598e+00
  2.3526933e+00
  1.7893384e-04
  9.3437502e-02
  3.8167847e-01
  6.4870428e+03
  1.2014772e-02
  2.1473107e+03
  2.4172944e+03
  4.0336492e-04
  5.8817756e+03
  3.5564454e+03
  1.0557492e-05
  1.9278271e-04
  7.6288426e+03
  1.0897286e-03
  3.9941250e-04
  9.8358951e+02
  1.2663370e+03
  3.8011706e-04
  5.5396903e+02
  1.9370993e+03
  5.0116583e+00
  6.3576463e-03
  3.7287969e+03
  4.4096652e+03
  2.2710427e-01
  4.7414477e+03
  1.4478322e+00
  6.4213786e+03
  3.7202399e-02
  6.2121139e+02
  1.4697418e+03
  1.9767018e+03
  5.1934520e-03
  3.1135536e+03
  5.4016147e+00
  4.2408306e-02
  7.0638807e-03
  7.9864058e+03
  2.2094798e-06
  1.1553046e+02
  8.4756663e-04
  4.6906756e+03
  1.0280679e+02
  3.1565773e+01
  1.2213345e-02
  2.6396776e+03
  3.1339942e+03
  4.2221863e-05
  7.9771700e+02
  1.4733438e+03
  4.0877101e+03
  3.5733333e+03
  3.7690435e+03
  3.1436464e-05
  4.5806254e-03
  6.7338892e-06
  8.5379106e-02
  1.0078302e+04
  6.9581397e+00
  6.7778614e+03
  4.0635086e-05
  4.1257542e+00
  2.4573859e-01
  6.0251628e-03
  6.5662305e+02
  6.7004825e-03
