  7.0329593e+03
  6.5760976e+03
  8.0498508e+03
  7.1012265e+03
  6.8829314e+03
  7.5097809e+03
  7.0330059e+03
  7.7539011e+03
  1.1392982e+04
  7.0807617e+03
  9.6203658e+03
  7.5597934e+03
  6.8490616e+03
  7.2664937e+03
  7.0057180e+03
  6.8699458e+03
  6.7333575e+03
  7.3949904e+03
  1.2716515e+04
  7.2036008e+03
  6.8012183e+03
  9.2416448e+03
  9.8571066e+03
  8.3063933e+03
  9.3201655e+03
  6.3672547e+03
  1.0000512e+04
  6.9407905e+03
  9.5853828e+03
  8.0002930e+03
  6.7260352e+03
  6.7874822e+03
  6.7260699e+03
  7.3812806e+03
  7.0731096e+03
  7.1080881e+03
  7.1015446e+03
  7.6675316e+03
  9.1786684e+03
  6.8420091e+03
  7.3816400e+03
  6.9820332e+03
  7.0944191e+03
  1.1469311e+04
  6.6554566e+03
  9.0391385e+03
  6.8582718e+03
  8.0613398e+03
  6.6308464e+03
  7.1046111e+03
  8.8036798e+03
  7.1353668e+03
  8.2516552e+03
  8.4243505e+03
  6.8699130e+03
  8.9284920e+03
  6.7949734e+03
  7.4610289e+03
  6.9784546e+03
  6.9105983e+03
  7.2308287e+03
  6.9581207e+03
  8.5027029e+03
  1.2043933e+04
  7.3066159e+03
  6.9306816e+03
  7.5727815e+03
  6.9446617e+03
  7.5089768e+03
  7.0398556e+03
  6.7631940e+03
  6.6646413e+03
  1.1697315e+04
  7.0193610e+03
  1.1227710e+04
  6.8567634e+03
  6.7465004e+03
  6.8406851e+03
  7.2518123e+03
  6.8217976e+03
  7.1807588e+03
  6.7739109e+03
  9.8440218e+03
  6.8991312e+03
  6.8079464e+03
  1.1838155e+04
  7.1425876e+03
  7.1762563e+03
  8.0632545e+03
  6.8351802e+03
  6.3283192e+03
  6.9514580e+03
  7.8596486e+03
  7.1148809e+03
  6.6782928e+03
  1.0430352e+04
  6.9045858e+03
  6.6646410e+03
  6.8148463e+03
  6.7622912e+03
  6.6714642e+03
  1.3679802e+04
  1.4452726e+04
  6.6578208e+03
  6.9716160e+03
  6.8010743e+03
  6.1396137e+03
  7.2240083e+03
  6.5901542e+03
  7.4765605e+03
  6.8298518e+03
  8.6478138e+03
  1.3050199e+04
  6.8903320e+03
  1.0907095e+04
  6.9787124e+03
  7.0033790e+03
  7.3195092e+03
  6.0879311e+03
  6.7397018e+03
  7.1565098e+03
  7.7127951e+03
  7.1777023e+03
  1.1690497e+04
  6.5694945e+03
  6.9852545e+03
  8.8597860e+03
  7.0875764e+03
  7.2238405e+03
  1.1783287e+04
  7.2990474e+03
  1.0674641e+04
  7.3126873e+03
  1.3978612e+04
  7.1012207e+03
  1.2622032e+04
  7.0420637e+03
  6.8147215e+03
  7.0603319e+03
  1.1979336e+04
  7.6435379e+03
  6.8420412e+03
  6.8350954e+03
  7.0760737e+03
  6.8898771e+03
  7.1316183e+03
  7.9320909e+03
  7.8569442e+03
  1.1921290e+04
  9.7307348e+03
  6.9170409e+03
  7.0602941e+03
  6.9370585e+03
  6.6782848e+03
  6.9648147e+03
  7.1477963e+03
  1.0581543e+04
  1.2281601e+04
  7.1355278e+03
  6.8311474e+03
  6.8897525e+03
  6.9661910e+03
  1.0750162e+04
  6.9585914e+03
  6.8147148e+03
  1.1379002e+04
  6.6441766e+03
  6.9511492e+03
  7.9210914e+03
  6.5077472e+03
  6.5896953e+03
  9.2994205e+03
  6.7056966e+03
  8.6726998e+03
  7.1489718e+03
  1.4695574e+04
  7.0982717e+03
  6.8083732e+03
  6.8634209e+03
  7.2922329e+03
  6.9170388e+03
  7.0716781e+03
  7.5664724e+03
  7.1285059e+03
  6.7260576e+03
  7.4531252e+03
  6.8489826e+03
  6.5916862e+03
  6.8285726e+03
  7.3776525e+03
  6.8293575e+03
  1.5808413e+04
  7.4358191e+03
  7.2346721e+03
  6.8030080e+03
  6.7669667e+03
  9.1873277e+03
  1.2002529e+04
  7.0398266e+03
  9.0907463e+03
  6.8965772e+03
  7.0809138e+03
  9.7339141e+03
  7.8388919e+03
  7.1805939e+03
  7.5173471e+03
  1.1234250e+04
  7.1899747e+03
  7.2198107e+03
  1.0928403e+04
  6.8147211e+03
  7.2602582e+03
  6.7560124e+03
  8.3808748e+03
  6.1871335e+03
  6.8490390e+03
  7.5131467e+03
  1.5021845e+04
  1.1468681e+04
  6.8628303e+03
  1.3196379e+04
  1.0464727e+04
  7.1730481e+03
  6.8490916e+03
  7.3019246e+03
  6.8558128e+03
  7.2596124e+03
  7.0398790e+03
  7.6077776e+03
  9.9110376e+03
  7.4161321e+03
  7.9075291e+03
  6.8890415e+03
  8.2706874e+03
  7.2444729e+03
  7.0949078e+03
  1.4505456e+04
  6.9238598e+03
  9.5068274e+03
  7.3420459e+03
  6.7806195e+03
  6.8152216e+03
  6.7669711e+03
  7.5037788e+03
  1.0913718e+04
  7.4219155e+03
  7.2016493e+03
  6.6991157e+03
  7.2488348e+03
  6.6987611e+03
  8.3097976e+03
  6.5697539e+03
  7.0467222e+03
  7.3904475e+03
  7.0261971e+03
  9.7387137e+03
  7.0049707e+03
  7.6653615e+03
  6.9345877e+03
  7.4876018e+03
  6.9858920e+03
  7.8871980e+03
  7.0809865e+03
  7.0739361e+03
  7.2045376e+03
  1.0533894e+04
  6.7669648e+03
  7.0806948e+03
  7.1429793e+03
  6.3375590e+03
  6.6461742e+03
  1.3273018e+04
  7.2044100e+03
  6.9034560e+03
  6.9681185e+03
  1.0178010e+04
  6.6237130e+03
  8.4362005e+03
  7.0451385e+03
  7.0499425e+03
  6.9579683e+03
  1.0444539e+04
  6.9562387e+03
  1.1243388e+04
  6.7260388e+03
  1.1962251e+04
  7.1617238e+03
  7.3541382e+03
  7.0969420e+03
  6.7669860e+03
  6.5900410e+03
  7.0774911e+03
  7.2378711e+03
  7.0882001e+03
  1.2027457e+04
  7.1023125e+03
  6.5149283e+03
  1.3034376e+04
  1.1608795e+04
  6.8556542e+03
  6.5282112e+03
  6.6517879e+03
  9.5906784e+03
  6.9920749e+03
  6.8556557e+03
  1.5531415e+04
  6.9511475e+03
  7.4703805e+03
  7.0952736e+03
  1.1112764e+04
  6.9856795e+03
  6.5145686e+03
  6.9105750e+03
  1.2182159e+04
  1.0905246e+04
  7.0808238e+03
  7.2922699e+03
  6.8217979e+03
  6.4475212e+03
  1.5475687e+04
  1.0793473e+04
  1.1750759e+04
  6.7465780e+03
  7.5939616e+03
  6.9378540e+03
  9.1184631e+03
  7.3110745e+03
  6.9771395e+03
  6.9599016e+03
  1.1119389e+04
  7.3798659e+03
  6.9648275e+03
  7.8020348e+03
  6.5234924e+03
  6.7548781e+03
  1.0794021e+04
  6.6384826e+03
  6.3576721e+03
  8.6529021e+03
  6.8969200e+03
  6.8699464e+03
  7.0534726e+03
  6.8154849e+03
  7.4724496e+03
  7.0470751e+03
  7.2854920e+03
  7.2452974e+03
  7.1696314e+03
  6.9415895e+03
  7.2922748e+03
  1.0414728e+04
  7.1694513e+03
  1.7102538e+04
  1.0560311e+04
  1.0568409e+04
  1.0599056e+04
  6.9521782e+03
  1.0482716e+04
  7.4018268e+03
  7.1697240e+03
  7.5233944e+03
  7.0466473e+03
  6.4465908e+03
  9.3965443e+03
  7.0265974e+03
  7.2666343e+03
  6.9445864e+03
  6.7758103e+03
  6.5491720e+03
  6.5971248e+03
  1.1797487e+04
  6.8829365e+03
  6.9989140e+03
  7.1834088e+03
  7.4537157e+03
  7.0109071e+03
  7.3055868e+03
  6.8966072e+03
  7.3754322e+03
  6.4872811e+03
  6.8154755e+03
  7.2203939e+03
  6.6786324e+03
  7.5721573e+03
  6.9443242e+03
  6.8904667e+03
  1.0972747e+04
  6.9855993e+03
  1.8013345e+04
  6.6100689e+03
  6.8079190e+03
  7.2654615e+03
  8.6610735e+03
  6.6237563e+03
  7.1598259e+03
  6.6578211e+03
  6.7397919e+03
  1.1860898e+04
  7.3740833e+03
  6.8283647e+03
  7.3468093e+03
  7.2444906e+03
  7.7564796e+03
  6.7260415e+03
  8.5762555e+03
  6.8556447e+03
  1.1544404e+04
  7.2289849e+03
  6.6854878e+03
  6.6104327e+03
  6.6513495e+03
  6.7064825e+03
  9.2653131e+03
  6.8422270e+03
  6.2007813e+03
  1.0716194e+04
  1.4879344e+04
  1.1317707e+04
  6.7485964e+03
  6.9102709e+03
  1.0263455e+04
  8.7886985e+03
  7.1080733e+03
  7.2043599e+03
  1.3189108e+04
  6.7797544e+03
  6.9749962e+03
  6.8626000e+03
  6.8761366e+03
  7.6598562e+03
  7.3128160e+03
  7.2855853e+03
  1.1182093e+04
  6.6168968e+03
  7.3613278e+03
  7.3946723e+03
  7.0674512e+03
  7.0538187e+03
  6.9444834e+03
  7.8092063e+03
  6.6528532e+03
  1.1644164e+04
  8.2636629e+03
  6.9454011e+03
  1.1971230e+04
  6.7260350e+03
  1.1841033e+04
  6.1395541e+03
  7.0875810e+03
  6.7328639e+03
  6.9572172e+03
  1.0053265e+04
  6.9172234e+03
  7.0816103e+03
  8.6378619e+03
  6.8082658e+03
  6.8352571e+03
  1.1404236e+04
  1.1620413e+04
  7.1694419e+03
  7.0876138e+03
  8.3515027e+03
  6.9511783e+03
  1.0031039e+04
  6.6168955e+03
  6.9242265e+03
  7.1050003e+03
  8.3398691e+03
  7.6213892e+03
  6.7669641e+03
  7.0208587e+03
  7.0126643e+03
  6.8078952e+03
  6.9116251e+03
  8.6215406e+03
  6.4198535e+03
  9.6416886e+03
  7.0603612e+03
  6.5434060e+03
  7.1346806e+03
  6.8761125e+03
  6.7123926e+03
  6.6661175e+03
  6.6987488e+03
  6.8240748e+03
  8.3851182e+03
  6.6988432e+03
  1.1685489e+04
  6.8836720e+03
  8.0331822e+03
  6.7953088e+03
  1.0143424e+04
  8.2010696e+03
  6.9815077e+03
  8.0431684e+03
  6.8965827e+03
  9.7114834e+03
  1.4573572e+04
  6.7950096e+03
  8.2184657e+03
  7.2854252e+03
  7.2175276e+03
  8.1182576e+03
  9.2011969e+03
  6.9096036e+03
  7.4566950e+03
  6.9513918e+03
  7.4286695e+03
  7.3887791e+03
  7.1080411e+03
  6.6239953e+03
  6.8897586e+03
  6.7465107e+03
  8.6155657e+03
  6.9988963e+03
  6.6444393e+03
  6.6005602e+03
  6.6034369e+03
  6.9516563e+03
  6.2632035e+03
  8.7806085e+03
  7.2240102e+03
  6.9932047e+03
  7.2854033e+03
  6.2624954e+03
  7.2854665e+03
  7.1833240e+03
  6.7465002e+03
  8.9559740e+03
  6.8556490e+03
  7.1637800e+03
  1.1732775e+04
  1.1515619e+04
  6.7397713e+03
  9.7265962e+03
  6.9033950e+03
  6.8116539e+03
  6.6749962e+03
  1.1269689e+04
  1.0574176e+04
  7.1626149e+03
  7.1421492e+03
  8.4573424e+03
  6.9461093e+03
  7.4766719e+03
  6.7601437e+03
  7.3406955e+03
  9.8350925e+03
  7.0346527e+03
  8.8763601e+03
  6.7260370e+03
  7.4144931e+03
  6.9716116e+03
  7.5991916e+03
  1.7975236e+04
  7.6946499e+03
  8.2467066e+03
  7.3570865e+03
  1.0996057e+04
  7.0944008e+03
  9.2891799e+03
  7.0330053e+03
  7.1263188e+03
  8.5513477e+03
  7.4901839e+03
  6.6428263e+03
  7.4971854e+03
  6.8199781e+03
  7.0943990e+03
  7.0466479e+03
  7.2514260e+03
  1.4829733e+04
  6.7123924e+03
  8.4472215e+03
  6.7874288e+03
  1.0300375e+04
  6.6016187e+03
  6.6102016e+03
  6.9787975e+03
  6.4750371e+03
  6.0851068e+03
  7.1836173e+03
  1.2069618e+04
  6.8079003e+03
  7.0518567e+03
  7.3396464e+03
  7.1558036e+03
  1.1042502e+04
  7.0671132e+03
  6.7073696e+03
  7.1424468e+03
  9.3774163e+03
  7.1289090e+03
  7.5374158e+03
  7.1179337e+03
  1.0838751e+04
  7.5896105e+03
  6.9593730e+03
  6.7297568e+03
  7.2144133e+03
  1.0161729e+04
  7.3427510e+03
  1.0722648e+04
  1.1038670e+04
  7.1285095e+03
  7.3058724e+03
  1.0710665e+04
  7.3814749e+03
  7.7908428e+03
  7.1629904e+03
  1.0511553e+04
  1.4143311e+04
  6.7192135e+03
  1.1099136e+04
  7.3412702e+03
  7.1662926e+03
  6.6240451e+03
  9.6015865e+03
  1.1352713e+04
  6.1667031e+03
  9.7082095e+03
  6.9853839e+03
  6.8553295e+03
  7.0582970e+03
  6.5964257e+03
  7.3409245e+03
  6.8222101e+03
  6.9306601e+03
  6.8358716e+03
  6.9616491e+03
  6.9648086e+03
  6.9102304e+03
  6.6917223e+03
  6.4463557e+03
  1.0853503e+04
  1.7968048e+04
  6.8557315e+03
  1.0532247e+04
  6.7533210e+03
  7.7922043e+03
  6.9238713e+03
  1.1022371e+04
  7.1489715e+03
  7.0125841e+03
  1.2082047e+04
  7.0332892e+03
  7.5929225e+03
  7.1911964e+03
  7.3474876e+03
  9.0978105e+03
  7.5568747e+03
  6.7192460e+03
  7.1314468e+03
  6.8965736e+03
  6.4532144e+03
  7.4922247e+03
  6.6720742e+03
  6.3379653e+03
  7.0739335e+03
  8.8300894e+03
  1.1978304e+04
  7.0379425e+03
  1.2990203e+04
  6.4736533e+03
  7.4150114e+03
  1.1816480e+04
  8.8655218e+03
  6.9170405e+03
  7.2990503e+03
  7.3195168e+03
  6.9999925e+03
  9.9035031e+03
  1.1071319e+04
  7.3536325e+03
  6.9721893e+03
  1.1559530e+04
  8.2199787e+03
  7.1973563e+03
  1.1986227e+04
  1.1522454e+04
  6.5111860e+03
  6.4723021e+03
  1.1501713e+04
  6.9787904e+03
  9.5087489e+03
  1.1107884e+04
  7.1080964e+03
  6.7647697e+03
  7.1148640e+03
  1.1436338e+04
  7.1635653e+03
  7.1216845e+03
  7.0671422e+03
  1.1960064e+04
  6.6653597e+03
  1.0921968e+04
  7.1435155e+03
  7.1358363e+03
  1.1223258e+04
  7.5749200e+03
  7.0125554e+03
  6.5762248e+03
  6.7993640e+03
  1.0357673e+04
  1.2252430e+04
  9.4243726e+03
  6.8488293e+03
  9.3405221e+03
  1.1192021e+04
  6.8969789e+03
  6.7711918e+03
  6.9514877e+03
  7.4053011e+03
  7.4344358e+03
  9.9553008e+03
  6.4605211e+03
  1.1771432e+04
  7.3473774e+03
  1.2071826e+04
  6.8765657e+03
  7.6938105e+03
  7.0270742e+03
  7.1830877e+03
  6.6851167e+03
  7.7200902e+03
  6.5418536e+03
  7.2286197e+03
  8.0641862e+03
  8.0059543e+03
  6.8692871e+03
  7.1280592e+03
  6.9461257e+03
  9.7971568e+03
  1.5108449e+04
  1.1902545e+04
  7.1353340e+03
  7.1216843e+03
  7.1694607e+03
  6.6860154e+03
  6.8426388e+03
  6.9926192e+03
  9.1661141e+03
  7.0603262e+03
  7.1898995e+03
  1.0595210e+04
  7.0125395e+03
  6.4124923e+03
  6.7738483e+03
  8.2558601e+03
  6.9921362e+03
  7.0125668e+03
  7.4491179e+03
  6.9893486e+03
  6.5780469e+03
  6.9170621e+03
  7.0330119e+03
  7.1467481e+03
  6.6916402e+03
  6.4535424e+03
  8.5979225e+03
  6.8761088e+03
  1.0967741e+04
  6.4578430e+03
  7.5775927e+03
  1.0578732e+04
  6.6509984e+03
  7.6531400e+03
  7.3027607e+03
  6.6170869e+03
  8.1412457e+03
  6.7587431e+03
  7.2062188e+03
  6.3435335e+03
  7.0525224e+03
  6.9170379e+03
  6.8492344e+03
  1.2372673e+04
  1.0334666e+04
  7.0789418e+03
  7.2646955e+03
  6.6441813e+03
  6.9485125e+03
  7.0057213e+03
  7.0876162e+03
  7.0209210e+03
  7.2581154e+03
  1.1962756e+04
  6.7533369e+03
  6.9316405e+03
  7.0630582e+03
  7.5298268e+03
  6.7537038e+03
  8.5090979e+03
  6.9306853e+03
  1.1855662e+04
  7.4578374e+03
  1.1640423e+04
  6.8081213e+03
  1.0220035e+04
  1.0419731e+04
  9.1205401e+03
  6.1056227e+03
  8.1845877e+03
  7.0932460e+03
  6.9739941e+03
  7.0602909e+03
  6.8537762e+03
  6.7793301e+03
  1.2211918e+04
  1.0670714e+04
  1.1523334e+04
  6.2587250e+03
  6.9511640e+03
  1.2298957e+04
  6.6105046e+03
  7.0143472e+03
  9.1955292e+03
  7.7899180e+03
  7.2103850e+03
  1.0047782e+04
  7.3109316e+03
  7.1353270e+03
  7.1015257e+03
  9.9390639e+03
  7.3697692e+03
  1.0687518e+04
  8.7048591e+03
  7.0809780e+03
  7.1425507e+03
  7.1566316e+03
  7.5173331e+03
  7.1217308e+03
  7.3301074e+03
  6.8624838e+03
  1.1754696e+04
  1.2064289e+04
  7.3671288e+03
  7.3607354e+03
  6.4805078e+03
  6.9353993e+03
  6.8319196e+03
  6.8789763e+03
  6.9283366e+03
  6.9989110e+03
  7.0232733e+03
  6.6373549e+03
  7.4442484e+03
  7.2903557e+03
  7.2752637e+03
  6.5145758e+03
  6.9512289e+03
  9.6551790e+03
  6.7806230e+03
  7.0470460e+03
  7.0739358e+03
  6.9071531e+03
  7.0944001e+03
  6.8177195e+03
  6.6874604e+03
  6.6578207e+03
  7.3059886e+03
  1.1800640e+04
  6.4463529e+03
  7.8586195e+03
  6.9596992e+03
  6.8766920e+03
  7.6675672e+03
  6.6169005e+03
  7.1209578e+03
  7.2581202e+03
  7.3334426e+03
  7.3283506e+03
  1.0232450e+04
  7.0404642e+03
  7.4013686e+03
  1.5196443e+04
  1.5292109e+04
  7.0043265e+03
  6.8556440e+03
  6.4636540e+03
  7.2257199e+03
  6.8762764e+03
  7.4958927e+03
  1.0439375e+04
  7.1489711e+03
  8.2472800e+03
  7.0466894e+03
  6.8829317e+03
  1.0739999e+04
  6.9170381e+03
  6.9866478e+03
  6.9951975e+03
  6.9053019e+03
  7.3308377e+03
  7.2146201e+03
  7.0671308e+03
  1.0255758e+04
  1.1455416e+04
  6.7260352e+03
  6.6647485e+03
  7.8544186e+03
  1.0057745e+04
  1.0002418e+04
  6.2144201e+03
  7.0129953e+03
  7.1842796e+03
  6.6509992e+03
  8.8459905e+03
  6.8654166e+03
  6.7662651e+03
  6.4395320e+03
  1.0560898e+04
  6.8351949e+03
  7.5513417e+03
  7.1560921e+03
  7.3072135e+03
  9.3697147e+03
  6.6373675e+03
  6.7942549e+03
  6.9511829e+03
  7.6734200e+03
  6.9655501e+03
  6.6783105e+03
  7.0788293e+03
  7.1148632e+03
  1.0579418e+04
  7.1629892e+03
  7.4081886e+03
  1.0160027e+04
  7.7458436e+03
  6.9784819e+03
  7.4641485e+03
  6.7797395e+03
  6.6689304e+03
  6.8761111e+03
  6.6184496e+03
  6.8014690e+03
  1.1438189e+04
  6.6648249e+03
  7.0117035e+03
  9.4852382e+03
  6.7194431e+03
  1.0587630e+04
  9.0268968e+03
  6.7123923e+03
  6.8488343e+03
  1.1247279e+04
  6.6441764e+03
  6.6987752e+03
  7.5742637e+03
  7.3842278e+03
  6.6987559e+03
  7.2332245e+03
  8.9283230e+03
  6.9446030e+03
  6.5623219e+03
  1.0476911e+04
  1.0250750e+04
  6.7604523e+03
  9.1257422e+03
  7.0092691e+03
  1.1591655e+04
  7.1020350e+03
  7.5715534e+03
  8.4770319e+03
  8.0737199e+03
  6.5692007e+03
  9.8253283e+03
  6.3237453e+03
  7.2932603e+03
  7.1013467e+03
  1.3730160e+04
  6.7464996e+03
  7.2291521e+03
  6.7737946e+03
  1.1125364e+04
  9.9185379e+03
  5.8277231e+03
  7.4364139e+03
  9.7983140e+03
  1.0785717e+04
  7.1285056e+03
  7.0602496e+03
  7.0397563e+03
  8.3622626e+03
  9.0908526e+03
  9.4103759e+03
  7.2922240e+03
  6.7123918e+03
  6.7464995e+03
  6.9385304e+03
  1.2431779e+04
  7.0761886e+03
  1.1795892e+04
  6.5213892e+03
  6.5587667e+03
  6.9720145e+03
  7.3334939e+03
  7.4599111e+03
  6.9855086e+03
