  3.3425774e+00
  3.4083162e+00
  3.3010510e+00
  3.3473661e+00
  3.3648072e+00
  3.2728243e+00
  3.3077192e+00
  3.3547441e+00
  3.3531702e+00
  3.3682657e+00
  3.2994653e+00
  3.3729338e+00
  3.3001212e+00
  3.3070625e+00
  3.2897103e+00
  3.3088035e+00
  3.3762086e+00
  3.3266822e+00
  3.3524231e+00
  3.4293015e+00
  3.3228422e+00
  3.3715408e+00
  3.3881789e+00
  3.3276764e+00
  3.3968032e+00
  3.3069329e+00
  3.3311001e+00
  3.3729183e+00
  3.3153770e+00
  3.3975134e+00
  3.3901357e+00
  3.4446556e+00
  3.3453238e+00
  3.4379296e+00
  3.3080172e+00
  3.3790576e+00
  3.2926050e+00
  3.3717613e+00
  3.3496545e+00
  3.2854426e+00
  3.3587400e+00
  3.2255396e+00
  3.3426430e+00
  3.3079701e+00
  3.3591974e+00
  3.3466619e+00
  3.3355110e+00
  3.2887245e+00
  3.3328999e+00
  3.3706063e+00
  3.3159459e+00
  3.3241532e+00
  3.2664151e+00
  3.3455413e+00
  3.3445520e+00
  3.3083129e+00
  3.3450889e+00
  3.3339507e+00
  3.3370595e+00
  3.3705306e+00
  3.3766153e+00
  3.3133625e+00
  3.3386970e+00
  3.4441981e+00
  3.3450619e+00
  3.2925454e+00
  3.3385712e+00
  3.2775118e+00
  3.3934148e+00
  3.2318827e+00
  3.3044294e+00
  3.3409192e+00
  3.3510388e+00
  3.3320138e+00
  3.4113605e+00
  3.3891991e+00
  3.4200771e+00
  3.3376841e+00
  3.3273969e+00
  3.3396093e+00
  3.3294772e+00
  3.4011720e+00
  3.3769691e+00
  3.3359970e+00
  3.3279392e+00
  3.3592319e+00
  3.3672374e+00
  3.3409892e+00
  3.3635517e+00
  3.3842794e+00
  3.3588100e+00
  3.3052621e+00
  3.3249351e+00
  3.2854323e+00
  3.3492488e+00
  3.3503416e+00
  3.3648900e+00
  3.3001541e+00
  3.2716325e+00
  3.3084078e+00
  3.2944264e+00
  3.3649484e+00
  3.3342619e+00
  3.3506483e+00
  3.3665293e+00
  3.3153334e+00
  3.3264366e+00
  3.3770076e+00
  3.3681168e+00
  3.3588866e+00
  3.3724322e+00
  3.3822887e+00
  3.4030853e+00
  3.3938369e+00
  3.3891747e+00
  3.2372882e+00
  3.3237461e+00
  3.3285429e+00
  3.3394772e+00
  3.3495941e+00
  3.3659435e+00
  3.3226822e+00
  3.3264597e+00
  3.3536049e+00
  3.3179929e+00
  3.3972948e+00
  3.3559774e+00
  3.3218524e+00
  3.3326177e+00
  3.2707709e+00
  3.2653504e+00
  3.3860181e+00
  3.3598274e+00
  3.3375650e+00
  3.3908317e+00
  3.3654966e+00
  3.3320467e+00
  3.3166228e+00
  3.3235745e+00
  3.3544770e+00
  3.3292411e+00
  3.3709563e+00
  3.3747174e+00
  3.2969283e+00
  3.3597215e+00
  3.3690608e+00
  3.3587096e+00
  3.3125945e+00
  3.4046083e+00
  3.3517441e+00
  3.3786281e+00
  3.3266648e+00
  3.3586735e+00
  3.2756257e+00
  3.2730019e+00
  3.3556716e+00
  3.3326516e+00
  3.4080861e+00
  3.3793555e+00
  3.3306633e+00
  3.3799033e+00
  3.3742954e+00
  3.3323784e+00
  3.3820374e+00
  3.3695490e+00
  3.3193619e+00
  3.3733170e+00
  3.3542420e+00
  3.3270760e+00
  3.3246028e+00
  3.2727930e+00
  3.3048308e+00
  3.3358098e+00
  3.3784658e+00
  3.3698685e+00
  3.3885441e+00
  3.3461545e+00
  3.3756562e+00
  3.4271922e+00
  3.3938037e+00
  3.3252951e+00
  3.4178125e+00
  3.3668836e+00
  3.3890757e+00
  3.3919198e+00
  3.3531217e+00
  3.3347156e+00
  3.2995564e+00
  3.3405338e+00
  3.3133146e+00
  3.3646231e+00
  3.3415914e+00
  3.3581138e+00
  3.3604679e+00
  3.3758216e+00
  3.2832521e+00
  3.2830726e+00
  3.3354267e+00
  3.3357823e+00
  3.3891425e+00
  3.3567417e+00
  3.3768999e+00
  3.3262808e+00
  3.3882607e+00
  3.2971926e+00
  3.2920453e+00
  3.3365286e+00
  3.3458885e+00
  3.3276174e+00
  3.3646243e+00
  3.3989910e+00
  3.3312679e+00
  3.2679490e+00
  3.3409051e+00
  3.3255610e+00
  3.3089602e+00
  3.3422509e+00
  3.4328312e+00
  3.3610096e+00
  3.3859494e+00
  3.3855520e+00
  3.3314288e+00
  3.3865554e+00
  3.3723687e+00
  3.3138868e+00
  3.2653156e+00
  3.3258573e+00
  3.3612713e+00
  3.3065159e+00
  3.2985705e+00
  3.3027837e+00
  3.3419770e+00
  3.3805014e+00
  3.3634109e+00
  3.3615234e+00
  3.3544620e+00
  3.3655877e+00
  3.3484070e+00
  3.4148147e+00
  3.2868577e+00
  3.3388595e+00
  3.3571189e+00
  3.2759200e+00
  3.2992968e+00
  3.3198004e+00
  3.3704964e+00
  3.3028633e+00
  3.3318099e+00
  3.2820019e+00
  3.3366616e+00
  3.2517739e+00
  3.3681115e+00
  3.3544912e+00
  3.2903904e+00
  3.3710220e+00
  3.3985615e+00
  3.3694928e+00
  3.3358315e+00
  3.3392061e+00
  3.3082603e+00
  3.2786680e+00
  3.2732604e+00
  3.3304974e+00
  3.2795022e+00
  3.3579786e+00
  3.2940038e+00
  3.3167265e+00
  3.3843957e+00
  3.3039321e+00
  3.3396096e+00
  3.4059144e+00
  3.3359820e+00
  3.3791680e+00
  3.3491466e+00
  3.3529006e+00
  3.3534495e+00
  3.3873840e+00
  3.3169159e+00
  3.2939296e+00
  3.3613743e+00
  3.3601313e+00
  3.2973524e+00
  3.3096909e+00
  3.3898386e+00
  3.3203187e+00
  3.3075751e+00
  3.3987070e+00
  3.3636339e+00
  3.3534786e+00
  3.3098211e+00
  3.3957479e+00
  3.2590696e+00
  3.2878445e+00
  3.3761411e+00
  3.3516594e+00
  3.3590907e+00
  3.3790041e+00
  3.3585292e+00
  3.3830193e+00
  3.4054162e+00
  3.2938294e+00
  3.3580927e+00
  3.3141342e+00
  3.2852230e+00
  3.3816634e+00
  3.3717262e+00
  3.3105941e+00
  3.3328945e+00
  3.3761774e+00
  3.4125553e+00
  3.3112823e+00
  3.3024416e+00
  3.3375136e+00
  3.3101529e+00
  3.3761214e+00
  3.3277274e+00
  3.3775094e+00
  3.3061394e+00
  3.3187380e+00
  3.4079987e+00
  3.3130141e+00
  3.4286836e+00
  3.2819593e+00
  3.2150997e+00
  3.2569056e+00
  3.3065930e+00
  3.2938098e+00
  3.2649107e+00
  3.2839343e+00
  3.3848298e+00
  3.3468554e+00
  3.3794646e+00
  3.3409908e+00
  3.3747732e+00
  3.3903295e+00
  3.3576510e+00
  3.2927756e+00
  3.3518545e+00
  3.3382347e+00
  3.3353636e+00
  3.3619353e+00
  3.3412007e+00
  3.3607951e+00
  3.3460867e+00
  3.2794507e+00
  3.3509276e+00
  3.3310845e+00
  3.3313503e+00
  3.3748444e+00
  3.3583121e+00
  3.3585281e+00
  3.3520355e+00
  3.3617936e+00
  3.3778869e+00
  3.3383592e+00
  3.3472439e+00
  3.3393744e+00
  3.3129582e+00
  3.3185665e+00
  3.3826067e+00
  3.3015694e+00
  3.3689192e+00
  3.3573109e+00
  3.3932031e+00
  3.3696738e+00
  3.3127125e+00
  3.2833608e+00
  3.3200108e+00
  3.3467447e+00
  3.3772694e+00
  3.2533520e+00
  3.3731071e+00
  3.3630968e+00
  3.2766673e+00
  3.3384895e+00
  3.3791761e+00
  3.4026939e+00
  3.2697887e+00
  3.3713448e+00
  3.2830953e+00
  3.2819290e+00
  3.4068694e+00
  3.3484967e+00
  3.3010853e+00
  3.3087973e+00
  3.3636764e+00
  3.3155557e+00
  3.3901161e+00
  3.3163800e+00
  3.3011057e+00
  3.3628046e+00
  3.3730330e+00
  3.3332023e+00
  3.2710386e+00
  3.3659111e+00
  3.3582986e+00
  3.3374999e+00
  3.3332596e+00
  3.2822805e+00
  3.3961224e+00
  3.3624430e+00
  3.3388382e+00
  3.3294607e+00
  3.3589840e+00
  3.3375205e+00
  3.3818056e+00
  3.3636399e+00
  3.2899116e+00
  3.3343248e+00
  3.2980789e+00
  3.3108469e+00
  3.3867838e+00
  3.3274462e+00
  3.3149308e+00
  3.2943212e+00
  3.3463191e+00
  3.3866859e+00
  3.3940183e+00
  3.3410003e+00
  3.3984849e+00
  3.3683199e+00
  3.3198777e+00
  3.2635526e+00
  3.4237405e+00
  3.2983998e+00
  3.2920379e+00
  3.3679645e+00
  3.3640042e+00
  3.3768043e+00
  3.2954699e+00
  3.3902814e+00
  3.3205058e+00
  3.3962673e+00
  3.3432574e+00
  3.2801234e+00
  3.3781958e+00
  3.3548517e+00
  3.3791900e+00
  3.3391445e+00
  3.3096016e+00
  3.3416617e+00
  3.2756826e+00
  3.3026884e+00
  3.3578287e+00
  3.3315562e+00
  3.3066730e+00
  3.2847742e+00
  3.3463983e+00
  3.3388493e+00
  3.3587091e+00
  3.3307361e+00
  3.4165701e+00
  3.4375461e+00
  3.3784797e+00
  3.3900575e+00
  3.3149458e+00
  3.3327627e+00
  3.3435606e+00
  3.3385114e+00
  3.3784679e+00
  3.3721075e+00
  3.3248670e+00
  3.3474830e+00
  3.3421441e+00
  3.3458045e+00
  3.3824085e+00
  3.3749741e+00
  3.3955225e+00
  3.3441388e+00
  3.3925079e+00
  3.4160047e+00
  3.2978341e+00
  3.3547102e+00
  3.3788973e+00
  3.3578044e+00
  3.3544955e+00
  3.3525107e+00
  3.3524380e+00
  3.3455424e+00
  3.3422583e+00
  3.4018998e+00
  3.4052418e+00
  3.3673884e+00
  3.3027792e+00
  3.4188875e+00
  3.3742665e+00
  3.3862000e+00
  3.3605785e+00
  3.4177661e+00
  3.3464241e+00
  3.3303967e+00
  3.2880923e+00
  3.3929257e+00
  3.3937908e+00
  3.3111755e+00
  3.3628944e+00
  3.2585928e+00
  3.3456183e+00
  3.3050522e+00
  3.3506308e+00
  3.2885342e+00
  3.3541662e+00
  3.3464331e+00
  3.3917948e+00
  3.4162393e+00
  3.3904090e+00
  3.3022186e+00
  3.3358100e+00
  3.3502936e+00
  3.3735277e+00
  3.2876227e+00
  3.3003037e+00
  3.3056023e+00
  3.3325007e+00
  3.3670289e+00
  3.3295225e+00
  3.3293601e+00
  3.2986078e+00
  3.2925761e+00
  3.3137694e+00
  3.3241923e+00
  3.3661080e+00
  3.3159902e+00
  3.3097047e+00
  3.3049583e+00
  3.2887196e+00
  3.3078490e+00
  3.3139310e+00
  3.3068701e+00
  3.3899860e+00
  3.3935365e+00
  3.3234824e+00
  3.3239191e+00
  3.3092703e+00
  3.3329044e+00
  3.2771548e+00
  3.2994831e+00
  3.2759503e+00
  3.3174481e+00
  3.3226315e+00
  3.3750310e+00
  3.3414026e+00
  3.3064726e+00
  3.3242093e+00
  3.3837164e+00
  3.2805677e+00
  3.2808724e+00
  3.3358610e+00
  3.3224087e+00
  3.3186051e+00
  3.3096468e+00
  3.3571510e+00
  3.3414796e+00
  3.3883864e+00
  3.4189152e+00
  3.3211889e+00
  3.3792756e+00
  3.3724054e+00
  3.2404345e+00
  3.2776572e+00
  3.3403662e+00
  3.3604002e+00
  3.3297856e+00
  3.3018584e+00
  3.3663343e+00
  3.3786501e+00
  3.3312423e+00
  3.3642487e+00
  3.3079460e+00
  3.3267224e+00
  3.3084975e+00
  3.2508256e+00
  3.2589769e+00
  3.3361507e+00
  3.3156681e+00
  3.3515719e+00
  3.3046621e+00
  3.3675699e+00
  3.2696156e+00
  3.4048549e+00
  3.3696669e+00
  3.3750745e+00
  3.2792476e+00
  3.3536309e+00
  3.3211123e+00
  3.3396643e+00
  3.3323913e+00
  3.2848537e+00
  3.3527386e+00
  3.3594508e+00
  3.3366854e+00
  3.2957253e+00
  3.3633484e+00
  3.3489070e+00
  3.3442057e+00
  3.3244609e+00
  3.3273903e+00
  3.2994270e+00
  3.4168815e+00
  3.3600406e+00
  3.3580028e+00
  3.3192685e+00
  3.3198607e+00
  3.3551539e+00
  3.3162746e+00
  3.3578668e+00
  3.2983838e+00
  3.3996844e+00
  3.2683765e+00
  3.3435075e+00
  3.3896095e+00
  3.4186466e+00
  3.3049464e+00
  3.3523142e+00
  3.3806846e+00
  3.3619280e+00
  3.3036649e+00
  3.3350921e+00
  3.2552672e+00
  3.3778133e+00
  3.3810646e+00
  3.2781220e+00
  3.3455719e+00
  3.3307728e+00
  3.2669431e+00
  3.3288853e+00
  3.3663063e+00
  3.2461839e+00
  3.4383293e+00
  3.3028009e+00
  3.3144309e+00
  3.3604251e+00
  3.3632730e+00
  3.3440606e+00
  3.4882502e+00
  3.3446664e+00
  3.3810594e+00
  3.4192932e+00
  3.3781206e+00
  3.2766576e+00
  3.2762776e+00
  3.3698988e+00
  3.3662173e+00
  3.2955340e+00
  3.3974492e+00
  3.2817648e+00
  3.2987952e+00
  3.4320815e+00
  3.2855655e+00
  3.3450729e+00
  3.2679400e+00
  3.3381472e+00
  3.3345391e+00
  3.3423788e+00
  3.3001752e+00
  3.3395207e+00
  3.3775127e+00
  3.3887934e+00
  3.3580630e+00
  3.2806985e+00
  3.3118102e+00
  3.3486853e+00
  3.3637387e+00
  3.3737052e+00
  3.3287191e+00
  3.3803366e+00
  3.3003974e+00
  3.2945676e+00
  3.3656713e+00
  3.3101569e+00
  3.3090522e+00
  3.3715515e+00
  3.3463199e+00
  3.3459998e+00
  3.3814847e+00
  3.3370448e+00
  3.3478058e+00
  3.3166616e+00
  3.3508228e+00
  3.3336916e+00
  3.3302533e+00
  3.3272237e+00
  3.2809960e+00
  3.3757502e+00
  3.3829140e+00
  3.3424647e+00
  3.3280990e+00
  3.3748103e+00
  3.2848290e+00
  3.3764061e+00
  3.3200044e+00
  3.4184187e+00
  3.3873034e+00
  3.3329880e+00
  3.3002232e+00
  3.2170955e+00
  3.3122234e+00
  3.3543882e+00
  3.3642035e+00
  3.3679686e+00
  3.3036640e+00
  3.3205086e+00
  3.3696122e+00
  3.3765757e+00
  3.3814025e+00
  3.3854215e+00
  3.3604083e+00
  3.3546005e+00
  3.3178736e+00
  3.2826157e+00
  3.3334923e+00
  3.3665813e+00
  3.3975340e+00
  3.4120489e+00
  3.3463984e+00
  3.2897205e+00
  3.3079478e+00
  3.3883904e+00
  3.3490075e+00
  3.3857548e+00
  3.3680076e+00
  3.3521172e+00
  3.3269296e+00
  3.3296028e+00
  3.3254947e+00
  3.3150115e+00
  3.3523776e+00
  3.2978297e+00
  3.3265717e+00
  3.3278358e+00
  3.2862856e+00
  3.3362527e+00
  3.3768269e+00
  3.3440412e+00
  3.3710651e+00
  3.3573070e+00
  3.3060437e+00
  3.3558327e+00
  3.3514542e+00
  3.3137386e+00
  3.4007744e+00
  3.3217658e+00
  3.4038305e+00
  3.3340376e+00
  3.3509335e+00
  3.3218969e+00
  3.2672623e+00
  3.3571371e+00
  3.3128455e+00
  3.3727400e+00
  3.3664301e+00
  3.3081626e+00
  3.3828592e+00
  3.3593794e+00
  3.4187433e+00
  3.3740389e+00
  3.3387974e+00
  3.4185107e+00
  3.3427258e+00
  3.3769853e+00
  3.3140687e+00
  3.3589495e+00
  3.3863554e+00
  3.3571511e+00
  3.3781134e+00
  3.4022801e+00
  3.2900396e+00
  3.2369030e+00
  3.2920094e+00
  3.2490579e+00
  3.3736186e+00
  3.3740019e+00
  3.4041788e+00
  3.3373219e+00
  3.3030922e+00
  3.3046956e+00
  3.3362564e+00
  3.3525495e+00
  3.2957863e+00
  3.3460259e+00
  3.2993976e+00
  3.3564654e+00
  3.3955135e+00
  3.3077770e+00
  3.3260888e+00
  3.2529849e+00
  3.3495620e+00
  3.3510358e+00
  3.3814234e+00
  3.3422346e+00
  3.3129911e+00
  3.2618463e+00
  3.3876058e+00
  3.3845489e+00
  3.3956499e+00
  3.2659855e+00
  3.3487404e+00
  3.3171200e+00
  3.3356718e+00
  3.3624552e+00
  3.4234275e+00
  3.4086358e+00
  3.3161869e+00
  3.2702487e+00
  3.3189532e+00
  3.3745834e+00
  3.3406150e+00
  3.3451874e+00
  3.3215531e+00
  3.2843335e+00
  3.3960544e+00
  3.2907172e+00
  3.3254031e+00
  3.3247363e+00
  3.3281117e+00
  3.4044340e+00
  3.3624638e+00
  3.3519952e+00
  3.3255741e+00
  3.3879364e+00
  3.4471897e+00
  3.3370956e+00
  3.2908708e+00
  3.4033519e+00
  3.3380830e+00
  3.3561959e+00
  3.3016377e+00
  3.3660962e+00
  3.3289935e+00
  3.3782243e+00
  3.3331276e+00
  3.3833042e+00
  3.3320641e+00
  3.3370531e+00
  3.3744610e+00
  3.3697468e+00
  3.2987320e+00
  3.3304016e+00
  3.2250455e+00
  3.3139760e+00
  3.2410686e+00
  3.3463917e+00
  3.3308945e+00
  3.3483449e+00
  3.3113437e+00
  3.3381895e+00
  3.2996675e+00
  3.3402029e+00
  3.3685292e+00
  3.3618594e+00
  3.3650244e+00
  3.3914405e+00
  3.3253811e+00
  3.3331170e+00
  3.3191580e+00
  3.3425270e+00
  3.3034382e+00
  3.2959645e+00
  3.2976299e+00
  3.3614137e+00
  3.3555209e+00
  3.3984654e+00
  3.3846331e+00
  3.3326714e+00
  3.3012953e+00
  3.3960762e+00
  3.3131749e+00
  3.3594750e+00
  3.3247927e+00
  3.3907943e+00
  3.4493863e+00
  3.3169810e+00
  3.3001445e+00
  3.3227839e+00
  3.2894425e+00
  3.3405921e+00
  3.2680344e+00
  3.2679677e+00
  3.3130666e+00
  3.3422174e+00
  3.3456392e+00
  3.3288135e+00
  3.3514285e+00
  3.3955855e+00
  3.3157259e+00
  3.3490406e+00
  3.2780408e+00
  3.2816967e+00
  3.3686961e+00
  3.4197356e+00
  3.2809327e+00
  3.3353810e+00
  3.3678839e+00
  3.2435122e+00
  3.2545086e+00
  3.2687587e+00
  3.3982506e+00
  3.3251065e+00
  3.3705227e+00
  3.3371954e+00
  3.2415890e+00
  3.3921666e+00
  3.3848560e+00
  3.3657371e+00
  3.3402445e+00
  3.2935501e+00
  3.3202910e+00
  3.4046002e+00
  3.3576183e+00
  3.4257173e+00
  3.4084022e+00
  3.3936116e+00
  3.4118121e+00
  3.3925864e+00
  3.3559710e+00
  3.3613449e+00
  3.4099053e+00
  3.3891371e+00
  3.2964396e+00
  3.3963761e+00
  3.3697596e+00
  3.3977770e+00
  3.3006901e+00
  3.3405652e+00
  3.3472677e+00
  3.3675860e+00
  3.2926569e+00
  3.2363587e+00
  3.3386191e+00
  3.3576325e+00
  3.3460032e+00
  3.3241529e+00
  3.3205035e+00
  3.3392874e+00
  3.3898484e+00
  3.3408439e+00
  3.3633953e+00
  3.3379234e+00
  3.3148026e+00
  3.3013524e+00
  3.3415683e+00
  3.3578583e+00
  3.2465763e+00
  3.3412721e+00
  3.3338541e+00
  3.3112606e+00
  3.3353331e+00
  3.3832001e+00
  3.3778471e+00
  3.2702039e+00
  3.2626151e+00
  3.3498708e+00
  3.4626196e+00
  3.2876477e+00
  3.3119566e+00
  3.3574858e+00
  3.3219335e+00
  3.3096036e+00
  3.3938340e+00
  3.3717385e+00
  3.3167202e+00
  3.3900048e+00
  3.3128951e+00
  3.4348785e+00
  3.3689814e+00
  3.4522089e+00
  3.4256078e+00
  3.2891634e+00
  3.3137070e+00
  3.3921806e+00
  3.3299057e+00
  3.2893186e+00
  3.3314878e+00
  3.3004021e+00
  3.3199804e+00
  3.3952027e+00
  3.3433386e+00
  3.4422354e+00
  3.4265597e+00
  3.3255957e+00
  3.3019944e+00
  3.3336351e+00
  3.3537171e+00
  3.3840540e+00
  3.2474670e+00
  3.3146979e+00
  3.3225604e+00
  3.3482669e+00
  3.3921407e+00
  3.3970080e+00
  3.3202895e+00
  3.3725099e+00
  3.3745929e+00
  3.3530504e+00
  3.3401003e+00
  3.3251929e+00
  3.3066208e+00
  3.4368453e+00
  3.3164487e+00
  3.3663731e+00
