BOUNDARY

orthorhombic       1.0455159000e+01    1.0455159000e+01    1.0455159000e+01

MOLECULES

species    0
nMolecule  100

molecule  0
    4.4097072159e+00    5.6720079236e-02    2.7523135768e+00
    3.4438591745e+00    2.9673600396e-01    2.6557918872e+00
    4.2172709713e+00    1.0191325827e+01    2.9518524163e+00
    3.3984344289e+00    1.0189189414e+01    2.3778486699e+00
    2.9820536458e+00    1.0065459462e+01    1.4771169236e+00
    2.2408074178e+00    1.4339516872e-01    1.8848588772e+00
    2.6616984236e+00    6.2924275921e-01    1.1188563829e+00
    2.7994123428e+00    1.6054079919e+00    9.5116193036e-01

molecule  1
    9.1923527845e+00    6.6989222337e+00    4.4149536680e+00
    9.0687967129e+00    6.5409623422e+00    5.3946543959e+00
    8.6663105494e+00    5.8083296619e+00    4.8458320962e+00
    8.9281488746e+00    5.1483592344e+00    5.5499891832e+00
    7.9911957331e+00    5.4734929246e+00    5.6791492876e+00
    7.4198176044e+00    5.1283111967e+00    4.9347310704e+00
    7.0922986913e+00    4.8106910304e+00    5.8247425645e+00
    6.4657991634e+00    4.6062690521e+00    5.0725030338e+00

molecule  2
    5.9971011601e+00    3.9932907402e+00    5.8538534182e+00
    5.3728735169e+00    4.0403960054e+00    5.0728024350e+00
    4.6227270056e+00    4.6689618852e+00    4.8635228255e+00
    4.7129582715e+00    4.6396429293e+00    3.8681388070e+00
    4.5329854427e+00    5.3351122804e+00    3.1725296320e+00
    3.7443195329e+00    5.6252264886e+00    2.6304372603e+00
    3.9040249397e+00    5.4803175433e+00    1.6539465288e+00
    4.0210636860e+00    6.4375348313e+00    1.9187397121e+00

molecule  3
    9.7556094166e+00    2.7523689113e+00    6.0899078393e+00
    9.5605942263e+00    3.7025680261e+00    5.8469959076e+00
    9.6469378869e+00    2.7212711502e+00    6.0185051479e+00
    8.6879764398e+00    2.4383965008e+00    6.0109631562e+00
    8.2647996698e+00    1.7925262524e+00    6.6465414063e+00
    7.6429705156e+00    1.1628556502e+00    7.1119526761e+00
    6.6568342402e+00    1.3196690465e+00    7.1598512754e+00
    6.9755635439e+00    1.6911168953e+00    8.0318618732e+00

molecule  4
    3.3212976380e-01    9.5154640786e+00    9.0832930290e+00
    5.6205954401e-01    9.5086706541e+00    1.0056474156e+01
    1.1783045125e+00    8.7215694553e+00    1.0029630139e+01
    3.3090524297e-01    8.4723676698e+00    9.5608086325e+00
    1.0383483608e+01    7.7894284385e+00    8.9512885747e+00
    1.0291827736e+01    8.6843759288e+00    8.5146336259e+00
    9.4852485866e+00    8.3376224734e+00    8.0358968252e+00
    9.9366557056e+00    7.4479567547e+00    7.9671427846e+00

molecule  5
    1.8885954500e+00    5.3698590885e+00    5.2423906496e+00
    1.9560720793e+00    4.4284870664e+00    4.9123622832e+00
    2.4757885270e+00    5.0695614002e+00    4.3472252877e+00
    1.8583532455e+00    5.0339294542e+00    3.5614732526e+00
    1.0980267989e+00    4.8497019478e+00    2.9386607364e+00
    1.5292217293e+00    3.9479100902e+00    2.9100531777e+00
    2.1634203127e+00    3.3435029608e+00    3.3921943810e+00
    1.5808035011e+00    3.7696700166e+00    4.0843420405e+00

molecule  6
    5.7317900206e+00    7.3623052827e+00    8.2189733989e+00
    5.3891386957e+00    6.4992666384e+00    7.8478834277e+00
    4.6793729368e+00    6.4222831199e+00    7.1477952020e+00
    4.1738172076e+00    5.5594103396e+00    7.1496377187e+00
    4.7707670684e+00    4.9074896742e+00    7.6169842585e+00
    4.3920316607e+00    4.5148030952e+00    6.7787568236e+00
    5.0126230400e+00    4.5208585005e+00    5.9951112482e+00
    5.0690225778e+00    3.7774739711e+00    5.3278928839e+00

molecule  7
    4.9868714970e+00    6.1796141806e+00    1.4110546092e+00
    5.0922356583e+00    5.7966193935e+00    4.9334450296e-01
    6.0287087564e+00    6.0496315283e+00    2.5042821408e-01
    5.8726771905e+00    5.0672515096e+00    1.4767339153e-01
    5.5390874596e+00    4.3923430685e+00    9.9446485096e+00
    5.6620889516e+00    3.8243258034e+00    3.0326311268e-01
    6.4902297592e+00    3.4231011769e+00    6.9467055226e-01
    6.0185788684e+00    3.6917091714e+00    1.5345582181e+00

molecule  8
    1.9289591417e+00    1.8937180037e+00    9.7588913150e+00
    2.6569722606e+00    2.1139935928e+00    9.1098099642e+00
    2.0035489898e+00    2.4665959164e+00    8.4395034603e+00
    2.1683791966e+00    2.6614293139e+00    7.4724908384e+00
    3.0179481590e+00    2.5198452656e+00    7.9803963718e+00
    2.8379348602e+00    3.1421857100e+00    8.7424141108e+00
    3.5568953352e+00    2.8167799056e+00    9.3566947020e+00
    4.4424713794e+00    3.1160431998e+00    9.7125322669e+00

molecule  9
    4.1524197752e-01    2.8374201669e+00    6.0656363031e+00
    5.6851711368e-01    3.4028715725e+00    6.8759291476e+00
    1.0253599287e+00    4.2877302041e+00    6.9673408251e+00
    1.7822599998e+00    3.6508606293e+00    7.1107988276e+00
    1.9787385911e+00    3.7090369437e+00    8.0893497633e+00
    2.2055147921e+00    4.5590141534e+00    7.6136769068e+00
    2.5158811980e+00    5.4441288973e+00    7.2668067180e+00
    2.5722924674e+00    5.6464529016e+00    6.2891025385e+00

molecule  10
    7.5433496572e+00    9.6634210090e+00    9.9022818462e+00
    7.0778794782e+00    1.0353815503e+01    9.2194051901e-04
    7.8753224208e+00    2.7941780936e-01    9.9879989724e+00
    8.2391233318e+00    1.0220961107e+01    9.2109409999e+00
    8.8022195701e+00    2.6314209825e-01    8.5510442033e+00
    7.9792932801e+00    5.4203788440e-01    8.0561056549e+00
    8.6169574053e+00    6.5669470080e-01    7.2943420211e+00
    9.5520352818e+00    5.4647326445e-01    7.6304772823e+00

molecule  11
    7.4229316126e-01    7.2093170483e+00    2.0678611999e+00
    9.6601133211e-01    8.0414020483e+00    2.5754017454e+00
    1.8080192234e+00    8.5419912350e+00    2.7764690775e+00
    2.4775081504e+00    8.0533963677e+00    3.3359715033e+00
    1.8501344498e+00    7.6785794610e+00    4.0184586845e+00
    2.0930107255e+00    8.2861549515e+00    4.7747556449e+00
    1.8582956316e+00    8.7961858647e+00    3.9472876595e+00
    2.7054704572e+00    8.5882343680e+00    3.4583568399e+00

molecule  12
    8.3636119988e+00    1.0402295717e+01    1.3859829755e+00
    8.5796951747e+00    9.4698240851e+00    1.0964882787e+00
    8.0536525811e+00    9.9609253963e+00    4.0214982655e-01
    8.8001030869e+00    1.5405146916e-01    2.5227775298e-01
    8.9730695939e+00    9.7727576477e+00    1.0187473205e+01
    9.6878151738e+00    9.1275461105e+00    9.9176259608e+00
    9.1934307922e+00    8.7054113842e+00    9.1578115342e+00
    8.5079462078e+00    8.7995976948e+00    9.8797029844e+00

molecule  13
    4.7629334805e+00    9.6057217709e+00    8.9309368475e+00
    4.8113527817e+00    1.4698047819e-01    8.9986183740e+00
    5.2809823196e+00    1.0376220494e+01    8.1452709777e+00
    5.6578128885e+00    7.5434102052e-01    7.7408014614e+00
    6.6105450599e+00    5.5248569533e-01    7.9679080923e+00
    6.5308298879e+00    1.0293156764e+00    7.0923829289e+00
    6.9443556500e+00    8.0504568271e-01    6.2098075423e+00
    7.9054698133e+00    9.6654598463e-01    5.9856781823e+00

molecule  14
    7.6562670611e+00    9.7047237273e+00    7.9931950680e+00
    6.9854471759e+00    9.2380926761e+00    8.5696119438e+00
    7.4956807737e+00    8.5047603227e+00    9.0188672197e+00
    7.8466531506e+00    7.6717660661e+00    8.5912520152e+00
    7.4070325721e+00    7.6351861357e+00    7.6938487365e+00
    6.6086561240e+00    7.0407751089e+00    7.5970207243e+00
    7.3533743886e+00    7.7079403153e+00    7.5816087970e+00
    6.5272221847e+00    8.1744262688e+00    7.2656970030e+00

molecule  15
    8.6385445790e+00    3.4856134153e+00    4.8527967319e-01
    8.3919650785e+00    4.3770522975e+00    8.6546301786e-01
    7.6761970989e+00    3.9907282727e+00    1.4471869954e+00
    7.5449384813e+00    3.7465232953e+00    4.8634624248e-01
    7.5688660852e+00    2.9399642198e+00    1.0769571444e+00
    7.1803971805e+00    2.8623816951e+00    1.9950796121e+00
    7.9072266654e+00    3.3809672225e+00    2.4454794631e+00
    8.0570633468e+00    2.3944333278e+00    2.5108158856e+00

molecule  16
    3.9707118156e+00    8.6580709268e+00    2.1330622932e-01
    4.3529987587e+00    8.5478814319e+00    1.1307745572e+00
    5.0437001019e+00    9.1643415067e+00    7.5278539927e-01
    4.1617773995e+00    9.6351040558e+00    7.2998702596e-01
    5.1468825646e+00    9.6401267187e+00    5.5791260382e-01
    6.1079014029e+00    9.3772252925e+00    4.7164874569e-01
    6.3519629002e+00    8.7794797472e+00    1.0163179694e+01
    5.4719682072e+00    9.2325552067e+00    1.0020309091e+01

molecule  17
    7.0645965086e+00    7.5998019997e+00    6.4672149409e+00
    6.3958757371e+00    6.8565948633e+00    6.4876160502e+00
    5.6379934394e+00    7.2173267493e+00    7.0310029929e+00
    5.4144352853e+00    8.1678802995e+00    7.2443534884e+00
    4.8803226427e+00    8.9986308328e+00    7.0922825714e+00
    5.0206194975e+00    8.5900370550e+00    6.1899893653e+00
    4.5682112251e+00    7.7689574181e+00    6.5380031614e+00
    3.5771443574e+00    7.8478248180e+00    6.6455072265e+00

molecule  18
    3.6953775506e+00    1.3031789832e+00    6.0482681097e+00
    4.2427156524e+00    5.5308619176e-01    6.4165734592e+00
    4.7238441256e+00    2.4251619283e-01    7.2360319049e+00
    4.0105570266e+00    8.9614957233e-01    7.4890252837e+00
    4.7624083495e+00    1.3367789863e+00    6.9985078746e+00
    5.1552595957e+00    1.3606380599e+00    6.0788972277e+00
    5.3879711585e+00    1.1289549940e+00    5.1340736832e+00
    5.0490855843e+00    8.5477634008e-01    4.2340869556e+00

molecule  19
    4.6487426591e+00    7.4380412635e+00    7.6070717738e+00
    4.3058894396e+00    8.3446138031e+00    7.8528380830e+00
    3.6029013587e+00    7.8355102444e+00    8.3493749696e+00
    2.6748642520e+00    8.0764967645e+00    8.6333483565e+00
    1.7457700422e+00    8.1820678091e+00    8.9877817192e+00
    1.4187542085e+00    8.5648310851e+00    8.1237552946e+00
    6.7475281058e-01    7.9354901246e+00    7.8993120912e+00
    1.0444959986e+01    8.4848944983e+00    7.4207871081e+00

molecule  20
    8.7916547621e+00    5.7193083337e+00    7.9509312435e+00
    9.0791796683e+00    4.9376322957e+00    7.3974633511e+00
    9.3529536732e+00    4.6169183391e+00    6.4907711479e+00
    9.0914799787e+00    3.7264695022e+00    6.8631791070e+00
    8.3042592435e+00    4.3404279678e+00    6.8056815999e+00
    7.9852623205e+00    3.4354154775e+00    7.0871469181e+00
    8.7078962378e+00    2.8090200241e+00    7.3796350841e+00
    9.2878711350e+00    2.1467760996e+00    6.9049688410e+00

molecule  21
    5.5727562221e+00    2.7303804741e+00    5.9905136108e+00
    5.9294113679e+00    3.0379434521e+00    6.8790839815e+00
    5.9455037123e+00    3.4669347496e+00    7.7866633997e+00
    5.3546658101e+00    2.6623426892e+00    7.7479681136e+00
    5.3529697637e+00    3.6525584916e+00    7.8879783990e+00
    5.5048165259e+00    4.2635229802e+00    7.1106250886e+00
    6.2723073502e+00    4.9002666413e+00    7.0368039269e+00
    5.4708207883e+00    4.3042713006e+00    6.9959407612e+00

molecule  22
    6.8673093944e+00    4.5442561839e+00    8.2058888912e-02
    7.4275217850e+00    5.3366910939e+00    3.2331841124e-01
    7.9007663087e+00    5.6104025042e+00    1.1606485701e+00
    8.4921046426e+00    5.0602310991e+00    1.7502508346e+00
    7.6185463926e+00    4.5803625075e+00    1.6688648216e+00
    7.4286157070e+00    4.6295430394e+00    2.6494228409e+00
    6.4548598032e+00    4.5481666525e+00    2.8618239474e+00
    6.8208409345e+00    3.6267959088e+00    2.7312017730e+00

molecule  23
    8.5618486808e+00    8.3960865576e+00    2.3696637143e+00
    8.7003814962e+00    8.2241122773e+00    3.3450537782e+00
    8.0341449829e+00    7.5943665145e+00    2.9455743152e+00
    8.5723820653e+00    8.0615081784e+00    2.2439968255e+00
    9.5570889609e+00    7.9454222749e+00    2.1139137625e+00
    9.2453127169e+00    7.0220674630e+00    2.3379753725e+00
    8.8534184239e+00    6.3938605094e+00    3.0101144533e+00
    9.2641302242e+00    6.5251183207e+00    2.1078465628e+00

molecule  24
    4.1404349257e+00    8.8408047980e+00    8.2951451361e+00
    3.5515120311e+00    8.7118648699e+00    9.0929823926e+00
    3.8599104692e+00    9.4978251486e+00    9.6288510520e+00
    4.0874902895e+00    8.6800253615e+00    1.0157454730e+01
    4.8265040021e+00    8.0257633327e+00    1.0318162618e+01
    5.8024135197e+00    7.8100783138e+00    1.0288924763e+01
    5.7129948848e+00    7.5588555001e+00    9.3250893320e+00
    5.8639407286e+00    7.4395574063e+00    8.3437661979e+00

molecule  25
    2.9657738301e+00    4.7214129168e+00    1.5017547093e+00
    3.5295860557e+00    4.5859608963e+00    2.3163864279e+00
    3.8288691874e+00    3.9237311702e+00    1.6302535478e+00
    3.5723837242e+00    3.4364822222e+00    7.9610996002e-01
    4.4910345115e+00    3.5156082837e+00    4.0895163616e-01
    4.5396039214e+00    3.1152683862e+00    1.3240253356e+00
    4.7640406227e+00    3.6216530385e+00    2.1566825084e+00
    4.8719634200e+00    4.5817764562e+00    1.8987476257e+00

molecule  26
    4.4295373548e+00    5.6573287428e+00    4.3585105970e+00
    5.2910790868e+00    6.0388562714e+00    4.0237738220e+00
    5.0752485031e+00    6.9205716668e+00    4.4430945738e+00
    5.5427927971e+00    6.2167817624e+00    3.9082506175e+00
    6.5384959865e+00    6.3107283901e+00    3.9007415837e+00
    7.0148911990e+00    5.4319410022e+00    3.9276830891e+00
    6.1286059207e+00    5.3993799785e+00    4.3896473614e+00
    6.3656357292e+00    4.5220065043e+00    3.9724098534e+00

molecule  27
    6.5089470100e-01    5.6358540314e+00    8.6038471206e+00
    6.0515491162e-01    5.0747978447e+00    7.7773332247e+00
    1.3988351912e+00    5.5003679499e+00    7.3426541143e+00
    1.2323876302e+00    5.6507870373e+00    6.3681388212e+00
    1.4712600819e+00    4.7325632802e+00    6.0521037628e+00
    6.4524571440e-01    5.0110449249e+00    5.5620969032e+00
    2.7442307538e-01    4.9542799108e+00    6.4890401551e+00
    9.9691444645e+00    5.5585692467e+00    6.2521095234e+00

molecule  28
    4.9535089948e+00    7.6614456672e+00    3.2027378053e+00
    4.6075752255e+00    7.8929852842e+00    2.2934695820e+00
    5.6036387643e+00    7.9783267572e+00    2.2709271986e+00
    5.1612909014e+00    8.8403840978e+00    2.5184791336e+00
    4.7362118244e+00    8.7752969259e+00    3.4212316619e+00
    5.2949824044e+00    8.9991615860e+00    2.6225871676e+00
    6.2777744896e+00    8.8177914703e+00    2.5843341582e+00
    5.8368100249e+00    8.3427052987e+00    3.3458534066e+00

molecule  29
    8.2769966129e+00    1.0847327274e-01    4.3299342713e+00
    8.6348319967e+00    4.6812224920e-01    5.1919344516e+00
    9.5230857167e+00    8.9135006239e-01    5.3714286138e+00
    9.9745245640e+00    1.7728484634e+00    5.5116513009e+00
    1.0304362000e+01    2.6332498627e+00    5.1230423146e+00
    2.9495324748e-01    1.8575248698e+00    4.6770026851e+00
    5.4641898718e-01    2.7272023725e+00    4.2523466408e+00
    1.3790134088e+00    2.9122609495e+00    4.7740706976e+00

molecule  30
    7.4129738444e+00    9.2592951123e+00    5.6639430048e+00
    7.8123236668e+00    1.0158463507e+01    5.8428501910e+00
    7.8576777980e+00   -1.5702173404e-03    6.7972149631e+00
    8.6650361890e+00    9.9020279095e+00    6.5874843769e+00
    9.4401965274e+00    1.0136429528e+01    6.0007503939e+00
    1.0396500278e+01    1.0274031360e+01    5.7425127234e+00
    1.0235175795e+01    9.7864607435e+00    4.8847363064e+00
    1.0373966060e+01    1.9255061149e-02    4.1724706928e+00

molecule  31
    4.7428399149e+00    6.3406699020e+00    9.0010482398e+00
    4.7687548477e+00    5.5327359099e+00    9.5897937792e+00
    4.0554196288e+00    5.0226030857e+00    1.0070353077e+01
    3.8962011299e+00    6.0090168823e+00    1.0110977049e+01
    3.1425275323e+00    6.6661230530e+00    1.0125542307e+01
    2.8219413433e+00    7.0499373838e+00    5.3640240594e-01
    3.0424799604e+00    6.7813620928e+00    1.4740969502e+00
    3.7636499187e+00    6.5194290268e+00    8.3271649308e-01

molecule  32
    3.6104972341e+00    1.4906882135e+00    3.7383260310e+00
    3.7218833145e+00    2.4796822782e+00    3.8359537799e+00
    3.8716786553e+00    2.4994347048e+00    4.8244628577e+00
    3.1079464606e+00    1.8760326289e+00    4.6599810249e+00
    2.7910608873e+00    2.8209387597e+00    4.5761163030e+00
    2.2570636768e+00    2.6543712269e+00    5.4057625000e+00
    1.4246900616e+00    2.1265251480e+00    5.5796480513e+00
    1.4613950457e+00    2.6628351011e+00    6.4229867410e+00

molecule  33
    8.6533106484e+00    3.5780550757e+00    4.2342480993e+00
    8.3237575074e+00    2.9077391160e+00    3.5694210595e+00
    8.4300969678e+00    2.4236514604e+00    4.4379617437e+00
    9.3962143803e+00    2.1744744464e+00    4.5053168182e+00
    9.9219223411e+00    2.2854408989e+00    3.6619003869e+00
    3.2066237486e-01    2.7202224694e+00    3.9481000352e+00
    7.6230571653e-01    3.1744077903e+00    3.1744119965e+00
    6.2541918075e-01    4.0722314711e+00    3.5926489122e+00

molecule  34
    1.0055724500e+01    1.3805421027e+00    3.0148480972e+00
    9.6188303313e+00    4.9106723853e-01    3.1486817493e+00
    8.8968813399e+00    1.0254729382e+01    3.1726409450e+00
    8.5397761157e+00    7.0044518717e-01    3.4193399341e+00
    8.6247405406e+00    1.3263692915e+00    4.1943767160e+00
    8.1564513209e+00    1.7573569669e+00    3.4233002091e+00
    9.0130103898e+00    2.0822159966e+00    3.0222822124e+00
    9.8978858503e+00    1.8028744345e+00    2.6494807522e+00

molecule  35
    6.9051287248e+00    3.1434282284e-01    9.4249774018e+00
    7.2823872768e+00    1.2231298945e+00    9.6032148875e+00
    7.9369548164e+00    1.8774369979e+00    9.9819171393e+00
    8.6859542617e+00    2.4095859605e+00    1.0376657939e+01
    8.3316058207e+00    2.1597023617e+00    8.2260216059e-01
    8.5179534361e+00    2.1748170985e+00    1.0295382265e+01
    8.5623334902e+00    1.2481800880e+00    2.1353210752e-01
    9.3114567510e+00    1.0120500031e+00    1.0049807346e+01

molecule  36
    5.8828716592e+00    1.8255916488e+00    8.2233617040e+00
    5.6193099730e+00    2.5729618971e+00    8.8337824141e+00
    5.5252125708e+00    3.5377704210e+00    9.0799070471e+00
    6.3320731279e+00    3.4512750966e+00    9.6643495962e+00
    5.6649194805e+00    3.6999569225e+00    8.9622821095e+00
    6.5006204613e+00    4.0638478224e+00    8.5507801465e+00
    6.9729288789e+00    3.9034581871e+00    7.6839767633e+00
    7.0833305586e+00    4.0024843981e+00    6.6950095093e+00

molecule  37
    9.1249301717e-01    9.9553866101e+00    6.2144612090e+00
    1.2613029319e+00    1.0385731320e+01    7.0469961495e+00
    2.2598296127e+00    1.0371881188e+01    6.9957302252e+00
    2.1609055288e+00    9.5568084607e+00    6.4252243516e+00
    1.8285728636e+00    9.6424613832e+00    5.4860363362e+00
    9.3500966576e-01    9.7427039642e+00    5.9236498769e+00
    8.1981992375e-01    1.0193442041e+01    5.0384965236e+00
    1.6907235886e+00    1.0243341388e+01    4.5496411460e+00

molecule  38
    8.1259652493e+00    3.5583897198e+00    8.3833847144e+00
    7.6854777999e+00    4.2789925250e+00    8.9188257289e+00
    8.2470532796e+00    5.0598818314e+00    9.1923980386e+00
    7.2874203640e+00    5.3163034475e+00    9.0767651172e+00
    7.9012369996e+00    5.9577468315e+00    8.6166062539e+00
    7.5953174929e+00    6.5456700112e+00    7.8678506008e+00
    7.1255369513e+00    6.8199149416e+00    8.7069812135e+00
    7.6321961066e+00    6.7053607282e+00    9.5614948973e+00

molecule  39
    1.5563339525e+00    2.0662754926e+00    1.5445310654e+00
    1.9994825744e+00    2.6877410133e+00    2.1905598848e+00
    2.6624603774e+00    1.9396963256e+00    2.1606388424e+00
    3.1203360099e+00    2.4489200857e+00    2.8893552991e+00
    3.0724508833e+00    3.0844338532e+00    2.1188383804e+00
    2.3866208313e+00    3.8089625352e+00    2.1866592263e+00
    2.1016359006e+00    4.7667384731e+00    2.2255313078e+00
    1.4596995342e+00    4.3178252968e+00    1.6039322241e+00

molecule  40
    9.4855691623e+00    1.1472303412e+00    8.5693294122e+00
    1.0382023110e+01    1.4815869308e+00    8.2786802224e+00
    9.7808919192e+00    8.6111169578e-01    8.7821684165e+00
    1.0049512351e+01    1.5793223759e+00    9.4240484221e+00
    2.4411400243e-01    1.4187649903e+00    1.0166966866e+01
    1.0391278167e+01    2.3693433084e+00    1.0128375061e+01
    2.1158789907e-01    2.7934783747e+00    5.3578527708e-01
    9.7213299716e+00    2.4676577254e+00    5.5285855222e-01

molecule  41
    4.8323844375e+00    1.0200153973e+01    1.0044690237e+01
    5.1975027181e+00    6.6664634381e-01    9.9131159095e+00
    5.8702496540e+00    1.0419685548e+01    9.6798811272e+00
    5.9438176943e+00    5.9747004384e-01    8.9091873114e+00
    5.9828425070e+00    1.5240661858e+00    9.2830291821e+00
    6.5914606985e+00    2.3072468371e+00    9.4109818483e+00
    6.3182608394e+00    1.8875234444e+00    1.0276625937e+01
    7.0488468511e+00    2.1894760648e+00    4.3349940705e-01

molecule  42
    2.3201439768e+00    8.7928769079e-01    4.7841182985e+00
    1.4989732886e+00    1.0273655942e+00    5.3353623401e+00
    8.8877756488e-01    6.9972382450e-01    6.0567416361e+00
    1.0361108345e+01    8.7560623198e-01    6.1125444845e+00
    9.8467290135e+00    6.9061745281e-01    5.2750751633e+00
    9.9823805429e+00    1.1037412399e+00    4.3737390007e+00
    9.7458151575e+00    4.9030806912e-01    5.1263528036e+00
    9.6434412124e+00    8.6542671865e-01    4.2044353630e+00

molecule  43
    8.7881544263e-01    9.3500866776e-02    8.8818454601e+00
    1.3429045133e+00    9.6985837106e+00    8.6318293009e+00
    7.7739197323e-01    6.5574193133e-02    8.5701200266e+00
    1.1858824940e+00    9.6460916013e+00    8.3082775799e+00
    1.7906255948e+00    9.5052752906e+00    7.5245086604e+00
    2.4101844270e+00    8.7284864968e+00    7.4119787528e+00
    2.1261660601e+00    8.2046656356e+00    6.6088376571e+00
    1.8672257952e+00    7.7475628059e+00    7.4597097368e+00

molecule  44
    2.1893281487e+00    3.7344753045e+00    4.9730840838e-01
    1.2313387298e+00    4.0215945022e+00    4.8869193733e-01
    1.5846386447e+00    3.9321474269e+00    1.4197948400e+00
    1.4751906676e+00    3.0348356193e+00    9.9210212043e-01
    1.8537474881e+00    2.7197435858e+00    1.2178058308e-01
    2.7577712701e+00    2.3386759378e+00    1.0383597717e+01
    3.0895032809e+00    3.2740329005e+00    1.0261039786e+01
    3.8247733648e+00    2.6437242692e+00    5.5859050653e-02

molecule  45
    6.1115038335e+00    1.9629932929e+00    5.4364847488e+00
    5.7197410177e+00    1.3991537045e+00    6.1637505488e+00
    5.7206988595e+00    1.8985025623e+00    7.0299743283e+00
    6.4920784367e+00    2.1920716659e+00    6.4654787740e+00
    6.6173493584e+00    3.0870096756e+00    6.0358831642e+00
    5.9523060601e+00    3.3356894667e+00    6.7417937056e+00
    4.9546493879e+00    3.3857921602e+00    6.6483744477e+00
    4.7897696307e+00    2.3992129831e+00    6.6605462340e+00

molecule  46
    3.1512809429e+00    5.1021010447e-01    5.4912113636e+00
    2.8540558132e+00    6.7960033033e-01    6.4310563320e+00
    3.0828965868e+00    1.0173975436e+01    6.2745861678e+00
    3.6969868171e+00    1.0136648419e+01    7.0631825200e+00
    3.4879958243e+00    9.6968969572e+00    7.9367140375e+00
    3.9165928613e+00    8.4675585328e-02    8.2618428611e+00
    4.0226471741e+00    9.1427302802e-01    8.8103092972e+00
    3.6300377672e+00    4.3919169185e-01    9.5980605407e+00

molecule  47
    3.6512357086e+00    7.5391320405e+00    8.4754139718e+00
    3.2675332523e+00    6.7023149064e+00    8.8659167710e+00
    3.5453939551e+00    6.0399455657e+00    8.1703131074e+00
    3.2778948565e+00    6.3297184479e+00    7.2514155834e+00
    2.6952410314e+00    6.8420624659e+00    6.6207011294e+00
    1.8985101577e+00    6.5731718956e+00    7.1619221707e+00
    1.2940501394e+00    6.8864072454e+00    7.8943930867e+00
    6.4279121265e-01    6.7791640537e+00    8.6456277330e+00

molecule  48
    3.1079796447e-01    1.2252695257e+00    6.3873263389e-02
    1.1228031104e+00    9.2107649792e-01    5.6194069460e-01
    1.6276849450e+00    9.5703827023e-01    1.4243222327e+00
    1.6830115541e+00    1.2208467416e+00    2.3873314247e+00
    1.5583981720e+00    5.3014560646e-01    3.0996740659e+00
    2.4102784264e+00    1.9541505970e-02    2.9822117234e+00
    2.9530871106e+00    2.0314745508e-01    3.8018455870e+00
    2.5882665398e+00    1.0373949549e+00    3.3886081153e+00

molecule  49
    7.5671977297e+00    3.9641920948e+00    3.5427092300e+00
    8.4002092145e+00    4.1963567778e+00    3.0405219554e+00
    9.0869975549e+00    4.5624983694e+00    3.6684189057e+00
    8.1949237423e+00    4.9936890093e+00    3.8033914690e+00
    8.0002776970e+00    5.9619550419e+00    3.9601027948e+00
    7.6967386903e+00    6.4515767138e+00    3.1427785532e+00
    6.8962494855e+00    6.6637601388e+00    2.5822911622e+00
    6.1107352647e+00    6.0451866454e+00    2.6002806109e+00

molecule  50
    3.9104986889e+00    1.1884890395e+00    6.3643578319e-01
    4.3251602985e+00    4.5850683537e-01    1.1797608336e+00
    4.7372379597e+00    1.0097734145e+01    1.5852989273e+00
    5.3957862074e+00    1.0192225634e+01    2.3319146421e+00
    5.4685881458e+00    6.3944173896e-01    1.9072001897e+00
    5.7905207602e+00    1.3343859096e+00    1.2642516765e+00
    5.9673040933e+00    2.3085990086e+00    1.1240922910e+00
    5.1456011654e+00    2.0377967206e+00    6.2262124514e-01

molecule  51
    9.1052610931e+00    7.6158350592e+00    8.9211471374e+00
    9.7179266113e+00    7.0520817194e+00    9.4750636133e+00
    1.0149545890e+01    6.1500522837e+00    9.4819345329e+00
    9.2369668442e+00    5.7462516947e+00    9.5463006814e+00
    9.0507942335e+00    5.0532801528e+00    1.0242812863e+01
    9.8783802244e+00    4.4934607498e+00    1.0201851944e+01
    1.0172506611e+01    3.5377328434e+00    1.0207202754e+01
    3.9273890854e-01    3.2023093795e+00    9.5505460756e+00

molecule  52
    3.9750612570e-01    5.9346643338e+00    7.0856876925e+00
    9.9651663460e+00    5.6262799396e+00    7.4280709127e+00
    1.0030290536e+01    5.8741437105e+00    8.3946633154e+00
    9.3706857284e+00    6.6202080454e+00    8.4851608969e+00
    8.6153878879e+00    7.0862388743e+00    8.0244295554e+00
    8.9330859808e+00    6.4906535394e+00    8.7621837060e+00
    8.9132207914e+00    5.6199870392e+00    8.2707116964e+00
    9.4890309484e+00    4.9042729547e+00    8.6658995882e+00

molecule  53
    6.6842800657e+00    1.0936460481e+00    5.1056367813e+00
    7.5470729693e+00    6.0274053411e-01    4.9927372418e+00
    7.5234407323e+00    1.4069356756e+00    4.3986467215e+00
    6.9854263767e+00    2.2478822312e+00    4.4573564360e+00
    6.4272106547e+00    2.9352437806e+00    4.9220798540e+00
    7.0505589072e+00    3.7019752863e+00    4.7686360995e+00
    7.4970730506e+00    3.7856287884e+00    5.6595344974e+00
    8.4840025326e+00    3.6853738096e+00    5.5331030432e+00

molecule  54
    3.9951407952e+00    3.6705056491e+00    6.1569822696e+00
    4.4558150194e+00    2.9247826473e+00    5.6755020546e+00
    4.0221972261e+00    3.5721864188e+00    5.0480922786e+00
    3.0839620714e+00    3.9141961024e+00    5.0903735008e+00
    2.6727182110e+00    3.9851838731e+00    4.1821303966e+00
    3.4222313632e+00    3.5518012408e+00    3.6818043937e+00
    2.8822636037e+00    4.1748485431e+00    3.1158092354e+00
    3.5663304343e+00    4.6640242932e+00    3.6569509610e+00

molecule  55
    8.9163261173e+00    5.9192704795e+00    6.3582963205e+00
    8.5228526186e+00    6.4410542621e+00    7.1149969383e+00
    8.2684367956e+00    7.3355340662e+00    6.7473734095e+00
    8.5877369162e+00    8.0187969781e+00    7.4039985051e+00
    8.8780761036e+00    8.8436124618e+00    6.9188120668e+00
    7.9087681102e+00    8.8782950344e+00    7.1621478435e+00
    7.9163177422e+00    8.3221975980e+00    6.3310617902e+00
    7.4148190836e+00    8.0607038791e+00    5.5063604920e+00

molecule  56
    7.6276350127e+00    1.0383410045e+01    3.4353744586e+00
    7.8900092871e+00    3.5976750951e-01    2.5722708355e+00
    8.8070726311e+00    6.7976230746e-01    2.3342743534e+00
    9.2800496724e+00    7.8686517997e-01    1.4598041106e+00
    9.4314511716e+00    1.0285422567e+01    1.7088083803e+00
    9.8058452027e+00    9.7618466600e+00    9.4349517985e-01
    9.5392119646e+00    8.9400583864e+00    1.4470557421e+00
    9.6040894062e+00    8.6738760069e+00    4.8532842070e-01

molecule  57
    3.3396081912e+00    9.4919673298e+00    3.2558924504e+00
    3.8574536735e+00    9.5751686865e+00    4.1073084734e+00
    4.3156986476e+00    8.9738780450e+00    3.4527360346e+00
    3.8152684422e+00    8.1085119751e+00    3.4259462639e+00
    3.8523048941e+00    7.2874280495e+00    2.8563216388e+00
    4.4501529507e+00    7.4602389924e+00    2.0735078346e+00
    3.6319787787e+00    7.8139640424e+00    1.6202472857e+00
    2.9385304866e+00    8.3210650864e+00    2.1320938417e+00

molecule  58
    9.2669292660e+00    1.0082908106e+01    4.4366464616e+00
    8.6292893375e+00    9.7926926679e+00    5.1503057851e+00
    8.4466511349e+00    9.0558438102e+00    4.4994272268e+00
    8.4850329764e+00    8.1180946302e+00    4.8445013696e+00
    8.3871194772e+00    7.5068666213e+00    5.6298211995e+00
    8.0269151857e+00    6.5913211058e+00    5.8082555699e+00
    7.8402544979e+00    5.6740844543e+00    6.1599349400e+00
    7.4389088293e+00    6.3827125907e+00    6.7403043317e+00

molecule  59
    4.9511669170e+00    2.9752695173e+00    3.9602024170e+00
    5.8253341414e+00    2.5012092988e+00    4.0656265480e+00
    5.9382448845e+00    3.4946543355e+00    4.0754000750e+00
    5.6331912417e+00    3.8269425590e+00    3.1829135446e+00
    5.7097268416e+00    3.1218782485e+00    2.4779525923e+00
    6.1269933056e+00    3.6425129874e+00    1.7331930636e+00
    5.7430300707e+00    2.9151125495e+00    2.3020508110e+00
    6.0222335862e+00    2.1041469781e+00    2.8164023906e+00

molecule  60
    9.3876920561e+00    7.9992109549e+00    5.5122897325e+00
    9.9179816390e+00    7.1933835864e+00    5.7757939559e+00
    1.0189079803e+01    6.6982486742e+00    6.6012206944e+00
    9.3929203501e+00    7.2446357038e+00    6.8611690071e+00
    9.7036275478e+00    8.1518965906e+00    6.5777853495e+00
    9.9994283826e-02    8.3527605881e+00    6.0934719997e+00
    6.3036851948e-01    7.6317928969e+00    6.5394084469e+00
    1.1307840641e+00    6.7834964368e+00    6.3666275664e+00

molecule  61
    7.5327877071e-01    6.1303471098e+00    9.8536378227e+00
    1.7222991591e+00    6.2929741944e+00    9.6677686970e+00
    1.6657390197e+00    5.9440675237e+00    1.4807157864e-01
    2.5486707923e+00    5.7288256521e+00    1.0186122380e+01
    2.6821824527e+00    4.9709785542e+00    9.5477390893e+00
    2.7401648562e+00    4.8712064895e+00    8.5545595494e+00
    1.7550311113e+00    5.0393916094e+00    8.5211317001e+00
    2.0367181918e+00    5.9836551863e+00    8.3508773746e+00

molecule  62
    2.2747083232e+00    3.9805973450e+00    9.8635108338e+00
    2.1191568818e+00    4.7448047593e+00    3.4485582885e-02
    2.3941686038e+00    5.3561024414e+00    7.7645458652e-01
    2.4214762136e+00    5.7674984877e+00    1.6874335061e+00
    2.6419975350e+00    5.9950529467e+00    2.6358674426e+00
    2.8016230175e+00    6.9818925538e+00    2.6104786893e+00
    1.9126384496e+00    7.4388045234e+00    2.5803968223e+00
    1.8497192924e+00    7.0432593284e+00    1.6641075044e+00

molecule  63
    6.0972643779e+00    7.2841790512e+00    3.5857843329e+00
    7.0965786354e+00    7.3042584138e+00    3.6178373014e+00
    6.7499813768e+00    7.8259947087e+00    2.8383218194e+00
    7.1044727180e+00    8.5874320409e+00    3.3813134142e+00
    7.5876033382e+00    9.3358723192e+00    3.8359923972e+00
    6.8823934266e+00    8.7008169944e+00    3.5213582090e+00
    6.9296751226e+00    8.7010513120e+00    4.5201969594e+00
    7.3540583138e+00    8.1586812777e+00    5.2452401677e+00

molecule  64
    3.6005928596e+00    5.4539042802e+00    9.1398687313e+00
    4.3952842892e+00    5.3866801311e+00    8.5371977681e+00
    3.6978586170e+00    4.9541904961e+00    7.9655408646e+00
    3.1888423371e+00    4.0961017912e+00    7.8910734386e+00
    3.3743410834e+00    3.3195545181e+00    7.2884004472e+00
    3.2332053620e+00    2.5318506056e+00    7.8888006880e+00
    3.9390221026e+00    2.1844959944e+00    8.5068893440e+00
    4.7364688604e+00    1.8086438171e+00    8.9791081875e+00

molecule  65
    7.4248432637e-01    3.7819937645e+00    7.9138472204e+00
    3.4840989046e-01    3.0288045679e+00    7.3874076416e+00
    9.9135430569e-02    2.1140741122e+00    7.0696352477e+00
    6.7537324136e-01    1.7666211459e+00    6.3299551783e+00
    1.5800253559e+00    1.5246633044e+00    6.6807732637e+00
    1.3221165072e+00    1.9338524269e+00    7.5560290213e+00
    1.0139407407e+00    9.9147152192e-01    7.6852651076e+00
    1.1679977894e+00    3.4759363051e-01    8.4347240734e+00

molecule  66
    1.7055393149e-01    3.7291463566e+00    4.5909244343e+00
    9.8290755741e+00    3.2037087679e+00    4.2923799386e+00
    9.9768550675e+00    3.8880381737e+00    3.5784734317e+00
    1.0271752381e+01    4.8402573162e+00    3.4988247883e+00
    1.1114565955e-01    4.3993725623e+00    2.6509425070e+00
    1.0041932787e+01    4.3190063814e+00    1.8032599087e+00
    3.4594229016e-01    3.8778223584e+00    1.3247021166e+00
    8.2773094207e-01    3.4534581416e+00    2.0913611221e+00

molecule  67
    1.1296949229e+00    1.0381371555e+01    4.3587386472e-02
    1.8409795280e+00    1.0408618082e+01    9.7963710738e+00
    2.4982181233e+00    3.9165255980e-01    1.0409577309e+01
    3.0467847759e+00    1.0040795526e+01    1.0187247791e+01
    2.7094547269e+00    9.5293676795e+00    5.2235707173e-01
    1.8254732624e+00    9.5013490557e+00    5.5730465588e-02
    2.3069562366e+00    9.3996276620e+00    9.6403510764e+00
    2.5283008456e+00    8.5762970538e+00    1.0162933169e+01

molecule  68
    1.0296878118e+01    6.7223158218e+00    1.0438272129e+01
    1.0355217628e+01    7.7038696937e+00    1.0256210594e+01
    9.3903928464e+00    7.9322456396e+00    1.0126025845e+01
    8.6545554959e+00    7.8771535356e+00    3.4579183494e-01
    8.4758512145e+00    7.2934189070e+00    1.0008923789e+01
    9.1376571369e+00    6.6701601783e+00    1.0425525855e+01
    8.8141706050e+00    6.1735215934e+00    7.7579027347e-01
    8.3262031812e+00    5.8949860181e+00    1.0403721340e+01

molecule  69
    1.1407203554e+00    3.6247727414e+00    5.6014812864e+00
    1.9154983419e-01    3.9094072480e+00    5.7314147027e+00
    1.0034313488e+01    4.6690162606e+00    5.5135850200e+00
    9.5478006074e+00    4.1966016975e+00    4.7784597277e+00
    8.8165760766e+00    3.6459661939e+00    4.3752220321e+00
    8.5672217710e+00    3.7185031759e+00    5.3409896541e+00
    8.3444452934e+00    4.5409786522e+00    4.8177864880e+00
    8.9568560411e+00    4.9455558398e+00    5.4967043842e+00

molecule  70
    2.0889187792e+00    8.4412698357e+00    6.3790067468e+00
    1.2063506262e+00    8.8445407062e+00    6.6212493365e+00
    1.2751433438e+00    8.6460258310e+00    5.6436313836e+00
    1.4982396641e+00    7.6776867495e+00    5.7550764672e+00
    8.0944018389e-01    7.2443404989e+00    5.1739255242e+00
    6.8805992710e-01    7.2116935744e+00    4.1818512095e+00
    6.0026375208e-01    7.1745654260e+00    3.1864181243e+00
    1.0161409996e+01    7.0481457031e+00    3.6162126053e+00

molecule  71
    5.6903288304e+00    5.6284819240e+00    5.4079495686e+00
    6.6476887886e+00    5.8155940285e+00    5.6279781674e+00
    7.3257135578e+00    6.2252153257e+00    5.0176185794e+00
    7.0175818524e+00    7.1633838556e+00    4.8626311510e+00
    6.2013306139e+00    6.5935705793e+00    4.9587562210e+00
    5.9808495299e+00    7.5300255320e+00    4.6860930677e+00
    6.0706924122e+00    7.5928343792e+00    5.6801053536e+00
    6.0897106850e+00    8.5811602520e+00    5.8313116813e+00

molecule  72
    3.9094535004e+00    1.0938179884e+00    8.7382199714e+00
    2.9774361051e+00    9.2032300265e-01    8.4200693617e+00
    2.5823639033e+00    7.1947713572e-01    9.3165930197e+00
    3.0730493538e+00    1.3980027035e+00    9.8632517701e+00
    3.9979739325e+00    1.7760963417e+00    9.8237344060e+00
    4.0161458093e+00    1.1276797997e+00    1.2963898173e-01
    3.9552037527e+00    1.3049974775e-01    1.7327610134e-01
    3.6225375741e+00    4.3124927129e-01    9.7347230974e+00

molecule  73
    5.9723314740e+00    9.6381776359e+00    1.5505298079e+00
    6.6123709104e+00    1.0400352677e+01    1.4534213225e+00
    6.5660607986e+00    5.9171985004e-01    2.2149027615e+00
    5.8864988041e+00    6.1570788664e-01    2.9481184100e+00
    4.9844323998e+00    1.0402710977e+00    3.0258284797e+00
    4.5632951447e+00    1.3664372644e+00    2.1795090574e+00
    4.9650661896e+00    2.2191364271e+00    1.8456706108e+00
    4.2055768333e+00    2.6037806532e+00    2.3703076280e+00

molecule  74
    4.8062353701e+00    9.1769338632e-01    9.8139933481e+00
    5.6956402421e+00    9.4121772102e-01    1.0270501982e+01
    6.2397550749e+00    5.5222660349e-01    5.5872891581e-01
    7.1695077888e+00    9.1190739616e-01    4.8006024713e-01
    7.5130310491e+00    6.7891361364e-01    1.3898404503e+00
    7.9877031842e+00    1.4392075146e+00    1.8332776884e+00
    7.0407609877e+00    1.7521194232e+00    1.9066798332e+00
    7.2404200728e+00    1.4691671307e+00    2.8447900485e+00

molecule  75
    1.0194458735e+01    7.2253159653e+00    1.5277984839e+00
    1.0114303712e+01    6.2622248499e+00    1.2708343349e+00
    9.7634389821e+00    5.4114002397e+00    1.6619754184e+00
    1.0048388581e+01    5.5239416568e+00    2.6138883400e+00
    6.5803320335e-02    6.4007593268e+00    2.5251993185e+00
    3.9734802954e-01    6.0281227835e+00    3.3919278772e+00
    6.9424079373e-01    5.3238308643e+00    4.0367722843e+00
    1.0284034946e+01    5.7194081167e+00    4.3444452482e+00

molecule  76
    8.6281505887e-01    2.1581826516e+00    9.5429127087e+00
    9.4534471609e-01    1.7750724101e+00    8.6230753355e+00
    1.2667088640e+00    1.0943582824e+00    9.2815461475e+00
    1.9799582819e+00    1.3709455386e+00    8.6377330562e+00
    2.3792406082e+00    1.5887625265e+00    7.7470427577e+00
    2.0696337203e+00    6.4011315213e-01    7.8119386536e+00
    2.3743300459e+00    1.0435129149e+01    8.4984894360e+00
    2.5342673998e+00    9.4483854157e+00    8.5247343917e+00

molecule  77
    7.3751281774e+00    5.0571754110e+00    6.9689168330e+00
    7.0388879817e+00    4.9989165511e+00    7.9088636630e+00
    8.0314607860e+00    4.8877487190e+00    7.9578889624e+00
    8.0000670929e+00    4.1095862428e+00    8.5851664265e+00
    8.7293552164e+00    4.0496983619e+00    9.2667518969e+00
    8.4972737595e+00    3.1108300090e+00    9.5210109825e+00
    7.5050463396e+00    3.0455446328e+00    9.4150919240e+00
    7.5890273794e+00    2.3559595596e+00    8.6957790831e+00

molecule  78
    6.7186651998e+00    9.8746756581e+00    2.4398812624e+00
    7.5055215534e+00    9.2643452103e+00    2.3485322809e+00
    8.2913427085e+00    9.3343173782e+00    2.9629925591e+00
    9.2616822507e+00    9.1110518751e+00    2.8704389914e+00
    9.3669954694e+00    9.0210786233e+00    3.8607950735e+00
    1.0339041049e+01    8.9991005003e+00    3.6273381924e+00
    9.9368881319e+00    9.8684828825e+00    3.3401572982e+00
    9.6832969322e+00    9.1522955805e+00    2.6899516719e+00

molecule  79
    4.6753850007e+00    2.8413991340e+00    9.4105042271e+00
    4.2523758293e+00    3.3065258035e+00    8.6328602924e+00
    4.2728101194e+00    4.2617797267e+00    8.9279458887e+00
    3.3362458160e+00    4.0443203852e+00    9.2029183384e+00
    3.4126010594e+00    3.9216267973e+00    8.2135947465e+00
    4.2692909582e+00    3.9073377521e+00    7.6978988963e+00
    3.6175391999e+00    3.3695329992e+00    7.1627650273e+00
    4.2808844521e+00    2.7931977214e+00    7.6395072454e+00

molecule  80
    5.0558042970e+00    2.1971242468e+00    5.0594075444e+00
    4.5812176835e+00    1.8691251086e+00    4.2425427965e+00
    4.2301124243e+00    1.4388589061e+00    5.0742118761e+00
    4.0893307336e+00    4.7408374628e-01    4.8520121043e+00
    4.6928192802e+00    1.0142740650e+01    4.7207891952e+00
    5.6190681810e+00    1.0362980366e+01    4.4150150190e+00
    6.2384039143e+00    6.5733044304e-01    4.1814970636e+00
    5.8444270927e+00    1.4424452910e+00    3.7037732636e+00

molecule  81
    8.3497711118e-01    9.4944308572e-01    7.2919414269e+00
    1.7557837947e-01    2.6022812385e-01    7.5922311335e+00
    1.0241469781e+01    1.0178919917e+01    6.8436251771e+00
    9.9196556986e+00    9.2348841309e+00    6.7720520887e+00
    9.0497695480e+00    9.0215159992e+00    7.2167358298e+00
    9.4143264315e+00    9.8939316241e+00    7.5420394363e+00
    9.4450470794e+00    9.5623861367e+00    8.4848889913e+00
    1.0139742601e+01    1.0281399026e+01    8.5017272296e+00

molecule  82
    5.3266753210e-01    4.4044858517e+00    1.0056869836e+01
    9.8034632302e-03    4.7573082830e+00    9.2809001567e+00
    8.5740307504e-01    4.4190012377e+00    8.8720806152e+00
    1.4873644300e+00    4.7569034813e+00    9.5714510713e+00
    1.9520247539e+00    3.8956254847e+00    9.7776111036e+00
    1.6104672359e+00    2.9929689858e+00    9.5158442243e+00
    1.0691664033e+00    3.0322189414e+00    8.6759456923e+00
    9.5652642705e-01    3.9766030362e+00    8.9850091467e+00

molecule  83
    4.8748506425e+00    8.5726279150e+00    9.3443707566e+00
    5.8510863530e+00    8.6508559090e+00    9.1418222151e+00
    5.3168843657e+00    8.4184044069e+00    8.3291358500e+00
    4.7642162998e+00    7.6695412371e+00    8.6950408876e+00
    4.2550813137e+00    7.2445254385e+00    9.4434314882e+00
    4.0625583474e+00    7.2186836783e+00    1.0424376012e+01
    3.3734340532e+00    7.7420364941e+00    9.9229417429e+00
    2.4065214207e+00    7.4867832577e+00    9.9294262454e+00

molecule  84
    8.9053948785e+00    2.9563424987e+00    2.0437763480e+00
    9.7319419254e+00    2.5414624936e+00    1.6636578218e+00
    9.0560720967e+00    3.2235686799e+00    1.9427559392e+00
    9.8366945575e+00    3.4506594257e+00    2.5250491288e+00
    5.6692903529e-02    2.7178559206e+00    2.4402875510e+00
    9.5002548340e-01    2.2692282666e+00    2.4653087244e+00
    4.0124378025e-01    1.4981307022e+00    2.1424161349e+00
    1.0313875908e+01    6.5817060605e-01    2.1306912871e+00

molecule  85
    1.6930385529e+00    9.8135851590e+00    3.5141249176e+00
    8.5733958230e-01    9.4579229942e+00    3.9320053141e+00
    6.5252563577e-01    9.1039590327e+00    4.8443929705e+00
    9.8200251034e-01    8.2669646614e+00    4.4081011363e+00
    9.1853691389e-02    8.1255236723e+00    4.8413120355e+00
    9.7216560994e+00    7.6846911102e+00    4.4885509398e+00
    9.5586056880e+00    7.5036101324e+00    3.5186975767e+00
    1.0253990462e+01    8.0306246251e+00    3.0301346999e+00

molecule  86
    5.1199913614e+00    6.8687871479e+00    1.6103305911e-01
    5.6036048149e+00    6.5531069901e+00    9.7998093162e+00
    6.4883292441e+00    6.9990329282e+00    9.9359035060e+00
    6.6483245883e+00    6.5971140090e+00    9.0343855431e+00
    6.5026662054e+00    5.8702465260e+00    8.3633449633e+00
    5.5471266021e+00    5.6788751537e+00    8.5874894135e+00
    5.2805707786e+00    4.7396558379e+00    8.8033147654e+00
    6.1921395719e+00    4.9583808515e+00    9.1516046472e+00

molecule  87
    3.9629376410e+00    7.0091598481e+00    4.3424264694e+00
    4.7741434526e+00    6.6645524282e+00    4.8149421691e+00
    4.3102312810e+00    7.3787289915e+00    5.3391424570e+00
    3.6499592551e+00    6.7177680914e+00    5.6957717785e+00
    3.6857493891e+00    5.8675321856e+00    5.1705734384e+00
    2.8476079870e+00    6.2068733688e+00    4.7439097207e+00
    3.3617686004e+00    5.7355743335e+00    4.0272164684e+00
    3.9767184371e+00    6.3032834505e+00    3.4798530816e+00

molecule  88
    4.1716236756e+00    1.0149186196e+01    5.7127534875e+00
    4.0842781215e+00    9.9564163730e+00    6.6902078116e+00
    5.0181078804e+00    9.8112050447e+00    6.3634339176e+00
    4.7505286995e+00    9.1791823406e+00    7.0917637202e+00
    3.7730009274e+00    8.9654087890e+00    7.0908993717e+00
    3.8462559675e+00    9.0395622728e+00    6.0963294780e+00
    3.4035267875e+00    9.4507660284e+00    5.2995063087e+00
    2.6277510865e+00    9.4399894560e+00    4.6686744516e+00

molecule  89
    3.3726254099e+00    2.7400768237e+00    5.8366434710e+00
    2.4155932304e+00    2.5900806931e+00    5.5900322096e+00
    2.5715359742e+00    1.6019778394e+00    5.5890597173e+00
    2.7743408983e+00    1.8571047559e+00    6.5332923550e+00
    3.4574059864e+00    2.3615555223e+00    5.9944830218e+00
    3.7640030003e+00    2.1257063165e+00    6.9173296545e+00
    3.3951847536e+00    2.5762086022e+00    6.1047738673e+00
    2.6856077562e+00    2.1054093374e+00    6.6399316448e+00

molecule  90
    6.0988329879e+00    4.0838449041e+00    5.9631017425e+00
    6.1557095260e+00    4.9717906208e+00    6.4192676939e+00
    5.2510613248e+00    4.8058860024e+00    6.0262451309e+00
    5.2211603769e+00    5.4848936280e+00    6.7597189487e+00
    4.7330577789e+00    5.8550050455e+00    5.9692914411e+00
    5.0888073573e+00    6.7688905790e+00    6.1647556457e+00
    5.9243342752e+00    6.3034644845e+00    6.4570360617e+00
    6.4455614154e+00    5.9845197643e+00    7.2486464518e+00

molecule  91
    6.7829905441e+00    2.7445268031e+00    7.7071579074e+00
    7.6747531484e+00    2.3801350517e+00    7.4396348445e+00
    7.5276870392e+00    2.6105903770e+00    6.4776546396e+00
    7.3261806950e+00    1.9031404199e+00    5.7998677627e+00
    7.6505119624e+00    2.7485766277e+00    6.2241712532e+00
    7.6990230731e+00    2.7794492702e+00    5.2255574355e+00
    8.5808875301e+00    2.5402872083e+00    5.6317589179e+00
    8.6787029965e+00    1.6140959624e+00    5.2675362773e+00

molecule  92
    5.8881975160e+00    9.7156293513e+00    8.8090664942e+00
    6.3495564117e+00    9.9191529996e+00    7.9455787538e+00
    5.9173384905e+00    9.5719376801e+00    7.1133683735e+00
    6.8920980457e+00    9.3510548818e+00    7.1459096509e+00
    6.7372755021e+00    1.0190240923e+01    6.6245795277e+00
    5.8597639493e+00    1.9555380607e-01    6.7585083977e+00
    5.4031210299e+00    2.8694422796e-01    5.8735815121e+00
    6.2919743657e+00    1.0742301435e-01    5.4521266616e+00

molecule  93
    9.9787209108e+00    3.9857201587e+00    8.0119640793e+00
    1.0125348104e+01    3.2696127751e+00    8.6943810151e+00
    9.6243059818e+00    2.8032106476e+00    9.4233796854e+00
    9.1499925701e+00    2.7340409410e+00    8.5457787108e+00
    9.7830758003e+00    2.3362895998e+00    7.8818343794e+00
    8.9139118335e+00    1.8420970251e+00    7.9092677697e+00
    8.9118971254e+00    2.6353142608e+00    8.5180870701e+00
    8.7495742504e+00    1.8287757932e+00    7.9495332831e+00

molecule  94
    3.2444421482e+00    8.7087045947e+00    1.0665355895e+00
    2.5150544868e+00    8.1131333698e+00    7.2996263338e-01
    2.0469742532e+00    8.5821276443e+00    1.4789229461e+00
    2.2638841202e+00    9.3948068817e+00    2.0197521908e+00
    1.3853230064e+00    9.5748576640e+00    2.4620961276e+00
    5.1617122929e-01    9.0843444668e+00    2.5250823825e+00
    4.1190636277e-01    1.0054649167e+01    2.7434117050e+00
    1.0441277117e+01    9.8238429832e+00    1.8685287499e+00

molecule  95
    2.5895390420e+00    3.1944221371e+00    6.5204540327e+00
    2.2241578757e+00    3.7424891686e+00    5.7690514532e+00
    2.9077547805e+00    4.4036230487e+00    6.0773947457e+00
    3.2893809585e+00    4.6955466036e+00    6.9541237544e+00
    3.6345181746e+00    5.2429537936e+00    6.1915538503e+00
    4.0279293541e+00    5.5272472119e+00    7.0656243563e+00
    3.7510972854e+00    5.2977627637e+00    6.1325509037e+00
    4.6047884933e+00    5.6776277838e+00    5.7763362719e+00

molecule  96
    4.6293209114e-01    7.9507178459e-01    4.9781073234e+00
    9.1045838989e-01    5.3399421672e-01    4.1227989695e+00
    1.2131801895e+00    1.4861927742e+00    4.1604584046e+00
    1.9920834611e+00    1.9389985083e+00    4.5939063225e+00
    2.5073312849e+00    2.0806137904e+00    3.7486532556e+00
    2.5694263499e+00    2.8882448179e+00    4.3346538863e+00
    2.1956023264e+00    3.1021033140e+00    3.4319506606e+00
    1.4644717092e+00    2.4615912613e+00    3.6673336084e+00

molecule  97
    2.3126761337e+00    6.0368709104e+00    3.7766324974e+00
    2.7283781121e+00    6.5769216276e+00    4.5084832258e+00
    1.8764280493e+00    6.9552922413e+00    4.8704464677e+00
    1.9297636857e+00    6.3880992637e+00    5.6921375810e+00
    1.1103392198e+00    6.1662443320e+00    5.1633488690e+00
    1.2942689469e+00    6.2691119648e+00    4.1857543576e+00
    1.4307409091e+00    6.4224200273e+00    3.2069838683e+00
    1.1426883554e+00    5.8518677467e+00    2.4379075724e+00

molecule  98
    5.9172346226e+00    5.3367645977e+00    1.5325996170e+00
    6.6361681291e+00    5.9693645527e+00    1.2445888756e+00
    7.3075308169e+00    6.4181067834e+00    6.5475410730e-01
    6.4934657424e+00    6.9838024090e+00    7.8622707766e-01
    6.8547952613e+00    7.9076439260e+00    9.1246068000e-01
    6.6928483149e+00    8.8214957080e+00    1.2847565245e+00
    7.2160468800e+00    9.2291362400e+00    5.3638728887e-01
    7.4787026907e+00    8.5879889069e+00    1.0270513117e+01

molecule  99
    5.9382618061e+00    9.8326256033e+00    3.2454874734e+00
    5.8378386485e+00    9.2392208871e+00    4.0440917362e+00
    5.6226672375e+00    9.4095295773e+00    5.0057060959e+00
    5.3924761963e+00    8.4373340238e+00    4.9640210783e+00
    4.5505178817e+00    8.9552952149e+00    4.8134140732e+00
    3.8252191206e+00    8.3798606243e+00    5.1913101880e+00
    2.9242498350e+00    8.3532257671e+00    5.6243934432e+00
    2.8324287223e+00    7.4372190170e+00    5.2338805178e+00
