BOUNDARY

cubic     1.0000000e+01

MOLECULES

species    0
nMolecule  800

molecule   0
  9.54954914e+00  6.50570500e+00  7.68225821e+00

molecule   1
  8.62222724e+00  1.99897210e+00  1.22218956e+00

molecule   2
  7.41785940e-01  4.43196234e+00  4.00321508e+00

molecule   3
  1.96833442e+00  4.71914309e+00  5.94916412e+00

molecule   4
  5.75346888e-01  9.35740036e+00  8.92374590e+00

molecule   5
  7.60523701e+00  4.73989261e+00  8.37154836e+00

molecule   6
  8.75362291e+00  9.47148468e+00  1.75242717e+00

molecule   7
  4.91757007e+00  4.02474968e+00  1.02430949e+00

molecule   8
  1.11234702e+00  3.40041369e+00  8.28584237e+00

molecule   9
  4.20535819e+00  4.52041753e+00  2.35438924e+00

molecule   10
  2.71520873e-02  2.65181443e+00  2.45344121e+00

molecule   11
  7.78380072e+00  5.83807887e+00  8.63572261e+00

molecule   12
  5.12483136e+00  2.42725256e+00  1.69831947e+00

molecule   13
  4.79129874e+00  8.72426646e+00  7.24667894e+00

molecule   14
  9.97943913e+00  1.33225369e+00  6.37808615e+00

molecule   15
  5.54366982e+00  2.52035092e+00  7.64784926e+00

molecule   16
  3.79215876e+00  2.35274034e+00  7.55191878e+00

molecule   17
  3.14075803e+00  2.13450340e+00  5.25841273e+00

molecule   18
  2.93055270e+00  8.17865195e+00  4.77474708e+00

molecule   19
  5.77277460e+00  7.57155272e+00  4.37730272e+00

molecule   20
  1.07774635e+00  4.42587404e+00  1.99908437e+00

molecule   21
  4.40839456e+00  5.03209188e+00  4.62358433e+00

molecule   22
  4.88102847e+00  5.02145107e+00  6.95523621e+00

molecule   23
  6.82079991e+00  8.67943909e+00  1.18088121e+00

molecule   24
  8.46836601e-01  9.06402040e+00  3.88985552e+00

molecule   25
  5.99494469e-01  9.88517933e+00  7.89824343e+00

molecule   26
  4.80704595e+00  4.46523627e+00  8.87814577e+00

molecule   27
  1.64768129e-01  3.83190936e+00  8.05907410e+00

molecule   28
  9.95573420e+00  3.98679715e+00  4.37778317e+00

molecule   29
  2.87081053e+00  7.47551248e+00  9.25898659e+00

molecule   30
  7.31250285e+00  6.08718856e+00  5.56421063e+00

molecule   31
  8.32717286e+00  6.26542839e+00  6.03900681e+00

molecule   32
  9.42510089e-01  5.64039832e+00  3.01707923e+00

molecule   33
  3.29515485e+00  3.28665707e+00  4.98172271e+00

molecule   34
  4.03028443e+00  1.15465565e+00  8.02844197e+00

molecule   35
  8.47110798e+00  8.25291520e+00  1.62493563e-02

molecule   36
  9.62638884e+00  5.83879270e+00  9.76101548e+00

molecule   37
  1.43179733e+00  6.74498510e+00  6.66672583e+00

molecule   38
  5.88096158e+00  2.56637591e+00  2.89639301e+00

molecule   39
  1.52774780e+00  5.71335035e+00  6.46125198e+00

molecule   40
  2.69718667e+00  5.98307925e+00  3.76894527e+00

molecule   41
  2.45374107e-01  9.02547334e+00  1.25487731e+00

molecule   42
  9.07135430e-01  3.34146787e+00  5.23697166e-01

molecule   43
  5.81095439e+00  8.10339421e+00  9.26422869e+00

molecule   44
  3.91137954e+00  5.20883881e+00  5.48900725e+00

molecule   45
  4.02565837e+00  6.75554341e+00  5.61032004e+00

molecule   46
  6.78560588e-01  1.54338921e-01  4.02581206e+00

molecule   47
  3.26595581e+00  5.51315664e+00  9.63025007e-01

molecule   48
  5.15624368e-01  8.11531097e+00  4.94063918e-01

molecule   49
  2.00280468e+00  3.40496533e+00  4.57334171e+00

molecule   50
  7.83680714e+00  3.42279371e+00  4.38216622e+00

molecule   51
  3.79198721e+00  7.65667496e+00  8.09593407e-01

molecule   52
  2.35350323e+00  8.36244020e-01  6.70524668e+00

molecule   53
  5.06045836e-02  1.77921563e+00  7.33370580e+00

molecule   54
  7.71493875e+00  9.57574914e+00  1.20119706e+00

molecule   55
  7.51343960e+00  3.18782968e+00  6.18253911e+00

molecule   56
  2.03407193e+00  1.75719696e+00  8.35968415e+00

molecule   57
  2.85997114e+00  2.49397858e+00  8.66959253e+00

molecule   58
  9.64936155e+00  9.42898392e+00  6.55316591e+00

molecule   59
  1.90193383e+00  4.23079192e+00  9.01414254e+00

molecule   60
  2.45348069e-01  1.88759108e+00  3.18886586e+00

molecule   61
  9.15872672e+00  8.79008675e+00  7.45524314e+00

molecule   62
  7.82630036e+00  7.85942282e+00  8.12322839e+00

molecule   63
  3.37098401e-01  4.14440733e+00  2.73339548e-02

molecule   64
  4.43945454e+00  8.62140620e+00  5.00640472e+00

molecule   65
  6.65717590e+00  4.28143808e+00  1.20375183e+00

molecule   66
  1.49731721e+00  8.45405711e+00  8.44923167e+00

molecule   67
  4.94715660e+00  1.69709103e+00  7.97199386e+00

molecule   68
  9.62606301e+00  6.82757482e+00  5.80691946e+00

molecule   69
  3.66456568e+00  6.38109292e-01  2.62586500e+00

molecule   70
  5.83512370e+00  6.78814389e+00  6.21369556e+00

molecule   71
  8.56497243e+00  1.64421221e+00  6.19046698e+00

molecule   72
  4.22873752e+00  6.72985800e-01  6.15191784e+00

molecule   73
  2.38808394e+00  6.40433199e+00  6.89177447e+00

molecule   74
  9.49117613e+00  3.09885050e+00  5.02075648e+00

molecule   75
  6.28073329e+00  6.70384266e+00  3.75014791e+00

molecule   76
  2.58594149e+00  7.99707042e+00  8.49136684e+00

molecule   77
  4.43770498e+00  9.97085456e+00  3.24725939e+00

molecule   78
  8.62225860e+00  2.61156472e+00  9.86890052e+00

molecule   79
  5.66335571e+00  2.68265092e+00  3.10392281e-01

molecule   80
  7.79077786e+00  8.41569832e+00  6.23002966e+00

molecule   81
  8.48892345e+00  8.82263644e-01  3.51517092e+00

molecule   82
  3.95317984e+00  4.47800625e+00  7.93761979e+00

molecule   83
  9.60059074e+00  9.79250011e+00  9.27729803e-01

molecule   84
  3.19015710e+00  9.91415557e-01  3.43617666e+00

molecule   85
  6.57120343e+00  5.48609836e+00  2.16494754e+00

molecule   86
  7.26268730e+00  8.96808410e+00  7.90332674e+00

molecule   87
  6.85366327e+00  5.56392897e+00  8.27588696e+00

molecule   88
  1.25765282e+00  6.10092713e-01  7.15004841e+00

molecule   89
  2.10508711e+00  1.23749582e+00  9.35652388e+00

molecule   90
  3.81569942e-01  8.70300125e+00  3.12083053e+00

molecule   91
  3.19912521e-01  8.41071281e+00  6.31382011e+00

molecule   92
  6.75989284e+00  7.36370893e+00  9.44600181e+00

molecule   93
  6.93531912e+00  7.64681531e+00  9.96731304e-01

molecule   94
  1.05666484e+00  1.68210572e+00  7.70250390e+00

molecule   95
  1.50421836e+00  6.02326052e+00  3.88973327e+00

molecule   96
  8.75466077e+00  8.81882357e+00  8.53871448e+00

molecule   97
  6.47723193e+00  9.75214121e+00  9.41616566e+00

molecule   98
  7.48867297e+00  3.94646998e-01  7.72618869e+00

molecule   99
  7.01827651e+00  3.02182572e+00  1.33369291e+00

molecule   100
  3.37006485e+00  7.36759343e+00  5.08947327e+00

molecule   101
  7.96044971e+00  2.79119925e+00  2.83498541e+00

molecule   102
  7.99079233e+00  5.03318529e+00  7.43273229e+00

molecule   103
  4.78561556e+00  6.19735094e+00  2.00499677e+00

molecule   104
  4.22333885e+00  2.43348499e+00  5.68982726e+00

molecule   105
  5.08374577e-01  2.58800101e-01  5.19164730e+00

molecule   106
  6.26559758e+00  1.05828773e+00  9.63770970e+00

molecule   107
  3.74337197e+00  6.39725887e+00  2.22821719e+00

molecule   108
  4.60883135e+00  1.47159841e+00  4.57189780e+00

molecule   109
  5.97925622e+00  1.39670099e+00  2.61108213e+00

molecule   110
  9.12572493e+00  1.14499709e+00  7.15334465e+00

molecule   111
  6.51666055e+00  9.85682701e-01  8.14578773e+00

molecule   112
  3.17559906e+00  4.54259155e+00  2.98840148e+00

molecule   113
  3.74720462e+00  4.90192179e-02  6.94204828e-01

molecule   114
  2.05331799e+00  3.09043556e+00  6.69644914e+00

molecule   115
  3.13390919e+00  5.63372059e+00  2.55148016e+00

molecule   116
  3.14950763e-01  4.98379586e-01  1.35486004e+00

molecule   117
  9.18397827e+00  4.21913093e+00  7.63454661e+00

molecule   118
  5.90454738e+00  6.92692006e+00  8.62565724e+00

molecule   119
  3.06479047e+00  9.89109129e+00  1.96404399e+00

molecule   120
  4.90094526e+00  5.14922484e+00  1.30687688e+00

molecule   121
  5.45747756e+00  3.38929188e+00  7.08050456e+00

molecule   122
  4.13799423e+00  7.19150086e+00  8.81677943e+00

molecule   123
  3.08173696e+00  7.10100193e+00  7.41255006e+00

molecule   124
  5.36146238e+00  6.69576478e+00  5.23425129e+00

molecule   125
  5.19059851e+00  1.71303933e+00  8.11524582e-01

molecule   126
  6.14628353e+00  2.13044050e+00  9.46752291e+00

molecule   127
  3.94027966e+00  5.40968522e-01  4.09981295e+00

molecule   128
  1.54971898e-01  4.58496037e+00  2.85483618e+00

molecule   129
  6.35561450e+00  3.46947092e+00  2.99897808e+00

molecule   130
  3.22036270e+00  2.93876918e-02  4.85130289e+00

molecule   131
  8.84621310e+00  3.49649626e+00  2.82764315e+00

molecule   132
  3.08937153e+00  9.75864024e+00  7.02675261e+00

molecule   133
  3.44538060e+00  5.41606172e+00  4.40033970e+00

molecule   134
  6.13115644e-01  6.35233992e+00  5.66281335e+00

molecule   135
  2.27298035e+00  5.17402523e+00  5.02829342e+00

molecule   136
  8.97533991e+00  8.50983454e+00  2.42149636e+00

molecule   137
  7.06360668e+00  1.71374035e+00  7.52817802e+00

molecule   138
  7.46715917e-01  3.24448426e+00  4.41599060e+00

molecule   139
  8.02331587e+00  5.13695893e+00  7.62725790e-01

molecule   140
  7.55495746e+00  7.01081187e+00  5.94911959e+00

molecule   141
  7.66942218e-01  5.18408696e+00  7.15026295e+00

molecule   142
  1.48120216e+00  7.89543196e-01  8.17985740e+00

molecule   143
  5.15234369e+00  9.45787609e+00  2.46385620e+00

molecule   144
  6.55206232e+00  2.91765958e+00  7.95484835e+00

molecule   145
  6.33074521e+00  3.66124032e+00  1.97767858e+00

molecule   146
  7.11791935e+00  8.40785548e+00  3.22835753e+00

molecule   147
  3.90053536e+00  7.80716918e+00  5.87897950e+00

molecule   148
  8.07186218e+00  5.99948436e+00  4.44960311e+00

molecule   149
  7.14356471e+00  9.21286391e+00  3.99330336e+00

molecule   150
  3.15394839e+00  1.25031341e+00  6.78225518e-01

molecule   151
  8.88919948e+00  9.97213106e+00  3.89297549e+00

molecule   152
  5.73157970e+00  3.70299651e+00  3.82100861e+00

molecule   153
  5.96401670e+00  9.21923946e+00  5.92966199e+00

molecule   154
  9.06665416e+00  6.05394275e+00  6.73597361e+00

molecule   155
  4.87240271e+00  8.08010150e+00  3.98107884e+00

molecule   156
  1.35708998e+00  2.36209444e+00  7.98724156e-01

molecule   157
  6.22931489e+00  4.68544896e+00  8.53982814e+00

molecule   158
  3.43079800e+00  1.73333757e+00  9.66237199e+00

molecule   159
  3.49231138e+00  3.40834634e+00  7.90824205e+00

molecule   160
  2.91888041e+00  3.75756686e+00  5.71897291e-01

molecule   161
  2.11054338e+00  4.53712592e+00  1.48918170e+00

molecule   162
  1.64469043e+00  2.46705785e+00  9.10314808e+00

molecule   163
  3.56610442e+00  5.37772165e+00  7.43004863e+00

molecule   164
  9.08802064e+00  5.22092448e+00  1.56716883e+00

molecule   165
  9.11483726e+00  4.69737347e+00  3.41944570e+00

molecule   166
  1.53317752e+00  4.00773603e-01  4.77692347e+00

molecule   167
  2.41619161e+00  7.06682928e+00  4.03430062e+00

molecule   168
  9.94010266e+00  2.62354832e+00  2.92756251e-01

molecule   169
  3.41002695e+00  7.10090146e+00  3.78403444e+00

molecule   170
  2.41192307e+00  3.07120153e-01  2.85388249e+00

molecule   171
  5.89931302e+00  1.72085500e+00  1.67091106e+00

molecule   172
  6.78508972e+00  1.16917000e-01  3.27916290e+00

molecule   173
  4.74714438e+00  4.49978417e+00  3.44089996e+00

molecule   174
  7.14375885e+00  7.41026193e+00  3.54353729e+00

molecule   175
  9.59178954e+00  4.43926333e+00  8.78491643e+00

molecule   176
  1.63982569e+00  7.64948599e+00  9.34320975e-01

molecule   177
  3.20457137e+00  2.92947271e+00  9.64928749e+00

molecule   178
  4.03395668e+00  6.56517278e+00  4.43664763e+00

molecule   179
  9.53274656e+00  1.17331214e+00  5.40869199e-01

molecule   180
  5.43944462e+00  4.60172922e+00  4.15892195e+00

molecule   181
  2.73082220e+00  8.02391742e+00  7.02006779e+00

molecule   182
  9.33562026e+00  8.54120341e+00  1.36070682e+00

molecule   183
  3.83899345e+00  5.92116834e-01  8.83504687e+00

molecule   184
  9.04884415e+00  2.87580582e+00  2.05746444e+00

molecule   185
  7.19417656e-01  4.27787899e+00  8.87189598e+00

molecule   186
  6.17210534e+00  5.85860297e+00  2.99033117e+00

molecule   187
  1.64056073e+00  9.43884210e+00  8.15510096e+00

molecule   188
  9.44636330e+00  1.52726111e-03  7.76089316e+00

molecule   189
  9.99208900e-01  9.32052505e+00  4.86778917e+00

molecule   190
  5.60236832e-02  4.67389260e+00  1.69271119e+00

molecule   191
  3.49936960e+00  4.35255511e+00  4.94074136e+00

molecule   192
  6.74297954e+00  6.48119362e+00  9.02029615e+00

molecule   193
  6.71738040e+00  4.61544803e+00  4.67411117e+00

molecule   194
  2.80753539e+00  3.38858163e+00  3.68301600e+00

molecule   195
  9.00005595e+00  6.20347205e+00  4.92909946e+00

molecule   196
  8.43712505e+00  4.40278392e+00  2.19750643e-01

molecule   197
  8.08212065e+00  5.87308993e+00  1.58462889e+00

molecule   198
  9.23005594e+00  3.66345797e+00  6.77273182e+00

molecule   199
  6.98229939e+00  1.77645332e+00  2.62182479e+00

molecule   200
  9.46523302e+00  7.98649555e+00  8.28021421e+00

molecule   201
  6.99564541e+00  6.76326348e+00  3.22147685e-01

molecule   202
  3.93584045e+00  9.69347091e+00  9.52864630e+00

molecule   203
  2.16491471e-01  1.47267739e+00  9.56501844e+00

molecule   204
  5.97479451e+00  1.27808677e+00  5.72297338e+00

molecule   205
  5.43647392e+00  2.18696918e+00  5.12014769e+00

molecule   206
  2.85646631e+00  4.21333182e+00  8.41536483e+00

molecule   207
  6.01557342e+00  2.01688118e+00  3.85204867e+00

molecule   208
  8.30628223e-01  2.05686832e+00  3.96259995e+00

molecule   209
  9.94862491e+00  4.62936523e+00  5.74744604e+00

molecule   210
  4.66424211e+00  8.04588380e-01  2.41453117e+00

molecule   211
  1.86173661e+00  1.29586837e+00  3.82529738e+00

molecule   212
  1.03654712e+00  9.71264625e+00  7.99660486e-01

molecule   213
  7.55012094e+00  1.22482934e+00  8.56960227e+00

molecule   214
  2.73611774e+00  4.76738243e+00  7.46077108e+00

molecule   215
  7.01219562e+00  2.89107685e+00  2.46920981e+00

molecule   216
  2.69416384e+00  2.61805182e+00  4.30902722e+00

molecule   217
  5.90830719e+00  4.92842252e+00  6.47354739e+00

molecule   218
  7.09766699e+00  2.10993570e+00  8.86645738e+00

molecule   219
  2.63763497e+00  8.52869193e+00  9.44786431e+00

molecule   220
  5.64592537e+00  8.48188918e+00  2.08333123e+00

molecule   221
  7.92868858e+00  5.74859364e-01  1.53511059e+00

molecule   222
  5.23570306e+00  4.88895716e+00  7.88806930e+00

molecule   223
  1.99507154e+00  1.43568860e+00  4.92751503e+00

molecule   224
  2.87274667e+00  2.66534668e+00  7.20713037e+00

molecule   225
  7.36637827e+00  6.07236901e+00  2.79678002e+00

molecule   226
  8.61582692e+00  2.35855322e+00  5.08061859e+00

molecule   227
  4.74598977e+00  5.77177180e+00  3.88969898e+00

molecule   228
  1.84159248e+00  3.94498615e+00  3.70868030e+00

molecule   229
  7.69659177e+00  1.79597957e+00  5.45757349e+00

molecule   230
  9.27006769e+00  3.27171314e+00  8.59013937e+00

molecule   231
  8.97429827e-01  4.33960373e+00  9.90797210e-01

molecule   232
  6.56227366e+00  1.36354584e+00  6.66066747e+00

molecule   233
  7.43507939e+00  5.08073022e+00  1.70172397e+00

molecule   234
  8.96987884e+00  8.14942361e+00  4.56576022e+00

molecule   235
  9.90531207e+00  3.38032000e+00  5.87491089e+00

molecule   236
  5.04742804e+00  3.07527798e-01  4.17203107e+00

molecule   237
  6.63991370e+00  2.21434052e+00  7.88056930e-01

molecule   238
  2.98494756e+00  8.89568985e+00  1.80607876e+00

molecule   239
  3.30210291e-01  8.02151134e+00  1.73829475e+00

molecule   240
  2.52553023e+00  6.05781563e-01  4.30700614e+00

molecule   241
  3.96930408e+00  1.68365103e+00  6.48163562e+00

molecule   242
  2.48462330e+00  1.48999254e+00  5.91069213e+00

molecule   243
  5.38144382e+00  3.21699425e+00  4.71376214e+00

molecule   244
  4.86301363e+00  8.41633359e+00  9.03908450e+00

molecule   245
  9.84242844e+00  9.17856242e+00  2.28086031e+00

molecule   246
  7.91997623e+00  6.68144853e+00  9.37338192e+00

molecule   247
  8.77952518e+00  3.99500245e+00  1.51123747e+00

molecule   248
  8.19097839e+00  6.72113095e+00  2.30045832e+00

molecule   249
  2.08013898e+00  7.12735205e+00  1.57432051e+00

molecule   250
  1.19101231e+00  8.75400241e+00  2.27817107e+00

molecule   251
  6.76478477e+00  6.39065557e+00  1.69881549e+00

molecule   252
  6.50549808e+00  6.85666177e+00  4.76312218e+00

molecule   253
  5.77443498e+00  3.76671725e+00  2.01454475e-01

molecule   254
  5.72373510e+00  3.27760786e+00  1.22980227e+00

molecule   255
  8.31432993e+00  1.19333834e+00  2.29038958e+00

molecule   256
  5.79255275e+00  4.88379955e+00  4.73877160e-01

molecule   257
  8.43514964e+00  2.91982610e+00  6.73803066e+00

molecule   258
  9.37781197e+00  5.40323497e+00  7.62280160e+00

molecule   259
  6.36419897e+00  7.45234387e+00  7.36487761e+00

molecule   260
  5.71539282e+00  3.99664980e+00  9.18840315e+00

molecule   261
  5.77001008e+00  4.00078934e+00  5.90579700e+00

molecule   262
  5.13322649e+00  6.80648527e+00  3.96553844e+00

molecule   263
  6.74410653e+00  8.35744728e+00  9.92085157e+00

molecule   264
  8.51695603e+00  4.62080106e+00  2.46295654e+00

molecule   265
  7.56709786e+00  7.51718017e+00  5.01993384e+00

molecule   266
  6.86662269e+00  8.25178846e+00  2.20086066e+00

molecule   267
  4.77267430e+00  5.60787106e+00  9.41144797e+00

molecule   268
  8.36926617e+00  5.56929553e+00  2.57709215e+00

molecule   269
  7.23458500e+00  4.91250265e-01  4.75308859e+00

molecule   270
  7.49019770e+00  2.01180590e+00  3.47082704e+00

molecule   271
  2.13129359e+00  2.12690134e+00  6.75668462e+00

molecule   272
  6.30468203e+00  9.55054425e+00  1.52441574e+00

molecule   273
  2.43293204e+00  9.86489237e+00  6.17433796e+00

molecule   274
  4.27380844e+00  2.63445335e+00  9.62108511e+00

molecule   275
  4.06579550e+00  4.48981814e+00  6.67664275e-01

molecule   276
  2.05827746e-02  6.32390686e+00  4.49023573e+00

molecule   277
  5.90254009e+00  6.63637417e+00  8.16581862e-01

molecule   278
  3.49136114e-01  3.32492294e+00  9.11100139e+00

molecule   279
  1.61506265e+00  7.94799903e+00  3.86347822e+00

molecule   280
  2.50490565e+00  2.25349626e+00  3.02165007e+00

molecule   281
  5.73958474e+00  2.15089047e-01  8.64975167e+00

molecule   282
  1.43238243e+00  4.23912483e-01  6.08964300e+00

molecule   283
  9.22730581e+00  9.28338751e+00  4.83345419e+00

molecule   284
  7.06149638e+00  5.48178178e+00  4.17718348e+00

molecule   285
  3.06667293e-01  5.04118199e+00  8.33309491e+00

molecule   286
  7.94570714e+00  4.45200472e+00  9.36849934e+00

molecule   287
  4.68058083e+00  9.55116747e+00  7.08418429e-01

molecule   288
  3.38697632e+00  6.22022259e+00  6.87917675e+00

molecule   289
  8.57658344e+00  2.97201545e+00  3.57987460e+00

molecule   290
  6.81897374e+00  4.39057180e+00  6.25200262e+00

molecule   291
  5.82946268e+00  9.87377307e+00  4.93579069e-01

molecule   292
  9.72697935e+00  8.01034078e+00  5.49007133e+00

molecule   293
  6.94612394e+00  4.08823249e+00  9.35354453e+00

molecule   294
  6.45561665e+00  3.22881896e+00  4.61747446e+00

molecule   295
  6.69985601e+00  6.31885493e+00  6.49065942e+00

molecule   296
  8.87332707e+00  3.61947731e+00  4.38650457e+00

molecule   297
  2.11190465e+00  6.32530635e+00  5.33740640e+00

molecule   298
  3.94603146e+00  9.43458051e+00  2.58496997e+00

molecule   299
  7.16516867e+00  1.30383845e+00  6.99692167e-01

molecule   300
  9.87197380e+00  4.44146313e+00  6.73702259e+00

molecule   301
  7.41531103e+00  1.13240815e+00  4.05872163e+00

molecule   302
  3.05201914e+00  1.63800651e+00  6.86177170e+00

molecule   303
  5.56618327e+00  4.50103088e+00  2.82504563e+00

molecule   304
  5.27909442e+00  7.36389813e+00  2.84665703e-01

molecule   305
  3.51721088e+00  1.03334545e+00  1.62273091e+00

molecule   306
  4.05735053e+00  1.59147034e-01  1.80384084e+00

molecule   307
  4.08371304e+00  5.66279719e+00  6.36398472e+00

molecule   308
  8.17753825e-01  2.71755955e+00  1.54733352e+00

molecule   309
  2.73072404e+00  7.41364365e+00  8.51139157e-01

molecule   310
  9.97986248e+00  9.28798656e+00  5.62111036e+00

molecule   311
  8.72289333e+00  9.49931898e+00  3.25904314e-01

molecule   312
  4.67464625e+00  6.46731030e+00  2.99340851e+00

molecule   313
  9.46293000e+00  9.46560167e+00  9.48010368e+00

molecule   314
  8.62648800e+00  3.35243888e+00  6.54693885e-01

molecule   315
  8.47353832e+00  1.59754299e+00  8.55415702e+00

molecule   316
  6.92648348e+00  4.44054906e+00  2.35932667e+00

molecule   317
  5.78732217e+00  5.95814100e+00  6.72555650e+00

molecule   318
  6.12428977e-01  2.64837105e+00  7.58416837e+00

molecule   319
  6.92199855e+00  3.73876651e+00  4.52577678e-01

molecule   320
  7.41302847e-01  7.97950127e+00  7.24558484e+00

molecule   321
  2.83941062e+00  4.74647945e+00  9.98191147e+00

molecule   322
  3.12553998e-01  3.44889730e+00  6.96659384e+00

molecule   323
  5.43433013e-01  6.39777358e+00  3.54704356e-01

molecule   324
  8.30324791e+00  1.02167408e+00  4.62904593e+00

molecule   325
  9.10967834e-01  2.94580177e+00  5.46771788e+00

molecule   326
  1.21314377e+00  4.77202498e+00  9.98805968e+00

molecule   327
  1.66992329e+00  5.72109696e+00  7.49695553e+00

molecule   328
  5.59987420e-01  2.96467005e+00  3.39632281e+00

molecule   329
  1.13887245e+00  8.85204317e+00  7.24171343e+00

molecule   330
  9.42508931e+00  4.49424556e+00  7.71677540e-01

molecule   331
  4.64425555e+00  3.64791602e+00  4.11660427e+00

molecule   332
  1.79831123e+00  4.63250449e+00  6.96860900e+00

molecule   333
  1.13304141e+00  9.96263257e-01  9.17567564e+00

molecule   334
  6.72473249e+00  2.17873705e+00  5.57313101e+00

molecule   335
  8.73065670e+00  7.42386562e+00  7.57752652e+00

molecule   336
  9.15114565e+00  1.73973174e+00  9.72314572e+00

molecule   337
  2.30529264e+00  7.66106931e+00  3.07775523e+00

molecule   338
  5.67249600e+00  1.52336906e+00  7.09162028e+00

molecule   339
  4.13406088e-01  1.82148669e+00  7.91633223e-01

molecule   340
  5.58849136e-01  1.41840671e+00  8.43732097e+00

molecule   341
  1.36527586e+00  7.13262904e+00  5.76203313e+00

molecule   342
  7.76028880e-01  7.50504991e-01  2.98563896e+00

molecule   343
  4.39703664e-01  3.65100518e+00  2.61161468e+00

molecule   344
  9.51609847e+00  2.83773331e+00  3.93069969e+00

molecule   345
  7.64367090e+00  2.93911265e-01  3.80409696e-01

molecule   346
  9.22712400e+00  8.91305942e+00  3.67442811e+00

molecule   347
  4.88258292e+00  3.43453800e+00  9.11321976e+00

molecule   348
  1.61524006e+00  4.05684373e-01  3.43486193e+00

molecule   349
  9.88853104e+00  7.32096798e+00  7.03631280e+00

molecule   350
  9.02261770e+00  9.49275845e+00  2.88501355e+00

molecule   351
  2.10938934e+00  2.99977171e+00  4.95032089e-01

molecule   352
  3.12313300e+00  9.19035956e+00  5.98984805e-01

molecule   353
  9.97861998e+00  9.44779772e+00  4.29103120e+00

molecule   354
  1.58521615e+00  3.80700889e+00  9.84007754e+00

molecule   355
  1.69043271e+00  8.06825111e+00  9.41646424e+00

molecule   356
  3.38730034e+00  7.06313677e+00  6.35982210e+00

molecule   357
  1.48044045e+00  1.15327149e+00  9.83344265e-01

molecule   358
  9.44603161e+00  4.01446788e+00  2.25724543e+00

molecule   359
  1.01630256e+00  5.28461609e+00  1.46557016e+00

molecule   360
  7.96262012e+00  2.55007854e+00  8.20959578e+00

molecule   361
  5.76126709e+00  8.01543564e+00  8.18785612e+00

molecule   362
  9.82702578e-01  9.61360002e+00  3.02691408e+00

molecule   363
  7.94298810e+00  3.74479408e+00  2.23762182e+00

molecule   364
  5.14205402e-01  8.00916305e-01  3.83131061e-01

molecule   365
  7.72018752e+00  9.30515305e+00  7.04829332e+00

molecule   366
  7.63259764e+00  8.68904486e-01  3.07725378e+00

molecule   367
  3.06903956e+00  1.60340113e+00  2.42697391e+00

molecule   368
  4.13534371e+00  9.99648129e-01  7.23372107e-01

molecule   369
  9.45987817e+00  8.66532530e+00  2.59070673e-01

molecule   370
  8.22363728e+00  8.60202489e+00  7.55945313e+00

molecule   371
  4.27442526e+00  1.99045190e+00  4.57901040e-01

molecule   372
  9.96093006e+00  8.45637289e+00  9.17066534e+00

molecule   373
  2.71485008e+00  6.51267988e+00  9.03979043e+00

molecule   374
  4.90594166e+00  7.69106314e+00  7.09191883e+00

molecule   375
  3.16276994e+00  3.78172054e+00  2.29958165e+00

molecule   376
  6.90197007e+00  7.29961973e+00  2.36955421e+00

molecule   377
  3.34411694e+00  8.20843242e+00  3.25780386e+00

molecule   378
  5.16574502e+00  3.41261584e+00  2.30080279e+00

molecule   379
  4.89924231e+00  6.26151251e-01  1.24688622e+00

molecule   380
  2.18701853e+00  8.70916207e+00  7.21390311e-01

molecule   381
  4.85525823e+00  4.12140941e+00  5.00584117e+00

molecule   382
  4.44923374e+00  6.91987289e+00  6.61057373e+00

molecule   383
  5.80492000e+00  5.60976437e+00  9.00906188e+00

molecule   384
  8.03134728e+00  8.08681612e+00  4.02936418e+00

molecule   385
  5.91830574e+00  8.13832790e+00  5.77907056e-01

molecule   386
  4.58659723e+00  1.53734367e+00  5.69588196e+00

molecule   387
  8.17300144e+00  1.51321367e+00  3.93231511e-01

molecule   388
  9.89014619e-01  4.10442212e+00  6.37726940e+00

molecule   389
  1.85261483e+00  6.34027602e+00  8.82278937e-01

molecule   390
  3.62344505e+00  6.18009799e+00  3.32080144e+00

molecule   391
  1.63224574e+00  8.70124181e+00  3.11808081e+00

molecule   392
  8.82899929e+00  1.39765949e-01  8.77551979e+00

molecule   393
  9.09053482e+00  5.63143491e+00  4.05891398e+00

molecule   394
  7.07938217e-01  7.70263588e+00  9.24446146e+00

molecule   395
  3.40752864e+00  5.63813154e+00  9.53779779e+00

molecule   396
  1.00162952e+00  7.28653848e+00  3.26609639e+00

molecule   397
  4.76322979e+00  1.43629012e+00  1.75356924e+00

molecule   398
  6.46736476e+00  9.60225109e+00  7.41417653e+00

molecule   399
  3.12406831e+00  1.74994605e+00  7.98951480e+00

molecule   400
  1.70887029e+00  6.69096739e+00  2.62425357e+00

molecule   401
  2.53200890e+00  3.64229433e+00  7.56173418e+00

molecule   402
  6.02206307e+00  6.83890289e+00  2.47045119e+00

molecule   403
  9.65270826e+00  3.82321512e+00  3.40549502e+00

molecule   404
  3.60651825e+00  6.19142923e+00  8.72295072e+00

molecule   405
  2.00025024e-01  5.37159831e+00  3.89834496e+00

molecule   406
  4.87156523e+00  8.17311988e+00  9.36554158e-01

molecule   407
  3.53562962e+00  2.05954399e+00  3.31824328e+00

molecule   408
  1.43355892e+00  5.05002642e+00  4.30447629e+00

molecule   409
  3.75059243e+00  2.31153544e+00  8.66121151e+00

molecule   410
  5.98348933e+00  3.94331674e+00  7.89803476e+00

molecule   411
  5.05614969e-01  3.90603248e+00  5.25106521e+00

molecule   412
  5.99142659e+00  9.96777305e-01  8.84737541e-01

molecule   413
  4.58421074e+00  1.34559329e+00  9.01598831e+00

molecule   414
  9.32913187e+00  9.00628379e-01  2.80820150e+00

molecule   415
  4.62565869e+00  2.42382067e-01  8.12305693e+00

molecule   416
  9.72179877e+00  2.46202791e+00  8.87844380e+00

molecule   417
  4.62826551e-01  6.34607142e+00  6.98849657e+00

molecule   418
  9.51698994e+00  5.82053657e+00  8.60345282e+00

molecule   419
  8.04597495e+00  1.88923234e+00  7.12740761e+00

molecule   420
  4.27573448e+00  5.55585133e+00  2.96558266e-01

molecule   421
  4.25547236e+00  7.81397504e+00  9.62747956e+00

molecule   422
  5.95098601e+00  6.83286644e+00  9.60136640e+00

molecule   423
  8.71726470e+00  8.16298756e+00  5.57776433e+00

molecule   424
  8.09339859e+00  6.82967731e+00  8.39823160e+00

molecule   425
  4.55954896e+00  9.47206226e+00  4.50186740e+00

molecule   426
  4.33801442e+00  2.92905634e+00  4.80412075e+00

molecule   427
  8.02012348e+00  7.71540099e-01  5.65419258e+00

molecule   428
  4.11993297e+00  8.83593804e+00  5.20621253e-02

molecule   429
  4.62586879e+00  4.52662177e+00  6.05518881e+00

molecule   430
  3.66156948e+00  3.61221532e+00  9.10775499e+00

molecule   431
  6.93338256e+00  2.80232913e+00  3.80948249e+00

molecule   432
  8.12574545e+00  2.97698898e+00  1.63984467e+00

molecule   433
  8.45024245e+00  6.76342742e-01  7.93179954e+00

molecule   434
  3.97307012e+00  3.30845137e+00  2.98254542e+00

molecule   435
  5.17921167e+00  8.52737316e+00  3.03824180e+00

molecule   436
  6.09597340e+00  7.55025987e+00  5.58097326e+00

molecule   437
  5.98572397e+00  2.99335572e+00  5.60031890e+00

molecule   438
  2.11314855e+00  8.36675203e+00  1.73524570e+00

molecule   439
  2.27809157e+00  3.33298565e+00  8.63740303e+00

molecule   440
  8.73430530e+00  3.24093210e+00  7.65748051e+00

molecule   441
  8.39548929e+00  5.28295432e+00  5.66568149e+00

molecule   442
  8.64069079e+00  7.14532168e+00  5.52429381e+00

molecule   443
  3.85906768e+00  5.23251670e+00  3.45425295e+00

molecule   444
  3.18431833e+00  5.48203619e-01  6.00418174e+00

molecule   445
  4.69836070e+00  5.95145375e+00  5.02644591e+00

molecule   446
  3.07069144e+00  6.93553905e+00  1.75054358e+00

molecule   447
  3.77170167e+00  4.69876293e+00  6.67752832e+00

molecule   448
  5.34111567e+00  8.98835042e+00  1.22719226e+00

molecule   449
  7.66382120e+00  1.03461539e-01  9.05474975e+00

molecule   450
  2.92491801e+00  9.61983232e+00  9.28739717e+00

molecule   451
  3.87733249e+00  8.57155980e+00  6.76962008e+00

molecule   452
  6.69796860e+00  3.34156848e-01  6.93032990e+00

molecule   453
  7.82053710e+00  2.31139085e+00  4.38193116e+00

molecule   454
  2.50478361e+00  6.10145968e+00  1.81588849e+00

molecule   455
  7.24085395e+00  8.97062305e+00  9.00323386e+00

molecule   456
  1.49088641e+00  1.56047910e+00  6.01850542e+00

molecule   457
  2.61009351e+00  5.36588586e+00  6.40116175e+00

molecule   458
  1.98254972e+00  5.41145992e+00  9.38984335e+00

molecule   459
  7.82854131e+00  7.81780740e+00  9.35119751e+00

molecule   460
  1.58400150e+00  2.78785014e+00  3.85813807e+00

molecule   461
  3.48290569e-01  1.15754684e+00  3.90044501e+00

molecule   462
  6.40723343e+00  1.04002746e+00  4.77499454e+00

molecule   463
  5.02999277e+00  6.38410662e+00  8.65436570e+00

molecule   464
  2.58855178e+00  3.99313416e+00  5.35217286e+00

molecule   465
  5.76954840e-01  7.40384506e+00  4.98262828e+00

molecule   466
  5.31510248e+00  5.75618575e+00  1.78523038e-01

molecule   467
  5.27705247e+00  8.83164454e+00  1.60934300e-02

molecule   468
  2.88710977e+00  2.06806544e+00  1.52044366e+00

molecule   469
  4.47929083e+00  8.25683097e+00  2.29147828e+00

molecule   470
  8.00074836e+00  7.03155231e+00  1.37741055e+00

molecule   471
  7.31131802e+00  6.69724818e+00  4.15985050e+00

molecule   472
  6.63618538e+00  1.21686318e+00  3.42091755e+00

molecule   473
  6.03996126e+00  3.06599097e+00  8.94437436e+00

molecule   474
  6.26613741e+00  5.00760825e+00  3.58072392e+00

molecule   475
  6.71131460e+00  5.35702445e+00  9.32253477e+00

molecule   476
  6.21750106e-01  6.09010780e+00  7.98442113e+00

molecule   477
  8.49198839e+00  7.55721821e-01  9.82411591e+00

molecule   478
  7.47349023e+00  9.07474711e+00  5.48380966e+00

molecule   479
  3.87160433e+00  3.53532185e+00  1.91311230e-01

molecule   480
  8.75959122e+00  4.93218752e-01  8.28273221e-01

molecule   481
  8.92918496e+00  7.77020695e+00  3.50723651e+00

molecule   482
  3.05800927e+00  6.09652455e+00  5.79052929e+00

molecule   483
  3.98759063e+00  9.11639032e+00  1.48677674e+00

molecule   484
  1.12304037e+00  4.50127919e+00  3.13699779e+00

molecule   485
  7.15030847e+00  5.12749314e+00  3.05417906e+00

molecule   486
  1.07572526e+00  2.15193515e+00  6.78219344e+00

molecule   487
  1.96837352e+00  9.81414343e+00  7.11209598e+00

molecule   488
  8.16315140e+00  6.61173722e+00  3.31836009e+00

molecule   489
  3.95378969e+00  9.21287409e+00  7.49571633e+00

molecule   490
  7.63142997e+00  4.14982630e+00  1.09904267e+00

molecule   491
  1.19729490e+00  2.17390211e+00  2.89981459e+00

molecule   492
  7.38114794e-01  7.25720385e+00  1.21429780e+00

molecule   493
  2.53882217e+00  1.29044672e-01  8.53296570e+00

molecule   494
  9.54287183e+00  2.21804103e+00  5.68023109e+00

molecule   495
  1.75463296e+00  2.62202895e+00  7.85752952e+00

molecule   496
  1.44722221e+00  1.74850123e+00  9.90347789e+00

molecule   497
  3.85565029e-01  7.45972353e+00  6.06215434e+00

molecule   498
  1.98553261e+00  7.28562967e+00  4.97581583e+00

molecule   499
  9.55131918e+00  1.04773531e+00  8.56697083e+00

molecule   500
  5.33193768e-01  7.07903263e+00  2.20890653e+00

molecule   501
  2.53961539e+00  2.49983366e-01  1.15288578e+00

molecule   502
  7.14755757e+00  8.27430159e+00  4.56144854e+00

molecule   503
  3.61046647e+00  6.83986514e+00  9.97450595e+00

molecule   504
  9.38726592e+00  5.30424553e+00  2.62133772e+00

molecule   505
  7.55777233e+00  8.32421022e+00  6.04632479e-01

molecule   506
  7.14774904e+00  3.60373520e+00  8.47341143e+00

molecule   507
  9.18245797e-01  8.85824903e+00  9.92757466e+00

molecule   508
  6.18646942e+00  8.98781690e+00  8.38450646e+00

molecule   509
  9.66537006e+00  1.14762083e+00  5.05856857e+00

molecule   510
  8.20601052e+00  5.71864434e-02  2.52774901e+00

molecule   511
  1.63428967e+00  7.86472300e+00  6.41434817e+00

molecule   512
  9.97955897e-02  6.46973473e+00  1.28346758e+00

molecule   513
  9.83963662e+00  5.49553169e+00  5.19554889e+00

molecule   514
  8.07079955e+00  5.41836375e+00  3.54764217e+00

molecule   515
  1.16228837e+00  5.66737233e+00  5.26307124e-01

molecule   516
  7.56893833e+00  2.78837199e+00  7.22817352e+00

molecule   517
  6.90814230e+00  2.82525708e+00  9.63891554e+00

molecule   518
  9.60215467e+00  5.42461128e+00  6.22595629e+00

molecule   519
  4.54345301e+00  2.89750776e+00  7.04627756e+00

molecule   520
  6.85973469e+00  8.85355206e+00  6.56567343e+00

molecule   521
  3.62893209e+00  4.27994284e+00  3.94795953e+00

molecule   522
  9.25941796e+00  4.70419729e+00  4.69253851e+00

molecule   523
  7.89509835e+00  4.31317370e+00  6.40803250e+00

molecule   524
  4.61571060e+00  1.06743306e+00  7.12846769e+00

molecule   525
  3.37656257e+00  2.74705531e+00  8.40909428e-01

molecule   526
  1.47348920e+00  3.36703483e-01  2.17892399e+00

molecule   527
  7.83103330e+00  8.09103208e+00  1.64460347e+00

molecule   528
  5.80798164e+00  6.11264892e+00  4.31943736e+00

molecule   529
  3.75589818e+00  4.55633293e+00  9.35922766e+00

molecule   530
  3.73979128e+00  3.08547367e+00  3.94079471e+00

molecule   531
  7.57893018e-01  5.18519944e+00  5.89666579e+00

molecule   532
  9.65248559e+00  2.44682880e-01  2.15493094e+00

molecule   533
  6.19890579e+00  6.06781818e+00  5.27811840e+00

molecule   534
  1.75727808e+00  1.18167768e+00  2.73614086e+00

molecule   535
  3.91081753e+00  8.19788257e+00  4.15487553e+00

molecule   536
  2.95065025e-02  7.22152025e+00  7.74569464e-02

molecule   537
  4.23926097e+00  3.21389852e+00  1.84194628e+00

molecule   538
  2.45755825e+00  1.63393862e+00  1.95110448e-01

molecule   539
  3.50273486e+00  7.37947712e-01  7.07115097e+00

molecule   540
  4.90820930e+00  1.95427153e+00  6.72478123e+00

molecule   541
  6.87112154e+00  9.86450276e+00  8.29357594e+00

molecule   542
  7.54693178e+00  5.41154861e-02  6.25588321e+00

molecule   543
  9.43057807e+00  7.11192412e+00  4.73232667e+00

molecule   544
  5.68161599e+00  2.09430469e+00  6.16654196e+00

molecule   545
  5.07243035e+00  6.07170756e+00  6.04663750e+00

molecule   546
  2.64808588e+00  3.96737495e+00  6.42515684e+00

molecule   547
  4.45481011e-01  7.25872615e+00  7.93085887e+00

molecule   548
  1.49399688e+00  3.11523990e+00  2.30032195e+00

molecule   549
  2.67124418e+00  6.73067642e+00  2.78942981e+00

molecule   550
  1.62095039e+00  2.51862171e+00  4.99118379e+00

molecule   551
  8.49038407e+00  6.14445951e+00  7.61511184e+00

molecule   552
  2.48602823e+00  7.39671955e+00  6.03618070e+00

molecule   553
  8.91574133e+00  6.49144349e+00  9.11688176e+00

molecule   554
  4.67068640e+00  9.57673199e+00  5.90702445e+00

molecule   555
  6.92567259e-01  9.67873297e+00  1.92459073e+00

molecule   556
  9.06996342e+00  7.63494472e+00  1.91787899e+00

molecule   557
  2.68831475e+00  3.84155319e+00  9.56739887e+00

molecule   558
  5.63955239e+00  9.18933264e+00  3.78738384e+00

molecule   559
  2.18136753e+00  4.62130886e+00  2.67631881e+00

molecule   560
  4.52075025e+00  8.19346583e+00  8.13390955e+00

molecule   561
  5.79616818e+00  4.68984356e+00  1.85495136e+00

molecule   562
  8.33189938e+00  4.01138404e+00  8.24229575e+00

molecule   563
  1.99155863e+00  8.97446160e+00  6.43860998e+00

molecule   564
  3.44022908e+00  5.19616121e+00  8.64941795e+00

molecule   565
  3.49937406e+00  3.39613440e+00  6.81044743e+00

molecule   566
  7.12642766e+00  3.84028963e+00  5.39242076e+00

molecule   567
  7.67357439e+00  5.83414770e+00  6.70606364e+00

molecule   568
  9.90418724e+00  1.82549755e-01  3.29395615e+00

molecule   569
  3.08945687e+00  4.80239338e+00  5.78588460e+00

molecule   570
  9.26312036e+00  4.79110997e+00  9.73593409e+00

molecule   571
  8.29075899e+00  3.49451244e+00  5.32788345e+00

molecule   572
  5.64178550e+00  6.08422579e-01  1.90807571e+00

molecule   573
  9.57538725e-01  5.83933937e+00  4.86537383e+00

molecule   574
  7.90949907e+00  2.12060917e+00  9.39779516e+00

molecule   575
  4.99118908e+00  8.59135609e+00  5.92877262e+00

molecule   576
  2.73692287e+00  1.64523407e+00  4.20697572e+00

molecule   577
  7.66209723e+00  3.87526736e+00  7.45116856e+00

molecule   578
  1.15444258e+00  4.46630824e+00  8.01234726e+00

molecule   579
  3.42994536e+00  2.62679935e+00  2.34228439e+00

molecule   580
  3.36810747e+00  9.06079865e+00  4.95932520e+00

molecule   581
  3.68216466e+00  6.42258917e+00  9.86748794e-01

molecule   582
  1.72734237e-01  5.12567145e+00  6.27039568e-01

molecule   583
  3.11692806e+00  8.19939179e+00  3.09877053e-01

molecule   584
  8.56132571e+00  9.92765833e+00  6.94303971e+00

molecule   585
  6.51996591e+00  2.66556381e+00  6.69672788e+00

molecule   586
  7.92394412e-01  6.35447302e+00  9.07796994e+00

molecule   587
  2.02438213e-01  3.60400082e-01  6.38653192e+00

molecule   588
  8.32474926e+00  7.02199165e+00  4.44036280e+00

molecule   589
  1.99454929e-01  8.51080771e+00  4.65660711e+00

molecule   590
  3.20937089e+00  2.38843277e+00  6.23715006e+00

molecule   591
  7.85704962e+00  1.27808501e-01  3.99645633e+00

molecule   592
  8.57445535e+00  4.92103501e+00  8.54090245e+00

molecule   593
  2.20423173e+00  3.58565140e+00  2.86778983e+00

molecule   594
  7.37285312e+00  2.81151620e+00  5.15693164e+00

molecule   595
  8.56348992e-01  9.34896729e+00  6.35299904e+00

molecule   596
  7.43145511e+00  9.32062350e-01  9.60448928e+00

molecule   597
  4.97459782e+00  7.41275043e+00  5.85280314e+00

molecule   598
  6.39284152e+00  3.69743711e+00  6.76024059e+00

molecule   599
  8.25230279e+00  4.48767035e+00  4.74183609e+00

molecule   600
  8.92339343e+00  2.89202698e+00  5.91606463e+00

molecule   601
  2.79701013e+00  5.99710583e+00  7.90655772e+00

molecule   602
  9.24663508e+00  9.38212607e-01  1.55164523e+00

molecule   603
  6.64259528e+00  5.60561212e-01  2.40676875e+00

molecule   604
  9.68912645e+00  9.16768409e+00  8.36236965e+00

molecule   605
  7.21429498e+00  8.18848433e+00  7.28656839e+00

molecule   606
  1.69844796e+00  3.54991819e+00  5.82809831e+00

molecule   607
  6.14999231e+00  1.95289399e+00  8.18901584e+00

molecule   608
  6.94784995e+00  5.82957287e+00  9.22254260e-01

molecule   609
  3.74921332e+00  1.91719939e+00  4.43887204e+00

molecule   610
  5.59362700e+00  5.07937578e+00  5.40406595e+00

molecule   611
  2.27777754e+00  5.30695572e+00  5.54793590e-01

molecule   612
  4.14510192e+00  9.23610671e+00  8.55447764e+00

molecule   613
  1.94746161e+00  9.39977081e+00  2.34173863e+00

molecule   614
  5.65341467e+00  1.14033166e+00  3.91053895e+00

molecule   615
  6.88082741e+00  1.94935773e+00  4.57103490e+00

molecule   616
  5.41896342e+00  7.34713753e+00  3.14448805e+00

molecule   617
  1.78362987e+00  8.59737582e+00  4.51731603e+00

molecule   618
  2.47452574e+00  5.19350366e+00  8.44528035e+00

molecule   619
  5.79513877e-01  4.91158354e+00  4.93629948e+00

molecule   620
  4.94859499e+00  9.48779610e+00  9.24730127e+00

molecule   621
  7.02006787e+00  1.01248145e+00  5.73677134e+00

molecule   622
  6.71462766e-01  1.30094552e+00  2.01892808e+00

molecule   623
  4.43614428e+00  6.35777797e-01  9.70989626e+00

molecule   624
  9.17018648e+00  6.74966069e+00  8.22769886e-01

molecule   625
  9.61110628e+00  2.72030729e+00  7.16677618e+00

molecule   626
  2.65598658e+00  4.76641881e+00  3.86473524e+00

molecule   627
  5.07801969e+00  1.91472384e+00  3.16985285e+00

molecule   628
  4.18854373e+00  1.80612660e+00  2.55337860e+00

molecule   629
  4.55007190e+00  2.94662903e+00  8.88310769e-01

molecule   630
  7.18644301e-01  1.39038661e+00  5.25585398e+00

molecule   631
  1.13246521e+00  2.03970650e-01  9.85322952e+00

molecule   632
  2.96012770e+00  9.35604220e+00  2.88420234e+00

molecule   633
  6.80432835e+00  8.19681691e+00  8.56967315e+00

molecule   634
  8.74983250e+00  7.67568953e+00  8.26410669e-01

molecule   635
  8.17915649e+00  7.55019018e+00  6.60233063e+00

molecule   636
  5.48851648e+00  2.17521562e-01  6.14124190e+00

molecule   637
  3.97751515e+00  5.37405293e+00  1.73409223e+00

molecule   638
  6.63438996e+00  8.76046753e-02  5.45279917e+00

molecule   639
  3.29461939e+00  8.35000683e+00  7.81667460e+00

molecule   640
  9.04342130e+00  6.59565891e-01  6.25814516e+00

molecule   641
  5.76909596e+00  5.81267130e+00  7.83542675e+00

molecule   642
  6.69788642e+00  5.47630536e+00  7.12587636e+00

molecule   643
  9.84437377e+00  7.98838845e+00  2.62590839e+00

molecule   644
  4.28967751e+00  1.44977497e-02  7.03424718e+00

molecule   645
  8.12260013e+00  9.57862363e+00  8.00887102e+00

molecule   646
  8.75334359e+00  4.65236665e+00  6.82634348e+00

molecule   647
  7.28973456e+00  9.55039904e+00  2.37519553e+00

molecule   648
  6.28968290e+00  9.18572174e+00  2.60396476e+00

molecule   649
  2.76352080e+00  6.33953699e+00  1.50385137e-01

molecule   650
  1.46255328e+00  5.29624874e+00  8.40680869e+00

molecule   651
  5.79794644e+00  9.95553364e+00  5.00149069e+00

molecule   652
  5.23636469e-01  8.55211263e+00  8.14687039e+00

molecule   653
  4.99155317e+00  3.75207885e+00  8.04872729e+00

molecule   654
  7.79293167e+00  3.43799428e+00  9.84849717e+00

molecule   655
  2.56656930e+00  3.01693077e+00  1.73367847e+00

molecule   656
  9.77491933e+00  3.47526747e+00  1.22035161e+00

molecule   657
  5.39737646e+00  4.58707765e-01  9.72968072e+00

molecule   658
  4.99456958e+00  3.23035497e+00  5.68587890e+00

molecule   659
  2.89166111e+00  6.41665264e+00  4.72917917e+00

molecule   660
  9.26291348e+00  6.30469063e+00  1.87247289e+00

molecule   661
  7.97995573e+00  9.53037603e-01  6.71747468e+00

molecule   662
  7.38835112e+00  3.64648465e+00  3.11069150e+00

molecule   663
  9.95064543e+00  7.88247574e-01  7.53048138e+00

molecule   664
  5.58429437e+00  1.25881017e+00  8.83226633e+00

molecule   665
  1.15573623e+00  8.58993408e+00  1.13325385e+00

molecule   666
  3.17277302e-01  9.67620633e+00  4.18331311e-02

molecule   667
  9.06763681e+00  7.32318713e+00  9.94935620e+00

molecule   668
  9.61299932e-01  8.33837808e+00  5.27747471e+00

molecule   669
  8.24024639e+00  3.18796970e+00  9.02681194e+00

molecule   670
  7.25208330e-01  2.47420130e+00  9.64664798e+00

molecule   671
  2.96973553e+00  1.10932256e+00  8.84066653e+00

molecule   672
  1.35999519e+00  7.73183152e+00  2.12684828e+00

molecule   673
  6.15038425e+00  1.41141231e-01  3.98870593e+00

molecule   674
  4.50109928e+00  5.90117305e+00  7.40490116e+00

molecule   675
  9.58223769e+00  1.73749018e+00  2.13499097e+00

molecule   676
  2.51164869e+00  2.90023908e+00  5.60820143e+00

molecule   677
  5.54752110e+00  2.20011088e-01  3.09811287e+00

molecule   678
  9.56250276e+00  7.01215347e+00  2.75315458e+00

molecule   679
  8.41368555e+00  8.77909355e+00  1.01164647e+00

molecule   680
  5.88990794e+00  4.18715289e+00  5.01729527e+00

molecule   681
  2.49608439e+00  8.60547657e+00  3.82480700e+00

molecule   682
  1.17500686e+00  7.16310953e+00  4.02130773e-02

molecule   683
  6.68107559e+00  9.29071969e+00  3.01729118e-01

molecule   684
  5.11984276e+00  6.73035086e-01  5.27929590e+00

molecule   685
  8.40216135e+00  9.43908717e+00  9.35586381e+00

molecule   686
  7.69451688e+00  2.00033562e+00  1.64934881e+00

molecule   687
  8.22712828e+00  4.16353811e+00  3.43967500e+00

molecule   688
  4.28455030e+00  8.87625101e+00  3.43431281e+00

molecule   689
  4.37823950e+00  2.93299183e+00  8.17851989e+00

molecule   690
  5.41006578e+00  6.81917855e+00  7.14892349e+00

molecule   691
  9.30752873e+00  3.70342459e+00  9.82395911e+00

molecule   692
  1.53455723e+00  9.38612775e+00  9.27234779e+00

molecule   693
  6.06685664e+00  8.67783010e+00  7.37517306e+00

molecule   694
  1.74718505e+00  2.08344774e+00  1.86105744e+00

molecule   695
  4.35369719e+00  1.18260244e+00  3.37035195e+00

molecule   696
  7.62839732e+00  2.61445632e+00  5.91591524e-01

molecule   697
  7.68977524e+00  7.02760246e+00  7.33482933e+00

molecule   698
  8.20960960e+00  9.92682322e+00  4.94266599e+00

molecule   699
  6.83730056e+00  8.22335924e+00  5.45764816e+00

molecule   700
  3.76906440e+00  8.23432512e+00  8.85851389e+00

molecule   701
  7.52137817e-01  2.47923896e+00  8.70573510e+00

molecule   702
  4.73674857e+00  6.31011110e+00  9.91051267e-01

molecule   703
  4.20656456e+00  7.54052327e+00  2.94748774e+00

molecule   704
  5.84105156e+00  8.21587971e+00  6.46398519e+00

molecule   705
  5.82906445e+00  5.70529215e+00  1.39675803e+00

molecule   706
  6.86198075e+00  3.93674277e+00  4.00703464e+00

molecule   707
  4.48445456e+00  3.93771942e+00  7.04717043e+00

molecule   708
  1.90839180e+00  7.31057054e+00  8.69237542e+00

molecule   709
  4.42874379e+00  6.85794390e+00  7.76724963e+00

molecule   710
  2.46716778e+00  9.85124578e-01  7.80445504e+00

molecule   711
  5.17883841e+00  2.37646694e+00  8.64367766e+00

molecule   712
  9.05585026e+00  1.89225534e+00  7.91503346e+00

molecule   713
  4.36197794e+00  5.39848641e+00  8.28204311e+00

molecule   714
  3.51902176e+00  9.59854291e+00  6.01382116e+00

molecule   715
  2.00722011e+00  5.68934838e+00  3.08037338e+00

molecule   716
  9.34950240e+00  1.83206647e+00  4.45307954e+00

molecule   717
  3.41500628e+00  7.93006877e+00  2.15173870e+00

molecule   718
  4.08606769e-01  3.69589752e-01  8.91761656e+00

molecule   719
  2.19693575e-01  2.28161821e+00  4.90604930e+00

molecule   720
  2.17258436e+00  9.84744441e+00  8.21100319e-02

molecule   721
  2.14796105e-01  6.13139795e+00  2.43710424e+00

molecule   722
  4.25435931e-01  5.20082101e+00  9.44195934e+00

molecule   723
  5.18763108e+00  7.50913575e+00  1.81474968e+00

molecule   724
  4.07912614e+00  7.21025975e+00  1.74112773e+00

molecule   725
  7.39221812e+00  2.11087483e+00  6.35793928e+00

molecule   726
  9.31531441e+00  8.23289922e+00  6.61904304e+00

molecule   727
  9.72015475e+00  5.13202403e-01  9.88736621e+00

molecule   728
  9.03215752e+00  6.08520641e+00  3.11203045e+00

molecule   729
  4.53958984e+00  6.49391235e+00  1.56124785e-02

molecule   730
  1.26797486e+00  6.99161969e+00  4.30867715e+00

molecule   731
  6.18854303e+00  7.92817558e+00  2.88978743e+00

molecule   732
  7.52373090e+00  4.81904180e+00  5.44996783e+00

molecule   733
  5.48818514e+00  9.58123634e+00  7.90838463e+00

molecule   734
  4.68858234e+00  5.38346965e+00  2.92071478e+00

molecule   735
  7.50669175e+00  4.68503691e+00  4.03229055e+00

molecule   736
  3.20572612e+00  5.30885813e-01  9.80464645e+00

molecule   737
  9.43209732e+00  7.63923568e-01  4.10020274e+00

molecule   738
  4.99807888e+00  2.37711298e+00  4.18185077e+00

molecule   739
  6.32564057e+00  8.40095034e+00  3.97600338e+00

molecule   740
  8.13550828e+00  6.67328807e+00  4.16490377e-01

molecule   741
  8.16697348e+00  8.98955085e+00  4.73677694e+00

molecule   742
  5.22517604e+00  1.59200496e+00  9.82247914e+00

molecule   743
  3.34033948e+00  1.06755392e+00  5.07163249e+00

molecule   744
  6.66954907e+00  6.46355104e+00  7.60654506e+00

molecule   745
  5.55104904e+00  8.54760469e+00  4.67847664e+00

molecule   746
  9.17646072e+00  4.02809495e+00  5.59142570e+00

molecule   747
  1.99490660e+00  8.36295825e+00  5.58837063e+00

molecule   748
  3.35306534e+00  9.25837777e+00  3.75421490e+00

molecule   749
  9.88197794e+00  6.88843208e+00  9.07316186e+00

molecule   750
  2.15891306e+00  7.41168942e+00  7.10645424e-02

molecule   751
  2.51813631e+00  8.99043796e+00  7.52366798e+00

molecule   752
  5.08731899e+00  3.03062769e+00  3.25885244e+00

molecule   753
  3.82196065e+00  3.55171452e+00  5.77868026e+00

molecule   754
  5.36342826e+00  9.44364495e+00  6.76049647e+00

molecule   755
  9.37022614e+00  1.52626071e-01  5.21896649e+00

molecule   756
  7.96548311e+00  9.16586857e+00  3.35401307e+00

molecule   757
  6.84103757e-02  7.63987942e+00  3.87104033e+00

molecule   758
  3.93768931e+00  2.12173246e+00  1.45112746e+00

molecule   759
  7.00436460e+00  4.71590884e+00  2.65838023e-01

molecule   760
  8.61133261e+00  1.81388687e+00  3.77686906e+00

molecule   761
  2.31639709e+00  5.99696316e-01  5.35287225e+00

molecule   762
  3.98066036e+00  7.69743154e+00  7.29862971e+00

molecule   763
  4.11816935e+00  2.57988608e-01  5.13776447e+00

molecule   764
  3.00649812e+00  8.49954652e+00  5.85860544e+00

molecule   765
  1.80366603e-01  2.47584821e+00  6.33703970e+00

molecule   766
  7.92576648e+00  7.78690826e+00  2.80744652e+00

molecule   767
  1.84499970e+00  6.37084684e+00  9.84344380e+00

molecule   768
  1.76062721e+00  5.38501503e+00  2.15396371e+00

molecule   769
  8.11664316e+00  5.76590350e+00  9.79651598e+00

molecule   770
  5.47160472e+00  5.74826510e-01  7.46512763e+00

molecule   771
  2.17228081e+00  9.64461773e+00  4.19775968e+00

molecule   772
  6.79344171e+00  4.71472666e+00  7.68939611e+00

molecule   773
  1.31028306e+00  6.82193543e+00  7.74578036e+00

molecule   774
  6.71546074e+00  7.49784932e+00  6.43569580e+00

molecule   775
  8.85475723e+00  7.47241271e+00  8.88813936e+00

molecule   776
  3.69050264e-01  6.41626462e+00  3.50967353e+00

molecule   777
  8.65416483e+00  8.98241411e+00  6.24723331e+00

molecule   778
  2.30266876e+00  8.76164002e-01  1.86282908e+00

molecule   779
  8.89896782e+00  5.54295763e+00  4.32478153e-01

molecule   780
  3.48005940e+00  2.05978969e-01  8.00126969e+00

molecule   781
  7.97447672e+00  8.80889163e+00  2.27027450e+00

molecule   782
  4.37581517e+00  7.51757936e+00  4.99207238e+00

molecule   783
  1.89264803e+00  9.63667888e+00  5.37718580e+00

molecule   784
  7.77167693e+00  9.21645656e+00  1.15721412e-01

molecule   785
  1.11221424e+00  6.36931468e+00  1.79544890e+00

molecule   786
  9.18949315e+00  2.38039473e+00  2.95344492e+00

molecule   787
  1.72130576e+00  3.53792711e+00  1.30537132e+00

molecule   788
  9.28551775e+00  6.76705465e+00  3.81176873e+00

molecule   789
  3.20889756e+00  7.18385961e+00  8.38000300e+00

molecule   790
  2.99521248e+00  4.91855313e+00  1.79801600e+00

molecule   791
  6.89453747e+00  3.18682998e-01  1.17279573e+00

molecule   792
  5.17286090e+00  7.37019309e+00  9.19906322e+00

molecule   793
  1.83219323e+00  6.24178334e+00  8.42920025e+00

molecule   794
  6.13156599e+00  7.66612887e+00  1.57030581e+00

molecule   795
  6.37998201e+00  6.00230354e+00  1.46415358e-02

molecule   796
  9.84842103e+00  2.43481337e+00  1.35828216e+00

molecule   797
  4.93278288e+00  4.58989054e+00  9.89053980e+00

molecule   798
  6.40790413e+00  9.21210658e+00  4.72757619e+00

molecule   799
  1.31273363e+00  3.71825938e+00  7.29808502e+00
