    McPairEnergyAverage{
      interval                            1000
      outputFileName                pairEnergy
      nSamplePerBlock                       10
      selector                             All        -1        -1
    }

Average     2.3116004e+02
Variance    2.3124768e+02
Std Dev     1.5206830e+01

Hierarchichal Error Analysis:
              0              1  4.8087979e-02         100001
              1              2  4.8166435e-02          50000
              2              4  4.8200219e-02          25000
              3              8  4.8302437e-02          12500
              4             16  4.8359067e-02           6250
              5             32  4.9138117e-02           3125
              6             64  4.8976709e-02           1562
              7            128  4.8921481e-02            781
              8            256  4.7110113e-02            390
              9            512  4.5436563e-02            195
             10           1024  4.9015923e-02             97
             11           2048  4.3649164e-02             48
             12           4096  4.6718748e-02             24
             13           8192  4.6185299e-02             12
             14          16384  4.2454921e-02              6
