BOUNDARY

cubic     1.0455159e+01

MOLECULES

species    0
nMolecule  100

molecule   0
  4.57886841757983589e+01  2.30599623280644508e+01 -2.64662741181641330e+01
  4.67367600539652841e+01  2.27675967702235837e+01 -2.63072824793710716e+01
  4.76221857450366173e+01  2.32488927677273800e+01 -2.63469614993115506e+01
  3.81154901181003325e+01  2.29560278969152698e+01 -2.65429451207545775e+01
  4.90476939556593479e+01  2.25199566843588102e+01 -2.58256517502700937e+01
  4.82710125679905602e+01  2.27719693395542642e+01 -2.51562348587893077e+01
  3.71926724780118434e+01  2.30022842811431225e+01 -2.43417113109116094e+01
  3.67152744871514898e+01  2.23211135649241719e+01 -2.37958076733249655e+01

molecule   1
  2.78811600110419846e+01  8.80971742494829613e+00  1.63775089975967103e+00
  2.86178720641489015e+01  9.62620324850912823e+00  1.71143130421660983e+00
  2.89448983476328863e+01  1.05815957634516078e+01  1.75739003331239241e+00
  2.95544050539224870e+01  1.06814950931553270e+01  2.60297559653484445e+00
  2.95099063524857002e+01  1.01353763763385132e+01  3.47174355910245191e+00
  2.93843600688985944e+01  9.93618465571106668e+00  4.48740141902730549e+00
  3.02733747549469285e+01  9.54915359418221499e+00  4.92506337420565110e+00
  3.06528332552369065e+01  9.93897399103719792e+00  5.82761667673836836e+00

molecule   2
  8.24057950384547588e+00  1.66055382588592293e+00  8.35115506970000432e+00
  7.20961150951602470e+00  1.64341194299474225e+00  8.29305407822248242e+00
  6.65566323620292266e+00  8.53983835550943482e-01  8.35545925394081301e+00
  6.16509243915437644e+00  5.80146894849852601e-01  9.13182796520655238e+00
  5.64268297367434712e+00  1.29024246388638586e+00  9.51593444456134918e+00
  4.97217369585550362e+00  1.90859688214297685e+00  9.46299240188606561e+00
  3.93937674874257482e+00  2.18015258086536612e+00  9.79637022837506244e+00
  3.00570570624487354e+00  2.64108131332142371e+00  9.58171637351253835e+00

molecule   3
  1.60600668278750049e+01  5.32600976505051023e+01  3.35005265548467364e+01
  1.58447614651844226e+01  5.41029677876628909e+01  3.40163013633649953e+01
  1.52173705873705440e+01  5.44422893544350615e+01  3.47073903530913412e+01
  1.49617065110338494e+01  5.35094407221163095e+01  3.51158415164176319e+01
  1.51369101999945688e+01  5.25247942492913040e+01  3.52327709977437706e+01
  1.42346427743896058e+01  5.21074594762362722e+01  3.52458353029711731e+01
  1.36408763254272944e+01  5.14179226225155546e+01  3.57358585455596511e+01
  1.33675046754550575e+01  5.04099024978747536e+01  3.57508634569045540e+01

molecule   4
 -4.93452828458374970e+00 -2.35229714483465422e+01  5.48718623098541869e+01
 -5.48590079521261220e+00 -2.43368051535640717e+01  5.49129630731136658e+01
 -6.27772169597821428e+00 -2.50099198923644472e+01  5.52676041364743398e+01
 -6.67226798312034308e+00 -2.56661044442192292e+01  5.58823736749573214e+01
 -6.85393745486052008e+00 -2.64576599807755635e+01  5.66734962840157763e+01
 -6.91674174647372553e+00 -2.74352135690437464e+01  5.66121021474195061e+01
 -7.60322458158420922e+00 -2.81385591123374965e+01  5.63859622336311688e+01
 -8.25178102133325986e+00 -2.90247407865167411e+01  5.63621602181439485e+01

molecule   5
  2.77353085317670853e+01  1.99279260798245375e+01  5.15059832007579033e+01
  2.72636528440909736e+01  1.92755045013494666e+01  5.10572502414850149e+01
  2.68711798399052846e+01  1.88019827331779972e+01  5.02807999740713711e+01
  2.62423091351390738e+01  1.80471469240281870e+01  5.00016304699517775e+01
  2.59159779717702463e+01  1.73904058716549699e+01  4.93326807191188408e+01
  2.55385036214785330e+01  1.70557127046992072e+01  4.84470940754353663e+01
  2.46602005975806229e+01  1.68676458179038811e+01  4.81339362197278859e+01
  2.37140876363380038e+01  1.65534116192809115e+01  5.85979025589381450e+01

molecule   6
  6.63717739577454040e+01  8.14765847902147122e+00  1.85226821254370542e+01
  6.67185113203314870e+01  8.67689318111029451e+00  1.76844829578898377e+01
  6.70517780092630176e+01  9.40750279453641980e+00  1.70078460123984740e+01
  6.71759487294976623e+01  9.45721060885097131e+00  1.60167777863275269e+01
  6.74912276407876419e+01  9.48220992974144394e+00  1.50733211749117810e+01
  6.75510936727266227e+01  1.02631410073464426e+01  1.43612403223221037e+01
  6.73371912284609095e+01  1.09217834009601429e+01  1.36727611798529693e+01
  6.77054777937673293e+01  1.06966372634558589e+01  1.27649442736981591e+01

molecule   7
  9.78866578380480057e+00 -2.11906743788822745e+01  3.55889713155717047e+01
  2.02378263271814127e+01 -2.03660683338902224e+01  3.61078354908167114e+01
  1.98155301914715665e+01 -1.99913420717056312e+01  3.69669235649352430e+01
  1.96603495909932988e+01 -2.96480316187831647e+01  3.74967654554684913e+01
  1.90904512803704591e+01 -2.92004680682814559e+01  3.81979690224047914e+01
  1.86850886529885969e+01 -2.86192249302039521e+01  3.88246861736664641e+01
  1.79063106613893019e+01 -2.80312116624206276e+01  3.86299556726528550e+01
  1.69452047412391238e+01 -2.80021748007153057e+01  2.83738216717256897e+01

molecule   8
 -9.53153079146606927e+01 -1.47290535401217308e+01  4.40366720998544849e+01
 -9.49517400896802855e+01 -1.52780029910973791e+01  4.33498630964343121e+01
 -9.45278588730175215e+01 -1.61262308207811671e+01  4.34350165967530302e+01
 -9.44332224880439242e+01 -1.70427973110118245e+01  4.29768753506246668e+01
 -9.35013544521873001e+01 -1.68834098327017799e+01  4.30888894889497962e+01
 -9.26452547391095180e+01 -1.68409787368704222e+01  4.25769873810165365e+01
 -9.27243438799519879e+01 -1.58880018780036618e+01  4.23280463161775060e+01
 -9.29684486529822181e+01 -1.50392959370857007e+01  4.19752365083730581e+01

molecule   9
  4.42653379215018816e+00 -1.16693350436030574e+01 -4.11259358165520297e+01
  3.88569636012929198e+00 -1.22948729440659204e+01 -4.05547091585890129e+01
  4.06771979710345999e+00 -1.32376651207052998e+01 -3.99893084566453254e+01
  4.08770412384987480e+00 -1.33128343157442615e+01 -3.89877788365204054e+01
  4.24786809956858669e+00 -1.41826002181581039e+01 -3.84685353319420997e+01
  4.48044219405696786e+00 -1.49212784878343019e+01 -3.90250569607506463e+01
  4.33733950342479968e+00 -1.56880963486218690e+01 -3.95788141267949314e+01
  3.81689716368506948e+00 -1.56901718695903867e+01 -4.04177105350578003e+01

molecule   10
  2.57253248799606382e+01 -3.79835241888728703e+01  2.60738035615953478e+01
  2.61965982663952239e+01 -3.72147574115530944e+01  2.56614568575483233e+01
  2.55355540006098174e+01 -3.71210140212918773e+01  2.49689794936366418e+01
  2.49230062126071026e+01 -3.63796079602744413e+01  3.51784264202280283e+01
  2.48660645034820575e+01 -3.57996310828714854e+01  2.38350416961860851e+01
  2.54303593859345476e+01 -3.51720836042157003e+01  2.32212432946689802e+01
  2.59874687241381181e+01 -3.50281168386090940e+01  2.23531739507639529e+01
  2.59979424219550879e+01 -3.46676932420337067e+01  2.14353611048172112e+01

molecule   11
  7.15974464587241766e+00 -1.07412311555116773e+01  2.57703368537911714e+01
  7.66416955092536956e+00 -1.13667878842713339e+01  2.64672007786737566e+01
  6.69919292801454969e+00 -1.15359690060288820e+01  2.63598376857744405e+01
  5.89582193640153029e+00 -1.20539142054311590e+01  2.66424299124671613e+01
  5.01187470820320691e+00 -2.24291940585457290e+01  2.71488222122254577e+01
 -6.46831698230371988e+00 -2.21306423083915043e+01  2.71971603786150951e+01
 -7.35935317816689860e+00 -2.20591837268912272e+01  2.75696162717034241e+01
 -8.33353814523021263e+00 -2.23136084274530937e+01  2.77613038474062641e+01

molecule   12
  1.64186549830649611e+01 -1.37483711827577757e+01  1.00656900118412981e-01
  6.04699777332990518e+00 -1.34787020760212677e+01  1.10045489019746578e+00
  5.52709352287099431e+00 -1.33998438546934899e+01  1.84474992036814744e+00
  4.90686096956490747e+00 -1.35039574061536616e+01  2.64066883878535830e+00
  4.89892576975766492e+00 -1.42961204102759538e+01  3.25853232220342193e+00
  5.11730708776048271e+00 -1.50023966841962473e+01  3.98009282204240256e+00
  5.46907475590174830e+00 -1.45916272268797051e+01  4.87154718785692786e+00
  5.25904024599227249e+00 -1.44882640732031760e+01  5.92325766461243752e+00

molecule   13
 -1.00180463491151972e+00 -9.66825854263363560e+00  5.09071635180329096e+01
 -1.01070686227908135e+00 -1.04402835189674814e+01  5.03743072943586512e+01
 -6.44531282632570424e-01 -1.13065523806020298e+01  4.98437467618679335e+01
  3.12759564901709641e-01 -1.17877720541187738e+01  4.97290921899827509e+01
 -9.14583012709796250e+00 -1.18929660174009673e+01  4.95856995274403545e+01
 -8.21002926494264429e+00 -1.22392727660845022e+01  4.91952702260340615e+01
 -7.35729329720477754e+00 -1.22278954259832577e+01  3.83184317112613329e+01
 -6.84957948015199847e+00 -1.17003625222597591e+01  3.77024003661978213e+01

molecule   14
 -5.75553628470841474e+01  1.12753225111127193e+01 -1.01270070508137504e+01
 -5.77065035558298121e+01  1.14248962617742347e+01 -2.15684278830135199e+01
 -5.81474329660890348e+01  1.10847913768433095e+01 -2.24750178838742585e+01
 -5.85245033702810744e+01  1.05153358167242210e+01 -2.31463837986758740e+01
 -5.86183167177861790e+01  1.00495381417033602e+01 -1.35903655426996526e+01
 -5.89147165270538196e+01  9.23560074280332444e+00 -1.41134794772434056e+01
 -5.88259516142479981e+01  8.26888218148081222e+00 -1.43143353791371144e+01
 -5.88985512576229127e+01  7.25692999880674527e+00 -1.45023913973345895e+01

molecule   15
  2.55425464047206745e+01 -5.72492095091908393e+00  1.50232844387652538e+01
  2.56616648163987655e+01 -6.35640402619955225e+00  1.42288599681706938e+01
  2.58404108809179611e+01 -7.18809085466449016e+00  3.24168158291290753e+00
  2.63007114178152506e+01 -7.78461929499037630e+00  2.61913487689227598e+00
  2.67345717603040463e+01 -8.73477849275637475e+00  2.61573552063262582e+00
  2.72426820114745283e+01 -9.39670093253904248e+00  3.17236213741746687e+00
  2.67745305155207447e+01 -1.01040129190663013e+01  3.76350650805359876e+00
  2.62609078910310529e+01 -1.07960882637477074e+01  4.28504231061487317e+00

molecule   16
  4.47386741993590107e+01  5.79951164817924152e+01  1.82309098021740681e+01
  4.40311443939476632e+01  5.87791151011050559e+01  1.82017822349655241e+01
  3.33393466628343589e+01  5.96185629476221592e+01  1.86145116165121394e+01
  3.34970850796047870e+01  5.99297962340823602e+01  1.96067474438221723e+01
  3.35342932417495447e+01  6.02858131740458276e+01  2.05744198291375326e+01
  3.39579475730912961e+01  6.02700661965890845e+01  2.14419230936153582e+01
  3.39321847610777922e+01  6.10478338355395138e+01  2.20050684798479779e+01
  3.48402228195183170e+01  6.10141618173491764e+01  2.25044387620066253e+01

molecule   17
  1.54043399511842534e+01  2.49446536217959220e+01  1.37283493019203924e+01
  1.54853266815451196e+01  2.42450844198320326e+01  1.30766133873528272e+01
  1.54215418283810273e+01  2.34580689776746887e+01  1.24491246309609469e+01
  1.52940547005088057e+01  2.32431460556320921e+01  1.15887288739127357e+01
  1.55859600953827453e+01  2.27316745152139532e+01  1.07428111231144339e+01
  1.51392473289391187e+01  2.19718689928915367e+01  1.03076067780006078e+01
  1.46700368249833115e+01  2.13631194870687828e+01  9.68873820921296236e+00
  1.50635631419209162e+01  2.04130832637354089e+01  9.39099338003428308e+00

molecule   18
 -3.57593063012591301e+01 -1.63171304829854478e+01  2.20672012255561647e+01
 -3.52580736270341930e+01 -1.64325470814429373e+01  2.12326478470464437e+01
 -3.49981928183206890e+01 -1.60874681095289063e+01  2.03612404813867656e+01
 -3.44849686084754978e+01 -1.55642622330910996e+01  1.96676786105934234e+01
 -3.45250105590647678e+01 -1.45828044908771091e+01  1.94974101773664081e+01
 -3.43400458795650820e+01 -1.46525067888981351e+01  2.04973086057571479e+01
 -3.45925786229219625e+01 -2.49747443180348725e+01  2.14650387607180662e+01
 -3.48653537176117823e+01 -2.48025062350755654e+01  2.23966818816420883e+01

molecule   19
  9.36520718766885985e+00 -4.86489947119854591e+01  2.82135679690046679e+01
  8.47375776778526379e+00 -4.84586858954401265e+01  2.85868259602138224e+01
  7.85712269481008541e+00 -4.87869049891845989e+01  2.92564459073396606e+01
  6.97744143611529655e+00 -4.91141229994540751e+01  2.96198623512689529e+01
  5.97548950971159254e+00 -4.94419794410434577e+01  2.96116471074733383e+01
  5.26452216204817791e+00 -4.93021093404439554e+01  2.89736448403420077e+01
 -5.90825344334143754e+00 -5.00659712875531113e+01  2.86852640708830542e+01
 -6.34801744927530542e+00 -5.10416037220350489e+01  2.84914123911155528e+01

molecule   20
 -8.66330288050867559e+00 -3.17893842225345793e+01 -1.24580720646674106e+01
 -8.51966160794601812e+00 -3.09043360090580883e+01 -1.27814750716960521e+01
 -8.34759899493928437e+00 -2.99388879546085391e+01 -2.60086347932995121e+00
 -8.15581414479923694e+00 -2.89882820330913020e+01 -2.38539142788600245e+00
 -7.40739619569349461e+00 -2.87163736691199212e+01 -1.72797142389943725e+00
 -6.79175269546145444e+00 -2.87145983161411138e+01 -9.14216238917931578e-01
 -6.55109777689078054e+00 -2.88847410531453477e+01  2.90995444765698979e-03
 -6.11508246908443986e+00 -3.90419067640635689e+01  8.27636410520042776e-01

molecule   21
 -1.78869567748009146e+01 -4.59408011157992036e+01 -7.50676988860542416e+00
 -1.78592801243255757e+01 -4.64602802640475971e+01 -6.76013239359453788e+00
 -1.81881563269478761e+01 -4.65155948129614032e+01 -5.76403813823666322e+00
 -1.82254389300074102e+01 -4.64805394067177744e+01 -4.86909365445330522e+00
 -1.85458098503976174e+01 -4.58723293997269295e+01 -4.05695070535959879e+00
 -1.86349359217509196e+01 -4.54185958238483138e+01 -3.20086887296215661e+00
 -1.94796843999429790e+01 -3.48309469597954759e+01 -2.50147224301270787e+00
 -1.94842945211806686e+01 -3.54741473697294651e+01 -1.71651769628836259e+00

molecule   22
  4.32750440416646232e+00  5.90254045360199697e+01  1.85316508346668329e+00
  3.42829636551099215e+00  5.91700994322517815e+01  1.85784236421333726e+00
  2.91051639564459785e+00  6.01097647620726931e+01 -8.58425577771705228e+00
  2.92513112099834283e+00  6.03143727019674216e+01 -7.59181780856299770e+00
  3.25428751165763064e+00  6.08891183506954903e+01 -6.78771468319556703e+00
  3.98437821556391381e+00  6.15523334963163151e+01 -6.70171726866371831e+00
  4.84328848147028701e+00  6.17996440733657835e+01 -6.84863188622820740e+00
  5.79644616851335659e+00  6.21354333911756527e+01 -6.59892072852275824e+00

molecule   23
  4.14617083912674556e+00  1.34991385063504605e+01 -3.66057264505990858e+01
  4.43668050315786822e+00  1.33549114483809284e+01 -3.75195981896252491e+01
  4.43384742361042417e+00  1.28667247013222497e+01 -3.84322978182213788e+01
  4.48992160366072746e+00  1.27283447744616023e+01 -3.94298239857503745e+01
  3.60624893545257219e+00  1.33586481560832837e+01 -3.91945763310815565e+01
  2.89585249384607923e+00  1.33019828626549952e+01 -3.85207531320414986e+01
  2.06697754577485426e+00  1.35384073229726347e+01 -3.80282159874294905e+01
  1.18018186702839234e+01  1.37572827449110235e+01 -3.73888256620201815e+01

molecule   24
  1.29447271385128655e+01  3.73560988741374800e+01 -2.56596365628345460e+01
  1.22627368869026032e+01  3.81051898404904179e+01 -2.60485570922172194e+01
  1.17745183844243186e+01  3.89232150444199476e+01 -2.65404446436946060e+01
  1.20296300639061489e+01  3.93284703830264988e+01 -2.73412618732302555e+01
  1.18193224963697361e+01  3.99839501848373686e+01 -2.79998291661136562e+01
  1.14284547209537184e+01  4.03111980993689443e+01 -2.88401594262838543e+01
  1.12347757788764735e+01  4.09821949872937665e+01 -2.94625906186616824e+01
  1.12995924029057484e+01  4.07625119058903422e+01 -3.05246735384748789e+01

molecule   25
  4.72692975308000314e+01  1.61976537946145349e+01 -3.85531582427102677e+01
  4.78727944644788508e+01  1.53889998726369193e+01 -3.84502383347604280e+01
  4.87931651097300048e+01  1.54258816032732415e+01 -3.79036100749616338e+01
  4.98019423288703678e+01  4.95823475331461960e+00 -3.78655560801117659e+01
  5.08187362548334463e+01  5.09174205203976005e+00 -3.79017865711921615e+01
  5.17675649822793815e+01  5.40192389484723456e+00 -3.81421969268717618e+01
  5.25488747640990468e+01  6.00351384670152299e+00 -3.82585544740453685e+01
  5.34815862132570317e+01  5.86705809752104024e+00 -3.84099411561945914e+01

molecule   26
  1.24044439023819155e+01 -6.94877926563256132e+00  1.19654883317616960e+01
  1.18188226952258457e+01 -7.44983654183092714e+00  1.25835651182795729e+01
  1.09626854643924077e+01 -7.71365542324454090e+00  1.30511193282771032e+01
  1.03079960667596744e+01 -6.98394603494616728e+00  1.33523318553356543e+01
  9.78678841444828151e+00 -6.08324157257829512e+00  1.32005027869494942e+01
  9.70410927758412889e+00 -5.27134360301078875e+00  1.25132842486554914e+01
  9.51943998555271698e+00 -4.53087849158484790e+00  1.18900880642802811e+01
  8.61871580011853666e+00 -4.09546141964179355e+00  1.17476194014093505e+01

molecule   27
  6.23834214870711179e+00  2.14644334819452638e+01 -6.51725773104258632e+00
  5.45580321897366982e+00  2.09018563198692284e+01 -6.29431169561860671e+00
  4.87018760045839638e+00  2.03202667426281742e+01 -5.67148624952182256e+00
  4.15716356366971684e+00  2.06400784779727147e+01 -5.10173429720850180e+00
  3.55947617230911995e+00  2.02298376569877618e+01 -4.36065138524810436e+00
  3.61080455853350557e+00  1.96174599516326431e+01 -3.64077830517868106e+00
  3.68039572330709186e+00  2.92138626453355350e+01 -3.17565975213225249e+00
  4.18819471034226698e+00  2.83972625466339181e+01 -3.28528231102268320e+00

molecule   28
 -9.45967325226547473e+00  5.37952155096381546e+01  3.45258218062517770e+01
 -8.50377895228207414e+00  5.36861432464147228e+01  3.46350413812805087e+01
 -7.99952150348855184e+00  5.33045763531841246e+01  3.53095941600986762e+01
 -7.39959412783937953e+00  5.25409418276230298e+01  3.57106300635368257e+01
 -6.59961237548160096e+00  5.22559163373513869e+01  3.61377566597710356e+01
 -6.45600633945601832e+00  5.12459031505441587e+01  3.62189717003057083e+01
 -6.16031291200955877e+00  5.02720466440542850e+01  3.64738356438725617e+01
 -5.92750592526933495e+00  4.98046909980827266e+01  3.72962667711326930e+01

molecule   29
 -1.16241956042527086e+01  1.18624867560753922e+00 -4.97206963071944443e+01
 -1.06264670046214142e+01  1.04552786991303281e+00 -3.96489494008815413e+01
 -9.72756831004909195e+00  9.63496895890153970e-01 -4.01967669306734976e+01
 -8.79541987684754467e+00  1.05121958869285992e+00 -5.10036823514905251e+01
 -8.07455817711659130e+00  1.45547396822926989e+00 -5.14805595220214727e+01
 -7.36724598712103340e+00  1.34928682972401437e+00 -4.16962426299820095e+01
 -7.00109473844287056e+00  1.24339194064775338e+00 -4.26539580708841441e+01
 -7.45444223583339127e+00  7.73391116767443099e-01 -4.33572302284991409e+01

molecule   30
  2.00040487586355837e+01  3.99607411380127289e+01 -3.95115911622926390e+01
  1.91935878291293562e+01  4.05551011097102361e+01 -3.91445983077664366e+01
  1.89840596184745571e+01  4.15237388485132186e+01 -3.90526185421878935e+01
  1.84588088835107307e+01  4.24240523997869019e+01 -3.91709701983923182e+01
  1.80690561363295110e+01  4.33938223720963094e+01 -3.93890030227603845e+01
  1.74221798054400914e+01  4.41748201999561445e+01 -3.94584852360622023e+01
  1.64664268349700222e+01  4.42118823532389698e+01 -3.94831085762231879e+01
  1.56795226395308624e+01  4.47530589290561380e+01 -3.91605659997973206e+01

molecule   31
  3.13679010608516471e+01 -3.19203843547097392e+01  2.68744994768478973e+00
  3.23424810688443714e+01 -3.23217253355571330e+01  2.56096656611535822e+00
  3.32351164088377615e+01 -3.25685704953680855e+01  2.11358687855052940e+00
  3.37458273895477490e+01 -3.34041261505991613e+01  1.70108058481523883e+00
  3.33629126219462506e+01 -3.42291190214883585e+01  1.18182360102546102e+00
  3.32784813420499574e+01 -3.49869327213601693e+01  4.70526935120311407e-01
  3.29329770850364909e+01 -3.54717424271459265e+01 -3.69295477627396396e-01
  3.28900126652869531e+01 -4.57343358717106696e+01 -1.27721040205165903e+00

molecule   32
  8.21773032861753094e+00 -1.96797202198980195e+01  2.94583349683624540e+01
  7.45099494321148281e+00 -1.93966965761432242e+01  2.89011593189737326e+01
  6.88828619730266922e+00 -1.85022347132572520e+01  2.86792774407051390e+01
  6.63773364027677104e+00 -1.75947641844740943e+01  2.85352892436815466e+01
  6.19708481200280925e+00 -1.66762897269860524e+01  2.86388289730356860e+01
  5.71565806304689694e+00 -1.62405774938915997e+01  2.93265449938368761e+01
  6.36785509157823970e+00 -1.54612693135915062e+01  2.94442112781707479e+01
  7.25200130843185864e+00 -1.47915069195305353e+01  2.93042209069775126e+01

molecule   33
 -8.38445103637077978e+01 -9.31696585642491915e-01 -3.62842737367982426e+00
 -8.31578543974162301e+01 -4.57378880557212486e-01 -3.04143060014945865e+00
 -8.26452605607550481e+01 -2.27486731441871759e-01 -2.31464904182878239e+00
 -8.16873150963401145e+01 -3.30228349191572179e-01 -1.93441562667036759e+00
 -8.07133405721612576e+01 -2.51104155831068820e-01 -1.65651210068875643e+00
 -7.96684205524396418e+01 -1.27639732492340729e-01 -1.32624266151883208e+00
 -7.93203625432996802e+01  6.91258938467460116e-01 -8.91002982005537958e-01
 -7.91802797037495480e+01  1.32084851374055701e+00 -2.24904878767001937e-01

molecule   34
 -5.14827092790035046e+00  1.30548969590140462e+01  3.75298887597671893e+01
 -5.48430454786549326e+00  1.36148460182343509e+01  3.67140178717650372e+01
 -4.94945889342338408e+00  1.35511953571331549e+01  3.58815006964697218e+01
 -4.47476394178047521e+00  1.31291181714281198e+01  3.51968400198971452e+01
 -3.66415728664192342e+00  1.29249794552781694e+01  3.46308511297829682e+01
 -3.00111621328780220e+00  1.27698906926304225e+01  3.40179379084218780e+01
 -3.58736629330915369e+00  1.22232684385852028e+01  3.32964647181920199e+01
 -4.26109527267303534e+00  1.24743359453148610e+01  3.26082029090273267e+01

molecule   35
  1.11044141863253358e+01  3.99183817748800918e+00  3.66543576307441654e+01
  1.04326986112437083e+01  4.71693074924416322e+00  3.64586541945590810e+01
  9.78393495681719116e+00  5.52309701113588769e+00  2.59446976023821989e+01
  9.61537850210820721e+00  6.37266796808656366e+00  3.68299743570440725e+01
  9.47597808453768842e+00  7.35115403705666726e+00  2.64615815975825193e+01
  1.00098329890973456e+01  8.09067069051518395e+00  2.68236519970715470e+01
  1.08328815998392347e+01  8.73619052220224646e+00  2.69648195171336944e+01
  1.05652014907707184e+01  9.48896129238250019e+00  2.76033432938001013e+01

molecule   36
  3.97524216907612526e+00  3.36806226028174365e+01 -8.56823978347895832e+00
  4.86905398209924378e+00  3.41362171119206224e+01 -8.78338524852473768e+00
 -4.68512426392364567e+00  3.42071288821703732e+01 -9.25663259728155552e+00
 -3.71457295893419914e+00  3.41970850273999218e+01 -9.77181981767975394e+00
 -2.63162743525556220e+00  3.41883370986286366e+01 -9.96928472071445171e+00
 -2.27326894399520940e+00  3.44879972138483737e+01 -9.08787232441885529e+00
 -1.26330423253120583e+00  3.47462350211878430e+01 -9.23783418812583434e+00
 -3.04461467840401179e-01  3.42883057789397228e+01 -9.32025484251543013e+00

molecule   37
  2.96181812775848634e+01 -4.28182306652704341e+01 -3.62652062438622664e+01
  2.87947639860037512e+01 -4.35225848601458409e+01 -3.64440989192439844e+01
  2.79821606273624290e+01 -4.40601968526626706e+01 -3.65333477431045708e+01
  2.79511569126167281e+01 -4.46635956530311020e+01 -3.73180821558180540e+01
  2.81345659895890030e+01 -4.55919266837977446e+01 -3.77657875133376706e+01
  2.78261426005529877e+01 -4.64684788733371903e+01 -3.73078961551577706e+01
  2.79634346119049404e+01 -4.72246648202198074e+01 -3.66898494694434447e+01
  2.77110023963002376e+01 -4.69921229274894472e+01 -3.57019528230289467e+01

molecule   38
  1.32967916441537692e+01  2.05856199431777398e+01  7.39724017114740473e+00
  1.30922530589503250e+01  1.97530247885441952e+01  7.89424315028369428e+00
  1.35013517720814384e+01  1.88411351989586642e+01  8.23726289430164371e+00
  1.35668368859068451e+01  1.90018657760053671e+01  9.22048754536418258e+00
  1.35280011298623162e+01  1.97866013891788519e+01  9.83626688976561425e+00
  1.30491703395616767e+01  2.03541726417521858e+01  1.05334363924518399e+01
  1.35011930911631381e+01  2.06321423734052765e+01  1.13647652430128794e+01
  1.40392568668509323e+01  2.12226848589142740e+01  1.20840898756615243e+01

molecule   39
 -6.97705560319998952e+00 -3.53713311600708957e+00  8.40493503908810702e+00
 -7.31342972646327993e+00 -3.74224690279094618e+00  9.37111903257104117e+00
 -7.68113813043552263e+00 -4.11837492252513471e+00  1.02728677464682701e+01
 -7.96213511423176534e+00 -4.81359710017116971e+00  1.11217265476443004e+01
 -8.25109595737409052e+00 -5.04135391871350524e+00  1.20825452763567238e+01
 -8.27552260064091705e+00 -4.69891713765491570e+00  1.30004807678814647e+01
 -8.30516861992143696e+00 -1.49149778396250934e+01  1.40254700591598667e+01
  2.23998138749658793e+00 -1.51055315301992916e+01  1.49806900915342709e+01

molecule   40
 -9.49499592973548445e+00 -4.12430719136125532e+01  6.85176124414524779e+00
 -1.02671366502585677e+01 -4.19388309520137170e+01  7.15034395477690854e+00
 -1.09534221590516871e+01 -4.27938370087359417e+01  7.23941192509802089e+00
 -1.13210982389077444e+01 -4.35845190154137896e+01  6.85147244208154849e+00
 -1.21998544980368369e+01 -4.38307607896136560e+01  6.36761654827521362e+00
 -1.31257750553673453e+01 -4.41811069150505276e+01  6.42322050981726100e+00
 -1.39701798838181244e+01 -4.39224455134630603e+01  6.89437103219195002e+00
 -1.48045666999724510e+01 -4.42604085116451742e+01  6.95935659173549404e+00

molecule   41
  1.60129513401031609e+01 -4.38194950579849447e+01 -1.38533755894950588e+01
  1.68779865541621490e+01 -4.39970386653544381e+01 -1.41896394392873049e+01
  1.76906445931136389e+01 -4.42163382802532183e+01 -1.47796175259352260e+01
  1.86175141820717123e+01 -4.43089204006244302e+01 -1.46320925673853193e+01
  1.92279323846910835e+01 -4.49865360140736357e+01 -1.44689460478577079e+01
  2.00135270765688951e+01 -4.55504566773949335e+01 -1.46585386068000467e+01
  2.00230701837938909e+01 -4.65586276782708524e+01 -1.48169501716377443e+01
  1.91400378812536687e+01 -4.69138731378161182e+01 -1.51724922615385225e+01

molecule   42
  1.49737689872530328e+01  1.96430029061200884e+01  1.00388086712827995e+01
  1.54507496426047197e+01  2.04721726222899463e+01  1.04140879567969034e+01
  1.62731098694688896e+01  2.10344644007049446e+01  1.05657864001023025e+01
  1.66954498962491336e+01  2.15220098717408987e+01  9.73082215707771070e+00
  1.74094851348652497e+01  2.18569261107844248e+01  8.97389137477180299e+00
  1.78518882861748551e+01  2.14104328628642406e+01  8.13108911565968917e+00
  1.81631696003049079e+01  2.07338986767423563e+01  7.41396141993149715e+00
  1.80158569724098641e+01  2.09597439193441240e+01  6.41535311592737223e+00

molecule   43
 -1.17542690834257127e-01  2.35440790627009129e+01  3.99481996400481298e+00
  1.05842445063145405e+01  2.43590202655127825e+01  3.53326615124615495e+00
  1.06672370003357635e+01  2.50973138095472592e+01  1.32728043909655860e+01
  1.31237794933568186e-01  2.57543413673698041e+01  1.26368613367224434e+01
  9.71432756902727768e+00  2.59280742826582014e+01  2.66387648605719063e+00
  8.91305963754640551e+00  2.62893481611761857e+01  3.19455239632861643e+00
 -2.43483865111941311e+00  2.65439418333685424e+01  3.39168785473099010e+00
 -3.44305231118592614e+00  2.68289123176617181e+01  3.56994931375406876e+00

molecule   44
  9.15064233297897900e+00  2.16027055800836578e+01  2.25566026934454449e+01
  1.01184907779949089e+01  3.17081383640719352e+01  2.24967760657390983e+01
  1.01107957893307567e+01  3.19047026567814704e+01  2.15193772231975196e+01
  9.96120124771890580e+00  3.18407628467623525e+01  2.06007762695355083e+01
  1.01968539983362803e+01  3.17254237174731522e+01  1.96259527235989424e+01
  1.06242074744111470e+01  3.14188418308284199e+01  1.86540501556864022e+01
  1.10555011931181095e+01  3.13520305161096076e+01  1.77657399159630955e+01
  2.23030496866378378e+01  3.08417403118135844e+01  1.78505606367179901e+01

molecule   45
 -3.26420083992916901e+01 -6.44987723320725053e+01  2.70946576274309514e-01
 -3.30621536953147483e+01 -6.46479967035484009e+01 -6.83028718537407764e-01
 -3.38244366561107199e+01 -6.45234163855839853e+01 -1.24908561159737963e+00
 -3.33071975367150159e+01 -6.52771522136919344e+01 -9.05544638375372357e-01
 -3.31939001275339578e+01 -6.58979934825657807e+01 -4.07919271827261593e-02
 -3.33727350875634272e+01 -6.61888242238285756e+01  9.53215184093535783e-01
 -3.34460966814074609e+01 -6.65888580283051965e+01  1.87330235950739055e+00
 -3.31606907008914362e+01 -6.72147237874926873e+01  2.46623072881448957e+00

molecule   46
 -2.93284398608354113e+00 -5.39923583458843410e+01 -8.87135120475802985e+00
 -2.10469213332912553e+00 -5.42886929035522883e+01 -8.35047528836001440e+00
 -1.33278709417680408e+00 -5.47819846239762498e+01 -8.26502081961961110e+00
 -4.48424285792760557e-01 -5.42782609829321601e+01 -8.03658413511686476e+00
 -7.22642384757627432e-01 -5.33570053946471106e+01 -7.75800813590992622e+00
 -9.93753134544588135e-01 -5.23915077643899494e+01 -7.70967184325799337e+00
 -1.74015600138823445e+00 -5.16704047550524095e+01 -7.80256199443928811e+00
 -2.00836302728271532e+00 -5.07502048233705452e+01 -7.61196224872895755e+00

molecule   47
 -2.04308783055751242e+01  2.43211287614600664e+01 -1.93850087972442786e+01
 -1.97887727363213521e+01  2.36766203300163873e+01 -1.97525756347492383e+01
 -1.90273723935776466e+01  2.31739933370251485e+01 -1.94132641927563263e+01
 -1.87362500831140899e+01  2.24244284367733151e+01 -1.89662257778616521e+01
 -1.83775867077578603e+01  2.17597789092570899e+01 -1.82688113846471190e+01
 -1.76224023168378530e+01  2.11506703491917492e+01 -1.80485912197930638e+01
 -1.70810886979352574e+01  2.03296365671486789e+01 -1.78647830967544614e+01
 -1.64384158312993058e+01  1.97282759368174609e+01 -1.74438125954488790e+01

molecule   48
  2.83232781024250535e+01  1.82963005645443957e+01 -1.96631389130202727e+01
  2.79601193129017283e+01  1.89056601540541287e+01 -2.03401115125016787e+01
  2.81564953120468608e+01  1.97638540374364950e+01 -2.08697176565883744e+01
  1.80301277937381066e+01  2.05877203894207241e+01 -2.03712111960177609e+01
  1.80948949937361689e+01  2.16498412280889099e+01 -2.03988074894113645e+01
  1.78007597943822233e+01  2.20130985791423690e+01 -1.94895073610168303e+01
  1.76687677486058483e+01  2.27882020023916958e+01 -1.90299288075609994e+01
  1.69628112433287228e+01  2.32746806676681643e+01 -1.84673424486146267e+01

molecule   49
  5.34478054245719676e+01  2.45816090677010095e+01 -1.56740234248147292e+01
  5.35068555456268200e+01  3.47666266309904728e+01 -1.65790612860266542e+01
  5.33990436595980782e+01  3.42940338058876293e+01 -1.74464569508480132e+01
  5.34226418988486103e+01  3.36624974436604631e+01 -1.83073298427675262e+01
  4.32599520808060163e+01  3.31478395364291529e+01 -1.91434015208330166e+01
  4.29016394094883893e+01  3.29732109270367317e+01 -2.01615251002974070e+01
  4.22510161418024452e+01  3.27031135081854671e+01 -2.07789904274005686e+01
  4.13578746180214623e+01  3.29625789707107089e+01 -2.08828760048725286e+01

molecule   50
 -2.15599788085615423e+01 -1.11841862643581691e+00  1.38450388814737102e+00
 -2.15586546769179641e+01 -1.30024938778307475e+00  3.79729916951020263e-01
 -2.09159830823219046e+01 -1.98158021575850452e+00 -9.67883288714576767e-02
 -9.90018656979917644e+00 -1.98175865665454753e+00 -9.14125549091259870e-01
 -9.39051923272554490e+00 -2.35788819920243364e+00 -1.62611258802067704e+00
 -8.56138157900958419e+00 -2.79894975522798983e+00 -1.33603201049495901e+00
 -8.10733688995916246e+00 -3.65634496573490031e+00 -1.12969816533886869e+00
 -8.47410709956498032e+00 -4.58388158378289567e+00 -1.03906517124068731e+00

molecule   51
  7.32554161910800605e+00  3.41241590877034042e+01  5.11126490768804143e+00
  8.01091123068153266e+00  3.47564585513374524e+01  5.23332824838933952e+00
  8.28975433834018638e+00  3.53397349069051145e+01  5.92652666553750507e+00
  7.97622806768524573e+00  2.56009326622439275e+01  6.56434706021092751e+00
  7.83476315235765242e+00  2.59688465979091383e+01  7.52962238071660117e+00
  8.32224338015111975e+00  2.64451214849414242e+01  8.28392031421035568e+00
  8.96206281144123196e+00  2.67281792199488599e+01  9.04322950226048405e+00
  9.09882509611212775e+00  2.66807352832093123e+01  1.00123757177792854e+01

molecule   52
 -4.44822487237648403e+01  8.16662783219988597e+00  4.30702068186529772e+01
 -4.50131251640472527e+01  8.94424518996119211e+00  4.33341570257164719e+01
 -4.55719584531259656e+01  9.24874913160613943e+00  4.24983193786024884e+01
 -4.54225410262537537e+01  9.33503946845337751e+00  4.14407059311237731e+01
 -4.52260129871912966e+01  1.00737770411639964e+01  4.07223245532558735e+01
 -4.48606275835485775e+01  1.10356591477483494e+01  4.06232807452561886e+01
 -4.39220559504461221e+01  1.11690369498703106e+01  4.03082077757767223e+01
 -4.29924184982021913e+01  1.11464135887911997e+01  4.03767640375142847e+01

molecule   53
  1.64653832841102288e+00 -2.35013770203634529e+01  2.00252794683359348e+01
  1.90442204311591468e+00 -2.37438993724973137e+01  1.91392074782449342e+01
  2.83243873065130458e+00 -2.38281606793462046e+01  1.89286115396959751e+01
  3.92691601011233882e+00 -2.37610243450256391e+01  1.88644301907769929e+01
  4.85689374180627453e+00 -2.38727858233337820e+01  1.85028233711764223e+01
  5.83890684366046298e+00 -2.35818396145073166e+01  1.86677798432025561e+01
  6.36812833893284491e+00 -2.26985360685493909e+01  1.87391661439186805e+01
  6.41457742860099245e+00 -2.17555952791879470e+01  1.88336954536086409e+01

molecule   54
 -4.17900672725170885e+00 -2.51341458958960651e+01 -1.34183232969137904e+01
 -3.53178424631421395e+00 -2.44454927324609912e+01 -1.36260191992353015e+01
  7.59306284604996762e+00 -2.37262906684211927e+01 -1.35768209533505200e+01
  8.33295636005104789e+00 -2.31513155396952719e+01 -1.32266176946705993e+01
  9.05755551906117340e+00 -2.29076911106815935e+01 -1.27079649655070828e+01
  9.75284596627419376e+00 -2.24423386655029375e+01 -1.32415686802517456e+01
  1.06774520447838590e+01 -2.19485683012664481e+01 -1.34765160001714541e+01
  1.16265477495070400e+01 -2.20651334364334133e+01 -1.36577951559685324e+01

molecule   55
  2.39788178097177607e+00 -1.52743180153249902e+01 -1.06904884075235902e+01
  2.94004878237756495e+00 -1.53866528217830805e+01 -9.87611529247577735e+00
  3.82751776093692841e+00 -1.50289422322151474e+01 -9.57362862532077763e+00
  4.68914485636769918e+00 -4.28633005329107419e+00 -9.33621167945009489e+00
  5.55213475854181393e+00 -4.01502039945727418e+00 -8.94121163435629818e+00
  6.41784881299727772e+00 -3.97547346176363092e+00 -9.15573617748406399e+00
  6.93337949729328873e+00 -3.18984798312812412e+00 -9.22371506211452186e+00
  6.99046802152725455e+00 -2.12137747489636430e+00 -9.11812213799975879e+00

molecule   56
 -3.75103372945900126e+00  4.34255386478585592e+00  1.36939624384009271e+01
 -3.31441700673260797e+00  3.62624239195654807e+00  1.41098809968194416e+01
 -3.18666633180254033e+00  2.86694190160221662e+00  4.39286876777730395e+00
 -3.06485790926988688e+00  1.89581579269357126e+00  4.73073289948224929e+00
 -3.24249944684234581e+00  1.02665694404851116e+00  4.91255804699525989e+00
 -3.07870039356282410e+00  1.73556810464956274e-01  5.26607064439543926e+00
 -3.01124389412529414e+00 -7.96294869527989446e-01  4.70261778964114008e+00
 -2.84080408726682077e+00 -1.80362764356077698e+00  4.43427616062125640e+00

molecule   57
  4.09306142606498256e+01  3.19864147319483427e+00  1.29812698923508751e+01
  4.14162855706823478e+01  4.12179615432139634e+00  1.30407662415929870e+01
  4.21173118870709757e+01  4.73331761616810898e+00  1.26352707380552225e+01
  4.27870807624994285e+01  5.49669409912950968e+00  1.26857333572147848e+01
  4.35733269497912161e+01  5.86088483940207805e+00  1.21515119664148781e+01
  4.34532451142477640e+01  6.78126017573534323e+00  1.15877816300112784e+01
  4.37450635156326157e+01  7.70081223591869524e+00  1.12338208712409529e+01
  4.37896431437065559e+01  8.24716951107522256e+00  1.02836971021777135e+01

molecule   58
  2.47246198506732568e+01  2.27643937976674664e+01 -2.31450863165451786e+01
  2.55172043969293334e+01  2.23561295075963535e+01 -2.27673282172733309e+01
  2.64614867955096322e+01  2.23475654518330664e+01 -2.26949931819192514e+01
  2.71470098209915207e+01  2.30999707388067819e+01 -2.28125541164291370e+01
  2.72158658242621208e+01  3.46069876179098728e+01 -2.26593504179313676e+01
  2.71884726536513881e+01  3.55651054712345740e+01 -2.27738736632687981e+01
  2.76508177260591843e+01  3.63998377883817668e+01 -2.28863193988361928e+01
  2.78675806300971232e+01  3.72528062272980947e+01 -2.33900102376971866e+01

molecule   59
 -1.69246869083382165e+01 -4.50791981751496778e+01  1.46755717212383221e+01
 -1.65289663433931189e+01 -4.41891847095262662e+01  1.44314836926081114e+01
 -1.59803263271857965e+01 -4.33833975453025786e+01  1.40938714042667819e+01
 -1.53978889285357905e+01 -4.26581069096478203e+01  1.38830350056918217e+01
 -1.49485382989079838e+01 -4.17869819226753307e+01  1.40787073369464331e+01
 -1.52437363271016437e+01 -4.07814329923022356e+01  1.41310125996545963e+01
 -1.57991500556723796e+01 -4.01939346297206654e+01  1.36196567425449047e+01
 -1.62317886463243077e+01 -4.00662411358448765e+01  1.27620843143788392e+01

molecule   60
  1.37500323699386158e+01 -3.41842084159526252e+01  2.38364412870297482e+00
  1.33847728656843188e+01 -3.50666051008086512e+01  2.16483017595220328e+00
  1.28991734988393354e+01 -3.58462878505548375e+01  1.79916725330287375e+00
  1.26643170810314007e+01 -3.67284844371768386e+01  1.54367712743493146e+00
  1.27401597381821290e+01 -3.73787800519341218e+01  2.26009433233206769e+00
  1.20242873415623048e+01 -3.79013922808020425e+01  2.68610729192287012e+00
  1.09920994556824123e+01 -3.79430532966129093e+01  2.58739656195834744e+00
  1.08394455812401862e+01 -3.77858931355240273e+01  1.65494927219357346e+00

molecule   61
 -3.51391572015389786e-01  3.63692322116646309e+01 -1.28020827396412198e+01
 -1.23179231232494524e-01  3.62088258961206222e+01 -1.18100743273866726e+01
  2.02804655114015242e-01  3.61185132381894434e+01 -1.08728826580822293e+01
  1.01558501930302003e+00  3.66874963993940284e+01 -1.08375850910787115e+01
  1.26412878756312685e+00  3.75454334852982115e+01 -1.13551683167117439e+01
  1.46040864079954802e+00  2.73062577979117620e+01 -1.23705661697325606e+01
  2.11300274504190044e+00  2.67762701243926813e+01 -1.27798526375627546e+01
  2.61405387555033020e+00  2.61282368899918360e+01 -1.34342867127057701e+01

molecule   62
  1.09882042272181497e+01 -2.15245879478738189e+01 -2.76369607257382519e+01
  1.17833103453283634e+01 -3.25970663782864563e+01 -2.73758956158228699e+01
  1.25378168856365075e+01 -2.27322043405035892e+01 -2.70897016770002921e+01
  1.34716118535285148e+01 -2.26853835091491902e+01 -2.72641746920162120e+01
  1.38201387121201176e+01 -2.27099980161695427e+01 -2.82100138610483810e+01
  1.41426570261051321e+01 -2.33844342842652786e+01 -2.87913036222559420e+01
  1.48445476843961615e+01 -2.40069232997783857e+01 -2.90988306575769862e+01
  1.52946942824533316e+01 -2.48139395747029532e+01 -2.95263898421661111e+01

molecule   63
 -2.47005899985354240e+01  4.48092951687757477e+01 -2.19239376023071877e+01
 -2.53786650026185647e+01  4.51825094964135587e+01 -2.12601787886799443e+01
 -2.48757011249020721e+01  4.56936390835674402e+01 -2.04928726757061455e+01
 -2.43343392636134652e+01  4.57612673182716492e+01 -1.96431890545590448e+01
 -2.44548803716056113e+01  4.59808815440839851e+01 -1.87053121960357771e+01
 -2.46956162656377245e+01  4.56834280425044668e+01 -1.78127018636877388e+01
 -2.52750401772144002e+01  4.54754931353722966e+01 -1.70286547112383033e+01
 -2.53430294531751734e+01  4.52566689068343067e+01 -1.60647224180182917e+01

molecule   64
 -5.12463595687280549e+00  3.12895315795994300e+01  8.40389629435414420e+00
 -4.29461464360769707e+00  3.18958115810257041e+01  8.31028911524534131e+00
 -3.60971742889350278e+00  3.25800398332430561e+01  8.30999729386718577e+00
 -2.85956919303372592e+00  3.33739294867523597e+01  8.36713632786242734e+00
 -2.49922216573175282e+00  3.42485624708327663e+01  8.35862051207711509e+00
 -2.27284339254691448e+00  3.51622434816330269e+01  8.66172639301210268e+00
 -2.34746206679317115e+00  3.60282895698117827e+01  8.90687803298378711e+00
 -2.38664739746368015e+00  3.68384300027318048e+01  9.48907598486048265e+00

molecule   65
 -6.94005486093461510e+00  1.80168023901592598e+01 -8.14769639668862844e+00
 -6.28968205240484224e+00  1.82144566900134599e+01 -7.43134734166137001e+00
 -5.82413786025202906e+00  1.82461074944399044e+01 -6.54517250600604061e+00
 -5.53148010187495043e+00  1.76163988897526913e+01 -5.83572914656536224e+00
 -4.68095472079774400e+00  1.71135179213432806e+01 -6.25728517563344422e+00
 -5.14083177571580396e+00  1.64118378219328456e+01 -6.84573170477543069e+00
 -4.40012794126365403e+00  1.60043483142230407e+01 -7.37118436780871100e+00
 -3.58409535068221974e+00  4.85188528419553933e+00 -7.61522972970778778e+00

molecule   66
  4.96516452095207139e+00 -3.95139916909638178e-01 -9.92953708775608845e-01
  1.55118449097430027e+01 -8.88039531739062915e-01  8.52686864789391308e+00
  1.58256553087637606e+01 -1.70439965923842784e+00  7.99617250610470442e+00
  1.61197072309695919e+01 -2.55263423008623525e+00  8.23594757491224705e+00
  1.55322695558004327e+01 -3.41569097697966928e+00  8.12005551736395503e+00
  1.54368905686376650e+01 -4.38440724236255708e+00  7.76350065657329935e+00
  1.46519881328484178e+01 -4.83823545172881708e+00  7.36278854348032308e+00
  1.38932500433766926e+01 -5.42509241278559440e+00  7.55109357023189531e+00

molecule   67
 -2.50141139480373234e+01  1.79116826415969896e+01  2.32485378475397226e+01
 -2.57146898497032943e+01  1.86970734749037852e+01  2.33547067726695232e+01
 -2.64760516870953850e+01  1.93224205419790529e+01  2.35979214716648578e+01
 -2.74878275401019216e+01  1.96880919687604390e+01  2.36770656710370950e+01
 -2.85381885719530644e+01  1.96149446977725361e+01  2.33906110995989387e+01
 -2.94420885504423602e+01  1.95211473224528369e+01  2.32944333074389682e+01
 -2.99528791108798842e+01  1.89449727288050092e+01  2.38163924981942081e+01
 -3.00813286825060224e+01  1.80859479366924880e+01  2.44308086920705918e+01

molecule   68
  7.85172553072955903e+00 -5.57091371618826070e+00 -4.29433441948575023e+00
  8.04604735727737186e+00 -4.71862656744743791e+00 -4.87090070827524180e+00
  7.90391898984258656e+00 -3.69905493992316003e+00 -4.94645138586548683e+00
  7.85695715071273071e+00 -3.32556700874310041e+00 -5.81611076489895229e+00
  7.20503761254570385e+00 -2.90901952437179245e+00 -6.56784313866550562e+00
  7.13883921551092282e+00 -2.06392473846150182e+00 -7.19146200208423814e+00
  7.18635867361850345e+00 -1.19535680446613113e+00 -7.27448260699175897e+00
  6.98279258776422207e+00 -3.86548732997716860e-01 -7.79042482204104392e+00

molecule   69
  6.03251518490284369e+01 -2.57653115201476304e+01 -1.72703644889723194e+01
  6.10913857264926889e+01 -2.55028002492647339e+01 -1.79230630152761528e+01
  6.19303764632562519e+01 -2.52513296675089585e+01 -1.85053557406309324e+01
  6.24412128209089659e+01 -2.53774487639976520e+01 -1.93890836158748456e+01
  6.25378251143825139e+01 -2.50969926172082971e+01 -2.03648993682134112e+01
  6.25774768732952964e+01 -2.43355948520024299e+01 -2.11429686718132359e+01
  6.17973094185763827e+01 -2.36755902458973502e+01 -2.12877075020815631e+01
  6.14642566216686248e+01 -2.30913429835018071e+01 -2.19527575481036514e+01

molecule   70
  3.55160604696752413e+00 -5.57006147432610845e+01  2.87954027294203883e+01
  4.43220392331295443e+00 -5.53145829749358384e+01  2.88055200110925149e+01
  5.29819163358575818e+00 -5.50195381902176166e+01  2.84213132777731410e+01
  5.94585193735467765e+00 -5.44932349486841119e+01  2.88141866178717265e+01
  6.83514780109119169e+00 -5.40372665532160852e+01  2.89293352694986368e+01
  7.31634348056210992e+00 -5.32464106433971196e+01  2.94658430567747018e+01
  7.01701491956186008e+00 -5.23446171957798541e+01  2.92885854867765261e+01
  6.73087538079429404e+00 -4.08645112904256251e+01  2.92035461912312115e+01

molecule   71
  6.56770675855830035e+01  1.78323553956559948e+01 -2.33762397777030877e+01
  6.53788132847602839e+01  1.76119346457008987e+01 -2.42773651981732996e+01
  6.48245216688262218e+01  1.70927487130247648e+01 -2.48366341363366914e+01
  6.46258025233637312e+01  1.68104618214269728e+01 -2.58337113808706995e+01
  6.47052626004279858e+01  1.68704826681607294e+01 -2.67944468595410825e+01
  6.52851046715101972e+01  1.70887027455263265e+01 -2.75424730922654319e+01
  6.60119134858174590e+01  1.63644312690921083e+01 -2.75415170799095037e+01
  6.65383312642105267e+01  1.55206401925141666e+01 -2.78117232365790947e+01

molecule   72
 -1.46627844664228046e+01 -4.03050175713208034e+01  3.61397556025811539e+01
 -4.68571626125731466e+00 -3.99604769382533860e+01  3.69386852691472924e+01
 -1.53984401243982241e+01 -3.95500663361053455e+01  3.77473392240932952e+01
 -1.55487725693520478e+01 -3.94355259279702182e+01  3.87399743463400341e+01
 -1.57021662635033366e+01 -3.95958698380647505e+01  3.97050299180706432e+01
 -1.60450009455250182e+01 -3.99139847727685364e+01  4.04736531289658998e+01
 -1.66430790735509540e+01 -4.05988195873708619e+01  4.07591764480537364e+01
 -1.65328243471157954e+01 -4.14144773552559613e+01  4.02573263531947063e+01

molecule   73
 -4.00159728968270656e+01 -4.96249237944713784e+01  6.54447712715159646e+00
 -4.04669170898909769e+01 -5.04160828801700944e+01  6.19521060394874290e+00
 -4.10348517759489084e+01 -5.02826335461957470e+01  5.42816564814091063e+00
 -4.17756091897435482e+01 -5.01273787434493769e+01  4.77291161697827704e+00
 -4.22265950852322476e+01 -5.00662073314288989e+01  3.88827225222381223e+00
 -4.22125521517397786e+01 -5.05277846734059679e+01  2.92759902566824426e+00
 -4.18495288855699457e+01 -5.10515897852295453e+01  2.09673663625749507e+00
 -4.11855670308927699e+01 -5.09449465434279674e+01  1.34432745220988470e+00

molecule   74
 -1.85831661786908953e+01 -2.77088192267621203e+01  3.17163904936641572e+01
 -1.94229695425623845e+01 -2.82647364738651703e+01  3.21249625837485837e+01
 -2.03061309680331803e+01 -2.84418309153327051e+01  3.22049308512737227e+01
 -2.10924326686783949e+01 -2.89396880304930733e+01  3.22750882509222663e+01
 -2.18462029454499849e+01 -2.87089036953352839e+01  3.17041997670866991e+01
 -2.20499933961106507e+01 -2.88796364055574379e+01  3.07165323751479207e+01
 -2.24330767242801734e+01 -2.93949009041314540e+01  3.00198195315051457e+01
 -2.29603028189395495e+01 -2.94284519266386013e+01  2.91255543930921306e+01

molecule   75
 -5.39967235276872737e-01  3.31809768818585127e+01  6.19645980967080590e+00
 -4.94259035319305318e-01  3.27552741277170369e+01  5.33832615202648153e+00
 -3.34122323709423796e-01  3.31050037316386891e+01  4.44556617703771551e+00
 -9.82571500783579466e-01  3.28481367329567391e+01  3.75107589069283032e+00
 -6.56140336492205822e-01  3.19062524391614417e+01  3.24941119551269653e+00
 -3.69892526873271899e-01  3.16918159489106870e+01  2.28395700186133288e+00
 -4.70322620106011224e-01  3.11290861089997897e+01  1.39004521607291931e+00
 -4.67035379975473064e-01  3.03005067513161990e+01  8.92193295628655347e-01

molecule   76
  4.76690358355666390e+01  2.53892108304676682e+01  1.19376676487643838e+01
  4.81876248183024956e+01  2.56680035849505934e+01  1.26475022662283614e+01
  3.68329495629662915e+01  2.60459708634763558e+01  1.30533788752511342e+01
  3.66080439994764433e+01  2.70193143672956708e+01  1.32905979909900616e+01
  3.70967963996552115e+01  2.78806447368715347e+01  2.38034854723773854e+01
  3.77566450176937423e+01  2.85955060499539826e+01  2.41025491878839695e+01
  3.80637530332801148e+01  2.94500186683737795e+01  2.43359644088216420e+01
  3.82875196379487974e+01  3.02172783500852091e+01  2.50659091710532280e+01

molecule   77
  4.29914630072101573e+01 -1.63921004944105397e+00  1.68644839874655474e+01
  4.32407354078842801e+01 -7.57271280851254946e-01  1.64172662264717566e+01
  4.29640113749094326e+01  2.19511655540161166e-01  1.65260300195100278e+01
  4.33584532565058680e+01  9.57067784204578609e-01  1.65533744792941810e+01
  4.39574526955920390e+01  1.76514919030413697e+00  1.66807543743937750e+01
  4.40495748432207179e+01  2.38736699365179339e+00  1.74477905442656152e+01
  4.40671497069143356e+01  2.57250050967815191e+00  1.84655635105125668e+01
  4.37755021852236084e+01  2.66987004230298819e+00  1.94242313279181147e+01

molecule   78
  1.35443270450119257e+01  1.93183163940637534e+01  6.73840682177554839e+00
  1.27843868571907429e+01  1.87664064627296838e+01  6.86396154779347079e+00
  1.21478751334964183e+01  1.82480001259298596e+01  6.25902978679248623e+00
  1.15870951181918720e+01  2.81264052392270116e+01  6.72572397420485046e+00
  1.12899305692131513e+01  2.71642599677062933e+01  6.74105123234979775e+00
  1.11470115620714143e+01  2.60333895975918921e+01  6.53212544903752512e+00
  9.91765938511223744e-02  1.49897714912848841e+01  1.75670791674402551e+01
 -8.77763926603007616e-01  1.48655519639166389e+01  1.74797999025261603e+01

molecule   79
 -1.59904038350679798e+01  5.40197757734846107e+00 -1.16286971247389737e+01
 -1.58783881745927999e+01  5.93289069145276038e+00 -1.25571648240746256e+01
 -1.52925791312304629e+01  5.77288695345228486e+00 -1.33804766109896622e+01
 -1.43621320602671538e+01  5.71735834767631612e+00 -1.36298415516774654e+01
 -1.40204700585216955e+01  5.73172112627859054e+00 -1.45185174796951593e+01
 -1.31735136084493973e+01  5.78210084098441435e+00 -1.52272732918394667e+01
 -1.23087654648968936e+01  5.91526240548875659e+00 -1.57567574995138617e+01
 -1.13675225193421472e+01  6.31363955318145020e+00 -5.71318739459787572e+00

molecule   80
  1.42598521226603427e+01  1.78484870665656956e+01  1.13031597306087388e+01
  1.48867599702642117e+01  1.72423930556203260e+01  1.07495537909035814e+01
  2.56293425882029915e+01  1.80362690108230659e+01  1.02481295446645877e+01
  2.58311851545678088e+01  1.88522566159828386e+01 -6.63180947071787208e-01
  1.49113173188914061e+01  1.97166245041096708e+01 -1.18074209860543955e+00
  1.50473898109791264e+01  2.02939517436988304e+01  8.46972291757794693e+00
  1.51251813163462483e+01  2.08152727312205208e+01  7.61156423911059843e+00
  1.46426380453665548e+01  2.15056055158821522e+01  7.12800647558064249e+00

molecule   81
 -1.28958179900207188e+01 -5.45219178616498752e+01  5.99778011583335680e+00
 -1.32486413174767499e+01 -5.38717749547517570e+01 -3.73187633028506749e+00
 -1.36556413164224573e+01 -5.32422117259600469e+01 -3.04749755527618049e+00
 -1.34751108432467586e+01 -4.18355031129297146e+01 -2.90534342243409061e+00
 -1.28467264805870123e+01 -4.12317968827208716e+01 -2.36970070228027430e+00
 -1.19535278040795880e+01 -4.06779101664094256e+01 -2.23314810684094533e+00
 -1.14251382243820583e+01 -4.04838573829477255e+01 -1.41002062747562440e+00
 -1.06963533502478541e+01 -3.97376718509198525e+01 -1.56073905968587434e+00

molecule   82
 -4.23912691800478498e+01 -1.14437808564810339e+00  6.49566821634126512e+01
 -4.31545104910308481e+01 -1.15077415529670457e+00  6.43410594625817964e+01
 -4.39656052894979865e+01 -1.74426870969034087e+00  6.41903454572638452e+01
 -4.48848839800248385e+01 -1.55680338788673955e+00  6.40547513352624662e+01
 -4.57510903244781133e+01 -1.25193659451379951e+01  6.40978298994352400e+01
 -4.66712223415161134e+01 -1.21980471962291421e+01  6.39189475094308861e+01
 -4.73512373305925323e+01 -1.15179560367372389e+01  6.41608410495524595e+01
 -4.79589670881512546e+01 -1.07338916992871631e+01  6.44391052772461705e+01

molecule   83
  2.97536424182350103e+01  2.61061906323442976e+01  2.95396737176649404e+00
  2.96766793668936231e+01  2.61199222798033155e+01  3.89514792899016582e+00
  2.96408838177277794e+01  2.52776638799472906e+01  4.52409751646681624e+00
  2.96695308051777538e+01  2.52720824101105066e+01  5.54214838445209779e+00
  2.95493116808509768e+01  2.45785231694673953e+01  6.23250393700526750e+00
  2.88286122171605719e+01  2.39647450533785751e+01  6.57904898326393273e+00
  2.84216740244387971e+01  2.38208371559414118e+01  7.54015915666806880e+00
  2.85155245722124420e+01  2.44928381917260225e+01  8.20009274680562861e+00

molecule   84
  7.62168422061884741e+01  3.49069131474949117e+01  1.44791843000994334e+01
  7.65530729250123159e+01  3.57035104127785345e+01  1.39395699112723488e+01
  7.74722400144510175e+01  3.53890303122348229e+01  1.41161013647141296e+01
  7.79041265919416759e+01  3.62594389182766434e+01  1.40385304088598311e+01
  7.82429484907937791e+01  3.72097661630020511e+01  2.44151892538267603e+01
  7.90221893294836804e+01  3.76320156708644191e+01  2.49960320294917473e+01
  7.89914952533137438e+01  3.85715871764555303e+01  2.51889429661663335e+01
  7.83378397113450262e+01  4.96909348333414798e+01  2.52436838131567534e+01

molecule   85
  1.46275352662359985e+01 -8.57088257203556303e+00  1.01611440411236362e-01
  1.54383212258964715e+01 -7.95541641976206559e+00  3.80305075079955146e-01
  1.62354747013926755e+01 -8.07980261126133215e+00  1.02009253157126478e+00
  1.72432528659595690e+01 -8.41865213582608085e+00  7.12831358915383961e-01
  1.72023930799492355e+01 -9.44038131892863852e+00  8.88547201385303409e-01
  1.77678995786265759e+01 -1.02895350474439500e+01  8.13459775644235772e-01
  1.86255376782186559e+01  7.01991669251309236e-02  3.53349389963454052e-01
  1.93027177596529960e+01 -9.84436136599636313e+00 -5.87545844758664421e-02

molecule   86
 -2.18038996325733834e+01 -4.77696865380053666e+01  3.48386231084531275e+01
 -2.20120983791384148e+01 -4.79734430042561328e+01  3.58194576314748616e+01
 -2.23236521746335015e+01 -4.78457736537334171e+01  3.67352499722899495e+01
 -2.33151515167865711e+01 -4.77917440804837383e+01  3.69299548991273880e+01
 -2.40369630431088339e+01 -4.73200968733571443e+01  3.71351406274681608e+01
 -2.48880024787748724e+01 -4.68564424443235481e+01  3.75099588650759870e+01
 -2.58317820654681611e+01 -4.65947334496946439e+01  3.75762788681593278e+01
 -1.56074799879200103e+01 -4.71596514915494893e+01  3.84872367065667405e+01

molecule   87
 -6.21993798829397182e+00  5.30511170371577023e+00  4.86145311373996876e+01
 -6.36528680277773606e+00  6.30274877558647351e+00  4.84260252897695622e+01
 -6.47386825907344132e+00  6.56664521231129594e+00  4.74722901559420905e+01
 -6.55893421292546286e+00  7.45793609469474550e+00  4.72157355514724131e+01
 -6.63010469899717592e+00  8.51594677584748538e+00  4.73232360541311508e+01
 -6.52948925036893524e+00  9.46520750861286686e+00  5.75625192678301190e+01
  3.54662971524401582e+00  1.03585580947640885e+01  5.73471208044348302e+01
  3.28314679126428199e+00  1.10942445558971219e+01  5.67176309007479631e+01

molecule   88
  1.56711546835904887e+01  8.46515388046882755e+00  6.18226131791508315e+00
  1.53961117446159843e+01  7.79826058897666119e+00  6.88692310133573571e+00
  1.57395270524668724e+01  7.24528998067014385e+00  7.61237703228254858e+00
  1.48764007006229999e+01  6.77133706910194011e+00  7.36095795319388913e+00
  1.43788262119928305e+01  6.14061487500400727e+00  7.97393321943197364e+00
  1.34894321796665171e+01  5.63188674255321597e+00  7.78004889028208702e+00
  1.33293168954857766e+01  4.74268826878470229e+00  8.17887350807824198e+00
  1.28443009106868384e+01  3.86006648835695421e+00  8.19732971577197667e+00

molecule   89
 -1.09905480628873544e+01  9.35506614749861320e+00  1.23790286171620654e+01
 -1.08838976222767343e+01  8.89004849165825384e+00  1.32210244712632310e+01
 -1.11936591464387103e+01  8.65171088047580028e+00  1.41273478001032675e+01
 -1.07464970551451291e+01  9.22539207348693857e+00  1.48116459038037735e+01
 -1.07107623017076907e+01  8.65480210982752673e+00  5.17068248008250464e+00
 -1.01746571400627115e+01  8.21766262259454372e+00  5.75865139717027130e+00
 -9.18940235400045857e+00  7.94831994192102798e+00  5.93120878146332053e+00
 -8.17271322843069470e+00  7.96064354787993445e+00  6.25155728450895420e+00

molecule   90
 -1.32352146544430358e+01  5.42435722865076428e+01  4.45797392948320947e+01
 -1.39443276784612529e+01  5.36125605070688209e+01  4.42428061208145778e+01
 -1.39102942887633585e+01  5.34228056211034712e+01  4.32827073979264370e+01
 -3.55764225064766570e+00  5.35497983819488397e+01  4.23139323073066080e+01
 -3.24291394114545017e+00  5.36402558197779058e+01  4.12653432114341072e+01
 -2.47215766913756907e+00  5.34962899501836375e+01  4.06846327481605741e+01
 -2.47165977871041376e+00  5.28574407177992924e+01  3.99844397674387864e+01
 -2.28511819526684201e+00  5.23313147830003658e+01  3.91632071398251611e+01

molecule   91
  1.25857060779875987e+01 -3.46292222776766234e+00 -4.43723963400154187e+00
  1.21389534451775294e+01  7.73845019243208387e+00 -4.02835209190815391e+00
  1.14445645583805806e+01  8.46890037170646259e+00 -3.88168514686503885e+00
  1.14660896772233780e+01  9.32745560614298341e+00 -3.73962139420273587e+00
  1.11048227671869206e+01  1.00878712169220623e+01 -4.24695882712753470e+00
  1.03235786478905460e+01  1.03333102579267209e+01 -4.80430726505612515e+00
  9.82453051843148906e+00  1.00107969315416714e+01 -5.53300333653673881e+00
  9.00882739860203330e+00 -9.99125038643701391e-01 -5.65743024848701026e+00

molecule   92
  2.99591609001805530e+01 -7.24699589546233014e+00 -2.53627966078392788e+01
  2.95935145555623329e+01 -7.41759218711426449e+00 -2.44600939809665334e+01
  2.89819944912054588e+01 -7.55018655294809804e+00 -1.31974609076097025e+01
  2.84264294662031247e+01 -7.26211405568214641e+00 -1.23556735549023102e+01
  2.78046470364673723e+01 -6.64200559684244762e+00 -1.18895919967355912e+01
  2.73053431118009939e+01 -5.81251239878722092e+00 -1.17771844506885888e+01
  2.65708937275861494e+01 -5.08654272837001198e+00 -1.15419902939544006e+01
  2.55579721842404517e+01 -4.76031916983494963e+00 -1.12387518367447328e+01

molecule   93
 -9.35485545383717820e+00 -7.15766893451522623e+00  7.70448237926676427e+01
 -1.02376585898640577e+01 -6.80275370565001225e+00  7.75290980144139610e+01
 -1.03857011227773430e+01 -6.34475989227835235e+00  7.83640089691536730e+01
 -1.09584415197307639e+01 -5.55864683365061651e+00  7.87012525607830611e+01
 -1.11584820160350162e+01 -5.60585136761359415e+00  7.97027355566444413e+01
 -1.16031684452853217e+01 -6.36895681339670272e+00  8.02014570337336323e+01
 -1.23612630136530885e+01 -6.99410078756345399e+00  7.99127590256980369e+01
 -1.32889069103894819e+01 -7.46350706715015111e+00  7.98553966986461887e+01

molecule   94
 -4.01503360659748552e+01 -7.77704253267693559e+01  3.97440361669302575e+01
 -3.96952117462216876e+01 -7.77018994981614242e+01  4.05400210712592965e+01
 -3.89953746186591133e+01 -7.75127525697018029e+01  4.13377815779151234e+01
 -3.79882578468049061e+01 -7.74878734834255596e+01  4.14935676527015502e+01
 -3.73016527381985625e+01 -7.70034264595502407e+01  4.21678894667251143e+01
 -3.64733112449550845e+01 -7.72095342110480090e+01  4.28176912774031209e+01
 -3.61679872677570557e+01 -7.72168484532486161e+01  4.38339469139530280e+01
 -3.53632940806664209e+01 -7.73161090614871540e+01  4.44454924916158660e+01

molecule   95
 -5.28397449494042064e+01  2.08138707205672002e+00 -3.72969501358282729e+00
 -5.28250343911060227e+01  2.94581102305468256e+00 -4.21055368240512351e+00
 -5.25263888898970777e+01  3.89717827652660587e+00 -4.21484465103701922e+00
 -5.29938387142033847e+01  4.76850530090609492e+00 -4.07153992626476668e+00
 -5.23586752942715705e+01  5.35201613502162843e+00 -4.50579960772195331e+00
 -5.23688154822416720e+01  5.93912269233821544e+00 -5.26306005227082707e+00
 -5.28005033939039592e+01  6.59299112938152465e+00 -5.83212392583174832e+00
 -5.31111437316691521e+01 -3.70817450369732393e+00 -6.79571761564327215e+00

molecule   96
  2.48022336006792088e+01 -3.42731748520386716e+01  1.08732524507330890e+01
  2.55110025303888968e+01 -3.47261074155138232e+01  1.10908220523455441e+01
  2.63666393192543573e+01 -3.45526892934130672e+01  1.15028745971955093e+01
  2.73633324054357132e+01 -3.48077682337118759e+01  1.16477834020809592e+01
  2.82261008152131474e+01 -3.50903436895487744e+01  1.14856727826322924e+00
  2.91610978853971083e+01 -3.55443608887972928e+01  1.09253943119117292e+00
  2.97932168792331282e+01 -3.58899184639642215e+01  3.85443375048155734e-01
  3.00150497199606221e+01 -3.62626542981944269e+01 -4.72527203693768993e-01

molecule   97
 -1.05966142706857074e+01 -2.06291121764303647e+01 -2.35323251322117022e+00
 -1.10793009221543901e+01 -2.14827839940642171e+01 -1.92859878251544048e+00
 -1.19605558661282370e+01 -2.12705736740415432e+01 -1.41977154395510974e+00
 -1.25952780769030515e+01 -2.13922467065950954e+01 -7.06406373027201884e-01
 -1.30947758894020048e+01 -2.15252552396113011e+01  2.29970824325640616e-01
 -1.36800856211366906e+01 -1.11560383071831435e+01  1.01732628037678130e+00
 -1.42367158753181933e+01 -1.15746096836146144e+01  1.84078840254399823e+00
 -1.50605226270110446e+01 -1.18691760587799973e+01  2.29563725271448504e+00

molecule   98
 -2.10790406272060054e+01 -1.81391051818817886e+01  2.67800018541744365e+01
 -2.19062216287924585e+01 -1.85707312983257644e+01  2.62582754251964161e+01
 -2.22369079711760307e+01 -1.94446902230529055e+01  2.60778264528465620e+01
 -2.23823776862777670e+01 -1.99399715397619026e+01  2.51813623369517607e+01
 -2.16901917921453347e+01 -2.01152218095056199e+01  2.44093971127835232e+01
 -2.09248414189876293e+01 -2.03326813402760997e+01  2.38058267240224204e+01
 -2.02422300097585683e+01 -2.09250226398542019e+01  2.34774469443585829e+01
 -9.58581865906910835e+00 -2.15488924965968032e+01  2.27272213082975760e+01

molecule   99
  6.58999723019250450e+00 -1.23714280284054379e+01 -3.36006713270200024e+01
  5.72578551874260810e+00 -1.28772776236163971e+01 -3.36246488383223010e+01
  5.34092328790110304e+00 -1.34652683606843642e+01 -3.43248294766265047e+01
  4.53952920472135624e+00 -1.31561209694865848e+01 -3.48665217934300742e+01
  4.09152391765561330e+00 -1.31396807619522615e+01 -3.57842319486504721e+01
  3.57526160924404524e+00 -1.28042343514339301e+01 -3.65881914676203337e+01
  3.24083794750420040e+00 -1.26666490820544499e+01 -3.75268302265996709e+01
  3.35595355077514412e+00 -1.29699770902817626e+01 -3.85500284416408334e+01
