    RadiusGyration{
      interval                            1000
      outputFileName            RadiusGyration
      nSamplePerBlock                       10
      speciesId                              0
    }

Average     3.5019305e+00
Variance    7.1854878e-03
Std Dev     8.4767257e-02

Hierarchichal Error Analysis:
              0              1  2.9969564e-04          80001
              1              2  3.8493879e-04          40000
              2              4  4.9466017e-04          20000
              3              8  6.2439289e-04          10000
              4             16  7.6729414e-04           5000
              5             32  9.1720138e-04           2500
              6             64  1.0683486e-03           1250
              7            128  1.1921167e-03            625
              8            256  1.2421327e-03            312
              9            512  1.1916292e-03            156
             10           1024  1.1995948e-03             78
             11           2048  1.2586626e-03             39
             12           4096  1.3947685e-03             19
             13           8192  1.5455353e-03              9
             14          16384  1.4459411e-03              4
