    McEnergyAverage{
      interval                            1000
      outputFileName                 energyAve
      nSamplePerBlock                       10
    }

Average     5.8177930e+02
Variance    5.7980977e+02
Std Dev     2.4079239e+01

Hierarchichal Error Analysis:
              0              1  3.4398878e-02         490001
              1              2  4.1376176e-02         245000
              2              4  4.8347150e-02         122500
              3              8  5.4154662e-02          61250
              4             16  5.8211125e-02          30625
              5             32  6.0766263e-02          15312
              6             64  6.2302693e-02           7656
              7            128  6.2645231e-02           3828
              8            256  6.2776774e-02           1914
              9            512  6.1452465e-02            957
             10           1024  6.1974938e-02            478
             11           2048  6.3307602e-02            239
             12           4096  6.4183963e-02            119
             13           8192  6.0222243e-02             59
             14          16384  6.2656360e-02             29
             15          32768  4.9774087e-02             14
             16          65536  5.6623954e-02              7
