  5.8150147e+02
  5.8529896e+02
  5.8501985e+02
  5.8076045e+02
  5.8387285e+02
  5.8417863e+02
  5.8380648e+02
  5.9460461e+02
  5.8099415e+02
  5.8192729e+02
  5.8274117e+02
  5.8415877e+02
  5.7925299e+02
  5.7010110e+02
  5.7429602e+02
  5.7385344e+02
  5.8473965e+02
  5.8412546e+02
  5.8628573e+02
  5.8784375e+02
  5.9296864e+02
  5.8365945e+02
  5.7949360e+02
  5.8784442e+02
  5.8111909e+02
  5.7374656e+02
  5.8744572e+02
  5.8856751e+02
  5.8610091e+02
  5.8396924e+02
  5.8052785e+02
  5.8600189e+02
  5.7630221e+02
  5.9231618e+02
  5.8281951e+02
  5.8020008e+02
  5.7392948e+02
  5.8425563e+02
  5.9305807e+02
  5.7595001e+02
  5.7884107e+02
  5.8886991e+02
  5.8875961e+02
  5.8068205e+02
  5.6866716e+02
  5.7839480e+02
  5.7730832e+02
  5.8561167e+02
  5.6682351e+02
  5.8057586e+02
  5.8388545e+02
  5.8632682e+02
  5.7227211e+02
  5.7346585e+02
  5.8818072e+02
  5.9288240e+02
  5.8467778e+02
  5.8932813e+02
  5.8528549e+02
  5.8415836e+02
  5.7206352e+02
  5.9373912e+02
  5.8116639e+02
  5.8740206e+02
  5.9811584e+02
  5.7433417e+02
  5.8859265e+02
  5.7677188e+02
  5.7585297e+02
  5.8092273e+02
  5.8196920e+02
  5.7340072e+02
  5.9243162e+02
  5.7956561e+02
  5.8720231e+02
  5.7399420e+02
  5.7980491e+02
  5.8868870e+02
  5.6904267e+02
  5.8861456e+02
  5.7768454e+02
  5.9374459e+02
  5.8950494e+02
  5.8444945e+02
  5.9550641e+02
  5.8929549e+02
  5.8457005e+02
  5.7410417e+02
  5.8512791e+02
  5.8552060e+02
  5.8290723e+02
  5.7612384e+02
  5.7889771e+02
  5.7807685e+02
  5.7777004e+02
  5.7473431e+02
  5.7144158e+02
  5.8459417e+02
  5.9105460e+02
  5.6522454e+02
  5.9212337e+02
  5.9018921e+02
  5.7935441e+02
  5.7361236e+02
  5.7583266e+02
  5.7110457e+02
  5.8972318e+02
  5.6744185e+02
  5.8912365e+02
  5.7629182e+02
  5.8468952e+02
  5.7768797e+02
  5.6725428e+02
  5.7198060e+02
  5.8722859e+02
  5.8294019e+02
  5.7506346e+02
  5.7204212e+02
  5.8207058e+02
  5.8590896e+02
  5.7910242e+02
  5.8218499e+02
  5.9102969e+02
  5.8105154e+02
  5.8035507e+02
  5.8609035e+02
  5.8548306e+02
  5.8253022e+02
  5.9105182e+02
  5.6894621e+02
  5.7088537e+02
  5.7725774e+02
  5.8224480e+02
  5.8453353e+02
  5.8036827e+02
  5.8021010e+02
  5.6476183e+02
  5.8619731e+02
  5.9783482e+02
  5.7501066e+02
  5.7866668e+02
  5.8680510e+02
  5.8051501e+02
  5.8231881e+02
  5.7923112e+02
  5.7135792e+02
  5.7732631e+02
  5.7640698e+02
  5.6866398e+02
  5.8356510e+02
  5.7935404e+02
  5.8765978e+02
  5.8534122e+02
  5.8469447e+02
  5.7643847e+02
  5.7545385e+02
  5.8061808e+02
  5.7669559e+02
  5.7914850e+02
  5.9373537e+02
  5.8502851e+02
  5.7930457e+02
  5.7282364e+02
  5.7806706e+02
  5.9691466e+02
  5.8443970e+02
  5.8624703e+02
  5.7416704e+02
  5.8362742e+02
  5.8937440e+02
  5.6174568e+02
  5.7056987e+02
  5.8107816e+02
  5.9452331e+02
  5.9614575e+02
  5.7633665e+02
  5.8653282e+02
  5.6971985e+02
  5.7709847e+02
  5.8418409e+02
  5.8791023e+02
  5.8930082e+02
  5.7987090e+02
  5.8275188e+02
  5.9248844e+02
  5.9107892e+02
  5.7834166e+02
  5.8208341e+02
  5.8133539e+02
  5.7279079e+02
  5.8795529e+02
  5.7727027e+02
  5.9829396e+02
  5.8316950e+02
  5.8883328e+02
  5.6635324e+02
  5.8342424e+02
  5.7477333e+02
  5.7726714e+02
  5.8647867e+02
  5.8634035e+02
  5.7651548e+02
  5.7873097e+02
  5.7450097e+02
  5.8807024e+02
  5.7389641e+02
  5.8816416e+02
  5.7107229e+02
  5.8303934e+02
  5.7757432e+02
  5.6511706e+02
  5.7858384e+02
  5.7431518e+02
  5.7674489e+02
  5.8604570e+02
  5.8492024e+02
  5.8069995e+02
  5.7723599e+02
  5.9270954e+02
  5.7028447e+02
  5.8351360e+02
  5.9238747e+02
  5.8634686e+02
  5.9124725e+02
  5.7937856e+02
  5.8051895e+02
  5.6280159e+02
  5.9382008e+02
  5.7746604e+02
  5.8745607e+02
  5.9140508e+02
  5.9067449e+02
  5.7575090e+02
  5.7538177e+02
  5.7670488e+02
  5.9003332e+02
  5.8537613e+02
  5.9876137e+02
  5.9579854e+02
  5.7506505e+02
  5.7346273e+02
  5.9227158e+02
  5.8046499e+02
  5.7506164e+02
  5.9187243e+02
  5.7745684e+02
  5.8686756e+02
  5.9564680e+02
  5.8923463e+02
  5.6990568e+02
  5.8415060e+02
  5.7571069e+02
  5.8467163e+02
  5.7547752e+02
  5.7703801e+02
  5.8328590e+02
  5.8248112e+02
  5.8052614e+02
  5.7783023e+02
  5.8470262e+02
  5.7684872e+02
  5.7292356e+02
  5.8803967e+02
  5.8515593e+02
  5.6532614e+02
  5.7961318e+02
  5.8647651e+02
  5.7738230e+02
  5.7205276e+02
  5.8640302e+02
  5.7058812e+02
  5.8844200e+02
  5.7723673e+02
  5.8677882e+02
  5.8708055e+02
  5.8827750e+02
  5.7698481e+02
  5.8212665e+02
  5.8086095e+02
  5.8048271e+02
  5.7762348e+02
  5.9159181e+02
  5.8202515e+02
  5.8937147e+02
  5.8268174e+02
  5.7038118e+02
  5.8658896e+02
  5.7741159e+02
  5.7762265e+02
  5.8329230e+02
  5.9302452e+02
  5.7584431e+02
  5.6590822e+02
  5.7797955e+02
  5.8116146e+02
  5.6467012e+02
  5.8112075e+02
  5.9927356e+02
  5.7948186e+02
  5.9641974e+02
  5.6976477e+02
  5.8574746e+02
  5.8390812e+02
  5.7855704e+02
  5.7680017e+02
  5.8251123e+02
  5.9193334e+02
  5.9017200e+02
  5.8606104e+02
  5.7579024e+02
  5.7278412e+02
  5.6913504e+02
  5.8624035e+02
  5.8004704e+02
  5.8037292e+02
  5.7608380e+02
  5.8266059e+02
  5.7431145e+02
  5.8306063e+02
  5.8311666e+02
  5.7026256e+02
  5.8279998e+02
  5.8218263e+02
  5.8881070e+02
  5.9027854e+02
  5.9536680e+02
  5.8783449e+02
  5.7582981e+02
  5.7888657e+02
  5.8252691e+02
  5.7899977e+02
  5.7685059e+02
  5.7746815e+02
  5.8128502e+02
  5.8328870e+02
  5.8435838e+02
  5.8625212e+02
  5.7696854e+02
  5.8390345e+02
  5.7900652e+02
  5.8909534e+02
  5.7819669e+02
  5.9430949e+02
  5.7661399e+02
  5.7647316e+02
  5.9673807e+02
  5.7906848e+02
  5.9525795e+02
  5.8794590e+02
  5.7992459e+02
  5.8125646e+02
  5.8741428e+02
  5.7556939e+02
  5.9159783e+02
  5.8582105e+02
  5.7801433e+02
  5.8577618e+02
  5.9443903e+02
  5.8396537e+02
  5.8474630e+02
  5.8643848e+02
  5.7736358e+02
  5.7574172e+02
  5.8421225e+02
  5.8159999e+02
  5.9088363e+02
  5.7739924e+02
  5.8348242e+02
  5.7501324e+02
  5.8101923e+02
  5.8315326e+02
  5.7539123e+02
  5.8333351e+02
  5.6516894e+02
  5.9781715e+02
  5.8002353e+02
  5.8993764e+02
  5.8637182e+02
  5.6858537e+02
  5.8363522e+02
  5.8864189e+02
  5.8642370e+02
  5.9358527e+02
  5.7590837e+02
  5.8832631e+02
  5.9576040e+02
  5.8326074e+02
  5.8644894e+02
  5.8380758e+02
  5.9226648e+02
  5.7526471e+02
  5.8309034e+02
  5.8020729e+02
  5.9865856e+02
  5.7415645e+02
  5.6947141e+02
  5.8450480e+02
  5.8519342e+02
  5.7192235e+02
  5.7229503e+02
  5.9128213e+02
  5.7997370e+02
  5.8432482e+02
  5.8947251e+02
  5.8096351e+02
  5.8547861e+02
  5.8504658e+02
  5.6669688e+02
  5.7667357e+02
  5.9444442e+02
  5.8550070e+02
  5.7111391e+02
  5.8863128e+02
  5.7899687e+02
  5.7708334e+02
  5.8266390e+02
  5.8458930e+02
  5.8275904e+02
  5.7235093e+02
  5.8649812e+02
  5.7834332e+02
  5.9298365e+02
  5.8340877e+02
  5.8658345e+02
  5.6548137e+02
  5.7753208e+02
  5.9392020e+02
  5.9010120e+02
  5.9315676e+02
  5.8573631e+02
  5.8503661e+02
  5.8409229e+02
  5.8611399e+02
  5.8260081e+02
  5.8194047e+02
  5.8659562e+02
  5.7770782e+02
  5.8994755e+02
  5.7881673e+02
  5.7913576e+02
  5.8739073e+02
  5.8602952e+02
  5.8434682e+02
  5.8333614e+02
  5.6055477e+02
  5.8607114e+02
  5.8297503e+02
  5.8849317e+02
  5.7013255e+02
  5.8074372e+02
  5.8085267e+02
  5.7909265e+02
  5.7326029e+02
  5.8474654e+02
  5.8084644e+02
  5.8928256e+02
  5.8301992e+02
  5.8910445e+02
  5.8105639e+02
  5.7285120e+02
  5.7501430e+02
  5.7820212e+02
  5.8919720e+02
  5.7450883e+02
  5.7688478e+02
  5.7323056e+02
  5.7577675e+02
  5.9466613e+02
  5.6309258e+02
  5.7608771e+02
  5.7751265e+02
  5.6960602e+02
  5.7303984e+02
  5.9042634e+02
  5.7899548e+02
  5.7296209e+02
  5.8724400e+02
  5.7662514e+02
  5.7888083e+02
  5.8026007e+02
  5.7501779e+02
  5.9191744e+02
  5.7480863e+02
  5.8786370e+02
  5.8641783e+02
  5.8240172e+02
  5.9117990e+02
  5.7145016e+02
  5.7198582e+02
  5.8802408e+02
  5.7760943e+02
  5.7889873e+02
  5.8154718e+02
  5.7836905e+02
  5.8641749e+02
  5.6816980e+02
  5.8700303e+02
  5.8462646e+02
  5.7432197e+02
  5.8039742e+02
  5.8649115e+02
  5.7767847e+02
  5.8915021e+02
  5.6890626e+02
  5.7620363e+02
  5.7644762e+02
  5.7987431e+02
  5.7012909e+02
  5.8782599e+02
  5.9056545e+02
  5.7456000e+02
  5.8569700e+02
  5.9294442e+02
  5.7991756e+02
  5.8618964e+02
  5.8396269e+02
  5.8169610e+02
  5.7883120e+02
  5.9307540e+02
  5.8372877e+02
  5.7863596e+02
  5.8657424e+02
  5.9059917e+02
  5.7636914e+02
  5.8989505e+02
  5.8710816e+02
  5.8018456e+02
  5.7540040e+02
  5.7944194e+02
  5.8036944e+02
  5.7575563e+02
  5.7185188e+02
  5.8345045e+02
  5.7054444e+02
  5.8256998e+02
  5.8007267e+02
  5.8500945e+02
  5.7523916e+02
  5.8244782e+02
  5.7435024e+02
  5.7957918e+02
  5.7858158e+02
  5.7132640e+02
  5.8658723e+02
  5.9921205e+02
  5.8323258e+02
  5.7818685e+02
  5.7502208e+02
  5.8064382e+02
  5.7861714e+02
  5.7972296e+02
  5.8151353e+02
  5.7704438e+02
  5.8406424e+02
  5.7846377e+02
  5.7507557e+02
  5.9371553e+02
  5.7897042e+02
  5.9118902e+02
  5.8228445e+02
  5.9657918e+02
  5.8318978e+02
  5.8959941e+02
  5.7786688e+02
  5.8137124e+02
  5.9573819e+02
  5.9041839e+02
  5.8728356e+02
  5.9469029e+02
  5.8017746e+02
  5.7981658e+02
  5.8234571e+02
  5.8225346e+02
  5.7524945e+02
  5.8063056e+02
  5.8874574e+02
  5.8480565e+02
  5.7870019e+02
  5.8471569e+02
  5.8004143e+02
  5.9209399e+02
  5.8166080e+02
  5.8579859e+02
  5.8194493e+02
  5.9015708e+02
  5.9491177e+02
  5.8203571e+02
  5.8389511e+02
  5.8196556e+02
  5.9200044e+02
  5.9239327e+02
  5.9211573e+02
  5.8761964e+02
  5.8345130e+02
  5.7459262e+02
  5.8323871e+02
  5.7927724e+02
  5.7200227e+02
  5.7798615e+02
  5.8483077e+02
  5.8155885e+02
  5.6732936e+02
  5.7101676e+02
  5.8124564e+02
  5.8629182e+02
  5.7829534e+02
  5.8966086e+02
  5.7031432e+02
  5.8516464e+02
  5.8980197e+02
  5.8545525e+02
  5.8315484e+02
  5.8282167e+02
  5.8685345e+02
  5.8591305e+02
  5.5774406e+02
  5.7640093e+02
  5.7285179e+02
  5.9659779e+02
  5.7669015e+02
  5.8371603e+02
  5.7864602e+02
  5.8598155e+02
  5.8166643e+02
  5.7865550e+02
  5.7042680e+02
  5.8337846e+02
  5.7800086e+02
  5.8494909e+02
  5.8588382e+02
  5.8155272e+02
  5.7143967e+02
  5.7479544e+02
  5.8023163e+02
  5.9130519e+02
  5.8705721e+02
  5.8227507e+02
  5.9562582e+02
  5.7032932e+02
  5.7647779e+02
  5.7542461e+02
  5.9603864e+02
  5.6613670e+02
  5.8773694e+02
  5.7973832e+02
  5.7357679e+02
  5.7807119e+02
  5.8804354e+02
  5.7387201e+02
  5.9290571e+02
  5.8392307e+02
  5.6665482e+02
  5.8209986e+02
  5.8205773e+02
  5.9311039e+02
  5.8618695e+02
  5.7306392e+02
  5.7549522e+02
  5.7621538e+02
  5.6282183e+02
  5.8538035e+02
  5.7042279e+02
  5.7772053e+02
  5.8103401e+02
  5.9527851e+02
  5.9657064e+02
  5.8139034e+02
  5.6847577e+02
  5.8786247e+02
  5.8151134e+02
  5.8418261e+02
  5.8365441e+02
  5.8931350e+02
  5.9058459e+02
  5.7600010e+02
  5.8133424e+02
  5.7226765e+02
  5.8903009e+02
  5.7957549e+02
  5.8265641e+02
  5.9801044e+02
  5.8533342e+02
  5.7084064e+02
  5.8708277e+02
  5.8752114e+02
  5.8613726e+02
  5.8643370e+02
  5.7923580e+02
  5.7114965e+02
  5.7347356e+02
  5.8021332e+02
  5.8678191e+02
  5.8459678e+02
  5.8078163e+02
  5.9743869e+02
  5.6930844e+02
  5.7712645e+02
  5.7871105e+02
  5.7954237e+02
  5.9239018e+02
  5.7836375e+02
  5.8986201e+02
  5.8721746e+02
  5.7139195e+02
  5.8959781e+02
  5.8846161e+02
  5.8209341e+02
  5.8316783e+02
  5.7211964e+02
  5.7496665e+02
  5.9619242e+02
  5.7296316e+02
  5.8734755e+02
  5.7948155e+02
  5.8758048e+02
  5.6889536e+02
  5.8030632e+02
  5.9350312e+02
  5.7531178e+02
  5.7532070e+02
  5.8500728e+02
  5.8752449e+02
  5.8811805e+02
  5.9279000e+02
  5.8578211e+02
  5.7088018e+02
  5.7770865e+02
  5.7545171e+02
  5.9755146e+02
  5.9509433e+02
  5.7706033e+02
  5.8352385e+02
  5.8826520e+02
  5.8409059e+02
  5.7707060e+02
  5.6367520e+02
  5.8394531e+02
  5.8709976e+02
  5.9190394e+02
  5.8527993e+02
  5.9096313e+02
  5.8346049e+02
  5.8771732e+02
  5.9441785e+02
  5.9688466e+02
  5.7932337e+02
  5.7692145e+02
  5.8069807e+02
  5.7944936e+02
  5.8043137e+02
  5.9224271e+02
  5.7830565e+02
  5.8387361e+02
  5.7880099e+02
  5.7118192e+02
  5.8399747e+02
  5.8597997e+02
  5.8354477e+02
  5.9062505e+02
  5.7909258e+02
  5.7668582e+02
  5.8335079e+02
  5.8594252e+02
  5.8574722e+02
  5.8141463e+02
  5.7944097e+02
  5.7900114e+02
  5.8492039e+02
  5.8721498e+02
  5.7077046e+02
  5.8444941e+02
  5.6836767e+02
  5.7342707e+02
  5.7777113e+02
  5.8307565e+02
  5.8972776e+02
  5.7874410e+02
  5.8245409e+02
  5.8239104e+02
  5.7731145e+02
  5.7526396e+02
  5.7748534e+02
  5.8749492e+02
  5.8551080e+02
  5.8799743e+02
  5.7886695e+02
  5.8166267e+02
  5.9636531e+02
  5.7394405e+02
  5.6410862e+02
  5.8608922e+02
  5.8772056e+02
  5.9284663e+02
  5.8805888e+02
  5.8267123e+02
  5.8686395e+02
  5.7278868e+02
  5.8074659e+02
  5.8174949e+02
  5.8327108e+02
  5.8002521e+02
  5.8299024e+02
  5.8422256e+02
  5.9150733e+02
  5.8292852e+02
  5.8622126e+02
  5.6433719e+02
  5.9242282e+02
  5.8000641e+02
  5.8995628e+02
  5.7887048e+02
  5.8903746e+02
  5.8834773e+02
  5.8177628e+02
  5.7938875e+02
  5.8039897e+02
  5.7833731e+02
  5.8093872e+02
  5.7835410e+02
  5.7825613e+02
  5.8712702e+02
  5.9324167e+02
  5.7937720e+02
  5.8023718e+02
  5.6880719e+02
  5.7454831e+02
  5.8978775e+02
  5.9295653e+02
  5.7721139e+02
  5.8174332e+02
  5.8763293e+02
  5.7102740e+02
  5.8818810e+02
  5.9444312e+02
  5.8349039e+02
  5.7773876e+02
  5.8043558e+02
  5.8410821e+02
  5.9678682e+02
  5.8749217e+02
  5.9167037e+02
  5.7557995e+02
  5.8555024e+02
  5.7750005e+02
  5.8810881e+02
  5.7548561e+02
  5.9316664e+02
  5.7380008e+02
  5.8785032e+02
  5.8353139e+02
  5.7954900e+02
  5.8604700e+02
  5.7871223e+02
  5.8398783e+02
  5.7491737e+02
  5.8489631e+02
  5.8383274e+02
  5.8459863e+02
  5.7371873e+02
  5.9518291e+02
  5.7986701e+02
  5.7014316e+02
  5.9086366e+02
  5.8756400e+02
  5.6645773e+02
  5.7699287e+02
  5.7716106e+02
  5.8769210e+02
  5.8152449e+02
  5.8176588e+02
  5.8579930e+02
  5.9143436e+02
  5.7069738e+02
  5.7337134e+02
  5.6148778e+02
  5.8090907e+02
  5.7156043e+02
  5.9063960e+02
  5.7133866e+02
  5.8538911e+02
  5.8132267e+02
  5.8287030e+02
  5.7657070e+02
  5.8501234e+02
  5.8814453e+02
  5.8336146e+02
  5.8349318e+02
  5.8768509e+02
  5.8520308e+02
  5.7958016e+02
  5.8685753e+02
  5.7207225e+02
  5.9206617e+02
  5.9401534e+02
  5.7637865e+02
  5.9321668e+02
  5.7384507e+02
  5.8289031e+02
  5.7132155e+02
  5.8127208e+02
  5.7883574e+02
  5.8570408e+02
  5.8486112e+02
  5.7060050e+02
  5.7858154e+02
  5.8024271e+02
  5.8298567e+02
  5.8747099e+02
  5.9864784e+02
  5.9624963e+02
  5.8634940e+02
  5.7944550e+02
  5.7921793e+02
  5.8540231e+02
  5.6766174e+02
  5.9534797e+02
  5.8834390e+02
  5.7956137e+02
  5.7620766e+02
  5.7335208e+02
  5.8427473e+02
  5.8063561e+02
  5.8408160e+02
  5.7168172e+02
  5.7917697e+02
  5.7749006e+02
  5.8203538e+02
  5.8679475e+02
  5.9441702e+02
  5.8522976e+02
  5.6627864e+02
  5.6641675e+02
  5.8759545e+02
  5.6769046e+02
  5.9197294e+02
  5.7668177e+02
  5.8334528e+02
  5.7824011e+02
  5.8702709e+02
  5.8100358e+02
  5.8328148e+02
  5.9042521e+02
  5.8135892e+02
  5.9994864e+02
  5.8414187e+02
  5.8447451e+02
  5.7839736e+02
  5.8605017e+02
  5.7815002e+02
  5.9165697e+02
  5.7810971e+02
  5.6702574e+02
  5.8275344e+02
  5.8241628e+02
  5.8910992e+02
  5.7490675e+02
  5.8570389e+02
  5.7554474e+02
  5.9677276e+02
  5.7658367e+02
  5.8972953e+02
  5.8184286e+02
  5.6755731e+02
  5.8767516e+02
  5.7172230e+02
  5.7837028e+02
  5.7498455e+02
  5.7586526e+02
  5.7714591e+02
  5.8960834e+02
  5.8224736e+02
  5.8977812e+02
  5.8841672e+02
  5.6328959e+02
  5.7287681e+02
  5.8037424e+02
  5.8623181e+02
  5.9548894e+02
  5.9468555e+02
  5.8458816e+02
  5.7728521e+02
  5.9240358e+02
  5.7813030e+02
  5.8544682e+02
  5.8034826e+02
  5.6161057e+02
  5.8928983e+02
  5.8010520e+02
  5.8650826e+02
  5.7647429e+02
  5.8104239e+02
  5.8367699e+02
  5.9629610e+02
  5.8776794e+02
  5.6453135e+02
  5.7904727e+02
  5.8555507e+02
  5.7308087e+02
  5.7666138e+02
  5.8344926e+02
  5.7682044e+02
  5.8433913e+02
  5.7306959e+02
  5.8745509e+02
  5.8810127e+02
  5.8029255e+02
  5.7783245e+02
  5.9594649e+02
  5.8171984e+02
  5.8278558e+02
  5.7252036e+02
  5.7296273e+02
  5.8622057e+02
  5.6790023e+02
  5.7335668e+02
  5.7947859e+02
  5.7631505e+02
  5.7383583e+02
  5.9096703e+02
  5.9129542e+02
  5.7644954e+02
  5.8368504e+02
  5.6950159e+02
  5.7952395e+02
  5.9719230e+02
  5.7817107e+02
  5.9538774e+02
  5.8525144e+02
  5.7932236e+02
  5.7489451e+02
  5.8347542e+02
  5.7655618e+02
  5.7818790e+02
  5.9081665e+02
  5.7772187e+02
  5.8870225e+02
  5.7742911e+02
  5.9071156e+02
  5.7081484e+02
  5.8133604e+02
  5.9613231e+02
  5.8202763e+02
  5.7658844e+02
  5.8444125e+02
  5.8392576e+02
  5.8374500e+02
  5.9569414e+02
  5.8238002e+02
  5.8284469e+02
  5.8359388e+02
  5.9655688e+02
  5.8409958e+02
  5.8628090e+02
  5.8717822e+02
  5.8839586e+02
  5.7290910e+02
  5.8101643e+02
  5.7568247e+02
  5.8096949e+02
  5.6831942e+02
  5.7244931e+02
  5.8374516e+02
  5.9318719e+02
  5.8201715e+02
  5.7277434e+02
  5.8047679e+02
  5.7198745e+02
  5.8020402e+02
  5.7847088e+02
  5.8004435e+02
  5.7266458e+02
  5.8062522e+02
  5.8095206e+02
  5.8656436e+02
  5.8322264e+02
  5.9024874e+02
  5.8222342e+02
  5.9790186e+02
  5.8429305e+02
  5.7730455e+02
  5.7823587e+02
  5.7665939e+02
  5.7066559e+02
  5.8262147e+02
  5.8468970e+02
  5.7043536e+02
  6.0175001e+02
  5.8356008e+02
  5.7505392e+02
  5.7927252e+02
  5.7881119e+02
  5.8087874e+02
  5.7989292e+02
  5.8981791e+02
  5.8538231e+02
  5.8245145e+02
  5.8465043e+02
  5.7822837e+02
  5.9224427e+02
  5.8605837e+02
  5.8719961e+02
  5.8610059e+02
  5.8701650e+02
  5.8076615e+02
  5.8203140e+02
  5.9233742e+02
  5.7822443e+02
  5.7643875e+02
  5.8058690e+02
  5.7555746e+02
  5.8359901e+02
  5.8342326e+02
  5.9239029e+02
  5.8555245e+02
  5.7342966e+02
  5.8330930e+02
  5.8180468e+02
  5.8338453e+02
  5.8131940e+02
  5.8210772e+02
  5.7442038e+02
  5.7644273e+02
  5.7768423e+02
  5.7824104e+02
  5.7623554e+02
  5.8445503e+02
  5.6900831e+02
  5.7795211e+02
  5.7693423e+02
  5.7868682e+02
  5.7549346e+02
  5.7724190e+02
  5.7931050e+02
  5.8263329e+02
  5.8733924e+02
  5.7161286e+02
  5.8910679e+02
  5.8356605e+02
  5.8056704e+02
  5.7493437e+02
  5.8640299e+02
  5.7293258e+02
  5.8361410e+02
  5.8909138e+02
  5.7815747e+02
  5.8776417e+02
  5.9508724e+02
  5.7670768e+02
  5.8923561e+02
  5.8396840e+02
  5.9940791e+02
  5.5870650e+02
  5.9353665e+02
  5.7802891e+02
  5.8590864e+02
  5.7500239e+02
  5.8193794e+02
  5.7695041e+02
  5.7653854e+02
  5.9334046e+02
  5.8399376e+02
  5.8092274e+02
  5.6689503e+02
  5.7747212e+02
  5.8520494e+02
  5.8454458e+02
  5.6720350e+02
  5.7918001e+02
  5.7167361e+02
  5.7367374e+02
  5.7464660e+02
  5.9662397e+02
  5.6884476e+02
  5.9609889e+02
  5.9752350e+02
  5.8806780e+02
  5.7818074e+02
  5.7959737e+02
  5.7800647e+02
  5.8161274e+02
  5.8018737e+02
  5.7848739e+02
  5.8412731e+02
  5.8802487e+02
  5.8188223e+02
  5.8743601e+02
  5.8216366e+02
  5.7089684e+02
  5.7894198e+02
  5.7958708e+02
  5.8596618e+02
  5.6481977e+02
  5.7647689e+02
  5.7019427e+02
  5.9127818e+02
  5.7956091e+02
  5.8332153e+02
  5.9692398e+02
  5.8813473e+02
  5.7999283e+02
  5.7390089e+02
  5.8883894e+02
  5.7343162e+02
  5.5912004e+02
  5.6884103e+02
  5.8309408e+02
  5.9239582e+02
  5.7240660e+02
  5.8509623e+02
  5.7263396e+02
  5.7705624e+02
  5.9084023e+02
  5.9450334e+02
  5.8706898e+02
  5.9842690e+02
  5.8583878e+02
  5.8592452e+02
  5.8162166e+02
  5.7747410e+02
  5.7556587e+02
  5.8419011e+02
  5.8515655e+02
  5.7679705e+02
  5.8224203e+02
  5.8537051e+02
  5.7873712e+02
  5.8613285e+02
  5.8142183e+02
  5.7986276e+02
  5.7828206e+02
  5.7949307e+02
  5.8782995e+02
  5.7206955e+02
  5.9576117e+02
  5.8544347e+02
  5.9619753e+02
  5.9334912e+02
  5.8970619e+02
  5.8379847e+02
  5.7722427e+02
  5.7341525e+02
  5.8588752e+02
  5.8929835e+02
  5.8306218e+02
  5.8782483e+02
  5.7368145e+02
  5.9361102e+02
  5.8628017e+02
  5.9460951e+02
  5.8833789e+02
  5.7088470e+02
  5.9416438e+02
  5.8083908e+02
  5.8598125e+02
  5.7282720e+02
  5.7929447e+02
  5.7638234e+02
  5.8826555e+02
  5.7367848e+02
  5.9191150e+02
  5.7241528e+02
  5.8823446e+02
  5.8448986e+02
  5.8075753e+02
  5.8757748e+02
  5.6820868e+02
  5.8542756e+02
  5.9326903e+02
  5.9282706e+02
  5.7108539e+02
  5.6576474e+02
  5.8727817e+02
  5.7104184e+02
  5.8267539e+02
  5.7108612e+02
  5.8887174e+02
  5.7900318e+02
  5.8440260e+02
  5.8436735e+02
  5.6391398e+02
  5.9197565e+02
  5.8395572e+02
  5.7742030e+02
  5.7991716e+02
  5.7336464e+02
  5.6762041e+02
  5.7621052e+02
  5.7375179e+02
  5.7578787e+02
  5.9559972e+02
  5.7232817e+02
  5.7404458e+02
  5.8749297e+02
  5.9526826e+02
  5.8504677e+02
  5.8788475e+02
  5.8280102e+02
  5.9052525e+02
  5.8736242e+02
  5.7970064e+02
  5.7529783e+02
  5.7356775e+02
  5.7422615e+02
  5.9084518e+02
  5.9272718e+02
  5.6470007e+02
  5.8313273e+02
  5.9186456e+02
  5.8761164e+02
  5.8240056e+02
  5.7906916e+02
  5.7122847e+02
  5.7354751e+02
  5.6578149e+02
  5.6724980e+02
  5.8931543e+02
  5.8978833e+02
  5.8264761e+02
  5.8847419e+02
  5.8231026e+02
  5.7605246e+02
  5.8338542e+02
  5.8117710e+02
  5.7447843e+02
  5.8504402e+02
  5.7696957e+02
  5.7656152e+02
  5.8084617e+02
  5.8390596e+02
  5.8965031e+02
  5.8647438e+02
  5.8282942e+02
  5.7499411e+02
  5.8527551e+02
  5.8388358e+02
  5.6565665e+02
  5.7122216e+02
  5.7384996e+02
  5.7935218e+02
  5.8175543e+02
  5.8455690e+02
  5.8711206e+02
  5.7845947e+02
  5.7327373e+02
  5.8001325e+02
  5.8220189e+02
  5.9523916e+02
  5.8222407e+02
  5.8305701e+02
  5.8807375e+02
  5.6999390e+02
  5.9878771e+02
  5.7717997e+02
  5.6914860e+02
  5.6828050e+02
  6.0034875e+02
  5.7826406e+02
  5.9552246e+02
  5.8620781e+02
  5.8361083e+02
  5.8441146e+02
  5.9127323e+02
  5.9108762e+02
  5.8491515e+02
  5.6135745e+02
  5.7801334e+02
  5.8210037e+02
  5.7550862e+02
  5.8710505e+02
  5.7741989e+02
  5.8575086e+02
  5.8475184e+02
  5.8685744e+02
  5.8662529e+02
  5.8275556e+02
  5.7610690e+02
  5.8584883e+02
  5.7100650e+02
  5.7844663e+02
  5.9528049e+02
  5.5752333e+02
  5.8039154e+02
  5.8461073e+02
  5.7490572e+02
  5.7828833e+02
  5.8690738e+02
  5.8144135e+02
  5.9336817e+02
  5.8560771e+02
  5.8504482e+02
  5.8198508e+02
  5.7517932e+02
  5.7892090e+02
  5.8110349e+02
  5.7720370e+02
  5.8298565e+02
  5.6797334e+02
  5.8174236e+02
  5.7953927e+02
  5.6557168e+02
  5.9170615e+02
  5.7677019e+02
  5.7328443e+02
  5.7851574e+02
  5.7979900e+02
  5.8054618e+02
  5.8067990e+02
  5.6786794e+02
  5.8013425e+02
  5.7917471e+02
  5.7752281e+02
  5.7636846e+02
  5.7754793e+02
  5.7601571e+02
  5.8371381e+02
  5.6053210e+02
  5.7535401e+02
  5.8576762e+02
  5.7843999e+02
  5.8662454e+02
  5.7897338e+02
  5.7607682e+02
  5.8668854e+02
  5.9046388e+02
  5.8068602e+02
  5.8211628e+02
  5.6917935e+02
  5.7146775e+02
  5.9087611e+02
  5.8670676e+02
  5.8805497e+02
  5.8559163e+02
  5.8752569e+02
  5.6823639e+02
  5.9349728e+02
  5.9247179e+02
  5.8685106e+02
  5.7721495e+02
  5.9181308e+02
  5.8292085e+02
  5.7848728e+02
  5.6705563e+02
  5.6977988e+02
  5.7051943e+02
  5.7965068e+02
  5.7269072e+02
  5.7246932e+02
  5.8048864e+02
  5.8306530e+02
  5.8195558e+02
  5.7940248e+02
  5.9065793e+02
  5.7397135e+02
  5.9538975e+02
  5.7377514e+02
  5.7569662e+02
  5.9415353e+02
  5.8869736e+02
  5.9447590e+02
  5.8934891e+02
  5.8489811e+02
  5.8064507e+02
  5.7161006e+02
  5.8175627e+02
  5.7902029e+02
  5.6985928e+02
  5.9107221e+02
  5.7361780e+02
  5.8297936e+02
  5.8875157e+02
  5.9191144e+02
  5.8626415e+02
  5.7117082e+02
  5.6926660e+02
  5.7338038e+02
  5.8673114e+02
  5.7932391e+02
  5.8144867e+02
  5.8456449e+02
  5.7840365e+02
  5.9147847e+02
  5.9070460e+02
  5.9131296e+02
  5.7079147e+02
  5.7671321e+02
  5.8701283e+02
  5.8392173e+02
  5.7740948e+02
  5.8456454e+02
  5.8278687e+02
  5.7627595e+02
  5.8989863e+02
  5.7019412e+02
  5.7947454e+02
  5.9013182e+02
  5.7739675e+02
  5.7860681e+02
  5.7428274e+02
  5.7951827e+02
  5.9160922e+02
  5.7510140e+02
  5.9775797e+02
  5.7955197e+02
  5.7863154e+02
  5.8848160e+02
  5.8042160e+02
  5.7869410e+02
  5.7987072e+02
  5.7838757e+02
  5.8528164e+02
  5.8229994e+02
  5.8381511e+02
  5.6884159e+02
  5.7558120e+02
  5.8307295e+02
  5.7026450e+02
  5.9341133e+02
  5.6909331e+02
  5.7121134e+02
  5.8146621e+02
  5.8050721e+02
  5.8192737e+02
  5.6771823e+02
  5.9120022e+02
  5.6730026e+02
  5.7999555e+02
  5.9884611e+02
  5.9093940e+02
  5.8673160e+02
  5.8105566e+02
  5.8793130e+02
  5.8864138e+02
  5.6772659e+02
  5.9243136e+02
  5.8604283e+02
  5.8006856e+02
  5.8401167e+02
  5.8372576e+02
  5.7747407e+02
  5.6324554e+02
  5.7750898e+02
  5.7343362e+02
  5.8695032e+02
  5.8300180e+02
  5.7099978e+02
  5.7956894e+02
  5.8839752e+02
  5.8663407e+02
  5.9249427e+02
  5.8213789e+02
  5.8710268e+02
  5.8109825e+02
  5.8291452e+02
  5.8274244e+02
  5.8435358e+02
  5.7102428e+02
  5.9569964e+02
  5.7726233e+02
  5.8279534e+02
  5.8629234e+02
  5.9340372e+02
  5.7801476e+02
  5.8022503e+02
  5.8287581e+02
  5.8780949e+02
  5.8534125e+02
  5.9080906e+02
  5.8412970e+02
  5.8212133e+02
  5.8367234e+02
  5.7206555e+02
  5.8849279e+02
  5.7706406e+02
  5.7760765e+02
  5.8400505e+02
  5.8808798e+02
  5.8657244e+02
  5.7862901e+02
  5.9241565e+02
  5.7891037e+02
  5.8583483e+02
  5.7964375e+02
  5.8798351e+02
  5.7240953e+02
  5.8078037e+02
  5.8030917e+02
  5.7181851e+02
  5.8279893e+02
  5.8118412e+02
  5.9527317e+02
  5.8478481e+02
  5.7748392e+02
  5.7294603e+02
  5.7659923e+02
  5.8864995e+02
  5.8430333e+02
  5.8456124e+02
  5.7558137e+02
  5.8259996e+02
  5.7686942e+02
  5.8957834e+02
  5.6966361e+02
  5.7109512e+02
  5.6823554e+02
  5.7381893e+02
  5.8001177e+02
  5.7615474e+02
  5.7380551e+02
  5.7640139e+02
  5.8866805e+02
  5.8019925e+02
  5.7432158e+02
  5.8691242e+02
  5.7238034e+02
  5.6847189e+02
  5.8249346e+02
  5.8181844e+02
  5.9167189e+02
  5.7742357e+02
  5.9379821e+02
  5.8585144e+02
  5.8642482e+02
  5.8715512e+02
  5.9089653e+02
  5.9058297e+02
  5.8303756e+02
  5.8110970e+02
  5.7957739e+02
  5.7691966e+02
  5.8681163e+02
  5.7410370e+02
  5.7191133e+02
  5.8073365e+02
  5.7993530e+02
  5.6936197e+02
  5.8690686e+02
  5.8610642e+02
  5.8189795e+02
  5.8489784e+02
  5.8220909e+02
  5.7775317e+02
  5.7566496e+02
  5.8675407e+02
  5.7640474e+02
  5.7919581e+02
  5.7279746e+02
  5.8284282e+02
  5.7282444e+02
  5.7512758e+02
  5.8984874e+02
  5.7929541e+02
  5.7724797e+02
  5.8522424e+02
  5.8434053e+02
  5.8108157e+02
  5.7939163e+02
  5.8439034e+02
  5.7921013e+02
  5.7722892e+02
  5.8292637e+02
  5.9708663e+02
  5.8787039e+02
  5.7798634e+02
  5.6479829e+02
  5.8662890e+02
  5.7847455e+02
  5.7942856e+02
  5.8173899e+02
  5.7880568e+02
  5.8338796e+02
  5.8738754e+02
  5.8297072e+02
  5.8051616e+02
  5.8118607e+02
  5.8356750e+02
  5.8446669e+02
  5.7891026e+02
  5.9251037e+02
  5.6278552e+02
  5.8847719e+02
  5.7469222e+02
  5.8288073e+02
  5.8323710e+02
  5.7963304e+02
  5.9250578e+02
  5.7848370e+02
  5.6823016e+02
  5.7867527e+02
  5.9345176e+02
  5.8992075e+02
  5.8530851e+02
  5.6771550e+02
  5.7617750e+02
  5.7733024e+02
  5.8670082e+02
  5.7628541e+02
  5.8259222e+02
  5.7751609e+02
  5.8449553e+02
  5.8797786e+02
  5.7128246e+02
  5.8737939e+02
  5.7874794e+02
  5.7392688e+02
  5.7368689e+02
  5.8533804e+02
  5.8281368e+02
  6.0043902e+02
  5.8795071e+02
  5.7069432e+02
  5.9431346e+02
  5.8032274e+02
  5.9198562e+02
  5.8819381e+02
  5.8827708e+02
  5.8471794e+02
  5.7598605e+02
  5.7809052e+02
  5.7176678e+02
  5.7817774e+02
  5.7470485e+02
  5.9773252e+02
  5.7595197e+02
  5.8584820e+02
  5.7068162e+02
  5.9434730e+02
  5.6869543e+02
  5.7477942e+02
  5.7329169e+02
  5.7619314e+02
  5.6856775e+02
  5.8053680e+02
  5.7511800e+02
  5.9173955e+02
  5.7948720e+02
  5.8927146e+02
  5.8218845e+02
  5.9009908e+02
  5.8073269e+02
  5.8432153e+02
  5.8598949e+02
  5.7351219e+02
  5.9016796e+02
  5.7299661e+02
  5.8785490e+02
  5.7496582e+02
  5.8057398e+02
  5.8068113e+02
  5.8157081e+02
  5.8537659e+02
  5.7372048e+02
  5.7590914e+02
  5.8537485e+02
  5.8426640e+02
  5.6861237e+02
  5.7077997e+02
  5.7932143e+02
  5.7795645e+02
  5.8483390e+02
  5.8399177e+02
  5.8078006e+02
  5.7827308e+02
  5.8535769e+02
  5.9322083e+02
  5.7372380e+02
  5.8027747e+02
  5.8495184e+02
  5.7468814e+02
  5.7427795e+02
  5.8504798e+02
  5.8294677e+02
  5.8099578e+02
  5.8098832e+02
  5.7477988e+02
  5.7628016e+02
  5.8533939e+02
  5.7863280e+02
  5.6952682e+02
  5.8051472e+02
  5.7999233e+02
  5.8738663e+02
  5.8646020e+02
  5.7716532e+02
  5.8388579e+02
  5.7776131e+02
  5.8390138e+02
  5.7997418e+02
  5.8297416e+02
  5.8582645e+02
  5.7204974e+02
  5.8291758e+02
  5.8119061e+02
  5.7618059e+02
  5.8049507e+02
  5.8285683e+02
  5.9828009e+02
  5.7970099e+02
  5.9907160e+02
  5.7598909e+02
  5.8541708e+02
  5.7532824e+02
  5.7465007e+02
  5.8265607e+02
  5.6442741e+02
  5.7259139e+02
  5.8881483e+02
  5.8487437e+02
  5.8404650e+02
  5.7145666e+02
  5.8547296e+02
  5.8665107e+02
  5.8275285e+02
  5.7540404e+02
  5.9177050e+02
  5.8488100e+02
  5.7893661e+02
  5.5894317e+02
  5.7038992e+02
  5.7503176e+02
  5.8418382e+02
  5.8019942e+02
  5.7688373e+02
  5.7886554e+02
  5.7131706e+02
  5.8191820e+02
  5.7997849e+02
  5.8015028e+02
  5.7657876e+02
  5.8601413e+02
  5.8437991e+02
  5.9008397e+02
  5.8771588e+02
  5.7653173e+02
  5.8004037e+02
  5.7071260e+02
  5.9112080e+02
  5.7262514e+02
  5.7924714e+02
  5.8301526e+02
  5.7915867e+02
  5.7761629e+02
  5.8404341e+02
  5.8252830e+02
  5.8140911e+02
  5.8123399e+02
  5.7277785e+02
  5.6462758e+02
  5.8608964e+02
  5.9134635e+02
  5.7863266e+02
  5.8882961e+02
  5.7490342e+02
  5.9926053e+02
  5.7652855e+02
  5.6826867e+02
  5.8283351e+02
  5.8814834e+02
  5.8243233e+02
  5.8514561e+02
  5.7883630e+02
  5.8276384e+02
  5.8015825e+02
  5.7494075e+02
  5.7439714e+02
  5.7691260e+02
  5.8527542e+02
  5.6779663e+02
  5.9672473e+02
  5.7631670e+02
  5.7854182e+02
  5.8720020e+02
  5.8153675e+02
  5.8553536e+02
  5.7966878e+02
  5.7683251e+02
  5.9157200e+02
  5.9296706e+02
  5.8986392e+02
  5.6853757e+02
  5.7314197e+02
  5.8064279e+02
  5.8618157e+02
  5.6719496e+02
  5.8688618e+02
  5.8822201e+02
  5.6738724e+02
  5.8379884e+02
  5.8511751e+02
  5.9569730e+02
  5.8942785e+02
  5.7721465e+02
  5.8898283e+02
  5.7967689e+02
  5.9158324e+02
  5.8177994e+02
  5.7031774e+02
  5.9142996e+02
  5.7780952e+02
  5.8208629e+02
  5.9155208e+02
  5.7816557e+02
  5.8935051e+02
  5.9000190e+02
  5.8263544e+02
  5.7156551e+02
  5.8956436e+02
  5.7056124e+02
  5.8694968e+02
  5.7957132e+02
  5.9095929e+02
  5.8444554e+02
  5.6448427e+02
  5.7769764e+02
  5.8738356e+02
  5.7833826e+02
  5.7812935e+02
  5.5937324e+02
  5.6817335e+02
  5.6212101e+02
  5.8866660e+02
  5.8582370e+02
  5.8582046e+02
  5.8166460e+02
  5.8534113e+02
  5.8791124e+02
  5.8131743e+02
  5.8537258e+02
  5.7553723e+02
  5.9298712e+02
  5.7960077e+02
  5.8303810e+02
  5.8556397e+02
  5.7624872e+02
  5.9069381e+02
  5.7228811e+02
  5.8197929e+02
  5.7888009e+02
  5.8357978e+02
  5.7446160e+02
  5.7945245e+02
  5.8202942e+02
  5.7762924e+02
  5.7330995e+02
  5.7999843e+02
  5.9218861e+02
  5.9027289e+02
  5.8335271e+02
  5.9230767e+02
  5.7947785e+02
  5.7925240e+02
  5.8185239e+02
  5.7853704e+02
  5.7959526e+02
  5.9284847e+02
  5.7593212e+02
  5.7035723e+02
  5.7250133e+02
  5.8662416e+02
  5.8188967e+02
  5.8966131e+02
  5.7877213e+02
  5.8119915e+02
  5.7595306e+02
  5.8738168e+02
  5.7032395e+02
  5.9275714e+02
  5.8328310e+02
  5.8819351e+02
  5.7057907e+02
  5.8065197e+02
  5.7837648e+02
  5.8923533e+02
  5.7908951e+02
  5.8585200e+02
  5.8872385e+02
  5.7243441e+02
  5.8003604e+02
  5.7597213e+02
  5.8258209e+02
  5.9628778e+02
  5.7998048e+02
  5.7644525e+02
  5.8212474e+02
  5.7512403e+02
  5.7535692e+02
  6.0223639e+02
  5.7961564e+02
  5.8860991e+02
  5.7931698e+02
  5.8721700e+02
  5.8202884e+02
  5.8042401e+02
  5.8515362e+02
  5.8471279e+02
  5.7812644e+02
  5.7579550e+02
  5.8338958e+02
  5.7984191e+02
  5.9257824e+02
  5.8939888e+02
