BOUNDARY

cubic     1.0455159000e+01

MOLECULES

species      0
nMolecule  100

molecule            0
    5.5208385555e+00    9.9814456889e+00    6.4329886687e+00
    5.8172727636e+00    1.0121875930e+01    7.3837500732e+00
    5.3641867650e+00    1.0369975659e+01    8.2431285143e+00
    4.7520598355e+00    1.4081181190e-01    8.9652093115e+00
    4.1618935136e+00    9.4678051756e-01    8.9805804099e+00
    3.8275349792e+00    1.8462728780e+00    9.3194617183e+00
    4.3083903775e+00    2.6283542306e+00    9.8301329439e+00
    4.0552695683e+00    2.5899035452e+00    3.4910915695e-01

molecule            1
    6.5929563602e+00    2.2512426024e+00    1.5393249559e+00
    5.8292112215e+00    2.3010959988e+00    2.2270541787e+00
    6.6099967334e+00    2.8716363915e+00    2.3731716079e+00
    5.7732932010e+00    3.3615072677e+00    2.5287206724e+00
    4.8764677311e+00    3.0699616472e+00    2.8122535367e+00
    4.0004908244e+00    3.1706574350e+00    3.2394604275e+00
    3.4896931556e+00    3.9183185844e+00    3.6108830776e+00
    3.3267441103e+00    4.8864205622e+00    3.6045722409e+00

molecule            2
    9.1231153143e+00    8.2306189970e+00    5.5171660120e+00
    9.3626554457e+00    8.0390297676e+00    4.5579555244e+00
    9.1122131200e+00    8.7318737688e+00    3.8238041067e+00
    9.2177051981e+00    9.4049639612e+00    3.1398466985e+00
    8.6284438072e+00    1.0145970424e+01    3.4457920990e+00
    9.4581368546e+00    1.0094827399e+01    3.9435629879e+00
    9.5078882901e+00    9.4223627525e+00    4.7235739878e+00
    8.5877519914e+00    9.6911872415e+00    4.4306783850e+00

molecule            3
    2.9555418517e+00    6.4077209627e+00    6.9841268836e+00
    3.2619940179e+00    6.3998656417e+00    7.9445606582e+00
    3.1653156818e+00    7.2052557301e+00    8.4921255304e+00
    2.6671433865e+00    7.6910820131e+00    9.1734833636e+00
    2.0380451944e+00    7.2193901076e+00    8.5310204177e+00
    1.0581328830e+00    7.3927300932e+00    8.5578010384e+00
    1.4820343340e+00    7.7517085804e+00    7.7268846534e+00
    1.0276491492e+00    8.2029968285e+00    6.9334564376e+00

molecule            4
    3.4390417648e+00    1.0365392483e+01    2.0141399899e-01
    3.1511838711e+00    9.5765180552e+00    1.0138378496e+01
    2.9039902619e+00    9.5994621224e+00    9.1521303659e+00
    1.9737023375e+00    9.9335506477e+00    9.3185259405e+00
    1.6453883297e+00    9.7293146207e+00    8.3825388876e+00
    1.9038963452e+00    8.8644158581e+00    8.0311851137e+00
    2.4121136125e+00    9.6254430405e+00    7.6306492730e+00
    2.1297929171e+00    9.1971454944e+00    6.7603965884e+00

molecule            5
    2.7766675562e+00    7.7979454489e+00    4.5118721045e+00
    3.5055400105e+00    7.2800936296e+00    4.9563331097e+00
    3.2910304426e+00    8.0031600862e+00    5.5976811995e+00
    4.2835735646e+00    8.1260496776e+00    5.7368216439e+00
    5.1607035104e+00    8.3017465214e+00    5.3212833446e+00
    5.5372930982e+00    7.9309362404e+00    4.4942210973e+00
    6.2030555553e+00    7.9010514587e+00    5.2322273965e+00
    6.4556239032e+00    8.0366918871e+00    6.1249021292e+00

molecule            6
    9.7828105947e+00    1.8203810496e+00    4.8372524678e+00
    3.1455107755e-01    1.9056699367e+00    4.8058467365e+00
    5.4873698813e-01    2.6946465755e+00    4.3217729870e+00
    1.0373691985e+00    2.7932104962e+00    5.1854270277e+00
    1.2729220367e-01    2.9533492332e+00    5.5852829680e+00
    9.8497316238e+00    3.0552590972e+00    4.9477815419e+00
    9.2177679157e+00    2.8750679229e+00    5.6857428604e+00
    8.2694146547e+00    2.9221663370e+00    5.9965534268e+00

molecule            7
    9.9298546497e-01    9.4898631431e+00    4.0016451114e+00
    6.1897735145e-01    9.6881009473e+00    3.0889257509e+00
    1.0874551979e+00    9.5649888667e+00    2.2036591443e+00
    8.8392782508e-01    8.5640678719e+00    2.2061364563e+00
    7.4241333313e-02    8.7438074980e+00    1.6750038455e+00
    9.9565685747e+00    9.0226052603e+00    2.4354502337e+00
    9.7587668346e+00    9.7750205381e+00    1.7524663410e+00
    1.0155679831e+01    1.0005638611e+01    8.2631320940e-01

molecule            8
    2.7980498872e-01    8.3629386072e+00    3.7902294400e-01
    7.9783976078e-01    7.7135299496e+00    9.7480463345e-01
    1.9804491709e-01    7.3415131688e+00    2.0745217711e-01
    1.0027120523e+01    7.9174955173e+00    1.0145264667e+01
    9.0693910681e+00    7.5811548740e+00    1.0079644114e+01
    9.5868869647e+00    6.7414722856e+00    1.0200187347e+01
    1.0395670381e+01    6.9650498585e+00    9.6527108976e+00
    5.7271075677e-02    7.8807960776e+00    9.2042484393e+00

molecule            9
    5.9972663965e+00    5.0362504605e+00    9.2842437179e+00
    5.3401102411e+00    5.3729767652e+00    9.9399132804e+00
    5.2943478934e+00    5.9579948329e+00    2.8249476470e-01
    4.3799364132e+00    5.7895148896e+00    6.5626305885e-01
    3.4764219751e+00    5.7555731509e+00    9.9818354115e-01
    3.5437245347e+00    6.6931174001e+00    5.9321747346e-01
    2.8207077202e+00    6.4910822160e+00    1.2609424975e+00
    2.0464705373e+00    5.9838059690e+00    1.0973030783e+00

molecule            10
    6.6642025598e+00    5.6876026723e-01    7.9153292524e+00
    6.2999153057e+00    2.9353768183e-02    8.6505890242e+00
    6.6093507775e+00    9.5411362115e-01    8.8901827166e+00
    7.3142978379e+00    1.6018505474e+00    8.5210891354e+00
    7.8146350138e+00    7.7927735386e-01    8.5613671782e+00
    8.6722637125e+00    4.6644009804e-01    8.1051875574e+00
    8.2560842535e+00    4.4740202303e-01    7.2017465504e+00
    7.7401009630e+00    1.2518542794e+00    6.8879313860e+00

molecule            11
    5.5601123427e+00    6.7305954252e+00    7.5516062281e+00
    4.6392205227e+00    6.3986811535e+00    7.6376326580e+00
    3.9114028603e+00    5.7528602084e+00    7.7363531610e+00
    3.1411112513e+00    5.2429070812e+00    8.0474087822e+00
    3.8292603033e+00    4.7024824194e+00    8.5571738103e+00
    3.2166349929e+00    4.8136004556e+00    9.3927961303e+00
    2.6492641873e+00    4.0230860808e+00    9.6102926127e+00
    2.7499843424e+00    3.0084301268e+00    9.4719850568e+00

molecule            12
    8.8128446483e+00    3.4307565373e+00    1.3462560787e+00
    9.6391063504e+00    3.6238256722e+00    7.6016007401e-01
    9.5883706258e+00    2.7458750863e+00    3.6641657728e-01
    1.0274994934e+01    2.7145814256e+00    1.1019110378e+00
    9.9948349263e+00    1.8905537301e+00    6.9179410299e-01
    4.6773118052e-01    1.7465787301e+00    9.9458693498e-01
    9.6418123196e-01    2.6196467504e+00    7.4722597102e-01
    3.5580065078e-01    2.6502185934e+00    1.0410045705e+01

molecule            13
    8.1551082287e+00    6.9554185477e+00    4.8305209452e+00
    7.2324326265e+00    6.9891549276e+00    5.1334443262e+00
    7.7601313678e+00    6.7824542540e+00    5.9865502129e+00
    8.7008900429e+00    7.0585958070e+00    5.8371704632e+00
    9.5887058203e+00    7.4151194639e+00    5.6505299898e+00
    9.8055336717e+00    6.5230673069e+00    6.0252082749e+00
    9.8367326236e+00    5.7840831261e+00    5.3548459374e+00
    9.1861775948e+00    6.4815877102e+00    4.9795681103e+00

molecule            14
    7.8334240606e+00    2.6196973146e+00    8.1333602134e+00
    7.5704774827e+00    3.3545733600e+00    8.7113539822e+00
    7.8616995738e+00    4.1457885959e+00    8.1283207360e+00
    8.8394447221e+00    4.0243483964e+00    8.3549071821e+00
    9.1908793760e+00    3.8637343195e+00    9.3047994699e+00
    9.6621704366e+00    3.0682780564e+00    9.7563567835e+00
    9.0200576551e+00    2.3356053687e+00    9.8488698022e+00
    9.9886161962e+00    2.0697797756e+00    9.9811546658e+00

molecule            15
    9.2355926690e+00    6.8683929913e+00    8.1000718379e+00
    9.7821748511e+00    7.1167638343e+00    8.8794241836e+00
    1.0313854849e+01    6.9422086146e+00    8.0364411361e+00
    3.2019686292e-01    6.7907742417e+00    7.1789219476e+00
    1.0364969805e+01    7.5617869785e+00    6.6808193744e+00
    9.6239749836e+00    7.4742213847e+00    7.3440183831e+00
    9.8183787120e+00    8.4665834665e+00    7.2564465970e+00
    1.0451894894e+01    8.1459998395e+00    7.9782635441e+00

molecule            16
    7.4638795665e-01    5.2166158063e-01    2.6197388697e+00
    5.7358673582e-01    8.3992627871e-01    1.6893903949e+00
    1.3381052194e+00    3.0167661413e-01    1.3107381650e+00
    1.5331934263e+00    1.2562047761e+00    1.1149536743e+00
    1.7659750692e+00    5.9120648321e-01    4.4023967850e-01
    9.2257571612e-01    5.3157753818e-02    3.8425347478e-01
    1.2088866641e-01    6.2305159803e-01    5.2247130684e-01
    1.6613975438e-01    8.2605421984e-01    1.0033352653e+01

molecule            17
    5.6776042446e+00    9.5395424878e+00    1.2430696712e+00
    5.8119629543e+00    8.8449295134e+00    5.6056275097e-01
    5.0516578565e+00    8.2243737149e+00    5.6262764963e-01
    4.7456813590e+00    9.1865473322e+00    6.9368429734e-01
    3.9161109940e+00    8.9273340407e+00    1.5997289626e-01
    4.6164670949e+00    8.8644724023e+00    9.9639361841e+00
    4.1130017700e+00    9.6315136876e+00    9.6197409777e+00
    4.5272436844e+00    1.0087351074e+01    1.0425498250e+01

molecule            18
    5.9043896472e+00    3.1821497355e+00    1.0241829620e+01
    5.0416085735e+00    3.5170227011e+00    9.8887982289e+00
    4.5205726274e+00    3.5033784191e+00    2.5818330947e-01
    3.8964162732e+00    3.5055524252e+00    1.0509870550e+00
    3.1102886676e+00    3.2038942139e+00    4.8445479317e-01
    2.8086341454e+00    3.0534052488e+00    1.4505585351e+00
    2.6577818019e+00    3.9906118560e+00    1.1434932944e+00
    2.1336963278e+00    3.9207116653e+00    3.2018780334e-01

molecule            19
    6.8220119356e+00    2.0617114943e+00    6.1621747307e+00
    6.4099159720e+00    1.2619518125e+00    5.6511044800e+00
    7.0761051567e+00    1.9544792643e+00    5.2193641580e+00
    6.5069397194e+00    2.6502900079e+00    4.7546274208e+00
    5.6821973219e+00    2.1787512172e+00    4.8901272564e+00
    6.2309833017e+00    1.5421567449e+00    4.3201510910e+00
    6.4723065450e+00    5.4067190938e-01    4.5776323074e+00
    6.0331622408e+00    1.0372994729e+01    5.2188999806e+00

molecule            20
    7.9316176458e+00    6.0201429826e+00    5.1271955828e+00
    7.0150719195e+00    5.6459824611e+00    4.9816957758e+00
    6.7956277424e+00    4.6577912487e+00    5.0173016643e+00
    5.8234945782e+00    4.4354486733e+00    5.1604822785e+00
    6.2515294854e+00    3.5794656713e+00    5.4562538496e+00
    6.4961686630e+00    3.7959172528e+00    4.5016638360e+00
    7.0490728210e+00    4.3523897603e+00    3.8752410526e+00
    6.2399059558e+00    4.6700262835e+00    3.3583656570e+00

molecule            21
    2.2206490409e+00    5.0588769396e+00    2.6228574014e-01
    1.9323642240e+00    5.5196309521e+00    9.8631632986e+00
    2.5445623948e+00    6.3104286316e+00    9.6030425837e+00
    1.9478619489e+00    7.1140507550e+00    9.7630965833e+00
    1.0802090028e+00    7.5319022774e+00    1.0054730428e+01
    1.6069152546e+00    8.2849841783e+00    1.0386909101e+01
    2.3079380634e+00    8.8821731331e+00    1.0111992603e+01
    2.0061757756e+00    8.9187559074e+00    9.1621583111e+00

molecule            22
    1.0043649807e+01    5.9515789599e+00    8.3933372080e+00
    6.0322107510e-01    5.8964742009e+00    8.2914863891e+00
    7.3690279976e-01    6.2707062446e+00    9.1801543855e+00
    7.4884649574e-01    5.7631342636e+00    1.0060163634e+01
    1.0406900910e+01    5.8739358256e+00    1.8440010600e-01
    9.5284904406e+00    5.5549098630e+00    3.7855838543e-01
    1.0255816283e+01    5.1154861074e+00    9.2382189703e-01
    9.9317362934e+00    4.3167065962e+00    1.4376285505e+00

molecule            23
    4.4660963891e+00    8.4134439985e+00    2.3856321355e+00
    3.5007509780e+00    8.2964624810e+00    2.3928778161e+00
    3.4644075631e+00    8.9881270445e+00    3.1287720890e+00
    2.8144208597e+00    8.3519827371e+00    3.5496828561e+00
    3.1438215932e+00    7.4266382322e+00    3.3950529066e+00
    3.6851781748e+00    6.6210631045e+00    3.6842348240e+00
    3.4194284552e+00    6.2630998038e+00    2.8020774522e+00
    4.0292811791e+00    7.0735123777e+00    2.8808905866e+00

molecule            24
    8.2600484729e+00    9.9605968067e+00    8.5042839018e+00
    7.2832332680e+00    1.0092697296e+01    8.2669462919e+00
    7.4806796283e+00    9.1645915085e+00    8.6719391972e+00
    7.1170636927e+00    8.3832944853e+00    8.1420518320e+00
    6.6161425952e+00    7.7040020983e+00    8.6123178801e+00
    6.0783482717e+00    8.5464865985e+00    8.4706972830e+00
    5.1508776735e+00    8.3697770014e+00    8.0258615920e+00
    4.4278864641e+00    7.7107713241e+00    7.7295770846e+00

molecule            25
    9.5699955153e+00    6.1039714127e+00    1.8155313507e+00
    1.0015134492e+01    5.2056030707e+00    1.8821428127e+00
    4.9402825838e-01    5.5755373831e+00    1.7863293039e+00
    1.0452641476e+01    6.1030643259e+00    1.1628486416e+00
    8.5334384361e-01    6.6195866817e+00    1.1738560361e+00
    1.4780683443e+00    6.8614899296e+00    4.0600377333e-01
    1.7168573644e+00    7.1102124082e+00    1.3514897302e+00
    1.4992320279e+00    7.6236492532e+00    2.1469031413e+00

molecule            26
    2.3424665268e-01    3.2166417222e+00    9.5149523661e+00
    6.8011454646e-02    3.0831580365e+00    8.5603196512e+00
    2.8626410907e-01    4.0296680128e+00    8.7552514220e+00
    1.0082168992e+01    4.7637854451e+00    8.6118951743e+00
    9.7592829987e+00    4.1521750183e+00    7.8909882176e+00
    9.8553839452e+00    3.2742104492e+00    7.4798156548e+00
    1.0144494461e+01    2.3571512903e+00    7.3674328956e+00
    1.0019687057e+01    2.2046950247e+00    6.3501164606e+00

molecule            27
    1.0310080924e+01    1.0402350156e+01    2.4166714489e+00
    1.0325992391e+01    7.0308890731e-02    3.3899318935e+00
    5.7593838737e-01    6.9879637322e-01    3.6024633456e+00
    2.8016705124e-02    1.4379371816e+00    3.9359868506e+00
    9.4702050522e-01    1.8575661819e+00    3.8428019630e+00
    1.7080667003e+00    1.3491217394e+00    4.2963646137e+00
    1.7154577109e+00    2.3046882194e+00    4.4606331627e+00
    2.1864485108e+00    3.0252482583e+00    4.9816132342e+00

molecule            28
    4.2206428276e-01    3.6611921326e+00    7.4195638524e+00
    1.1845291718e+00    3.9609674513e+00    7.9532615253e+00
    5.4768712685e-01    4.7700068132e+00    7.9647249213e+00
    9.7616740636e-01    5.1158236756e+00    8.7992313936e+00
    1.9035112058e+00    4.7413324135e+00    8.8277410294e+00
    2.0230148841e+00    5.2583500809e+00    7.9598871028e+00
    2.4621487974e+00    5.5770600357e+00    8.8187902833e+00
    2.0099025666e+00    6.2344690057e+00    8.2266889336e+00

molecule            29
    8.3091064800e+00    5.3140986159e-01    5.9980059996e+00
    9.2573184103e+00    7.5143094790e-01    5.7346581878e+00
    1.0064128497e+01    1.3324737131e+00    5.7107889795e+00
    1.0289631480e+01    4.1386404227e-01    5.4450621334e+00
    3.5267180168e-01    1.0273933602e+01    4.8184847787e+00
    7.6287463496e-01    6.7855179843e-01    4.9167141348e+00
    1.1919037410e+00    1.5533761950e+00    5.2591273444e+00
    1.6128193970e+00    9.5633280087e-01    5.8999394316e+00

molecule            30
    4.0625167984e+00    6.8546711076e+00    5.8750158949e+00
    4.8439344562e+00    7.3121425328e+00    5.4983049883e+00
    5.7325192980e+00    6.9964869210e+00    5.9230961366e+00
    6.7058123269e+00    6.6593043651e+00    6.0496996522e+00
    6.2940333766e+00    7.1777415714e+00    6.7652677910e+00
    7.1222609069e+00    6.6566444777e+00    7.0613429827e+00
    7.9579170226e+00    6.0617586515e+00    7.0635059233e+00
    7.3807301466e+00    5.7983232990e+00    6.2951757997e+00

molecule            31
    5.5642420664e+00    8.3282802477e+00    3.5030767725e+00
    5.9898977590e+00    7.9762985199e+00    2.6584096192e+00
    5.9520927201e+00    6.9989516048e+00    2.4927944905e+00
    6.8721670072e+00    7.3476045123e+00    2.2886897248e+00
    6.8309178195e+00    7.0558517384e+00    3.2740395029e+00
    5.8881353328e+00    7.3227968212e+00    3.5502185947e+00
    4.9413633968e+00    7.4878016265e+00    3.5175875495e+00
    4.6493116613e+00    8.2392507265e+00    4.1337540426e+00

molecule            32
    1.8240851702e+00    8.1696325725e+00    1.1969582239e+00
    1.2611796182e+00    9.0405693641e+00    1.2317790578e+00
    9.9396456184e-01    9.2170745168e+00    2.6836218719e-01
    8.4195530477e-01    9.2676143647e+00    9.7472822267e+00
    4.5317067828e-01    9.2483700700e+00    8.8420279761e+00
    7.0686493646e-01    8.9378679583e+00    7.9183300658e+00
    1.2491431897e+00    8.5745668009e+00    8.6723542617e+00
    1.6287032074e+00    7.9485528466e+00    9.3329230835e+00

molecule            33
    8.1935817524e+00    2.8703247131e+00    9.5133357450e+00
    8.8318011385e+00    2.7077140209e+00    8.8095138564e+00
    9.6304509427e+00    2.1184245898e+00    8.9540931428e+00
    1.0407454446e+01    1.6034573208e+00    8.6129158673e+00
    9.8877756717e+00    1.0369940074e+00    8.0046008148e+00
    9.3660413176e+00    1.8945039426e+00    7.8011341704e+00
    8.4694549314e+00    1.5133998143e+00    7.5409063153e+00
    8.6525840183e+00    1.3823650515e+00    8.4991244716e+00

molecule            34
    7.0541980876e-01    1.1923127037e-01    6.3195447605e+00
    2.4286158235e-01    9.8793289630e-01    6.4996386428e+00
    4.7280270453e-01    1.0867437126e+00    7.4429415284e+00
    9.3350635306e-01    1.9296371057e+00    7.1256134852e+00
    1.8651021508e+00    2.1102268043e+00    7.4844082568e+00
    2.5340138385e+00    1.9442894007e+00    6.8080086915e+00
    3.4809401595e+00    1.7815296730e+00    6.4914274086e+00
    3.7602359160e+00    2.0392233719e+00    5.5485141662e+00

molecule            35
    1.1422435753e+00    3.4916486985e+00    9.4969465114e+00
    1.4490048910e+00    2.5454459549e+00    9.5590984883e+00
    1.7536868634e+00    2.8191239402e+00    3.1365206328e-02
    2.3188016521e+00    2.3184633200e+00    6.9268627979e-01
    1.8078786772e+00    2.2188158367e+00    1.5085225615e+00
    8.4620781279e-01    2.2754899183e+00    1.7663890728e+00
    9.5030131330e-01    2.2691075529e+00    2.7583326079e+00
    1.3740971664e-01    2.6614415290e+00    2.3616867164e+00

molecule            36
    1.6896754849e-01    9.8291513348e+00    1.0345517694e+01
    9.9519207262e+00    1.0310394263e+01    9.8050822969e+00
    9.0574179474e+00    2.0626628660e-01    9.6579565025e+00
    9.6447328657e+00    8.9027007418e-01    9.1811217548e+00
    8.6828864009e+00    1.1215485962e+00    9.4132397210e+00
    7.7964952537e+00    7.2854737983e-01    9.6670083751e+00
    6.8536083324e+00    4.3047915607e-01    9.8052497183e+00
    7.2540391200e+00    1.0085930272e+01    9.3377832054e+00

molecule            37
    2.3038845349e+00    2.3903904533e+00    8.7548616697e+00
    2.3945208629e+00    3.2425759806e+00    8.3376485920e+00
    1.8791004913e+00    3.2481753025e+00    7.4590246224e+00
    1.1886904747e+00    3.2007478508e+00    6.7127465610e+00
    1.4958205438e+00    3.5824433273e+00    5.8735777426e+00
    2.0287141167e+00    3.7874850951e+00    6.6277676744e+00
    2.0652602686e+00    4.2739099519e+00    7.5037134051e+00
    2.8846510906e+00    4.7288289201e+00    7.0719045658e+00

molecule            38
    1.4607214567e+00    5.9728789779e+00    3.5258601887e+00
    1.3295696887e+00    5.3226151178e+00    4.2885572866e+00
    2.3149610940e+00    5.0843272578e+00    4.1316449128e+00
    2.8942826149e+00    4.3877125003e+00    4.4787406230e+00
    3.1600626533e+00    3.4422765834e+00    4.6549646312e+00
    3.5452892024e+00    3.5690431589e+00    5.5824416172e+00
    3.2173332068e+00    3.9516172580e+00    6.4335514335e+00
    2.9586612322e+00    3.2642453683e+00    7.0592906060e+00

molecule            39
    4.3914059763e+00    2.6134241906e+00    8.3783969601e+00
    4.8276969620e+00    3.0953957506e+00    7.6195770855e+00
    4.6785093797e+00    3.9730974416e+00    8.0722520875e+00
    5.4933643059e+00    3.9316550021e+00    7.4740929830e+00
    6.1928860476e+00    3.3236934040e+00    7.7756059490e+00
    5.7751745160e+00    2.4099238939e+00    7.8473063012e+00
    6.6969271852e+00    2.2424393591e+00    7.4499399541e+00
    7.4451961587e+00    2.9307252296e+00    7.2368281817e+00

molecule            40
    5.6681213265e+00    3.9018616463e+00    3.9671788046e+00
    5.4399788457e+00    2.9346834096e+00    4.0092194416e+00
    4.7845757831e+00    2.3183250610e+00    3.6030084229e+00
    4.5175061158e+00    1.5934012172e+00    2.9641871305e+00
    5.3083582884e+00    1.1595025848e+00    3.3696925727e+00
    5.1520802738e+00    4.4634612234e-01    2.7193465439e+00
    4.1726601170e+00    1.5435918124e-01    2.7167172169e+00
    4.6497114482e+00    1.0154735938e+01    1.9623319115e+00

molecule            41
    1.0195171569e+01    2.0407259500e-01    8.7272892061e+00
    5.8854384872e-01    6.5642724530e-01    9.0201894626e+00
    1.4647014964e+00    5.3313195190e-01    9.5247041954e+00
    2.4324085871e+00    5.8296170997e-01    9.3615855985e+00
    1.8983170890e+00    9.1961658875e-01    8.5987695604e+00
    2.4617312162e+00    6.9224878798e-02    8.3263517534e+00
    3.2112207661e+00    1.0048683145e+01    7.9288471419e+00
    4.0834074139e+00    9.6934219420e+00    8.3312142006e+00

molecule            42
    3.6189569534e+00    1.4325647678e+00    2.1238706126e+00
    3.8527429576e+00    2.2481377163e+00    1.6046377676e+00
    3.7974824118e+00    3.1371874577e+00    2.0384349246e+00
    3.2086946523e+00    2.3925148115e+00    2.3339582948e+00
    2.8369731751e+00    1.9619226377e+00    1.5187149189e+00
    3.3488180009e+00    1.3644733741e+00    9.0259555875e-01
    2.4888349419e+00    9.7861811025e-01    1.1605943791e+00
    1.9951209575e+00    1.0816898833e+00    2.0581001627e+00

molecule            43
    3.4847640025e+00    9.4373817655e+00    5.1444487275e+00
    2.7331782268e+00    8.8081438123e+00    5.2558708022e+00
    1.8422724189e+00    8.6932290497e+00    4.9993205815e+00
    1.9515251239e+00    8.0417528583e+00    5.7305894966e+00
    1.5804199459e+00    7.1914374112e+00    6.0291218103e+00
    2.0673298031e+00    7.6973289899e+00    6.7813222509e+00
    3.0194606602e+00    7.4976519276e+00    7.0815343056e+00
    3.1882485229e+00    8.4298847983e+00    6.7989810070e+00

molecule            44
    5.7529587576e+00    9.0062909669e+00    7.3804796119e+00
    6.6603009168e+00    9.2724593710e+00    7.6711231227e+00
    7.5464783033e+00    8.9314163911e+00    7.3800296301e+00
    6.8590064907e+00    9.2214841270e+00    6.7041994649e+00
    7.5453422608e+00    8.6186920637e+00    6.2540223123e+00
    7.9555431700e+00    7.9118986345e+00    5.7046190068e+00
    7.9964625936e+00    8.3179716400e+00    4.7999587310e+00
    8.1500683589e+00    8.7480836320e+00    3.9041413829e+00

molecule            45
    2.4940863032e+00    1.7822360925e+00    9.7521619248e+00
    2.5774037366e+00    1.1027354577e+00    4.2084999634e-02
    1.7838484461e+00    1.6456900905e+00    1.6055902070e-01
    8.7172637341e-01    1.6218872001e+00    1.0224257646e+01
    4.4353271251e-01    2.0455102374e+00    9.4260795573e+00
    1.2774885656e+00    1.6029185157e+00    9.1919640965e+00
    9.6518552431e-01    1.8895645627e+00    8.2847797204e+00
    1.4141309140e+00    2.7722687400e+00    8.2894243479e+00

molecule            46
    2.0853351553e+00    2.1482399053e+00    3.4366375539e+00
    2.0266681656e+00    2.9607081572e+00    2.8568229988e+00
    1.2963311349e+00    3.5952338441e+00    3.0577502229e+00
    1.8049453636e+00    3.6844742199e+00    3.8949561974e+00
    2.4266794563e+00    4.2805363380e+00    3.3675378623e+00
    2.4043143425e+00    3.8459136117e+00    2.4468312026e+00
    1.7892125855e+00    3.3722015634e+00    1.8056677318e+00
    1.3854003865e+00    4.2148224890e+00    2.2005227117e+00

molecule            47
    4.2940475431e+00    1.7054423758e+00    7.8454419258e+00
    3.9547471946e+00    8.0308021874e-01    7.7550833483e+00
    3.7192730322e+00    7.6199981328e-01    6.8230298237e+00
    3.8771206698e+00    1.0293075156e+01    7.0525881830e+00
    3.4410221724e+00    9.3590181439e+00    7.1511970603e+00
    3.1095544133e+00    9.4277728171e+00    6.1957886260e+00
    4.1009760846e+00    9.3841864788e+00    6.2731043588e+00
    4.3658145983e+00    9.1686538701e+00    5.3580438436e+00

molecule            48
    4.1703301446e+00    9.2790658167e+00    4.1232528339e+00
    3.7964873270e+00    1.0195150822e+01    3.9235819434e+00
    4.6596135870e+00    1.1095429651e-02    3.5996842946e+00
    5.1176563793e+00    9.7272286241e+00    4.1244212892e+00
    4.7148211669e+00    9.4278014971e+00    3.2419275647e+00
    5.3141466921e+00    9.1137727755e+00    2.4834113665e+00
    5.6890330352e+00    8.5166984852e+00    1.8032875400e+00
    4.8192272016e+00    8.9580540154e+00    1.6377745525e+00

molecule            49
    8.8612287188e+00    8.7656892597e+00    9.6675510098e+00
    9.6509110689e+00    8.4607329098e+00    9.0453241942e+00
    9.1578851845e+00    8.0622493668e+00    8.2312840738e+00
    8.2754691005e+00    8.5944487164e+00    8.4528825355e+00
    8.8048840967e+00    8.9007620354e+00    7.6416402842e+00
    8.7653433250e+00    8.1389472425e+00    7.0215782440e+00
    8.3061477826e+00    7.4526391348e+00    7.5294997800e+00
    7.7582799887e+00    7.6837185723e+00    6.7480798078e+00

molecule            50
    7.5176288740e+00    8.2628396442e+00    9.7422660700e+00
    7.8046742443e+00    8.8346288576e+00    9.7616950333e-02
    7.8098259584e+00    7.9124407681e+00    3.9970928053e-01
    7.9447928882e+00    7.3544553651e+00    1.2039302200e+00
    7.6323475991e+00    8.0169509682e+00    1.8625044315e+00
    8.1528622962e+00    7.3237940081e+00    2.2853316092e+00
    7.9901392419e+00    6.3753650930e+00    2.1538239401e+00
    8.1294689564e+00    6.1061693570e+00    1.2107004562e+00

molecule            51
    6.4433241903e+00    6.5133518005e+00    8.0501797601e+00
    7.2902294760e+00    6.0836652923e+00    7.8245528101e+00
    7.3338629172e+00    5.4410303486e+00    8.6047346832e+00
    7.4000423348e+00    6.2766329976e+00    9.1408463306e+00
    6.6442014749e+00    6.8246091206e+00    9.3788880514e+00
    5.7970422119e+00    7.4449568677e+00    9.3856785663e+00
    4.9930554123e+00    6.9182688827e+00    9.4376968800e+00
    4.3972906947e+00    7.1088434392e+00    8.6724663663e+00

molecule            52
    3.7139230021e+00    1.1449050022e+00    1.0061069380e+01
    4.2515817140e+00    1.4920600882e+00    3.1237901121e-01
    4.7024046957e+00    1.6576036143e+00    9.8605509704e+00
    4.8676226099e+00    6.5402821305e-01    9.9024143351e+00
    5.3211525774e+00    1.0262179691e+00    2.4172893060e-01
    5.7232386979e+00    1.3929619021e-01    1.0417830482e-02
    5.8909874378e+00    1.0105455425e+01    9.6037236556e+00
    5.4695391291e+00    9.5088994719e+00    1.0255665087e+01

molecule            53
    3.6623212861e+00    2.1884536970e+00    3.4366036140e+00
    2.9266374518e+00    2.2093714518e+00    4.0833632354e+00
    2.7728144439e+00    1.2850650649e+00    4.3912403747e+00
    3.5072640468e+00    7.1717939149e-01    4.7726685819e+00
    4.1291765665e+00    1.0395521929e+01    4.8911307664e+00
    4.5352299707e+00    1.3144140992e-03    5.7505226479e+00
    5.2013468386e+00    7.0430852592e-01    5.4525198027e+00
    4.6305790575e+00    1.4680958329e+00    5.0926307171e+00

molecule            54
    8.3807398196e+00    3.1405347949e-01    2.0739110145e+00
    8.5188358511e+00    9.7943769178e+00    1.8041104867e+00
    8.5119566856e+00    4.2906288798e-02    1.0874276098e+00
    9.4223790862e+00    3.1620750751e-01    1.1895179729e+00
    9.3404602455e+00    1.0452571106e+01    2.4339854862e-01
    9.1352320509e+00    9.5188992400e+00    1.0413850751e+01
    8.5558143387e+00    9.5339861663e+00    7.4583519931e-01
    8.4800427113e+00    8.5860357764e+00    1.0628634594e+00

molecule            55
    7.0640125782e+00    9.4293863550e+00    1.4064086596e+00
    6.9233592014e+00    8.4989285201e+00    1.0491253876e+00
    6.8013435036e+00    8.7041930077e+00    1.9928516587e+00
    6.9388720110e+00    9.3418117045e+00    2.7138033036e+00
    6.7981126538e+00    1.0233623554e+01    3.1175018563e+00
    6.2334383110e+00    4.5006349861e-01    3.5507108668e+00
    6.4233528417e+00    1.3466743778e+00    3.2313792606e+00
    6.5822825399e+00    1.4757479480e+00    2.2531499887e+00

molecule            56
    5.8241351328e+00    6.1292130815e+00    5.3503331674e+00
    6.1538738569e+00    6.5799789540e+00    4.4510959981e+00
    5.1438957577e+00    6.4828272069e+00    4.4493396655e+00
    4.3712099563e+00    7.0973119161e+00    4.4580124969e+00
    4.0931922910e+00    6.2692917945e+00    4.9538988811e+00
    4.1405168141e+00    5.4328600167e+00    5.5582589642e+00
    4.5765495901e+00    5.5333049441e+00    6.4747207293e+00
    4.8948684338e+00    6.4957830669e+00    6.4152687562e+00

molecule            57
    1.1798070113e+00    5.6742287942e+00    7.2689329635e+00
    7.8198000864e-01    5.2053087265e+00    6.5434726175e+00
    1.4136196209e+00    5.2565132375e+00    5.7854537605e+00
    1.2025745477e+00    4.5822059672e+00    5.0671606921e+00
    5.7980717884e-01    3.7787731958e+00    5.1533240649e+00
    1.0225586809e+01    4.0921563931e+00    5.6292926202e+00
    9.7913386635e+00    3.5433798901e+00    6.3269853506e+00
    1.5086538402e-01    3.0293818941e+00    6.5964113860e+00

molecule            58
    7.5949015374e+00    3.6269573761e+00    5.2831580053e+00
    7.8177790114e+00    2.9560351737e+00    4.5279937876e+00
    8.5239552979e+00    3.1667437745e+00    3.8471552547e+00
    9.1626528032e+00    2.6344710084e+00    4.3275422555e+00
    1.0005855043e+01    2.9350912413e+00    3.9105874630e+00
    1.0257457122e+01    3.8036651440e+00    4.3032482223e+00
    9.2657870305e+00    3.7173770347e+00    4.4336377970e+00
    8.5658588944e+00    4.3656502376e+00    4.3389459092e+00

molecule            59
    8.6946611068e+00    5.5172272917e+00    1.9421884017e+00
    8.6037892946e+00    4.7877631295e+00    2.6058317890e+00
    8.3628395276e+00    4.2800481747e+00    1.8007102863e+00
    7.6021583464e+00    3.9181668280e+00    1.2563209722e+00
    8.1458709486e+00    3.6458328637e+00    4.8797129866e-01
    8.7151952096e+00    3.3912782376e+00    1.0193377063e+01
    8.8535146247e+00    4.3058135572e+00    1.0444150475e+01
    9.8142433072e+00    4.2828436152e+00    1.0429075267e+01

molecule            60
    4.1433897867e+00    6.0001891023e-01    1.4460083208e+00
    3.2638338163e+00    4.1592810576e-01    1.8873792815e+00
    2.9206925903e+00    1.0077620249e+01    2.4170867147e+00
    2.6035270569e+00    9.5893566752e+00    3.2743857735e+00
    2.6880347763e+00    1.0206891936e+01    4.0966751066e+00
    2.3379116011e+00    3.2332580977e-01    4.8367671063e+00
    3.0859082697e+00    1.7206368632e-01    5.4354900477e+00
    3.8522707555e+00    6.6894735378e-01    5.7361256288e+00

molecule            61
    2.5014265378e+00    7.8209277824e+00    7.9183866540e+00
    2.8296199436e+00    8.6118371199e+00    8.4806332411e+00
    3.6918408766e+00    8.6388877298e+00    8.8977356794e+00
    4.0386635616e+00    8.6086121824e+00    7.9564568645e+00
    4.5676790242e+00    9.1172362821e+00    7.2917393735e+00
    4.5196578480e+00    8.2343296393e+00    6.8377471570e+00
    5.3275579203e+00    8.5397346814e+00    6.4057184830e+00
    5.6214064089e+00    7.9385492990e+00    7.1171532834e+00

molecule            62
    9.5749068997e-01    4.4349572686e+00    3.6319322133e+00
    4.3084850488e-02    4.7502128609e+00    3.2019594470e+00
    2.0778912083e-01    5.1236812891e+00    4.1171370518e+00
    9.7162365752e+00    4.8088514099e+00    4.0671026855e+00
    9.2690386538e+00    4.8535101202e+00    4.9316527968e+00
    8.8085590667e+00    5.6014898206e+00    4.4148253835e+00
    7.9916503134e+00    5.3782454860e+00    3.8275146880e+00
    7.8963010715e+00    5.7818501279e+00    2.9382047188e+00

molecule            63
    7.5925181232e+00    1.0031224825e+00    5.9293697261e-01
    7.6813270721e+00    7.6333962603e-02    2.9077866114e-01
    6.6760208712e+00    1.0355420164e+01    4.5673141276e-01
    6.9981203814e+00    3.8086355912e-01    1.2925198636e+00
    6.8347902840e+00    1.0166382946e+01    2.0246263839e+00
    6.1182156663e+00    3.5346339460e-01    2.2874583756e+00
    5.4006441326e+00    3.6720569365e-01    1.5995508908e+00
    5.0579552756e+00    1.0204753653e+01    9.4930881406e-01

molecule            64
    6.3421956141e+00    1.3573246350e-01    6.4394303394e+00
    5.6193047231e+00    7.8107973858e-01    6.3205639360e+00
    6.0181702549e+00    1.5263008540e+00    6.8343094891e+00
    5.6818799234e+00    2.0314256522e+00    6.0073898748e+00
    4.7729239789e+00    2.4347937897e+00    5.9328739437e+00
    4.8220701813e+00    2.1677624725e+00    6.9251368184e+00
    4.8044747458e+00    1.2072846910e+00    7.1535831693e+00
    4.5420970221e+00    1.3044040730e+00    6.2041658809e+00

molecule            65
    4.8193275748e+00    4.7689224683e+00    9.2539548133e+00
    4.5033178325e+00    3.8274335342e+00    9.1145895109e+00
    3.5377450625e+00    3.6159358490e+00    9.0040888768e+00
    3.3456357205e+00    2.9925705918e+00    8.3108641224e+00
    2.8651230351e+00    2.2064195229e+00    7.9973340910e+00
    2.9577646480e+00    1.6335387629e+00    8.7825186414e+00
    3.2800401839e+00    6.9102889357e-01    8.5859938705e+00
    3.3500114092e+00    1.3254753775e-01    9.4072720455e+00

molecule            66
    1.0451106104e+01    1.4549085128e+00    2.9114133960e+00
    9.8638004763e+00    7.2965607630e-01    2.8138352737e+00
    9.2587869838e+00    1.0416969477e+01    2.5492390852e+00
    8.8435604451e+00    7.5203838242e-01    3.0472424725e+00
    9.4114794450e+00    8.3180455193e-01    3.8452262112e+00
    1.0124061235e+01    3.9422297241e-01    4.3558550696e+00
    9.2743730613e+00    3.0514922823e-01    4.8445429498e+00
    8.3955011490e+00    5.1590432511e-01    4.4051823813e+00

molecule            67
    5.9923866548e+00    9.2824118027e+00    3.2196302727e+00
    6.6221821328e+00    8.7039188806e+00    3.7363517896e+00
    7.2482754910e+00    8.0768684900e+00    3.2580069889e+00
    7.4651959137e+00    7.6853616326e+00    4.1705128524e+00
    7.8539687533e+00    6.9158574883e+00    3.6227123587e+00
    7.4306227570e+00    6.1958846290e+00    4.2104219376e+00
    6.8248274516e+00    5.6447103745e+00    3.6323457777e+00
    6.0761566702e+00    5.5795600280e+00    4.3317633507e+00

molecule            68
    1.0058168249e+01    8.5656861362e+00    6.1250514439e+00
    1.0384963909e+01    8.1139480385e+00    5.3153204541e+00
    7.8726773285e-01    7.6403173295e+00    5.1677080814e+00
    3.4098830965e-01    6.7461765464e+00    5.1307249511e+00
    6.8524468576e-01    6.5679672869e+00    6.0441709128e+00
    1.5682433785e+00    6.1371240182e+00    6.3045941226e+00
    1.8164335803e+00    6.5913976767e+00    7.2036278440e+00
    2.1780276922e+00    5.6631081034e+00    7.0305664029e+00

molecule            69
    5.6705500117e+00    2.8526792719e+00    9.0800742192e+00
    5.1744775445e+00    1.9956005493e+00    8.9430231156e+00
    6.1453092359e+00    2.0294631472e+00    8.7763368025e+00
    5.7846583361e+00    1.2966128422e+00    9.3568538344e+00
    5.9149929552e+00    2.1596993882e+00    9.8858922160e+00
    5.7358387000e+00    2.2574061407e+00    4.2173471698e-01
    5.4046716329e+00    3.1345252573e+00    7.2267980741e-01
    5.0571973306e+00    2.4760851368e+00    1.4157621271e+00

molecule            70
    1.8524929893e+00    5.0213900939e+00    1.7018950231e+00
    1.3465034594e+00    5.4347223169e+00    2.4623241231e+00
    1.2126072486e+00    6.3842801950e+00    2.1223083636e+00
    5.4203336064e-01    6.4824809466e+00    2.8591750229e+00
    1.9491863201e-01    7.0064223839e+00    2.0315554475e+00
    1.0242000402e+01    7.3972742189e+00    1.2071209426e+00
    9.5747017611e+00    8.0417695015e+00    1.4916167821e+00
    9.2135381528e+00    8.2134759911e+00    5.5897545738e-01

molecule            71
    6.9484720302e+00    2.8811838980e+00    9.7119501595e+00
    6.5699128841e+00    3.0983602037e+00    8.8110347170e+00
    6.0144416652e+00    3.9258450772e+00    8.6872212196e+00
    6.2668580497e+00    4.7816874067e+00    8.2552811944e+00
    5.3125624443e+00    4.9190415630e+00    7.9496617996e+00
    5.4775113432e+00    5.8106292165e+00    8.3531422312e+00
    5.8119132690e+00    6.1552233299e+00    9.2322042091e+00
    6.6424481253e+00    5.7182914742e+00    9.5509637462e+00

molecule            72
    5.8600426451e+00    6.0453984393e+00    6.5704415999e+00
    6.2483308098e+00    5.4041038791e+00    7.2583977049e+00
    5.8172224499e+00    5.0072547113e+00    6.4421986196e+00
    6.7266605290e+00    5.0282508789e+00    5.9486419202e+00
    7.2067874287e+00    4.2291248136e+00    6.2641499747e+00
    6.8192646594e+00    4.2374682310e+00    7.1676411382e+00
    6.1340783997e+00    3.9939547673e+00    6.4486929833e+00
    5.5993374827e+00    3.1996128334e+00    6.1599393804e+00

molecule            73
    2.1512690791e+00    4.3105120357e+00    5.4724075847e+00
    2.4156669641e+00    5.0601267862e+00    6.0660839762e+00
    3.3914692652e+00    5.1745390504e+00    6.1790455760e+00
    3.2211594383e+00    6.0249501858e+00    5.7539246531e+00
    2.9031357027e+00    5.4155428100e+00    4.9721496017e+00
    2.0951043630e+00    5.9243149320e+00    5.1352938751e+00
    2.8431827559e+00    6.4873423362e+00    4.7795060386e+00
    2.4409227318e+00    7.1927802830e+00    5.3545093349e+00

molecule            74
    8.4929271677e+00    7.1710123163e-01    1.0422156954e+01
    8.5419714152e+00    1.7066350772e+00    2.1497237397e-01
    8.0723098732e+00    1.7213024459e+00    9.8011489587e+00
    7.6047662828e+00    2.1528162536e+00    4.2584648455e-02
    7.8754955569e+00    2.2522395817e+00    9.9531979095e-01
    7.3469108136e+00    3.0496870003e+00    6.6474834370e-01
    6.6885386670e+00    3.3266037787e+00    1.3688549358e+00
    6.7138449666e+00    4.0790476002e+00    2.0279132265e+00

molecule            75
    7.9085200105e+00    3.8948258636e-01    3.2457958298e+00
    7.7339047109e+00    1.0091347198e+01    2.6149782840e+00
    7.8163532924e+00    9.6067122227e+00    3.4656325878e+00
    7.3570359377e+00    1.0304337381e+01    4.0493045504e+00
    7.4398554295e+00    9.4493134970e+00    4.5074328516e+00
    6.8760559369e+00    8.6531739230e+00    4.8003358897e+00
    6.0187755703e+00    9.1453546886e+00    4.8151001465e+00
    6.2156164666e+00    9.9046629402e+00    4.1873343136e+00

molecule            76
    2.1587772832e+00    5.2355378129e+00    3.0625968514e+00
    2.4523579029e+00    6.1139202645e+00    3.3872670701e+00
    1.9773189688e+00    6.9450609496e+00    3.6917446081e+00
    1.7762023365e+00    7.6222782132e+00    4.4088727018e+00
    9.4531864011e-01    8.0806308717e+00    4.0739943144e+00
    1.7996505518e-02    7.7527780069e+00    4.0717042405e+00
    7.1370982190e-01    7.0671947499e+00    4.0968029639e+00
    1.2618469149e+00    6.6414833086e+00    4.8629493568e+00

molecule            77
    7.6538049858e+00    7.3290690217e+00    8.7136833321e+00
    8.4607374245e+00    7.7271200037e+00    8.9681521413e+00
    8.7187721030e+00    6.8305022257e+00    9.3085654282e+00
    8.0406574675e+00    7.0714952272e+00    9.9947291292e+00
    8.3742076440e+00    6.6022724301e+00    3.5212703338e-01
    7.4442468259e+00    6.9275689459e+00    2.6536846106e-01
    7.4363930014e+00    5.9665827265e+00    1.0419527462e+01
    8.3377172144e+00    6.0887069282e+00    1.0004537528e+01

molecule            78
    3.7773846329e+00    9.3061433394e+00    2.1200670958e+00
    3.6996610066e+00    9.4717317777e+00    1.1814501705e+00
    3.0358063234e+00    8.7409326087e+00    1.4615897384e+00
    2.8044060178e+00    8.6842064315e+00    4.8450182622e-01
    2.1729573320e+00    9.3898290088e+00    7.0766073722e-01
    2.4103240639e+00    1.0213030827e+01    1.6251186812e-01
    2.5618670000e+00    1.0216419976e+01    1.1735636200e+00
    1.9794424948e+00    1.0187238391e+01    1.9515299167e+00

molecule            79
    5.6174261279e+00    4.2759386721e+00    6.6411587744e-01
    4.9085059203e+00    3.9425111238e+00    1.2922021027e+00
    4.3536716437e+00    3.9382811617e+00    2.1084352852e+00
    4.2542405996e+00    4.7854620719e+00    1.5951255306e+00
    4.8860770829e+00    5.1936700025e+00    2.2192570813e+00
    4.1833521655e+00    5.2845815696e+00    2.9085246690e+00
    3.5833270058e+00    4.5885586279e+00    2.4664339632e+00
    2.9115573040e+00    4.9646539315e+00    1.8248606051e+00

molecule            80
    5.0150425563e+00    4.1283204189e+00    2.8514752768e+00
    5.7379912563e+00    4.6142850266e+00    2.3460313018e+00
    6.3347419226e+00    5.3896909512e+00    2.4219939879e+00
    5.7274195734e+00    5.4068590293e+00    1.6275533094e+00
    6.6344364314e+00    5.4017963250e+00    1.2395584388e+00
    6.7919881423e+00    4.6006439415e+00    6.6279631893e-01
    7.6255999634e+00    5.1625510843e+00    8.5388118722e-01
    8.4541783971e+00    5.3903390822e+00    3.7059367446e-01

molecule            81
    3.1001987043e+00    7.8193839367e+00    1.0132349426e+01
    3.7403438617e+00    7.6966992693e+00    9.3202667570e+00
    4.0197523601e+00    6.7966222299e+00    9.5398156057e+00
    4.5875892366e+00    6.0722543318e+00    9.0469583472e+00
    4.2825523541e+00    5.7745164863e+00    9.9363513855e+00
    3.5399903789e+00    5.2925164904e+00    5.7844350114e-02
    3.5285934322e+00    4.2991240527e+00    1.2852827388e-01
    4.4106232153e+00    4.6292382281e+00    1.0328080450e+01

molecule            82
    8.7037807176e+00    9.2285890052e+00    6.0732465856e+00
    8.9292615969e+00    1.0118359411e+01    6.3599739056e+00
    9.6492250120e+00    1.8793027234e-01    6.8247717942e+00
    2.2778191877e-02    1.0326357480e+01    7.2790432293e+00
    9.9344293841e+00    9.5471231680e+00    7.5920925496e+00
    9.0875478970e+00    1.0065620295e+01    7.5802427032e+00
    8.2137075214e+00    9.8439803468e+00    7.0985892319e+00
    7.4886645074e+00    1.0330300160e+01    6.5889447745e+00

molecule            83
    9.3379683404e+00    5.7465755081e+00    9.7566101803e+00
    1.0276624207e+01    5.8767326362e+00    9.4373965797e+00
    1.0322244821e+01    4.9177142758e+00    9.7505487609e+00
    6.6421543289e-01    4.3306127421e+00    9.7551522239e+00
    4.9331043735e-01    3.7916947066e+00    1.4820972849e-01
    1.1351287424e+00    4.5587142109e+00    2.8737851049e-01
    1.2719137027e+00    3.7191350278e+00    8.6161596157e-01
    5.7434777353e-01    3.8837453198e+00    1.4850592431e+00

molecule            84
    5.1836481206e+00    3.3970976192e+00    5.0436394071e+00
    4.5386043777e+00    4.0853180687e+00    4.8425201835e+00
    4.1890977998e+00    3.2931221363e+00    4.3702785507e+00
    4.6682993343e+00    2.5027563341e+00    4.7436345798e+00
    4.0894347220e+00    1.8331852614e+00    4.2158847994e+00
    4.1027915858e+00    9.7716083126e-01    3.7324499062e+00
    3.2540778936e+00    9.2874414986e-01    3.2065434616e+00
    2.2930644306e+00    1.0236874974e+00    3.0721984576e+00

molecule            85
    4.9904269420e+00    7.9358008727e+00    9.8032888607e+00
    5.8268540800e+00    8.4483574874e+00    9.9627786074e+00
    5.5793051537e+00    9.1112190108e+00    9.2754063406e+00
    6.5760104797e+00    9.1333901644e+00    9.4871914139e+00
    6.7987187310e+00    9.0215974414e+00    1.0437416192e+01
    6.7487544040e+00    8.0310086674e+00    1.3391503578e-02
    6.4752409784e+00    7.0775774739e+00    8.1433328974e-02
    6.4252980022e+00    6.0942494232e+00    2.5815274463e-01

molecule            86
    8.2132972171e+00    5.0826995080e+00    9.1486519411e+00
    8.0758526298e+00    4.1466818824e+00    9.3943283814e+00
    7.2202852429e+00    4.5061632980e+00    9.1390589878e+00
    7.4089614275e+00    5.0566301319e+00    9.9307507660e+00
    7.4049668098e+00    4.0624595328e+00    1.0186153008e+01
    6.5420436945e+00    3.8940585126e+00    9.6882967523e+00
    5.6978580062e+00    4.3035985960e+00    1.0124098418e+01
    6.2720181607e+00    5.0728815275e+00    1.0354130722e+01

molecule            87
    4.7767777412e+00    6.4953100639e+00    1.4670403198e+00
    4.9519289454e+00    7.2217363751e+00    2.1392236703e+00
    5.0678420139e+00    6.3859713777e+00    2.6417142122e+00
    5.8296574649e+00    6.3138270905e+00    3.3261444925e+00
    5.1121858938e+00    5.6156252023e+00    3.2907014628e+00
    5.2844717991e+00    4.8228561695e+00    3.8433884176e+00
    4.3494910659e+00    4.9884790460e+00    4.1641392831e+00
    5.0505405383e+00    5.1256508306e+00    4.8378425205e+00

molecule            88
    8.1365386829e+00    4.0231022514e+00    3.3155701494e+00
    8.2412100904e+00    3.1784915378e+00    2.7479360689e+00
    7.8930353984e+00    3.0477289996e+00    1.8285399977e+00
    7.6845282318e+00    2.1238292932e+00    2.0748969483e+00
    7.3131665297e+00    1.3988914665e+00    1.5057450476e+00
    6.4142863744e+00    1.4081107340e+00    1.1109483607e+00
    6.4696473788e+00    8.6327711691e-01    2.6208930497e-01
    6.7677430694e+00    1.4529742253e+00    1.0013371089e+01

molecule            89
    2.7331547207e+00    9.0263812990e+00    2.3274319391e+00
    2.5221065757e+00    8.0736566735e+00    2.5045016935e+00
    2.8682213979e+00    7.1822098284e+00    2.2532442015e+00
    3.7167668946e+00    7.1426499167e+00    1.7186035337e+00
    4.4295315088e+00    7.7393881161e+00    1.3537719139e+00
    3.6306841617e+00    8.0045477645e+00    8.0314410949e-01
    2.8091389639e+00    7.6886924119e+00    1.2458361159e+00
    2.4932147262e+00    7.2338224895e+00    3.7934259693e-01

molecule            90
    9.3213614126e+00    1.9528019988e+00    1.6144567580e+00
    8.8473321760e+00    2.7311620706e+00    2.0507158967e+00
    9.6039882813e+00    3.0569521749e+00    2.6154627209e+00
    9.5139882596e+00    2.2096334018e+00    3.1264092790e+00
    8.8048463811e+00    1.6230297406e+00    3.5502215426e+00
    8.1053987485e+00    2.1722034803e+00    3.0762684223e+00
    8.5055867106e+00    1.5698674431e+00    2.3603636960e+00
    8.4466429935e+00    1.4814199758e+00    1.3686988549e+00

molecule            91
    1.6762787424e+00    1.0140275692e+01    3.5409379427e+00
    1.5519952076e+00    1.0143269372e+01    4.4956443065e+00
    1.5356228527e+00    1.0001392437e+01    5.5083583857e+00
    1.0175705970e+00    9.2858638574e+00    5.0031689374e+00
    3.6864659535e-02    9.2912709835e+00    5.0956163671e+00
    5.9466335843e-01    8.8811164074e+00    5.8158042736e+00
    2.6084043284e-01    9.5569213542e+00    6.5071707795e+00
    1.0039969678e+01    9.8113939760e+00    5.8428576218e+00

molecule            92
    2.2961348410e+00    2.9238704248e+00    5.9878048991e+00
    1.5425292290e+00    2.3376111680e+00    6.3150575310e+00
    2.0548958827e+00    1.9194594337e+00    5.6214364536e+00
    2.8417208023e+00    1.2865489421e+00    5.5946211084e+00
    2.5821965786e+00    5.2814477634e-01    6.1927190627e+00
    2.2585150054e+00    6.5148880737e-01    7.1670037956e+00
    1.8028374471e+00    1.0386833276e+01    6.7136772645e+00
    1.1287146344e+00    9.8884554705e+00    7.2306084631e+00

molecule            93
    3.7567241973e+00    2.5499843491e+00    7.4838597514e+00
    4.0653335793e+00    2.9617110095e+00    6.6239467614e+00
    3.8764566694e+00    3.6284666161e+00    7.3476227116e+00
    4.0377102015e+00    4.6224929622e+00    7.3158796883e+00
    4.9427503090e+00    4.6783689325e+00    6.9615595613e+00
    5.1264558684e+00    4.3972370434e+00    5.9948100459e+00
    4.1529618402e+00    4.2901582474e+00    6.2793041207e+00
    4.5678724377e+00    3.4218748097e+00    5.8748111457e+00

molecule            94
    8.6840734022e+00    1.4879740971e+00    4.8030553291e+00
    8.1900475156e+00    2.2378028907e+00    5.2275726838e+00
    8.2788331408e+00    1.8543585229e+00    6.1607132772e+00
    8.9292496083e+00    2.2119013293e+00    6.8355535011e+00
    8.6374234567e+00    3.0521837185e+00    7.3642071534e+00
    8.6368484938e+00    3.8159516534e+00    6.7127267489e+00
    8.6985803989e+00    4.6856076187e+00    7.2244481133e+00
    7.7861264223e+00    5.0544965323e+00    7.3062505093e+00

molecule            95
    1.7812069250e+00    7.9126248000e+00    3.3628966745e+00
    1.7791491078e+00    8.9438435110e+00    3.4760787883e+00
    8.0063196087e-01    8.7201808177e+00    3.2484897011e+00
    1.0373449057e+01    8.7991511923e+00    3.6548847808e+00
    9.8084461705e+00    8.0255765438e+00    3.3310434482e+00
    9.0733488423e+00    8.3775211698e+00    2.7520539506e+00
    9.1229734515e+00    8.8836883853e+00    1.9089837902e+00
    8.2079158905e+00    8.9127019734e+00    2.3294394425e+00

molecule            96
    8.8747756775e+00    6.9764798269e+00    3.0471196238e+00
    9.4966591238e+00    7.2647992670e+00    2.3466954560e+00
    9.9201991591e+00    7.0067492933e+00    3.2389696723e+00
    9.8756940066e+00    6.9001797767e+00    4.2281884871e+00
    9.2298424497e+00    6.2690439006e+00    3.8225806054e+00
    9.0453271260e+00    5.6200717706e+00    3.0910558455e+00
    1.0035664653e+01    5.9043169385e+00    2.8600542735e+00
    1.0201997657e+01    6.0586091802e+00    3.8385409769e+00

molecule            97
    7.1625093170e+00    1.0367895333e+01    5.5739631265e+00
    7.2810914824e+00    8.6706067912e-01    5.7956355861e+00
    7.6794284180e+00    1.1036030704e+00    4.9810402080e+00
    7.5253202500e+00    1.0028710684e+00    3.9533762538e+00
    7.2610563715e+00    1.8940598035e+00    3.5785827907e+00
    6.4620984796e+00    2.4607183441e+00    3.3096820513e+00
    7.3016139821e+00    2.9642856094e+00    3.3955838267e+00
    6.7926877021e+00    3.7436470594e+00    3.0538305267e+00

molecule            98
    9.0355104215e+00    5.1123622399e+00    8.2713467737e+00
    8.5029483024e+00    5.8952300204e+00    8.3601678295e+00
    8.8850986006e+00    5.7503652665e+00    7.4119697143e+00
    9.8683143691e+00    5.8899311079e+00    7.3668358510e+00
    1.0271364394e+01    5.0769679017e+00    6.8973046401e+00
    9.3604547377e+00    5.1896919108e+00    6.5249397555e+00
    8.4920642069e+00    5.0863117358e+00    6.0419746822e+00
    8.0421422339e+00    4.7652200911e+00    5.1772853009e+00

molecule            99
    7.2565607494e+00    4.8819912527e+00    2.8331728443e+00
    7.4951557779e+00    5.3991905664e+00    2.0095042056e+00
    6.9249786839e+00    6.2451620801e+00    2.2317501155e+00
    6.1603572482e+00    6.5334628094e+00    1.5986948129e+00
    7.0880385923e+00    6.4781749927e+00    1.1274722980e+00
    6.6813303274e+00    7.3817378456e+00    1.2121055349e+00
    5.7887742253e+00    7.2815146611e+00    8.2511051134e-01
    4.8491139896e+00    7.1023356121e+00    5.1508556862e-01

TETHERS

nTether  3
    0    0    0   5.5208385555e+00    9.9814456889e+00    6.4329886687e+00
    0    2    0   9.1231153143e+00    8.2306189970e+00    5.5171660120e+00
    0    98   0   9.0355104215e+00    5.1123622399e+00    8.2713467737e+00
