  5.9826124e+02
  5.8033768e+02
  5.7069029e+02
  5.7890977e+02
  5.8730309e+02
  5.7998986e+02
  5.8534655e+02
  5.9889690e+02
  5.8944487e+02
  5.8968649e+02
  5.8417414e+02
  5.8005289e+02
  5.9579375e+02
  5.8720899e+02
  5.7578989e+02
  5.8221923e+02
  5.8998606e+02
  5.8458324e+02
  5.7307683e+02
  5.7266785e+02
  5.7138814e+02
  5.7188836e+02
  5.7872357e+02
  5.6689015e+02
  5.7680699e+02
  5.8496527e+02
  5.8153095e+02
  5.7743491e+02
  5.7909782e+02
  5.7774662e+02
  5.7539346e+02
  5.7923980e+02
  5.9230873e+02
  5.9178999e+02
  5.7227368e+02
  5.7573271e+02
  5.8315311e+02
  5.7129684e+02
  5.8937366e+02
  5.8045503e+02
  5.7568572e+02
  5.7399970e+02
  5.8051999e+02
  5.6587365e+02
  5.8454771e+02
  5.8518896e+02
  5.8007487e+02
  5.8313390e+02
  5.7922660e+02
  5.9072396e+02
  5.8520295e+02
  5.8733101e+02
  5.8061843e+02
  5.7239110e+02
  5.8601209e+02
  5.8947003e+02
  5.7792772e+02
  5.7387540e+02
  5.7558240e+02
  5.7877091e+02
  5.9078970e+02
  5.7648214e+02
  5.7853675e+02
  5.9143310e+02
  5.7574161e+02
  5.9731401e+02
  5.8180234e+02
  5.8649574e+02
  5.8364561e+02
  5.9340144e+02
  5.8723444e+02
  5.8788668e+02
  5.8766455e+02
  5.8785859e+02
  5.7090846e+02
  5.8954280e+02
  5.9113507e+02
  5.9397881e+02
  5.7313614e+02
  5.7735239e+02
  5.7882422e+02
  5.8597069e+02
  5.7177659e+02
  5.8439749e+02
  5.8128339e+02
  5.8227550e+02
  5.7994164e+02
  5.6047006e+02
  5.8306719e+02
  5.7815541e+02
  5.7448106e+02
  5.9333781e+02
  5.8312586e+02
  5.8135341e+02
  5.9028743e+02
  5.6635716e+02
  5.7626402e+02
  5.8044232e+02
  5.7508715e+02
  5.7692374e+02
  5.8857935e+02
  5.8632461e+02
  5.9304248e+02
  5.7156137e+02
  5.8719415e+02
  5.7937385e+02
  5.7964891e+02
  5.6776125e+02
  5.6462772e+02
  5.8094658e+02
  5.8001571e+02
  5.8031930e+02
  5.7901552e+02
  5.7452590e+02
  5.7754152e+02
  5.8561489e+02
  5.7476423e+02
  5.9462077e+02
  5.8633049e+02
  5.8769654e+02
  5.7610523e+02
  5.7635813e+02
  5.7651347e+02
  5.7358250e+02
  5.9180714e+02
  5.9339702e+02
  5.8278073e+02
  5.9246408e+02
  5.8116721e+02
  5.8343468e+02
  5.6992300e+02
  5.9103364e+02
  5.7892910e+02
  5.8565399e+02
  5.8442643e+02
  5.8850344e+02
  5.7617654e+02
  5.8667069e+02
  5.7835230e+02
  5.7939217e+02
  5.7999828e+02
  5.7835957e+02
  5.8439684e+02
  5.8652755e+02
  5.8050120e+02
  5.8348727e+02
  5.7664359e+02
  5.7974438e+02
  5.7966074e+02
  5.8906500e+02
  5.6741529e+02
  5.7229054e+02
  5.7323776e+02
  5.7872558e+02
  5.9526066e+02
  5.8727010e+02
  5.8253980e+02
  5.7685801e+02
  5.8591496e+02
  5.8804319e+02
  5.9214291e+02
  5.6715744e+02
  5.8427303e+02
  5.8146682e+02
  5.8334358e+02
  5.8942129e+02
  5.6952629e+02
  5.6884411e+02
  5.7520631e+02
  5.8226827e+02
  5.8069230e+02
  5.8467509e+02
  5.8049125e+02
  5.6530401e+02
  5.6737027e+02
  5.8143983e+02
  5.8655109e+02
  5.8831228e+02
  5.8531807e+02
  5.8895705e+02
  5.8812012e+02
  5.8213818e+02
  5.8316547e+02
  5.7342390e+02
  5.6983776e+02
  5.7861592e+02
  5.6217503e+02
  5.8099751e+02
  5.8380379e+02
  5.8814818e+02
  5.8391565e+02
  5.7853439e+02
  5.7081222e+02
  5.9531294e+02
  5.7261550e+02
  5.7777197e+02
  5.8171851e+02
  5.7559993e+02
  5.9418282e+02
  5.8937821e+02
  5.7730607e+02
  5.8316692e+02
  5.8817534e+02
  5.7117060e+02
  5.8387092e+02
  5.7399592e+02
  5.7772883e+02
  5.8603444e+02
  5.9628181e+02
  5.7476577e+02
  5.6830765e+02
  5.7312814e+02
  5.7752261e+02
  5.7659772e+02
  5.7836033e+02
  5.7957610e+02
  5.7850578e+02
  5.7726543e+02
  5.8702622e+02
  5.9398171e+02
  5.8809820e+02
  5.7759023e+02
  5.7638031e+02
  5.7783961e+02
  5.8857192e+02
  5.8178652e+02
  5.9694092e+02
  5.8533976e+02
  5.7621433e+02
  5.7935405e+02
  5.6878303e+02
  5.7532870e+02
  5.8312077e+02
  5.8290445e+02
  5.7695982e+02
  5.8162350e+02
  5.8654131e+02
  5.7763591e+02
  5.8413452e+02
  5.9409681e+02
  5.9530557e+02
  5.7958749e+02
  5.8635065e+02
  5.8915349e+02
  5.8666989e+02
  5.8216172e+02
  5.7963875e+02
  5.7947077e+02
  5.6957770e+02
  5.8262046e+02
  5.8240110e+02
  5.8443968e+02
  6.0171292e+02
  5.7726454e+02
  5.8699144e+02
  5.7712565e+02
  5.8827404e+02
  5.7943775e+02
  5.8639839e+02
  5.8693127e+02
  5.7635896e+02
  5.7638025e+02
  5.9192247e+02
  5.8712191e+02
  5.8565466e+02
  5.8911796e+02
  5.6388165e+02
  5.8381233e+02
  5.7249649e+02
  5.8195507e+02
  5.9252382e+02
  5.8409109e+02
  5.8684098e+02
  5.8877330e+02
  5.8319843e+02
  5.8314322e+02
  5.7332122e+02
  5.7023602e+02
  5.9186195e+02
  5.8616285e+02
  5.8537295e+02
  5.9635801e+02
  5.8286970e+02
  5.9358593e+02
  5.7442750e+02
  5.7323931e+02
  5.9801474e+02
  5.8052771e+02
  5.7393265e+02
  5.8634226e+02
  5.8576720e+02
  5.7487524e+02
  5.8191094e+02
  5.8403877e+02
  5.8630387e+02
  5.8245050e+02
  5.8848133e+02
  5.7641215e+02
  5.7418552e+02
  5.8701201e+02
  5.7461297e+02
  5.7672101e+02
  5.7641838e+02
  5.7757526e+02
  5.9111338e+02
  5.7977706e+02
  5.7900207e+02
  5.8860838e+02
  5.7905491e+02
  5.7467995e+02
  5.8338126e+02
  5.7522874e+02
  5.6056107e+02
  5.8560399e+02
  5.8777669e+02
  5.8189578e+02
  5.8900328e+02
  5.7229272e+02
  5.8200775e+02
  5.7871374e+02
  5.8171326e+02
  5.8180796e+02
  5.7703312e+02
  5.7217745e+02
  5.7634701e+02
  5.7551306e+02
  5.7701369e+02
  5.7054854e+02
  5.8686391e+02
  5.7863366e+02
  5.7975831e+02
  5.7033197e+02
  5.7717770e+02
  5.8111566e+02
  5.6781987e+02
  5.8337687e+02
  5.8383627e+02
  5.8303339e+02
  5.6619370e+02
  6.0102929e+02
  5.8017563e+02
  5.8578784e+02
  6.0245880e+02
  5.8188515e+02
  5.7947314e+02
  5.7722486e+02
  5.8549054e+02
  5.7450374e+02
  5.9462710e+02
  5.7245857e+02
  5.7597192e+02
  5.8316185e+02
  5.7574231e+02
  5.8268661e+02
  5.8694377e+02
  5.8315126e+02
  5.8928093e+02
  5.9371899e+02
  5.7512610e+02
  5.8410791e+02
  5.8676339e+02
  5.8540488e+02
  5.8038791e+02
  5.9037237e+02
  5.8833728e+02
  5.6765213e+02
  5.9258901e+02
  5.8945234e+02
  5.8183592e+02
  5.7163680e+02
  5.7419925e+02
  5.7538292e+02
  5.9972034e+02
  5.8033673e+02
  5.8906126e+02
  5.8828398e+02
  5.8832937e+02
  5.8983552e+02
  5.8219169e+02
  5.8276966e+02
  5.7763023e+02
  5.9604825e+02
  5.7859960e+02
  5.8697780e+02
  5.8678517e+02
  5.7405452e+02
  5.7474113e+02
  5.7778334e+02
  5.7964167e+02
  5.8308533e+02
  5.9376586e+02
  5.7177199e+02
  5.8164623e+02
  5.9313039e+02
  5.7704432e+02
  5.7492309e+02
  5.8202406e+02
  5.9966139e+02
  5.8157859e+02
  5.6362210e+02
  5.7693347e+02
  5.8685680e+02
  5.8905023e+02
  5.7961426e+02
  5.8610323e+02
  5.7548819e+02
  5.7769456e+02
  5.7783001e+02
  5.8513811e+02
  5.7112136e+02
  5.8304816e+02
  5.8170731e+02
  5.8861851e+02
  5.8756960e+02
  5.7121852e+02
  5.8446614e+02
  5.8793484e+02
  5.5916872e+02
  5.8985211e+02
  5.7634875e+02
  5.7871328e+02
  5.8702474e+02
  5.6389130e+02
  5.7909316e+02
  5.8134613e+02
  5.8160426e+02
  5.7751499e+02
  5.8842594e+02
  5.9302411e+02
  5.7369051e+02
  5.8170926e+02
  5.8183660e+02
  5.8963040e+02
  5.7340569e+02
  5.7870193e+02
  5.9136843e+02
  5.8481052e+02
  5.7144281e+02
  5.8791738e+02
  5.9099451e+02
  5.8978458e+02
  5.8887871e+02
  5.8400137e+02
  5.6798509e+02
  5.7803175e+02
  5.9269494e+02
  5.7883433e+02
  5.8789146e+02
  5.8126296e+02
  5.8618949e+02
  5.9334237e+02
  5.8448335e+02
  5.7691307e+02
  5.7802168e+02
  5.7306407e+02
  5.7597204e+02
  5.8654655e+02
  5.7989098e+02
  5.9027813e+02
  5.7895610e+02
  5.7987252e+02
  5.7327314e+02
  5.7644297e+02
  5.8839301e+02
  5.7462640e+02
  5.8317199e+02
  5.8438882e+02
  5.7816624e+02
  5.8541596e+02
  5.7409313e+02
  5.8457511e+02
  5.8348683e+02
  5.8087588e+02
  5.9103253e+02
  5.7835436e+02
  5.9188157e+02
  6.0161731e+02
  5.7543594e+02
  5.8227855e+02
  5.7671714e+02
  5.7384511e+02
  5.7992542e+02
  5.8708130e+02
  5.8106177e+02
  5.8538875e+02
  5.6780879e+02
  5.8437446e+02
  5.7787273e+02
  5.8601021e+02
  5.7751329e+02
  5.8189490e+02
  5.8050694e+02
  5.7612606e+02
  5.8988303e+02
  5.7763150e+02
  5.7852555e+02
  5.8628417e+02
  6.0031198e+02
  5.8807355e+02
  5.6840706e+02
  6.0375488e+02
  5.8589930e+02
  5.7961927e+02
  5.8276886e+02
  5.8455784e+02
  5.8668673e+02
  5.6985464e+02
  5.9023768e+02
  5.8642642e+02
  5.6963942e+02
  6.0124268e+02
  5.9828810e+02
  5.8542922e+02
  5.8181496e+02
  5.8540178e+02
  5.9340049e+02
  5.7794621e+02
  5.7104582e+02
  5.9158470e+02
  5.6894929e+02
  5.7857274e+02
  5.9448459e+02
  5.7949576e+02
  5.7568881e+02
  5.8001536e+02
  5.6693725e+02
  5.8187110e+02
  5.8557857e+02
  5.7540979e+02
  5.7781410e+02
  5.6887833e+02
  5.7936465e+02
  5.8850768e+02
  5.8443192e+02
  5.7600692e+02
  5.6920257e+02
  5.8665038e+02
  5.8820337e+02
  5.8194207e+02
  5.9069815e+02
  5.9412467e+02
  5.8260944e+02
  5.6916986e+02
  5.7230666e+02
  5.8825800e+02
  5.7230521e+02
  5.8524167e+02
  5.7789202e+02
  5.7959353e+02
  5.8046338e+02
  5.8074018e+02
  5.8198432e+02
  5.8300048e+02
  5.7353225e+02
  5.7087606e+02
  5.7690552e+02
  5.9364150e+02
  5.8216421e+02
  5.8270000e+02
  5.8784251e+02
  5.8636524e+02
  5.8496086e+02
  5.8139582e+02
  5.8440558e+02
  5.8695552e+02
  5.7058173e+02
  5.8147996e+02
  5.6442951e+02
  5.7941449e+02
  5.8226794e+02
  5.7737204e+02
  5.8682415e+02
  5.8560513e+02
  5.8417483e+02
  5.7961121e+02
  5.8270773e+02
  5.8596274e+02
  5.7269336e+02
  5.8004403e+02
  5.7629289e+02
  5.7865076e+02
  5.8274210e+02
  5.8206167e+02
  5.6594023e+02
  5.6417412e+02
  5.7679940e+02
  5.7088282e+02
  5.8065069e+02
  5.7881297e+02
  5.7252806e+02
  5.7990797e+02
  5.7703286e+02
  5.8380194e+02
  5.8059174e+02
  5.8530343e+02
  5.9080219e+02
  5.6709549e+02
  5.7914258e+02
  5.8063125e+02
  5.8496621e+02
  5.7236994e+02
  5.7420883e+02
  5.6565881e+02
  5.8991776e+02
  5.7874059e+02
  5.8186073e+02
  5.6244239e+02
  5.7895250e+02
  5.9277205e+02
  5.8142506e+02
  5.7572573e+02
  5.9298420e+02
  5.8695914e+02
  5.7362278e+02
  5.7947705e+02
  5.8315782e+02
  5.7045514e+02
  5.7658201e+02
  5.8281142e+02
  5.8621128e+02
  5.7186871e+02
  5.7199494e+02
  5.9080635e+02
  5.9148294e+02
  5.9354098e+02
  5.8529939e+02
  5.9277093e+02
  5.8769011e+02
  5.7237901e+02
  5.8411278e+02
  6.0027002e+02
  5.8636743e+02
  5.8446523e+02
  5.7706144e+02
  5.7655026e+02
  5.8225436e+02
  5.8677029e+02
  5.9536146e+02
  5.8754711e+02
  5.8311564e+02
  5.6691640e+02
  5.8199496e+02
  5.8330968e+02
  5.8330566e+02
  5.6575699e+02
  5.8382088e+02
  5.8070035e+02
  5.8802123e+02
  5.7406114e+02
  5.7653240e+02
  5.6829398e+02
  5.8522843e+02
  5.6778676e+02
  5.9678696e+02
  5.8996226e+02
  5.6742934e+02
  5.7265295e+02
  5.7430458e+02
  5.9717524e+02
  5.7832409e+02
  5.7822147e+02
  5.8040999e+02
  5.7159413e+02
  5.9274794e+02
  5.7771124e+02
  6.0159672e+02
  5.7179285e+02
  5.8698467e+02
  5.8873045e+02
  5.6973370e+02
  5.6790721e+02
  5.8876858e+02
  5.6554168e+02
  5.8248077e+02
  5.7748510e+02
  5.7323910e+02
  5.8720041e+02
  5.8235571e+02
  5.7557222e+02
  5.9717312e+02
  5.8428530e+02
  5.8561119e+02
  5.9011755e+02
  5.7133698e+02
  5.8242568e+02
  5.7242130e+02
  5.8186513e+02
  5.8717323e+02
  5.7897909e+02
  5.9109040e+02
  5.7888070e+02
  5.8526953e+02
  5.8413334e+02
  5.7988890e+02
  5.7799871e+02
  5.9004568e+02
  5.8620387e+02
  5.8272940e+02
  5.8159053e+02
  5.6503653e+02
  5.8759286e+02
  5.7035118e+02
  5.8556084e+02
  5.7353003e+02
  5.8556370e+02
  5.7844447e+02
  5.7376640e+02
  5.8573131e+02
  5.7769230e+02
  5.7473013e+02
  5.6983367e+02
  5.9033951e+02
  5.8638162e+02
  5.7661410e+02
  5.7651894e+02
  5.8573549e+02
  5.8491472e+02
  5.7582515e+02
  5.7565688e+02
  5.9555200e+02
  5.8446230e+02
  5.8940375e+02
  5.8758020e+02
  5.6694304e+02
  5.8297082e+02
  5.9058303e+02
  5.8158879e+02
  5.7343117e+02
  5.7806263e+02
  5.8489648e+02
  5.8123616e+02
  5.8181857e+02
  5.7963803e+02
  5.7257483e+02
  5.8553390e+02
  5.7477622e+02
  5.9265168e+02
  5.7685146e+02
  5.8326720e+02
  5.8009709e+02
  5.7123823e+02
  5.7811644e+02
  5.7973022e+02
  5.7492763e+02
  5.7819107e+02
  5.8921341e+02
  5.9483898e+02
  5.8523011e+02
  5.8615593e+02
  5.8512505e+02
  5.8170791e+02
  5.6615117e+02
  5.7524741e+02
  5.8323478e+02
  5.8768757e+02
  5.7720551e+02
  5.9415987e+02
  5.7051085e+02
  5.9516212e+02
  5.8677772e+02
  5.6939202e+02
  5.7756103e+02
  5.7077211e+02
  5.8975248e+02
  5.7863067e+02
  5.9105477e+02
  5.6912305e+02
  5.8070689e+02
  5.6827857e+02
  5.7816245e+02
  5.7442884e+02
  5.8543144e+02
  5.9014028e+02
  5.7782879e+02
  5.8635391e+02
  5.8732073e+02
  5.9280029e+02
  5.6552861e+02
  5.7122979e+02
  5.8736819e+02
  5.7077166e+02
  5.8351231e+02
  5.7884190e+02
  5.8552435e+02
  5.9611880e+02
  5.7770470e+02
  5.7170188e+02
  5.8901261e+02
  5.9187203e+02
  5.7572725e+02
  5.6807249e+02
  5.7360586e+02
  5.7335247e+02
  5.9204936e+02
  5.7323198e+02
  5.8783295e+02
  5.6724226e+02
  5.9986607e+02
  5.9674654e+02
  5.8806537e+02
  5.8218552e+02
  5.8311628e+02
  5.7295255e+02
  5.7430989e+02
  5.8917592e+02
  5.8521684e+02
  5.7532785e+02
  5.7381168e+02
  5.8975628e+02
  5.7477685e+02
  5.8833683e+02
  5.8505566e+02
  5.8320068e+02
  5.8089745e+02
  5.8767538e+02
  5.8570550e+02
  5.7106117e+02
  5.7836190e+02
  5.8374865e+02
  5.6830266e+02
  5.9116493e+02
  5.8526892e+02
  5.7915265e+02
  5.7731347e+02
  5.6321588e+02
  5.8831348e+02
  5.8616811e+02
  5.7757423e+02
  5.6720948e+02
  5.8452099e+02
  5.7403578e+02
  5.7353632e+02
  5.8184073e+02
  5.7114795e+02
  5.7756393e+02
  5.8689183e+02
  5.7058098e+02
  5.7736203e+02
  5.8094578e+02
  5.7842240e+02
  5.9062541e+02
  5.7634393e+02
  5.8902079e+02
  5.7546167e+02
  5.8943655e+02
  5.9145142e+02
  5.8010609e+02
  5.8875466e+02
  5.8961833e+02
  5.8691568e+02
  5.9484490e+02
  5.7610384e+02
  5.7564152e+02
  5.8261471e+02
  5.8158997e+02
  5.7747903e+02
  5.9019010e+02
  5.9074393e+02
  5.8953415e+02
  5.8822659e+02
  5.8609443e+02
  5.8740913e+02
  5.8004650e+02
  5.8653295e+02
  5.8844228e+02
  5.7472699e+02
  5.7955466e+02
  5.8373294e+02
  5.6467413e+02
  5.7687759e+02
  5.7509146e+02
  5.7903667e+02
  5.7586030e+02
  5.7646722e+02
  5.8178884e+02
  5.6974945e+02
  5.7558409e+02
  5.8344896e+02
  5.7983285e+02
  5.8176720e+02
  5.7955934e+02
  5.7548895e+02
  5.7626669e+02
  5.7461550e+02
  5.7890732e+02
  5.8612930e+02
  5.9536774e+02
  5.7923909e+02
  5.8941945e+02
  5.8365547e+02
  5.7679376e+02
  5.9125679e+02
  5.9215617e+02
  5.7718569e+02
  5.7641792e+02
  5.9056971e+02
  5.7815533e+02
  5.7821642e+02
  5.8462353e+02
  5.8526953e+02
  5.8327090e+02
  5.7656087e+02
  5.7996322e+02
  5.7939816e+02
  5.7175991e+02
  5.8126054e+02
  5.8581392e+02
  5.7173384e+02
  5.8332744e+02
  5.8975301e+02
  5.7905675e+02
  5.8660361e+02
  5.8961359e+02
  5.7184005e+02
  5.7158186e+02
  5.7853949e+02
  5.8261729e+02
  5.6295604e+02
  5.8483701e+02
  5.9346410e+02
  5.9181530e+02
  5.8108536e+02
  5.7991785e+02
  5.7160123e+02
  5.9628049e+02
  5.7879384e+02
  5.8421673e+02
  5.9040441e+02
  5.7976425e+02
  5.8260205e+02
  5.7021545e+02
  5.8646990e+02
  5.8219133e+02
  5.7376264e+02
  5.8857230e+02
  5.7687484e+02
  5.8691207e+02
  6.0165650e+02
  5.6724021e+02
  5.8224518e+02
  5.9513282e+02
  5.8103187e+02
  5.7861746e+02
  5.7530991e+02
  5.6484012e+02
  5.8471064e+02
  5.7226567e+02
  5.8077193e+02
  5.9195431e+02
  5.8814040e+02
  5.9750788e+02
  5.7771862e+02
  5.8864142e+02
  5.7840692e+02
  5.9135976e+02
  5.8538021e+02
  5.9344367e+02
  5.7296381e+02
  6.0314647e+02
  5.7442433e+02
  5.7261511e+02
  5.7804001e+02
  5.6852840e+02
  5.8136017e+02
  5.7300478e+02
  5.8497010e+02
  5.8618594e+02
  5.8000442e+02
  5.7963285e+02
  5.8690465e+02
  5.8696055e+02
  5.7909284e+02
  5.8273819e+02
  5.7244774e+02
  5.7652009e+02
  5.6973980e+02
  5.6625444e+02
  5.9196351e+02
  5.7086440e+02
  5.7738222e+02
  5.7420910e+02
  5.8780775e+02
  5.9563683e+02
  5.8486442e+02
  5.8628575e+02
  5.8044066e+02
  5.8173178e+02
  5.8660321e+02
  5.8207472e+02
  5.9003007e+02
  5.7812359e+02
  5.7370311e+02
  5.7731668e+02
  5.7198861e+02
  5.6729578e+02
  5.8609488e+02
  5.9035350e+02
  5.8458126e+02
  5.8060827e+02
  5.8317810e+02
