BOUNDARY

orthorhombic     1.04551590e+01  1.04551590e+01  1.04551590e+01

MOLECULES

species    0
nMolecule  100

molecule   0
  7.90604494e+00  9.14141042e+00  7.48528579e+00
  8.85982372e+00  8.89538466e+00  7.30649946e+00
  8.53135505e+00  8.64425541e+00  8.21557436e+00
  9.49262700e+00  8.63651276e+00  8.55659611e+00
  1.04441852e+01  8.69705344e+00  8.94094798e+00
  1.91925119e-01  7.99503199e+00  8.26355186e+00
  1.11420892e+00  8.31712153e+00  8.61132204e+00
  1.13403005e+00  7.38413347e+00  8.23813054e+00

molecule   1
  5.54621163e+00  5.65821127e+00  8.04641604e+00
  6.52001593e+00  5.37861467e+00  8.18995015e+00
  7.17881499e+00  4.71150759e+00  7.89413241e+00
  6.59049606e+00  3.93986244e+00  8.06091267e+00
  5.65256428e+00  3.67186419e+00  7.74302531e+00
  5.67752728e+00  2.83083786e+00  8.28757799e+00
  4.72937886e+00  2.47591362e+00  8.39003358e+00
  5.12999247e+00  1.90141528e+00  7.69700818e+00

molecule   2
  3.42067234e+00  9.54940833e+00  4.41817110e+00
  2.52098830e+00  9.94326402e+00  4.40815992e+00
  2.05818365e+00  4.29274697e-01  4.26992577e+00
  1.27154189e+00  1.03175693e+01  4.48782361e+00
  9.53414570e-01  9.93086607e+00  3.68176593e+00
  1.21558979e+00  1.02885885e+01  2.80639316e+00
  1.51594562e+00  7.87525347e-01  2.91314507e+00
  1.29683209e+00  1.66823578e+00  2.51877883e+00

molecule   3
  2.31892274e+00  2.15505458e+00  6.73145605e+00
  3.19943441e+00  2.31663272e+00  6.19344399e+00
  3.89153007e+00  1.81779112e+00  6.71619713e+00
  3.62956951e+00  8.93873242e-01  7.08432329e+00
  2.93786222e+00  2.71153821e-01  7.44256134e+00
  1.93222484e+00  1.40635205e-01  7.27505296e+00
  2.22280003e+00  9.89045967e+00  6.60010095e+00
  1.21016647e+00  9.73129095e+00  6.53242412e+00

molecule   4
  5.57026033e-01  9.51284956e+00  2.09168203e+00
  1.03398841e+01  9.95326465e+00  2.66255431e+00
  3.04811165e-01  1.45491540e-01  3.34231188e+00
  2.32021803e-01  5.73317308e-01  2.46836671e+00
  2.74205983e-01  1.52194485e+00  2.23161298e+00
  3.81695557e-01  1.88757218e+00  3.17981219e+00
  1.15657386e+00  2.38918646e+00  3.45809953e+00
  2.03162178e+00  2.11223670e+00  3.92911765e+00

molecule   5
  2.00563031e-01  1.63622977e+00  8.05593443e+00
  2.86482869e-01  9.06398645e-01  7.40762976e+00
  6.75063529e-01  1.30566880e-01  6.92906057e+00
  6.13559493e-01  2.68853701e-01  5.90324291e+00
  1.01563409e+01  1.04465847e+01  5.57524370e+00
  9.79465691e+00  9.81325249e+00  4.86445592e+00
  1.02082767e+01  8.88377568e+00  4.89743049e+00
  9.20606023e+00  8.85271388e+00  4.78429643e+00

molecule   6
  1.27063795e+00  8.89313422e+00  1.50346539e+00
  3.80852458e-01  9.13949180e+00  1.12201459e+00
  9.97465585e+00  9.38413539e+00  6.81033553e-01
  9.85417300e+00  8.42322101e+00  5.39925770e-01
  9.04947123e+00  8.65239156e+00  1.08045387e+00
  9.74412163e+00  8.99332307e+00  1.72040211e+00
  8.90264492e+00  9.44039579e+00  1.98497237e+00
  8.09490782e+00  9.68084002e+00  2.53557712e+00

molecule   7
  6.59828503e+00  1.84941651e+00  2.91669294e+00
  6.57426380e+00  9.84256427e-01  3.38606286e+00
  6.28446154e+00  5.05152601e-01  4.19756860e+00
  7.14660831e+00  3.29784002e-01  4.64263202e+00
  6.42189475e+00  1.01607492e+01  4.91500812e+00
  5.73056179e+00  4.11018260e-01  5.16929403e+00
  5.03350012e+00  5.58174554e-01  4.45703565e+00
  4.27853773e+00  3.44346392e-02  4.90284251e+00

molecule   8
  9.99169939e+00  3.71811886e+00  5.63342890e+00
  2.16987272e-01  3.00181886e+00  5.52822817e+00
  5.99683228e-01  2.09061305e+00  5.65236300e+00
  7.56241892e-01  1.15193121e+00  5.34061743e+00
  1.41510655e+00  1.28587493e+00  4.59851289e+00
  7.77119134e-01  1.01863463e+00  3.91240166e+00
  1.02561688e+01  1.04355669e+00  3.82633704e+00
  1.04007432e+01  2.06339406e-01  4.37146363e+00

molecule   9
  3.56570727e+00  6.84003576e+00  8.77191293e+00
  3.80570869e+00  6.17904514e+00  8.10232281e+00
  4.13525215e+00  5.98791440e+00  7.18436020e+00
  5.04550460e+00  5.71677988e+00  6.82160626e+00
  4.39104193e+00  5.91862475e+00  6.08591337e+00
  4.89569397e+00  6.47645209e+00  5.43182754e+00
  5.57751584e+00  5.77327224e+00  5.32630987e+00
  6.32995551e+00  5.16457960e+00  5.26411573e+00

molecule   10
  7.98965889e+00  1.30051445e+00  2.90403054e+00
  7.56635207e+00  1.82832689e+00  2.17283201e+00
  8.27797968e+00  2.44401114e+00  2.47725716e+00
  9.09090820e+00  2.02146484e+00  2.86066045e+00
  9.39931699e+00  1.10076404e+00  3.02319266e+00
  8.71847632e+00  6.32195910e-01  2.51003914e+00
  8.31435180e+00  1.18889217e-01  1.71837093e+00
  8.22420621e+00  9.72736415e+00  1.24226524e+00

molecule   11
  2.92949370e+00  2.71670729e+00  5.07785039e+00
  2.59569542e+00  3.19217864e+00  4.25448933e+00
  1.79360341e+00  3.75604881e+00  4.14770201e+00
  1.68216239e+00  3.91038933e+00  3.14968306e+00
  2.61470440e+00  3.61088866e+00  3.21226606e+00
  3.01008373e+00  4.48320313e+00  3.04633917e+00
  3.99418135e+00  4.50271425e+00  2.98384930e+00
  4.78998530e+00  4.89875876e+00  3.41630272e+00

molecule   12
  6.25223733e+00  5.77750467e+00  6.83701527e+00
  7.01045413e+00  5.08046163e+00  6.66788056e+00
  6.79047202e+00  4.31548423e+00  6.05484377e+00
  5.83092953e+00  4.52449884e+00  6.02075411e+00
  4.86470494e+00  4.43296509e+00  5.67701038e+00
  5.28710568e+00  4.60735433e+00  4.75540780e+00
  6.16982689e+00  4.13917695e+00  4.62533058e+00
  6.63841557e+00  3.26258463e+00  4.64202025e+00

molecule   13
  6.95105816e+00  6.36069316e+00  5.55299067e+00
  6.09335304e+00  6.71744417e+00  5.94840047e+00
  6.77344783e+00  6.82832371e+00  6.66631357e+00
  6.28504567e+00  7.68598644e+00  6.57326811e+00
  6.74567648e+00  7.50987834e+00  5.73764743e+00
  5.78429295e+00  7.68794917e+00  5.64750407e+00
  4.87766493e+00  7.61835894e+00  5.24903781e+00
  5.54346469e+00  7.02159434e+00  4.87378220e+00

molecule   14
  4.51914490e+00  7.93860085e+00  6.41895324e+00
  4.87052228e+00  6.99419629e+00  6.28217020e+00
  4.08467960e+00  6.95631769e+00  6.83743628e+00
  3.58384704e+00  6.96376061e+00  5.94246958e+00
  3.50030186e+00  6.25604925e+00  5.22359083e+00
  2.74915051e+00  5.99788315e+00  5.81462643e+00
  2.05145429e+00  5.78420564e+00  5.13119231e+00
  1.41892505e+00  6.31494650e+00  4.58275859e+00

molecule   15
  6.10056980e+00  6.05829756e+00  2.44000957e+00
  6.98711150e+00  6.50177616e+00  2.37121140e+00
  7.64939116e+00  6.97439337e+00  1.83536458e+00
  8.44914932e+00  6.81409340e+00  2.46266193e+00
  9.15965713e+00  6.06497062e+00  2.41333410e+00
  9.51305357e+00  6.77759542e+00  1.83269225e+00
  1.02675163e+01  7.12115469e+00  1.25574511e+00
  9.64810434e+00  7.41862679e+00  5.43408421e-01

molecule   16
  9.97903064e+00  5.62002704e+00  6.22874172e+00
  9.70343453e+00  5.63366449e+00  7.17996404e+00
  1.00462301e+01  6.56868255e+00  7.35228148e+00
  9.15290657e+00  7.07341629e+00  7.34794305e+00
  8.76632947e+00  7.67338053e+00  6.65072018e+00
  9.56195329e+00  8.32951839e+00  6.74123966e+00
  9.78277364e+00  9.25080270e+00  6.95746172e+00
  9.70065480e+00  9.13973422e+00  5.99610895e+00

molecule   17
  8.74988191e+00  8.40800916e+00  2.70941308e+00
  9.39207080e+00  7.73374062e+00  3.15240614e+00
  9.37982205e+00  8.60368233e+00  3.60053504e+00
  9.56265943e+00  9.32410635e+00  2.91288570e+00
  9.05225184e+00  1.01581889e+01  2.62694385e+00
  9.48529205e+00  3.41839146e-01  1.97623402e+00
  1.00660264e+01  1.00644930e+01  1.63407821e+00
  9.25333643e+00  1.03156012e+01  1.12770938e+00

molecule   18
  3.24540170e+00  4.95522319e+00  5.12552048e+00
  3.92788333e+00  4.54585101e+00  5.73458839e+00
  3.09299818e+00  4.83113716e+00  6.08906338e+00
  2.45207587e+00  4.47408355e+00  6.71375597e+00
  1.98371572e+00  4.74899936e+00  5.91797510e+00
  2.06782387e+00  4.43206526e+00  4.97926340e+00
  2.16998393e+00  3.47100740e+00  5.23181795e+00
  2.72012651e+00  3.90881852e+00  5.89380276e+00

molecule   19
  6.93593774e+00  7.66603562e+00  2.71713440e+00
  6.63231496e+00  8.57590577e+00  2.47597172e+00
  6.20058548e+00  9.42716565e+00  2.80490124e+00
  6.32496127e+00  9.40495629e+00  3.75602858e+00
  6.14151287e+00  8.42525824e+00  3.57406179e+00
  5.26680209e+00  8.05102834e+00  3.74748896e+00
  5.78991821e+00  8.06399219e+00  4.59051655e+00
  6.62998777e+00  8.67860213e+00  4.61658558e+00

molecule   20
  4.25511149e+00  9.93838968e+00  3.48244931e+00
  4.89003367e+00  1.01189732e+01  2.76860288e+00
  5.45475826e+00  1.04080226e+01  2.00357730e+00
  6.31864748e+00  4.06583135e-01  1.75637767e+00
  7.11907255e+00  6.17676374e-01  2.33837612e+00
  6.89791313e+00  1.02107923e+01  2.81143376e+00
  7.68820921e+00  1.03762852e+01  3.35871002e+00
  8.61960925e+00  1.01055925e+01  3.63721683e+00

molecule   21
  1.11938012e+00  6.48672949e+00  9.15538190e+00
  1.36013992e+00  5.66620089e+00  9.66390485e+00
  1.70012835e+00  6.03449543e+00  7.36157055e-02
  9.10601599e-01  6.60515354e+00  1.04186507e+01
  1.03864607e+01  6.85655550e+00  8.86396418e-02
  1.04101742e+01  6.23221996e+00  8.54638433e-01
  1.00273485e+01  5.29646898e+00  1.01242582e+00
  9.54885872e+00  4.46456981e+00  1.37274104e+00

molecule   22
  4.28033665e+00  8.12101959e+00  8.95776022e+00
  3.60874177e+00  7.63051228e+00  9.50481610e+00
  3.83138477e+00  8.46653901e+00  9.99932380e+00
  2.82371419e+00  8.15478404e+00  1.02137374e+01
  2.88339685e+00  9.10348665e+00  9.97158362e+00
  2.28889677e+00  9.81669506e+00  1.03473944e+01
  2.26314563e+00  9.09501161e+00  6.05709773e-01
  2.45447431e+00  9.89901208e+00  1.17209955e+00

molecule   23
  7.45901075e+00  3.73182913e+00  8.52214788e+00
  8.39126967e+00  3.65758331e+00  8.96557546e+00
  9.26689151e+00  3.31722726e+00  8.57918682e+00
  1.01710889e+01  2.79333736e+00  8.44281138e+00
  1.89756918e-01  3.61950729e+00  8.86769105e+00
  4.67783005e-01  3.49351137e+00  9.79762293e+00
  1.00882004e+01  2.90778751e+00  9.87758551e+00
  9.88782058e+00  3.81873702e+00  1.02300986e+01

molecule   24
  5.90184801e+00  6.99218693e+00  8.09762260e-01
  6.04357115e+00  6.12478744e+00  1.26698700e+00
  7.06539199e+00  6.29211299e+00  1.14496033e+00
  6.85419659e+00  6.03024049e+00  2.25438908e-01
  7.30954037e+00  5.21305316e+00  1.02650965e+01
  6.37599099e+00  4.86268943e+00  1.02895334e+01
  6.58104465e+00  4.26476842e+00  6.21415699e-01
  5.99903900e+00  3.43916047e+00  6.72723446e-01

molecule   25
  4.34885069e+00  5.19878217e+00  4.90078618e+00
  3.66699789e+00  5.02446475e+00  4.16780690e+00
  3.92419719e+00  5.97927146e+00  3.93298108e+00
  3.80982566e+00  6.88713479e+00  4.19374354e+00
  3.37906270e+00  7.62623634e+00  4.71331476e+00
  2.55134263e+00  7.92086218e+00  5.21066765e+00
  2.20433698e+00  7.99732833e+00  6.11630503e+00
  1.89147741e+00  8.95485304e+00  6.21961554e+00

molecule   26
  1.43447755e+00  2.83298195e+00  5.97108249e+00
  2.05463731e+00  3.36484210e+00  6.53095176e+00
  1.07417587e+00  3.36560320e+00  6.76975914e+00
  1.25122586e+00  3.90313172e+00  5.94920016e+00
  1.05563847e+00  4.69309949e+00  5.37181106e+00
  3.48019703e-01  4.59994218e+00  4.62031398e+00
  1.15202112e+00  4.61841799e+00  4.04364333e+00
  5.85520427e-01  5.15126618e+00  3.44592801e+00

molecule   27
  2.55577841e-01  2.62754153e-01  1.04939848e+00
  1.09000476e+00  8.04615938e-01  1.06305655e+00
  1.77780778e+00  2.86698727e-01  1.54714887e+00
  1.96864507e+00  3.70016144e-01  6.11254847e-01
  2.68136209e+00  7.31689492e-01  1.18387537e+00
  3.47215436e+00  1.32353226e+00  1.06448318e+00
  3.84072804e+00  4.47276612e-01  1.30781675e+00
  3.57155218e+00  8.33313651e-01  2.15236504e+00

molecule   28
  8.19829066e+00  1.02773819e+01  1.03078829e+01
  8.74797669e+00  9.55250118e+00  2.04758411e-01
  9.50938525e+00  9.45935950e+00  1.00475631e+01
  1.02586549e+01  1.01322323e+01  1.02080524e+01
  7.92930178e-01  1.02809416e+01  1.00493329e+01
  1.52325817e+00  1.07917637e-01  9.46707913e+00
  1.62915394e+00  1.11685811e+00  9.39454879e+00
  1.64275264e+00  1.29533412e+00  1.03572516e+01

molecule   29
  6.51414851e+00  1.04169481e+01  7.02914551e+00
  5.84318614e+00  9.71070881e+00  6.90485806e+00
  5.84519943e+00  8.73910401e+00  6.90898139e+00
  5.87258881e+00  8.97222976e+00  5.92440399e+00
  4.90140025e+00  9.20962235e+00  6.06835242e+00
  5.19754695e+00  9.29314813e+00  5.16400681e+00
  5.30378663e+00  1.01237548e+01  4.62251824e+00
  5.44912763e+00  1.03227135e+01  3.68329357e+00

molecule   30
  4.48752482e+00  5.86730683e+00  3.11769479e+00
  3.61932457e+00  5.53403806e+00  2.89039966e+00
  3.47923642e+00  4.82470355e+00  2.17794680e+00
  3.14765975e+00  3.93144642e+00  2.08714592e+00
  4.07792419e+00  4.03387070e+00  1.73513904e+00
  3.99059961e+00  3.11548810e+00  2.01571634e+00
  3.89046530e+00  3.09623735e+00  2.99905869e+00
  3.01687625e+00  2.75632202e+00  2.79370630e+00

molecule   31
  2.41921413e+00  8.19966126e+00  2.39167352e+00
  2.31978072e+00  7.40423543e+00  1.82400468e+00
  1.98885272e+00  7.41091411e+00  8.67630295e-01
  1.90639452e+00  7.41218932e+00  1.03006958e+01
  2.05156875e+00  6.63508665e+00  9.69792194e+00
  2.82653637e+00  7.20144601e+00  9.87399740e+00
  3.60036313e+00  6.74975694e+00  1.02819364e+01
  4.09186225e+00  7.58833657e+00  7.80807999e-02

molecule   32
  5.50508923e+00  8.90715648e+00  6.31342927e-01
  5.40518222e+00  9.90681377e+00  6.96363354e-01
  6.08489683e+00  9.60705919e+00  1.45201265e+00
  6.40423027e+00  9.27164344e+00  6.08917814e-01
  6.18128510e+00  9.82909307e+00  1.02634819e+01
  5.44369776e+00  9.55370378e+00  9.68721885e+00
  4.80993029e+00  8.94255380e+00  1.01266448e+01
  5.13370466e+00  7.99502070e+00  1.00062663e+01

molecule   33
  4.75520065e+00  3.70916254e+00  3.45941438e+00
  5.16318657e+00  3.65437987e+00  4.31794346e+00
  5.67292887e+00  4.17632161e+00  3.63295336e+00
  5.93130277e+00  5.10555417e+00  3.90098766e+00
  5.46781739e+00  5.90107943e+00  4.27081011e+00
  5.68620305e+00  6.16463758e+00  3.34684184e+00
  6.64652599e+00  6.34374968e+00  3.60658125e+00
  6.43417794e+00  6.26572480e+00  4.58875263e+00

molecule   34
  8.12556272e+00  2.46572765e+00  1.44142053e+00
  8.53354697e+00  3.32554053e+00  1.78192631e+00
  8.56033938e+00  4.30097148e+00  1.90291175e+00
  9.17145898e+00  4.94930582e+00  2.41271341e+00
  1.00573682e+01  5.00962267e+00  2.84353778e+00
  1.02291881e+01  5.74538261e+00  2.20982076e+00
  1.03055207e+01  6.64873837e+00  2.56328283e+00
  5.40074526e-01  6.62389512e+00  1.87453683e+00

molecule   35
  7.56808490e+00  7.40400618e-02  7.61376153e+00
  6.94245341e+00  3.60248032e-01  8.33375527e+00
  6.02123030e+00  7.22755943e-01  8.48679388e+00
  5.73944987e+00  1.04308981e+01  7.85883354e+00
  5.58590062e+00  1.01413727e+01  8.85465192e+00
  4.67707609e+00  6.54317189e-02  8.91511967e+00
  4.71923492e+00  8.80060434e-01  8.26704303e+00
  4.16350155e+00  1.51087791e+00  8.82077517e+00

molecule   36
  1.71147021e+00  3.62921796e+00  7.54490092e+00
  1.63277923e+00  2.64919482e+00  7.23138819e+00
  1.85668118e+00  2.79296873e+00  8.20289830e+00
  1.07707296e+00  2.16934506e+00  8.12886644e+00
  8.73090380e-01  1.38558872e+00  8.76678090e+00
  3.90820793e-01  1.05416616e+00  9.56270699e+00
  7.60369218e-01  1.84015021e+00  1.00447324e+01
  6.03052281e-01  2.26568293e+00  5.06211833e-01

molecule   37
  8.40511324e+00  8.71203803e+00  9.95983018e+00
  7.81785251e+00  8.87134509e+00  3.11500048e-01
  6.90143155e+00  8.88379904e+00  1.02776424e+01
  7.22375504e+00  9.81745879e+00  7.67878877e-03
  7.50721424e+00  1.04022725e+01  7.77615007e-01
  6.55577337e+00  3.60169286e-01  6.90963999e-01
  5.90526078e+00  3.95684723e-01  1.03901013e+01
  5.09477410e+00  5.32479688e-01  4.36667514e-01

molecule   38
  8.48257548e+00  8.07142574e+00  4.87363064e+00
  9.06447860e+00  8.22342218e+00  5.71082879e+00
  8.07315213e+00  8.43553356e+00  5.79834522e+00
  7.78189140e+00  7.74513154e+00  6.45832200e+00
  7.90713778e+00  7.86232042e+00  7.43677294e+00
  7.28251280e+00  7.36405900e+00  8.02452788e+00
  6.97929594e+00  8.34694822e+00  8.12066993e+00
  7.33658251e+00  8.32143830e+00  9.04854200e+00

molecule   39
  8.02210357e+00  4.38915465e+00  6.09209902e+00
  7.84823331e+00  4.35587653e+00  7.11701025e+00
  7.83267199e+00  5.32223607e+00  7.32854694e+00
  8.58455825e+00  6.04198553e+00  7.28480970e+00
  8.16357323e+00  6.82511623e+00  7.69319257e+00
  7.72644614e+00  6.31382639e+00  6.98838157e+00
  7.81560521e+00  5.78832052e+00  6.11090099e+00
  8.11227216e+00  6.72771089e+00  6.12210045e+00

molecule   40
  6.63095615e+00  2.58470567e+00  9.15154715e+00
  6.62084053e+00  3.56373847e+00  9.02408277e+00
  7.27372140e+00  4.28517607e+00  9.29528041e+00
  7.12475200e+00  3.97309330e+00  1.02572135e+01
  7.07313629e+00  3.30274174e+00  5.72236306e-01
  7.81372983e+00  3.74763689e+00  1.06017983e+00
  8.62742579e+00  3.39831113e+00  5.56099956e-01
  8.73643688e+00  3.53335842e+00  9.99184008e+00

molecule   41
  6.83706837e+00  6.40152509e+00  7.61283617e+00
  6.43248549e+00  6.76695885e+00  8.43787567e+00
  6.82389047e+00  6.63394891e+00  9.33387391e+00
  7.08715810e+00  7.54300829e+00  9.67178669e+00
  6.71976310e+00  6.99774657e+00  3.47320094e-03
  6.99171128e+00  7.80091941e+00  5.02861594e-01
  6.07930256e+00  7.84824504e+00  1.18714152e-01
  6.15319877e+00  8.28232418e+00  9.69368687e+00

molecule   42
  7.79961683e+00  7.89322116e+00  2.41266110e+00
  7.67835395e+00  8.76532260e+00  2.87730788e+00
  8.34072375e+00  8.77670621e+00  3.66277031e+00
  7.40386424e+00  9.17867033e+00  3.88965457e+00
  7.85890340e+00  9.92126299e+00  4.37017243e+00
  8.46373703e+00  2.58733016e-01  4.48173296e+00
  8.45122729e+00  1.01351465e+01  5.31156932e+00
  8.80863810e+00  9.65620176e+00  6.14834607e+00

molecule   43
  4.83905388e-01  5.58410868e+00  4.41452083e+00
  4.23589381e-01  6.26947257e+00  5.17592439e+00
  1.03954122e+01  7.01976867e+00  4.79395396e+00
  9.74107891e+00  7.55672919e+00  4.24032487e+00
  1.03162375e+01  8.26553110e+00  3.83772588e+00
  5.19131382e-02  8.98313980e+00  3.13735306e+00
  2.46782824e-02  9.46620885e+00  4.01354397e+00
  9.72360817e+00  1.00814641e+01  3.78690848e+00

molecule   44
  4.49432737e+00  2.37301409e+00  8.61776509e-01
  4.76451251e+00  2.95070041e+00  1.46118323e-01
  5.06072539e+00  3.25899499e+00  1.07166206e+00
  4.90246762e+00  4.21611327e+00  8.54225003e-01
  5.66011319e+00  4.75912819e+00  6.58569547e-01
  5.54531234e+00  5.14153277e+00  1.60141434e+00
  5.72227107e+00  5.05941565e+00  2.56760427e+00
  4.82238244e+00  4.68111375e+00  2.28008908e+00

molecule   45
  5.38442848e+00  1.61974929e+00  5.27340776e+00
  4.74174918e+00  1.94860786e+00  5.93464022e+00
  5.05153352e+00  2.81455720e+00  5.60537286e+00
  6.01384823e+00  2.68294618e+00  5.36808270e+00
  5.73579520e+00  2.69877137e+00  4.44934363e+00
  4.87335041e+00  2.49623311e+00  4.02309928e+00
  5.34679672e+00  1.63261459e+00  4.03399761e+00
  5.42247518e+00  9.38368655e-01  3.32807122e+00

molecule   46
  9.41224582e+00  5.65105696e+00  9.32054649e+00
  1.01645344e+01  5.00310968e+00  9.26048794e+00
  4.88041498e-01  5.52609242e+00  9.07955217e+00
  3.06070427e-01  5.62906336e+00  1.00341375e+01
  6.40036620e-01  4.61054846e+00  1.00459209e+01
  4.29499619e-01  4.93426427e+00  5.51207060e-01
  9.11869008e-01  5.78080808e+00  8.01087323e-01
  1.46847631e+00  6.38731031e+00  1.33061419e+00

molecule   47
  5.06398356e+00  7.22947340e+00  8.68380110e+00
  4.57797826e+00  7.21414678e+00  9.57089994e+00
  4.49757645e+00  6.28617170e+00  9.31004652e+00
  3.55996499e+00  6.01066560e+00  9.45550574e+00
  3.93200015e+00  5.46436624e+00  1.02363489e+01
  4.82283234e+00  5.27213519e+00  9.68828850e+00
  5.74551454e+00  5.56580473e+00  9.77648348e+00
  6.73167681e+00  5.50735402e+00  9.48850912e+00

molecule   48
  8.44981134e+00  5.63717726e+00  9.98024875e-01
  8.58172891e+00  5.76540713e+00  9.32767070e-03
  8.39287667e+00  6.68474359e+00  1.01140669e+01
  8.88272462e+00  7.55624227e+00  1.02161345e+01
  8.30779635e+00  7.68211618e+00  9.40431497e+00
  9.01121634e+00  6.96216385e+00  9.18866974e+00
  9.64679097e+00  6.98200340e+00  8.43810781e+00
  9.56338107e+00  7.81879262e+00  7.94012098e+00

molecule   49
  5.40367078e+00  8.40769977e+00  8.79611085e+00
  6.11448137e+00  8.89382949e+00  8.30556147e+00
  6.66598052e+00  9.10415708e+00  9.13034115e+00
  7.04651182e+00  9.54142951e+00  8.31803279e+00
  6.88634994e+00  9.26975102e+00  7.35664875e+00
  6.94425660e+00  8.73719390e+00  6.57867604e+00
  7.57599857e+00  9.48791884e+00  6.45780491e+00
  7.51086023e+00  9.51977656e+00  5.46542286e+00

molecule   50
  7.43642233e+00  1.28899471e+00  8.44898319e-01
  8.03388346e+00  1.10586371e+00  1.61715502e+00
  8.78236216e+00  1.74692591e+00  1.89300184e+00
  9.47001764e+00  2.46434264e+00  2.00018915e+00
  9.46816065e+00  3.19723811e+00  1.29981553e+00
  9.97769762e+00  2.97425282e+00  4.92135209e-01
  4.66352370e-01  3.21022838e+00  3.76629437e-01
  1.33372217e+00  3.67501331e+00  4.61859278e-01

molecule   51
  1.28158635e+00  9.02565115e+00  7.33427232e+00
  1.27738481e+00  9.31642527e+00  8.30483092e+00
  1.37839173e+00  9.38439852e+00  9.32200116e+00
  1.14227604e+00  8.60539931e+00  9.86928294e+00
  6.05749237e-01  9.04976469e+00  1.17351844e-01
  3.52428439e-01  8.13054210e+00  1.04344667e+01
  8.96499874e-01  7.42737480e+00  4.34320191e-01
  1.50488718e+00  8.23452905e+00  4.49296478e-01

molecule   52
  5.18525076e+00  1.82103057e+00  8.97404215e+00
  5.17497011e+00  2.76227807e+00  9.31514935e+00
  5.74411180e+00  2.72247698e+00  1.01642569e+01
  6.70482817e+00  2.62537948e+00  1.03064696e+01
  6.07086299e+00  2.30332520e+00  6.20563105e-01
  5.26457301e+00  1.74719549e+00  3.77413964e-01
  5.99628067e+00  1.19795387e+00  6.86205599e-01
  6.75463730e+00  1.27256313e+00  4.41949748e-02

molecule   53
  7.17709815e+00  2.54623885e+00  3.87499146e+00
  6.95719853e+00  3.25141332e+00  3.14408963e+00
  6.40706364e+00  2.89397180e+00  2.42425613e+00
  7.34488690e+00  2.87247840e+00  2.10435509e+00
  7.52544275e+00  3.82738447e+00  2.26116473e+00
  7.52760071e+00  4.69481380e+00  1.79505712e+00
  7.71452664e+00  4.83501321e+00  7.86173524e-01
  8.24077945e+00  4.36282601e+00  1.36042960e-01

molecule   54
  7.96521815e+00  7.62370567e+00  1.71116839e-01
  7.86823224e+00  6.74626774e+00  7.37472780e-01
  8.74788351e+00  7.01207385e+00  1.01744698e+00
  9.29916842e+00  6.21169240e+00  8.02623542e-01
  9.36247668e+00  6.46849973e+00  1.02871560e+01
  1.00589278e+01  6.81428253e+00  9.63327179e+00
  9.93669732e+00  7.71697992e+00  9.24558684e+00
  9.55841099e+00  8.33549218e+00  9.95837215e+00

molecule   55
  3.72029827e+00  3.11348896e+00  5.63850479e+00
  3.42052479e+00  3.63940958e+00  4.84083204e+00
  2.82771928e+00  4.20857718e+00  4.29196934e+00
  3.58934295e+00  3.74296791e+00  3.84269884e+00
  3.95705158e+00  2.93927042e+00  4.19683992e+00
  4.09974215e+00  2.11081459e+00  4.72872180e+00
  3.98699172e+00  1.41529320e+00  4.02061014e+00
  4.45848055e+00  7.27477385e-01  3.42052438e+00

molecule   56
  6.40171996e+00  2.03934437e+00  1.75003930e+00
  5.54793203e+00  2.17790013e+00  2.20069028e+00
  5.04477346e+00  3.04288646e+00  2.27182558e+00
  5.14689152e+00  2.40445504e+00  3.01946723e+00
  4.19500510e+00  2.16650067e+00  3.21653921e+00
  3.67130450e+00  2.00132295e+00  2.39932111e+00
  4.56358829e+00  1.49327213e+00  2.40828829e+00
  5.08758433e+00  1.23299054e+00  1.58770549e+00

molecule   57
  8.39186494e+00  1.42344812e+00  5.78784620e+00
  7.68962711e+00  6.91457066e-01  5.67868412e+00
  8.45496078e+00  3.50848119e-01  6.28667696e+00
  9.35766896e+00  5.82670272e-01  5.93057661e+00
  9.21044703e+00  1.34936328e+00  6.55223078e+00
  8.53699781e+00  1.82788525e+00  7.13428992e+00
  8.02492823e+00  2.64937612e+00  6.95453919e+00
  8.49919868e+00  3.29241530e+00  6.34263334e+00

molecule   58
  4.79138261e+00  6.79046729e+00  7.80000276e+00
  5.73029902e+00  6.93054069e+00  7.59013244e+00
  5.46974553e+00  7.83920002e+00  7.72201672e+00
  4.49772372e+00  7.73379617e+00  7.74643241e+00
  3.53725693e+00  7.71807919e+00  8.10622375e+00
  2.52958120e+00  7.61879335e+00  8.22594194e+00
  2.10982943e+00  7.50859883e+00  9.08029877e+00
  2.23480005e+00  8.41234652e+00  9.46757180e+00

molecule   59
  6.07206197e+00  3.54731792e+00  1.68062456e+00
  5.66996757e+00  3.74007161e+00  2.54889052e+00
  6.49458962e+00  4.26853145e+00  2.64339637e+00
  7.15590056e+00  4.27082462e+00  3.41304855e+00
  7.03189285e+00  5.08115792e+00  3.95776768e+00
  7.01752142e+00  5.28166146e+00  2.99621281e+00
  6.96899689e+00  5.51909050e+00  1.99675846e+00
  6.51159763e+00  5.19935577e+00  1.17061715e+00

molecule   60
  2.56557299e+00  6.73050258e+00  6.74043260e+00
  1.61003128e+00  7.18592398e+00  6.67469375e+00
  1.93615110e+00  7.01541955e+00  7.60541035e+00
  1.31899868e+00  6.30983768e+00  7.30508966e+00
  1.59966776e+00  6.18817970e+00  6.44544109e+00
  2.30966163e+00  5.56855057e+00  6.72545006e+00
  3.13103485e+00  5.98655786e+00  7.04854761e+00
  3.27884723e+00  6.86129254e+00  7.52794841e+00

molecule   61
  1.76760447e+00  3.43793223e+00  2.04368105e+00
  1.62871122e+00  2.49318173e+00  1.88580596e+00
  8.96740983e-01  2.97374295e+00  1.38588338e+00
  7.53748156e-01  2.55904875e+00  2.27886402e+00
  9.37510450e-01  1.87177216e+00  1.54904493e+00
  1.85325875e+00  1.51964873e+00  1.50119761e+00
  2.51081955e+00  1.65174576e+00  2.25068917e+00
  2.51832828e+00  7.38698674e-01  2.62592867e+00

molecule   62
  4.16876751e+00  8.53358258e+00  5.73476979e-01
  3.86648279e+00  7.86497027e+00  1.20646232e+00
  2.87492953e+00  8.06429349e+00  1.25182739e+00
  2.47231245e+00  8.88448914e+00  1.61821110e+00
  1.96189790e+00  9.67024277e+00  1.92153625e+00
  2.19898268e+00  1.00850744e+01  2.77826698e+00
  3.12398347e+00  9.84916185e+00  3.15278826e+00
  2.78930379e+00  9.09030311e+00  3.72644062e+00

molecule   63
  3.39704948e+00  3.43607743e-01  2.42915603e-01
  4.22985899e+00  8.91697704e-01  1.45346413e-01
  4.55056326e+00  9.12967664e-01  9.65610647e+00
  4.33459365e+00  1.90232825e+00  9.75772244e+00
  3.60276166e+00  2.21284664e+00  1.03611594e+01
  3.21177825e+00  2.71649036e+00  7.03563094e-01
  2.82303802e+00  2.74417817e+00  1.65510011e+00
  2.11609368e+00  2.95150388e+00  9.74704221e-01

molecule   64
  8.38488879e+00  4.68609205e+00  8.10867061e+00
  8.82376372e+00  5.51729069e+00  8.45428714e+00
  7.81264194e+00  5.48651959e+00  8.39083361e+00
  8.08578502e+00  6.29584793e+00  8.91021859e+00
  7.87748661e+00  5.52184877e+00  9.54132780e+00
  8.24239730e+00  4.61435854e+00  9.55653876e+00
  9.24889258e+00  4.48109321e+00  9.67526296e+00
  9.86114458e+00  4.89965677e+00  1.03483341e+01

molecule   65
  4.29763720e+00  9.29647173e+00  4.66568800e+00
  4.60224769e+00  8.38680581e+00  4.42223561e+00
  3.59899123e+00  8.50309255e+00  4.43738978e+00
  3.31431346e+00  8.87211433e+00  5.28841404e+00
  2.44528485e+00  8.93395617e+00  4.78151317e+00
  1.68831953e+00  9.17010508e+00  4.12341047e+00
  1.59544342e+00  8.32607819e+00  3.58800554e+00
  1.59329910e+00  9.12855824e+00  2.99651605e+00

molecule   66
  3.92910768e+00  2.77851630e+00  9.60929569e+00
  3.67751227e+00  3.51078550e+00  1.02906022e+01
  3.84457859e+00  3.95262848e+00  7.11824573e-01
  4.03470290e+00  4.94937156e+00  7.19816740e-01
  4.70187337e+00  5.66231987e+00  6.84417235e-01
  5.54252743e+00  6.00359819e+00  2.99991437e-01
  4.76053373e+00  6.55615466e+00  1.39459411e-01
  4.28162826e+00  6.98385604e+00  8.85252153e-01

molecule   67
  5.56101919e-01  2.58671774e+00  9.30624995e+00
  1.13869030e+00  3.31439149e+00  8.96619656e+00
  1.34411783e+00  4.16958128e+00  9.47809109e+00
  1.95037516e+00  4.40919987e+00  8.71804779e+00
  1.31997757e+00  4.70630742e+00  8.01292152e+00
  2.32765196e+00  4.76077073e+00  7.74791842e+00
  2.44338653e+00  5.30556834e+00  8.58357647e+00
  2.71077711e+00  6.26475188e+00  8.65198617e+00

molecule   68
  2.14912122e+00  6.78261861e+00  5.62263170e+00
  2.47335704e+00  6.68547948e+00  4.63221685e+00
  2.74418592e+00  7.31575310e+00  3.89563982e+00
  1.99481234e+00  7.61122430e+00  4.43345580e+00
  1.49231646e+00  7.51750064e+00  5.28017813e+00
  6.35325046e-01  7.96796732e+00  5.05408999e+00
  8.90804136e-01  8.75682241e+00  4.45424606e+00
  1.26860161e+00  8.82621258e+00  5.34748610e+00

molecule   69
  3.26915729e+00  9.12997752e+00  2.48794463e+00
  3.59973988e+00  9.78459348e+00  1.83891823e+00
  4.53107972e+00  1.00172813e+01  1.66009640e+00
  4.11792979e+00  9.71941635e+00  7.80670094e-01
  4.66882838e+00  1.01712907e+01  2.98059266e-02
  3.86290643e+00  9.70873560e+00  1.01115730e+01
  4.17675394e+00  9.28810251e+00  9.25631612e+00
  4.51262737e+00  8.95387616e+00  8.37577124e+00

molecule   70
  8.41041398e+00  9.39890304e+00  9.16482427e+00
  8.03340566e+00  1.03105027e+01  8.97126329e+00
  8.37054560e+00  1.00635288e+01  8.05795109e+00
  8.42780652e+00  1.01013288e+01  7.07693384e+00
  8.46127541e+00  6.12263732e-01  7.38762775e+00
  8.36898221e+00  7.54092573e-01  8.33475591e+00
  9.13236240e+00  1.38481652e+00  8.54754166e+00
  9.43489370e+00  1.10579211e+00  7.58617157e+00

molecule   71
  3.83681987e+00  1.91965001e-01  7.96919404e+00
  3.62773278e+00  9.81579639e+00  8.51246479e+00
  3.15346374e+00  9.78612230e+00  7.62320034e+00
  2.20128602e+00  9.53732084e+00  7.58974502e+00
  2.21648086e+00  9.90318533e+00  8.50201105e+00
  2.04508268e+00  4.35040368e-01  8.50398270e+00
  1.69551740e+00  1.28190718e+00  8.17009074e+00
  1.67535493e+00  1.12055147e+00  7.20550446e+00

molecule   72
  5.30085381e+00  2.34905841e+00  6.67127965e+00
  4.77361658e+00  2.89340555e+00  7.33234069e+00
  3.94993508e+00  3.16576096e+00  6.83751737e+00
  4.53440683e+00  3.98301153e+00  6.94812528e+00
  5.24983660e+00  4.65831392e+00  6.84699088e+00
  6.09426536e+00  4.80540394e+00  7.33690560e+00
  6.10780554e+00  3.92623445e+00  6.80413729e+00
  6.05240675e+00  2.94775583e+00  7.00584450e+00

molecule   73
  3.20273423e+00  2.12760951e+00  9.15466890e+00
  2.67465814e+00  1.97416718e+00  9.93627940e+00
  1.96169160e+00  2.69493784e+00  1.01725225e+01
  2.21044074e+00  1.99848878e+00  3.74594726e-01
  2.73332872e+00  1.14318061e+00  1.48349472e-01
  3.50071387e+00  1.24086819e+00  9.98610243e+00
  3.18579143e+00  5.95968685e-01  9.31399510e+00
  2.91426550e+00  1.01036691e+01  9.36729185e+00

molecule   74
  4.05629362e+00  4.10767568e+00  8.96070773e+00
  3.50685533e+00  4.89811064e+00  8.79588036e+00
  3.06331244e+00  4.69872136e+00  9.70066116e+00
  2.15426263e+00  4.97499862e+00  9.89494960e+00
  2.78070683e+00  5.68370982e+00  1.02490613e+01
  2.67608249e+00  4.92641676e+00  4.48099562e-01
  2.52344292e+00  4.75754041e+00  1.39214720e+00
  1.57802195e+00  5.03798952e+00  1.50294932e+00

molecule   75
  4.80018152e+00  6.82131104e+00  3.68778756e+00
  5.15715469e+00  6.90550651e+00  2.73130298e+00
  6.07822558e+00  7.17231193e+00  2.89030806e+00
  5.84764435e+00  7.77837364e+00  2.11367318e+00
  6.18027340e+00  8.09683098e+00  1.25207450e+00
  7.03783771e+00  7.77416083e+00  1.68216432e+00
  7.87512855e+00  8.00609174e+00  1.18154134e+00
  8.16733860e+00  8.78769447e+00  1.74489686e+00

molecule   76
  2.38102194e+00  1.04309445e+01  5.69962932e+00
  1.59033724e+00  9.88405007e+00  5.51704790e+00
  6.16112786e-01  9.66378333e+00  5.59351757e+00
  5.10320219e-01  8.85473948e+00  6.20285045e+00
  2.84606223e-01  8.97831143e+00  7.13094211e+00
  3.10997408e-02  9.28733774e+00  8.09530773e+00
  4.34740036e-01  1.02053133e+01  8.13138174e+00
  1.12237985e+00  3.37135906e-01  7.84114358e+00

molecule   77
  1.88745503e+00  8.91869641e-01  5.48214966e+00
  2.21001778e+00  1.84262445e+00  5.28333202e+00
  2.65260420e+00  1.32773103e+00  4.55041508e+00
  3.23505977e+00  1.68934669e+00  5.25966453e+00
  3.13043131e+00  1.20119321e+00  6.08239743e+00
  3.86082362e+00  8.30425568e-01  5.48682768e+00
  4.38312794e+00  8.89765731e-01  6.29705288e+00
  5.29595741e+00  5.20465558e-01  6.39621715e+00

molecule   78
  8.92907552e+00  1.08949391e+00  7.25537469e-01
  9.74543380e+00  5.11260470e-01  4.26114016e-01
  1.03479051e+01  1.35126625e+00  4.88131548e-01
  1.00945493e+01  2.13026975e+00  1.01682668e+00
  9.11959306e+00  2.29187965e+00  9.26108566e-01
  9.13721231e+00  2.55998133e+00  1.04444047e+01
  8.38095154e+00  1.93548525e+00  1.03925068e+01
  7.80467245e+00  2.69904807e+00  1.30799117e-01

molecule   79
  9.05498857e+00  6.87951606e+00  4.49273932e+00
  8.84823129e+00  5.94543851e+00  4.28722512e+00
  9.14355546e+00  5.87280477e+00  5.24967444e+00
  8.47845984e+00  5.16987463e+00  5.37707569e+00
  8.00759148e+00  4.95195152e+00  4.51696721e+00
  7.47352781e+00  4.35388745e+00  5.08757296e+00
  7.44372332e+00  3.41977634e+00  5.47293547e+00
  6.95290716e+00  3.34575192e+00  6.33798101e+00

molecule   80
  3.08398369e+00  3.81642707e+00  7.46843056e+00
  2.84658195e+00  2.85783660e+00  7.46701496e+00
  2.76106804e+00  2.12268469e+00  8.16606762e+00
  2.76447176e+00  1.47884713e+00  7.42159476e+00
  3.37734119e+00  1.10193245e+00  8.12242351e+00
  3.87139175e+00  1.94984575e+00  7.82445267e+00
  3.66880001e+00  2.89285558e+00  8.04060410e+00
  4.00955072e+00  3.79299132e+00  7.90971746e+00

molecule   81
  6.85639545e+00  1.00534860e+01  9.26001252e+00
  6.69542173e+00  5.20881989e-01  9.63987012e+00
  7.56489677e+00  9.95990175e-01  9.69309892e+00
  7.38456349e+00  1.74155930e+00  9.06446810e+00
  6.90910157e+00  1.92135841e+00  8.20650238e+00
  7.87634645e+00  1.78039297e+00  8.07507700e+00
  7.34718023e+00  1.52855788e+00  7.23866191e+00
  7.35064428e+00  6.24775216e-01  6.76115825e+00

molecule   82
  9.97038820e+00  8.00336833e+00  1.95822121e+00
  3.74705127e-01  8.23376952e+00  2.43388653e+00
  1.03110746e+01  7.57535242e+00  2.98118254e+00
  6.31229959e-01  7.77116760e+00  3.52090302e+00
  9.31746885e-01  7.23109608e+00  4.32255264e+00
  9.45186787e-01  6.71034315e+00  3.46668309e+00
  1.58667638e-01  6.16057872e+00  3.68345597e+00
  9.68815921e+00  6.45111416e+00  3.46158618e+00

molecule   83
  1.03612410e+01  3.67590841e+00  4.33236222e+00
  8.71399821e-01  3.68915548e+00  4.68871250e+00
  1.48461947e+00  2.88943078e+00  4.72790580e+00
  6.41630423e-01  2.41474646e+00  4.42198122e+00
  1.02300670e+01  1.94377230e+00  4.59346101e+00
  9.40899188e+00  1.81282812e+00  4.04085946e+00
  9.81690737e+00  2.66553457e+00  3.62300254e+00
  9.32289523e+00  2.92079172e+00  4.45612405e+00

molecule   84
  2.14577301e+00  4.51406450e+00  2.43401215e+00
  1.74855892e+00  5.40836113e+00  2.65821634e+00
  2.41659271e+00  5.29091754e+00  3.35482812e+00
  2.82595913e+00  6.20266610e+00  3.55679585e+00
  1.88945383e+00  6.45933332e+00  3.44300765e+00
  1.79406958e+00  7.19052302e+00  2.81455513e+00
  1.35395267e+00  7.82740147e+00  2.19035761e+00
  7.34842995e-01  7.96094853e+00  1.39617992e+00

molecule   85
  8.62744532e+00  2.62213600e+00  3.71811162e+00
  7.91127441e+00  3.31464723e+00  3.65232919e+00
  8.50326746e+00  3.98658762e+00  4.04259585e+00
  8.21656162e+00  3.28078803e+00  4.70559536e+00
  8.43918219e+00  2.30703375e+00  4.95879824e+00
  9.16668342e+00  2.75065767e+00  5.51406584e+00
  9.38664224e+00  1.84251918e+00  5.54379045e+00
  9.31278665e+00  1.03515418e+00  4.93991298e+00

molecule   86
  4.88028707e+00  8.71974929e+00  7.34050541e+00
  3.87280622e+00  8.83930791e+00  7.11052025e+00
  2.93818434e+00  8.75194229e+00  6.81803928e+00
  3.40867803e+00  8.16437427e+00  6.15213011e+00
  3.13876128e+00  7.80468468e+00  7.04941627e+00
  2.22303901e+00  8.09911343e+00  7.27778306e+00
  2.86422855e+00  8.55583791e+00  7.88042486e+00
  3.27760701e+00  8.61499018e+00  8.81363288e+00

molecule   87
  1.00401475e+01  7.42863909e-01  8.35352902e+00
  9.69890791e+00  1.03950512e+01  7.84887690e+00
  9.75641369e+00  1.47820182e-01  6.88888056e+00
  1.02783917e+01  8.62431740e-01  6.42776202e+00
  1.01585018e+01  1.84168079e+00  6.56391375e+00
  9.64285438e+00  2.64548734e+00  6.47583603e+00
  1.01703760e+01  3.41956584e+00  6.81651933e+00
  3.65656284e-01  3.52951717e+00  7.53803303e+00

molecule   88
  3.84842688e+00  4.95084417e+00  6.84581774e+00
  4.41212383e+00  5.04416688e+00  7.67528202e+00
  4.71583292e+00  5.43819299e+00  8.54317826e+00
  5.12944832e+00  4.54596475e+00  8.39795092e+00
  5.56248396e+00  4.54271464e+00  9.30129775e+00
  5.14736282e+00  3.72639229e+00  9.01423856e+00
  5.01643427e+00  3.76178355e+00  9.97488610e+00
  5.99181955e+00  3.75700189e+00  1.01835982e+01

molecule   89
  6.01349734e+00  1.23651488e+00  7.49855771e+00
  6.42377260e+00  2.01146458e+00  7.07581792e+00
  7.09017008e+00  2.76661851e+00  7.39695478e+00
  7.81007641e+00  2.73697171e+00  8.05411577e+00
  8.34692282e+00  3.44756419e+00  7.59933990e+00
  9.26703621e+00  3.08963556e+00  7.49138988e+00
  9.58682419e+00  2.14400587e+00  7.37443811e+00
  4.85175875e-03  2.53817062e+00  7.48642301e+00

molecule   90
  1.01615499e+01  5.75136808e+00  8.40287895e+00
  3.29046966e-01  5.54123901e+00  7.64400676e+00
  8.97926710e-01  5.29132991e+00  6.86065888e+00
  1.35859870e+00  4.42403085e+00  6.91362685e+00
  4.21881216e-01  4.19731395e+00  6.67863927e+00
  1.01132598e+01  4.61183724e+00  7.12624912e+00
  4.01800159e-01  4.52725108e+00  7.76280554e+00
  9.92441464e+00  4.35828047e+00  8.18178985e+00

molecule   91
  9.16572427e+00  4.32296761e+00  7.40114268e+00
  9.10200882e+00  4.88889140e+00  6.60998451e+00
  9.16491551e+00  4.35117600e+00  5.74061965e+00
  9.63474467e+00  4.52560708e+00  4.88220539e+00
  1.00189512e+01  5.45311386e+00  4.97842832e+00
  9.88319957e+00  5.03274539e+00  4.11425823e+00
  8.93974107e+00  4.83886446e+00  4.21262034e+00
  8.35380106e+00  4.84227315e+00  3.39217497e+00

molecule   92
  4.78461266e+00  1.01448763e+01  7.44708324e+00
  4.37487921e+00  1.04165966e+01  6.61718701e+00
  3.51674068e+00  1.04318340e+01  6.24261805e+00
  3.44661878e+00  9.44665596e+00  6.20794429e+00
  3.15758849e+00  9.90629924e+00  5.37402190e+00
  3.25476826e+00  2.48003958e-01  4.77127814e+00
  3.20750900e+00  6.95103996e-01  3.86883909e+00
  2.70673216e+00  1.44027028e+00  3.42491496e+00

molecule   93
  8.30090018e+00  5.42601403e+00  2.00164567e+00
  7.88146658e+00  5.82163449e+00  2.81837799e+00
  8.12361452e+00  6.56534982e+00  3.54095152e+00
  7.28286603e+00  7.14075439e+00  3.47608671e+00
  6.60621157e+00  7.28026557e+00  4.24593354e+00
  7.36641769e+00  6.65975893e+00  4.56781989e+00
  7.40623124e+00  7.65349054e+00  4.77763688e+00
  7.99335107e+00  7.61964996e+00  4.00731000e+00

molecule   94
  4.18413085e+00  5.56851201e+00  1.72638081e+00
  3.64143526e+00  6.01960369e+00  9.95553855e-01
  3.42855778e+00  6.86176664e+00  1.52744824e+00
  2.70001854e+00  6.50927958e+00  9.27312880e-01
  2.73399121e+00  5.87528018e+00  1.68211985e+00
  2.59031539e+00  6.34849115e+00  2.54558619e+00
  3.53134341e+00  6.62859663e+00  2.57931020e+00
  3.21882059e+00  7.54788243e+00  2.34472733e+00

molecule   95
  7.15728620e-01  7.51954439e+00  9.53763940e+00
  1.52301602e-01  7.11591771e+00  8.84406318e+00
  4.38897857e-01  6.70559063e+00  7.89346435e+00
  5.87915267e-01  6.86355659e+00  6.92809186e+00
  5.69053187e-01  6.20944920e+00  6.20783379e+00
  4.13764267e-01  7.18210300e+00  5.83408721e+00
  9.90917683e+00  7.39964302e+00  5.91190466e+00
  9.17994472e+00  6.77944211e+00  6.19429719e+00

molecule   96
  3.24260305e-01  4.84447924e+00  1.93040323e+00
  4.35014895e-01  4.06062085e+00  1.34544723e+00
  6.26611500e-01  3.70483131e+00  2.26516955e+00
  6.93795033e-01  3.62091415e+00  3.23450080e+00
  1.03825582e+01  3.16987112e+00  2.89402779e+00
  9.78336019e+00  3.69867947e+00  2.29280384e+00
  8.93898951e+00  3.37119605e+00  2.78226169e+00
  9.12677842e+00  4.23330357e+00  3.17442628e+00

molecule   97
  4.48367325e+00  6.49755165e+00  1.85018732e+00
  5.12503366e+00  7.14576785e+00  1.49663089e+00
  5.01956201e+00  8.12350468e+00  1.28970540e+00
  4.28875424e+00  8.64790739e+00  1.78289168e+00
  4.96188101e+00  8.43129973e+00  2.44960920e+00
  4.38412375e+00  7.79649771e+00  2.98525405e+00
  3.80322279e+00  8.56677784e+00  3.22474118e+00
  4.62030247e+00  9.02449935e+00  3.44306936e+00

molecule   98
  7.56724493e+00  3.21629999e+00  9.68902285e+00
  8.11047391e+00  2.40724010e+00  9.37420082e+00
  9.07610238e+00  2.65063279e+00  9.43275362e+00
  9.86326120e+00  1.95312382e+00  9.49894367e+00
  9.32408163e+00  1.39303635e+00  1.00668943e+01
  8.91354679e+00  4.93186615e-01  9.98978103e+00
  9.00662331e+00  2.99342657e-01  9.03184048e+00
  1.00113407e+01  1.04536746e+01  9.22750127e+00

molecule   99
  8.59263693e+00  9.15136755e-01  3.74195169e+00
  8.00480241e+00  1.66326721e+00  3.88385598e+00
  7.41726258e+00  1.38350355e+00  4.58711669e+00
  7.09104351e+00  2.28772813e+00  4.97330369e+00
  6.49674589e+00  1.50776930e+00  5.02389826e+00
  6.13854840e+00  1.86419485e+00  5.90069442e+00
  6.98549643e+00  1.40225688e+00  5.97348328e+00
  7.46051725e+00  2.21736187e+00  6.16734048e+00
