  2.4694520e+02  3.5633957e+02  6.0328477e+02
  2.4543745e+02  3.4778514e+02  5.9322259e+02
  2.2047433e+02  3.4536890e+02  5.6584323e+02
  2.1102309e+02  3.2526708e+02  5.3629017e+02
  2.3347348e+02  3.4583274e+02  5.7930623e+02
  2.3349456e+02  3.5930975e+02  5.9280431e+02
  2.4247109e+02  3.6059578e+02  6.0306688e+02
  2.3906174e+02  3.9515272e+02  6.3421446e+02
  2.2810846e+02  3.6833306e+02  5.9644152e+02
  2.1845490e+02  3.2378662e+02  5.4224152e+02
  2.2804725e+02  3.7570023e+02  6.0374748e+02
  2.3151343e+02  3.4820280e+02  5.7971624e+02
  2.4315939e+02  3.4722405e+02  5.9038344e+02
  2.1531333e+02  3.7135170e+02  5.8666503e+02
  2.1490864e+02  3.7211225e+02  5.8702089e+02
  2.3858534e+02  2.9881071e+02  5.3739605e+02
  2.1822546e+02  3.3484402e+02  5.5306948e+02
  2.4147258e+02  3.5383148e+02  5.9530406e+02
  2.2345471e+02  3.3530705e+02  5.5876176e+02
  2.3124193e+02  3.2217010e+02  5.5341203e+02
  2.3820234e+02  3.5310438e+02  5.9130672e+02
  2.3637184e+02  3.4625171e+02  5.8262355e+02
  2.3242311e+02  3.3832862e+02  5.7075173e+02
  2.5242843e+02  3.5445024e+02  6.0687867e+02
  2.4035566e+02  3.4091516e+02  5.8127082e+02
  2.5025781e+02  3.9225801e+02  6.4251582e+02
  2.4027808e+02  3.4658901e+02  5.8686709e+02
  2.5114100e+02  3.6769572e+02  6.1883671e+02
  2.2206159e+02  3.4184430e+02  5.6390589e+02
  2.2629061e+02  3.5558630e+02  5.8187691e+02
  2.2074865e+02  3.4801014e+02  5.6875880e+02
  2.2410199e+02  3.4283446e+02  5.6693645e+02
  2.2706044e+02  3.4231981e+02  5.6938025e+02
  2.3307066e+02  3.5048099e+02  5.8355165e+02
  2.3681464e+02  3.5714442e+02  5.9395906e+02
  2.1823546e+02  3.3697203e+02  5.5520749e+02
  2.3149753e+02  3.6256435e+02  5.9406189e+02
  2.2855695e+02  3.2781376e+02  5.5637072e+02
  2.4156029e+02  3.6550445e+02  6.0706473e+02
  2.1324233e+02  3.2190100e+02  5.3514333e+02
  1.7730311e+02  3.7410583e+02  5.5140895e+02
  2.2522179e+02  3.5803721e+02  5.8325901e+02
  2.3428978e+02  3.6905777e+02  6.0334754e+02
  2.3395989e+02  3.4516825e+02  5.7912814e+02
  2.3674179e+02  3.4117196e+02  5.7791375e+02
  2.6496153e+02  3.2808522e+02  5.9304675e+02
  2.4919664e+02  3.4371299e+02  5.9290963e+02
  2.3598244e+02  3.2773420e+02  5.6371664e+02
  2.2539983e+02  3.4805076e+02  5.7345059e+02
  2.0243277e+02  3.4766644e+02  5.5009921e+02
  2.6396345e+02  3.4343037e+02  6.0739382e+02
  2.2120363e+02  3.6136428e+02  5.8256791e+02
  2.1974473e+02  3.6037440e+02  5.8011913e+02
  2.3325843e+02  3.5947728e+02  5.9273570e+02
  2.3791358e+02  3.5897847e+02  5.9689206e+02
  2.3803693e+02  3.6782517e+02  6.0586209e+02
  2.3157559e+02  3.4891007e+02  5.8048567e+02
  2.3268841e+02  3.1888509e+02  5.5157351e+02
  1.9470212e+02  3.5252491e+02  5.4722703e+02
  2.4053511e+02  3.8625897e+02  6.2679408e+02
  2.1096428e+02  3.7437148e+02  5.8533576e+02
  2.4558699e+02  3.4070093e+02  5.8628792e+02
  2.1326636e+02  3.3187529e+02  5.4514164e+02
  2.3188806e+02  3.7274473e+02  6.0463279e+02
  2.0865261e+02  3.4544031e+02  5.5409292e+02
  2.6150908e+02  3.5963498e+02  6.2114405e+02
  2.2764509e+02  3.2327793e+02  5.5092302e+02
  2.5271400e+02  3.5843338e+02  6.1114738e+02
  2.0729991e+02  3.8314571e+02  5.9044562e+02
  2.4147354e+02  3.6834669e+02  6.0982023e+02
  2.1862481e+02  3.7114479e+02  5.8976960e+02
  2.4844846e+02  3.3400551e+02  5.8245397e+02
  2.3404671e+02  3.3937747e+02  5.7342418e+02
  2.5972320e+02  3.2331467e+02  5.8303787e+02
  2.3942800e+02  3.4410905e+02  5.8353706e+02
  2.3709499e+02  3.4414794e+02  5.8124293e+02
  2.1587760e+02  3.6281536e+02  5.7869296e+02
  2.5211353e+02  3.5775876e+02  6.0987229e+02
  2.3391030e+02  3.4348238e+02  5.7739268e+02
  2.0032339e+02  3.7134690e+02  5.7167029e+02
  2.5871854e+02  3.4764601e+02  6.0636455e+02
  2.4874907e+02  3.6173125e+02  6.1048032e+02
  2.3634614e+02  3.3499040e+02  5.7133654e+02
  2.5885607e+02  3.6278773e+02  6.2164380e+02
  2.1949308e+02  3.5904109e+02  5.7853417e+02
  2.2196825e+02  3.3125562e+02  5.5322387e+02
  2.0502181e+02  3.3540165e+02  5.4042346e+02
  2.4259693e+02  3.3550723e+02  5.7810416e+02
  2.3435462e+02  3.7674433e+02  6.1109894e+02
  2.1731472e+02  3.4604861e+02  5.6336333e+02
  2.4084767e+02  3.4025817e+02  5.8110583e+02
  2.2688449e+02  3.5192686e+02  5.7881135e+02
  2.2495574e+02  3.7940360e+02  6.0435935e+02
  2.3885890e+02  3.7162605e+02  6.1048495e+02
  2.2567481e+02  3.4190012e+02  5.6757493e+02
  2.6168256e+02  3.4226037e+02  6.0394294e+02
  2.3373153e+02  3.4117469e+02  5.7490622e+02
  2.2544227e+02  3.5199152e+02  5.7743379e+02
  2.6857337e+02  3.3223871e+02  6.0081208e+02
  2.3128180e+02  3.4179318e+02  5.7307498e+02
  2.3714231e+02  3.7640914e+02  6.1355145e+02
  2.1525371e+02  3.5344391e+02  5.6869763e+02
  2.5881686e+02  3.5154119e+02  6.1035805e+02
  2.2449823e+02  3.4917650e+02  5.7367473e+02
  2.3916959e+02  3.5738992e+02  5.9655951e+02
  2.4831955e+02  3.8462869e+02  6.3294823e+02
  2.0633715e+02  3.4642795e+02  5.5276510e+02
  2.2060679e+02  3.1702365e+02  5.3763044e+02
  2.4042693e+02  3.3515859e+02  5.7558552e+02
  2.1887586e+02  3.4875469e+02  5.6763056e+02
  2.3641951e+02  3.3450098e+02  5.7092048e+02
  2.3400894e+02  3.5536967e+02  5.8937861e+02
  2.0347024e+02  3.2907214e+02  5.3254238e+02
  2.3051854e+02  3.6726577e+02  5.9778431e+02
  2.1018186e+02  3.2939328e+02  5.3957514e+02
  2.2978964e+02  3.6821586e+02  5.9800549e+02
  2.2343638e+02  3.3954175e+02  5.6297813e+02
  2.4186445e+02  3.3914799e+02  5.8101244e+02
  2.3494586e+02  3.5204995e+02  5.8699581e+02
  2.2568058e+02  3.3970584e+02  5.6538642e+02
  2.1869566e+02  3.3473534e+02  5.5343100e+02
  2.2489199e+02  3.5888839e+02  5.8378038e+02
  2.3529048e+02  3.4357126e+02  5.7886175e+02
  2.1822630e+02  3.4860116e+02  5.6682746e+02
  2.4448646e+02  3.3810736e+02  5.8259382e+02
  2.2109608e+02  3.4131450e+02  5.6241058e+02
  2.3458869e+02  3.4553079e+02  5.8011948e+02
  2.1701362e+02  3.4569823e+02  5.6271186e+02
  2.4581808e+02  3.3101052e+02  5.7682861e+02
  2.3275918e+02  3.2577413e+02  5.5853331e+02
  2.0113651e+02  3.4329714e+02  5.4443365e+02
  2.4749950e+02  3.4187982e+02  5.8937932e+02
  2.2910389e+02  3.4353296e+02  5.7263685e+02
  1.9069988e+02  3.5344252e+02  5.4414241e+02
  2.3467133e+02  3.3555317e+02  5.7022450e+02
  2.4567155e+02  3.4219175e+02  5.8786330e+02
  2.1294287e+02  3.4832253e+02  5.6126539e+02
  2.5491388e+02  3.6488600e+02  6.1979988e+02
  2.3817903e+02  3.4417963e+02  5.8235866e+02
  2.3222838e+02  3.3586139e+02  5.6808977e+02
  2.1558424e+02  3.2897973e+02  5.4456397e+02
  2.3539484e+02  3.4145467e+02  5.7684951e+02
  2.1106772e+02  3.5682923e+02  5.6789695e+02
  2.3074169e+02  3.4444287e+02  5.7518455e+02
  2.4136628e+02  3.6073074e+02  6.0209702e+02
  2.1277050e+02  3.6607456e+02  5.7884506e+02
  2.3268021e+02  3.1362728e+02  5.4630749e+02
  2.1943866e+02  3.4329557e+02  5.6273423e+02
  2.2009414e+02  3.3314035e+02  5.5323449e+02
  2.3601582e+02  3.4872871e+02  5.8474453e+02
  1.9969987e+02  3.5013470e+02  5.4983457e+02
  2.3773619e+02  3.5606871e+02  5.9380490e+02
  2.1364318e+02  3.2522755e+02  5.3887074e+02
  2.3337643e+02  3.2853422e+02  5.6191065e+02
  2.5144789e+02  3.6109756e+02  6.1254546e+02
  2.3905326e+02  3.8029574e+02  6.1934900e+02
  2.3367273e+02  3.6024298e+02  5.9391572e+02
  2.0235783e+02  3.4048331e+02  5.4284113e+02
  2.5771518e+02  3.4393108e+02  6.0164625e+02
  2.3986761e+02  3.2799189e+02  5.6785950e+02
  2.5270924e+02  3.5341821e+02  6.0612745e+02
  2.3611469e+02  3.8114538e+02  6.1726007e+02
  2.1843748e+02  3.4941780e+02  5.6785527e+02
  2.2457100e+02  3.7785726e+02  6.0242827e+02
  2.2831756e+02  3.5811891e+02  5.8643646e+02
  2.3316260e+02  3.4114859e+02  5.7431119e+02
  2.3912565e+02  3.6134951e+02  6.0047516e+02
  2.3716037e+02  3.5604541e+02  5.9320578e+02
  2.1233842e+02  3.1802136e+02  5.3035978e+02
  2.3822201e+02  3.8001391e+02  6.1823592e+02
  2.4656759e+02  3.4877410e+02  5.9534169e+02
  2.3983725e+02  3.5552578e+02  5.9536302e+02
  2.8174182e+02  3.5586417e+02  6.3760599e+02
  2.2000259e+02  3.6177494e+02  5.8177753e+02
  2.3480077e+02  3.6430721e+02  5.9910798e+02
  2.2578953e+02  3.4653960e+02  5.7232913e+02
  2.4718998e+02  3.3573412e+02  5.8292410e+02
  2.2875003e+02  3.9571452e+02  6.2446455e+02
  2.3695706e+02  3.5044008e+02  5.8739714e+02
  2.5525522e+02  3.3485398e+02  5.9010920e+02
  2.2522336e+02  3.5322892e+02  5.7845229e+02
  2.5272018e+02  3.5249821e+02  6.0521839e+02
  2.2487696e+02  3.1734403e+02  5.4222100e+02
  2.4237013e+02  3.3242622e+02  5.7479635e+02
  2.0557536e+02  3.7762666e+02  5.8320201e+02
  2.4777599e+02  3.4569029e+02  5.9346629e+02
  2.1288721e+02  3.5864961e+02  5.7153682e+02
  2.6443363e+02  3.4450770e+02  6.0894133e+02
  2.3548746e+02  3.7113525e+02  6.0662271e+02
  2.3634169e+02  3.5452561e+02  5.9086731e+02
  2.5506817e+02  3.1844252e+02  5.7351068e+02
  2.2094219e+02  3.6949117e+02  5.9043337e+02
  2.1703474e+02  3.5922005e+02  5.7625479e+02
  2.3650027e+02  3.7020170e+02  6.0670197e+02
  2.2626663e+02  3.3961670e+02  5.6588332e+02
  2.1966398e+02  3.5586154e+02  5.7552552e+02
  2.1503034e+02  3.3017398e+02  5.4520432e+02
  2.3821646e+02  3.4121831e+02  5.7943477e+02
  2.0721471e+02  4.1189774e+02  6.1911245e+02
  2.6357300e+02  3.4531310e+02  6.0888610e+02
  2.4184602e+02  3.5998324e+02  6.0182925e+02
  2.2898739e+02  3.3885257e+02  5.6783995e+02
  2.3363262e+02  3.3543814e+02  5.6907076e+02
  2.0789415e+02  3.5014500e+02  5.5803916e+02
  2.5008514e+02  3.3752094e+02  5.8760608e+02
  2.2508612e+02  3.4073057e+02  5.6581669e+02
  2.4227056e+02  3.3813993e+02  5.8041048e+02
  2.3711389e+02  3.6387116e+02  6.0098504e+02
  2.6171870e+02  3.5885085e+02  6.2056955e+02
  2.0955968e+02  3.8001042e+02  5.8957010e+02
  2.1108494e+02  3.7365253e+02  5.8473747e+02
  2.1013673e+02  3.5478920e+02  5.6492593e+02
  2.1506197e+02  3.4656556e+02  5.6162753e+02
  2.2412812e+02  3.3659873e+02  5.6072685e+02
  2.3388560e+02  3.6272145e+02  5.9660705e+02
  2.3536256e+02  3.3077512e+02  5.6613768e+02
  2.2520256e+02  3.5125949e+02  5.7646205e+02
  2.4618890e+02  3.7335385e+02  6.1954275e+02
  2.2296961e+02  3.4963906e+02  5.7260867e+02
  2.3846872e+02  3.5617129e+02  5.9464001e+02
  2.1763701e+02  3.6357188e+02  5.8120889e+02
  2.3492006e+02  3.1008527e+02  5.4500533e+02
  2.3728788e+02  3.4188318e+02  5.7917106e+02
  2.2124749e+02  3.4807401e+02  5.6932150e+02
  2.2140968e+02  3.6105632e+02  5.8246600e+02
  2.4863869e+02  3.6178466e+02  6.1042335e+02
  2.1115779e+02  3.8023261e+02  5.9139040e+02
  2.4199233e+02  3.0623948e+02  5.4823181e+02
  2.0013397e+02  3.5303398e+02  5.5316795e+02
  2.2531952e+02  3.4836830e+02  5.7368782e+02
  2.1326485e+02  3.2895077e+02  5.4221561e+02
  2.3502258e+02  3.6416573e+02  5.9918830e+02
  2.2577850e+02  3.5771412e+02  5.8349262e+02
  2.4535109e+02  3.4334621e+02  5.8869730e+02
  2.2814523e+02  3.6167591e+02  5.8982114e+02
  2.0397356e+02  3.0383393e+02  5.0780750e+02
  2.2849069e+02  3.7510655e+02  6.0359724e+02
  2.5786763e+02  3.2797668e+02  5.8584431e+02
  2.6050703e+02  3.8035858e+02  6.4086561e+02
  2.3776356e+02  4.0880255e+02  6.4656611e+02
  2.3030640e+02  3.5796868e+02  5.8827508e+02
  2.2006397e+02  3.4858926e+02  5.6865324e+02
  2.0017909e+02  3.3393112e+02  5.3411021e+02
  1.9980374e+02  3.8345211e+02  5.8325584e+02
  2.4425444e+02  3.5345820e+02  5.9771264e+02
  2.3961088e+02  3.5568262e+02  5.9529350e+02
  2.4525957e+02  3.6209239e+02  6.0735195e+02
  2.3917890e+02  3.6691856e+02  6.0609746e+02
  2.2311234e+02  3.5895364e+02  5.8206598e+02
  2.1693599e+02  3.2001540e+02  5.3695139e+02
  2.1257949e+02  3.5866834e+02  5.7124783e+02
  2.5142568e+02  3.5847892e+02  6.0990460e+02
  2.2947943e+02  3.4432426e+02  5.7380369e+02
  2.4920765e+02  3.6291341e+02  6.1212106e+02
  2.5054793e+02  3.4025552e+02  5.9080345e+02
  2.5214397e+02  3.5846796e+02  6.1061192e+02
  2.1647276e+02  3.4064551e+02  5.5711827e+02
  2.2352529e+02  3.5840550e+02  5.8193079e+02
  2.1151873e+02  3.4614798e+02  5.5766671e+02
  2.1654105e+02  3.6443828e+02  5.8097933e+02
  2.5966184e+02  3.0903443e+02  5.6869628e+02
  2.0452211e+02  3.3103428e+02  5.3555639e+02
  2.3935079e+02  3.6793015e+02  6.0728095e+02
  2.4111424e+02  3.6786412e+02  6.0897836e+02
  2.1307294e+02  3.6763406e+02  5.8070700e+02
  2.3524310e+02  3.3124382e+02  5.6648693e+02
  2.0817448e+02  3.5168572e+02  5.5986020e+02
  2.2333079e+02  3.2703725e+02  5.5036805e+02
  2.2035188e+02  3.6693758e+02  5.8728946e+02
  2.5149162e+02  3.1725049e+02  5.6874212e+02
  2.3156478e+02  3.4025199e+02  5.7181677e+02
  2.2314262e+02  3.4933897e+02  5.7248159e+02
  2.6079569e+02  3.3418732e+02  5.9498301e+02
  2.4394711e+02  3.1356003e+02  5.5750714e+02
  2.1406021e+02  3.6724907e+02  5.8130928e+02
  2.1877845e+02  3.3706679e+02  5.5584525e+02
  2.1930529e+02  3.5435781e+02  5.7366310e+02
  2.1509748e+02  3.5791254e+02  5.7301002e+02
  2.5168695e+02  3.4772399e+02  5.9941093e+02
  2.3830758e+02  3.6036784e+02  5.9867543e+02
  2.1200281e+02  3.5192567e+02  5.6392848e+02
  2.3608752e+02  3.8125920e+02  6.1734672e+02
  2.3007754e+02  3.5176044e+02  5.8183798e+02
  2.2370177e+02  3.4383902e+02  5.6754079e+02
  2.3656296e+02  3.3288008e+02  5.6944304e+02
  2.3560252e+02  3.4166822e+02  5.7727074e+02
  2.1458147e+02  3.4385857e+02  5.5844004e+02
  2.4065502e+02  3.5181481e+02  5.9246983e+02
  2.1882698e+02  3.4569403e+02  5.6452100e+02
  2.1118697e+02  3.4236166e+02  5.5354862e+02
  2.3631304e+02  3.5653359e+02  5.9284662e+02
  2.3134521e+02  3.0935611e+02  5.4070132e+02
  2.2495323e+02  3.3055054e+02  5.5550376e+02
  2.4420551e+02  3.3974391e+02  5.8394942e+02
  2.4428686e+02  3.5179944e+02  5.9608630e+02
  2.1058464e+02  3.5913711e+02  5.6972176e+02
  2.1243824e+02  3.8439890e+02  5.9683715e+02
  2.2737619e+02  3.4621204e+02  5.7358822e+02
  2.4879308e+02  3.3326558e+02  5.8205865e+02
  2.4354052e+02  3.6322475e+02  6.0676527e+02
  2.4811211e+02  3.6363528e+02  6.1174740e+02
  2.3228651e+02  3.4480045e+02  5.7708696e+02
  2.2174774e+02  3.5351042e+02  5.7525815e+02
  2.2794437e+02  3.5359139e+02  5.8153576e+02
  2.4103768e+02  3.3874828e+02  5.7978597e+02
  2.1583878e+02  3.5527459e+02  5.7111337e+02
  2.4683913e+02  3.4215259e+02  5.8899171e+02
  2.5635731e+02  3.3054782e+02  5.8690513e+02
  2.1657172e+02  3.1062136e+02  5.2719308e+02
  2.3940225e+02  3.6864410e+02  6.0804635e+02
  2.2894225e+02  3.5020356e+02  5.7914580e+02
  2.4182845e+02  3.4072047e+02  5.8254892e+02
  2.3017873e+02  3.5933901e+02  5.8951773e+02
  2.1439927e+02  3.7896575e+02  5.9336503e+02
  2.3631321e+02  3.4953041e+02  5.8584362e+02
  2.5747473e+02  3.5350905e+02  6.1098378e+02
  2.2863831e+02  3.5485771e+02  5.8349601e+02
  2.1576974e+02  3.5465980e+02  5.7042953e+02
  2.2346277e+02  3.5352948e+02  5.7699225e+02
  2.2259355e+02  3.5817338e+02  5.8076693e+02
  2.3355889e+02  3.4686853e+02  5.8042742e+02
  2.1724541e+02  3.4697701e+02  5.6422241e+02
  2.5018882e+02  3.4821862e+02  5.9840744e+02
  2.0568208e+02  3.6134721e+02  5.6702929e+02
  2.1210222e+02  3.3317618e+02  5.4527840e+02
  2.2610691e+02  3.4992860e+02  5.7603551e+02
  2.3899027e+02  3.7420729e+02  6.1319756e+02
  2.1163502e+02  3.3498769e+02  5.4662271e+02
  2.4511111e+02  3.5283147e+02  5.9794258e+02
  2.3619619e+02  3.6048644e+02  5.9668263e+02
  2.5646143e+02  3.3854762e+02  5.9500905e+02
  2.2740759e+02  3.7077301e+02  5.9818060e+02
  2.2332833e+02  3.5537373e+02  5.7870206e+02
  2.2412237e+02  3.5922644e+02  5.8334880e+02
  2.3263678e+02  3.2944946e+02  5.6208624e+02
  2.0554670e+02  3.6892675e+02  5.7447345e+02
  2.3147759e+02  3.6881008e+02  6.0028767e+02
  2.2138530e+02  3.4087015e+02  5.6225545e+02
  2.0847652e+02  3.5452733e+02  5.6300384e+02
  2.1784393e+02  3.7384066e+02  5.9168459e+02
  2.1691565e+02  3.2910154e+02  5.4601719e+02
  2.7598502e+02  3.7780403e+02  6.5378905e+02
  2.3186689e+02  3.5603709e+02  5.8790398e+02
  2.3767032e+02  3.2784846e+02  5.6551878e+02
  2.2597198e+02  3.4272143e+02  5.6869341e+02
  2.4105169e+02  3.3896758e+02  5.8001927e+02
  2.2056220e+02  3.8528691e+02  6.0584911e+02
  2.6103863e+02  3.5778376e+02  6.1882239e+02
  2.4246747e+02  3.6316854e+02  6.0563601e+02
  2.3548387e+02  3.6868830e+02  6.0417216e+02
  2.2064794e+02  3.5741596e+02  5.7806390e+02
  2.4059515e+02  3.9053389e+02  6.3112904e+02
  2.0378535e+02  3.4422528e+02  5.4801062e+02
  2.5370324e+02  3.2314974e+02  5.7685299e+02
  2.2317981e+02  3.4559781e+02  5.6877762e+02
  2.5642886e+02  3.6885346e+02  6.2528232e+02
  2.4920820e+02  3.5286150e+02  6.0206971e+02
  2.3215760e+02  3.2749601e+02  5.5965362e+02
  2.1917033e+02  3.2379593e+02  5.4296626e+02
  2.1996671e+02  3.4907674e+02  5.6904345e+02
  2.2267542e+02  3.7515742e+02  5.9783283e+02
  2.4201181e+02  3.5733150e+02  5.9934331e+02
  2.1014087e+02  3.5615225e+02  5.6629312e+02
  2.2683399e+02  3.4190708e+02  5.6874107e+02
  2.0743743e+02  3.6369878e+02  5.7113621e+02
  2.1197053e+02  3.3072495e+02  5.4269548e+02
  2.2216685e+02  3.6088098e+02  5.8304783e+02
  2.1885136e+02  3.4641254e+02  5.6526390e+02
  2.3908682e+02  3.4727397e+02  5.8636079e+02
  2.1171920e+02  3.4339856e+02  5.5511776e+02
  2.2932376e+02  3.5254174e+02  5.8186550e+02
  2.3378535e+02  3.6577778e+02  5.9956313e+02
  2.3706803e+02  3.9380899e+02  6.3087702e+02
  2.4608543e+02  3.3792441e+02  5.8400984e+02
  2.4191964e+02  3.4863071e+02  5.9055036e+02
  2.2888684e+02  3.5261597e+02  5.8150281e+02
  2.4547063e+02  3.6117746e+02  6.0664809e+02
  2.0757636e+02  3.6357705e+02  5.7115341e+02
  2.4227537e+02  3.5823699e+02  6.0051236e+02
  2.1675938e+02  3.6614236e+02  5.8290174e+02
  2.1335335e+02  3.7451361e+02  5.8786697e+02
  2.4278862e+02  3.5377152e+02  5.9656013e+02
  2.0949394e+02  3.3999111e+02  5.4948506e+02
  2.2633287e+02  3.5135643e+02  5.7768929e+02
  2.5533261e+02  3.3936147e+02  5.9469408e+02
  2.1124137e+02  3.2002477e+02  5.3126613e+02
  2.4454773e+02  3.4774211e+02  5.9228985e+02
  2.3470772e+02  3.2420615e+02  5.5891386e+02
  2.1586014e+02  3.7799532e+02  5.9385547e+02
  2.5057332e+02  3.2723891e+02  5.7781223e+02
  2.3170580e+02  3.9079720e+02  6.2250300e+02
  2.2306949e+02  3.3671782e+02  5.5978731e+02
  2.4607926e+02  3.4499597e+02  5.9107523e+02
  2.3399332e+02  3.7129851e+02  6.0529182e+02
  2.4037535e+02  3.3356662e+02  5.7394197e+02
  2.1965800e+02  3.6059785e+02  5.8025585e+02
  2.2911568e+02  3.8857334e+02  6.1768902e+02
  2.4319844e+02  3.4319465e+02  5.8639309e+02
  2.6197060e+02  3.5652813e+02  6.1849873e+02
  2.3769599e+02  3.4924898e+02  5.8694497e+02
  2.0897011e+02  3.3329792e+02  5.4226803e+02
  2.2804473e+02  3.2605694e+02  5.5410167e+02
  2.4141617e+02  3.7831972e+02  6.1973588e+02
  2.3258356e+02  3.7686090e+02  6.0944446e+02
  2.3859596e+02  3.5026621e+02  5.8886217e+02
  2.2634142e+02  3.5955376e+02  5.8589518e+02
  2.3325240e+02  3.6322033e+02  5.9647273e+02
  2.3346038e+02  3.3373784e+02  5.6719822e+02
  2.4355406e+02  3.3773461e+02  5.8128867e+02
  1.9173986e+02  3.7411800e+02  5.6585786e+02
  2.0454107e+02  3.3367507e+02  5.3821614e+02
  2.3917674e+02  3.6341080e+02  6.0258754e+02
  2.4150794e+02  3.6283895e+02  6.0434689e+02
  2.2145279e+02  3.4018521e+02  5.6163800e+02
  2.3115699e+02  3.3278049e+02  5.6393749e+02
  2.5800346e+02  3.5354112e+02  6.1154458e+02
  2.4939185e+02  3.3766413e+02  5.8705598e+02
  2.4163673e+02  3.5373384e+02  5.9537058e+02
  2.2612081e+02  3.7913855e+02  6.0525936e+02
  2.0989547e+02  3.4536781e+02  5.5526327e+02
  2.4224076e+02  3.4804013e+02  5.9028090e+02
  2.4974852e+02  3.4463270e+02  5.9438122e+02
  2.2145633e+02  3.3375893e+02  5.5521526e+02
  2.4252122e+02  3.4403941e+02  5.8656063e+02
  2.3236375e+02  3.6321782e+02  5.9558157e+02
  2.6376243e+02  3.4272397e+02  6.0648640e+02
  2.4914823e+02  3.5977391e+02  6.0892214e+02
  2.1474302e+02  3.5168691e+02  5.6642993e+02
  2.2257223e+02  3.5255048e+02  5.7512271e+02
  2.5688954e+02  3.4955315e+02  6.0644269e+02
  2.3398871e+02  3.5146686e+02  5.8545557e+02
  2.0126822e+02  3.3312124e+02  5.3438947e+02
  2.6073944e+02  3.5411648e+02  6.1485592e+02
  2.3690889e+02  3.6451921e+02  6.0142809e+02
  2.3890423e+02  3.4772239e+02  5.8662661e+02
  2.7142907e+02  3.2596463e+02  5.9739370e+02
  2.3996019e+02  3.3202953e+02  5.7198972e+02
  2.1985201e+02  3.3913723e+02  5.5898924e+02
  2.0025373e+02  3.8099374e+02  5.8124747e+02
  2.4049992e+02  3.8559467e+02  6.2609459e+02
  2.3098034e+02  3.7113796e+02  6.0211831e+02
  2.5713742e+02  3.6441660e+02  6.2155401e+02
  2.3701677e+02  3.6784444e+02  6.0486122e+02
  2.2832409e+02  3.3283596e+02  5.6116005e+02
  2.3550557e+02  3.5097722e+02  5.8648280e+02
  2.5181808e+02  3.6164934e+02  6.1346742e+02
  2.1991602e+02  3.5399838e+02  5.7391440e+02
  2.2062383e+02  3.3494219e+02  5.5556602e+02
  2.2943605e+02  3.5526475e+02  5.8470080e+02
  2.5335913e+02  3.4871229e+02  6.0207142e+02
  2.1654678e+02  3.7238685e+02  5.8893363e+02
  2.2065929e+02  3.7177043e+02  5.9242972e+02
  2.4250435e+02  3.4675562e+02  5.8925997e+02
  2.0038811e+02  4.0390353e+02  6.0429164e+02
  2.4047603e+02  3.6699074e+02  6.0746678e+02
  2.3730373e+02  3.1284800e+02  5.5015173e+02
  2.2873843e+02  3.4601421e+02  5.7475264e+02
  2.1045948e+02  3.3296593e+02  5.4342541e+02
  2.3076986e+02  3.3356288e+02  5.6433274e+02
  2.5045884e+02  3.0424284e+02  5.5470168e+02
  2.3463978e+02  3.1720020e+02  5.5183998e+02
  2.2380974e+02  3.5347670e+02  5.7728644e+02
  2.3693072e+02  3.5077197e+02  5.8770270e+02
  2.4494048e+02  3.2895352e+02  5.7389399e+02
  2.2975193e+02  3.7237585e+02  6.0212778e+02
  2.1020066e+02  3.2353169e+02  5.3373235e+02
  2.2900298e+02  3.5382786e+02  5.8283084e+02
  2.2860852e+02  3.5792842e+02  5.8653694e+02
  2.5984339e+02  3.8084378e+02  6.4068717e+02
  2.3302849e+02  3.8584565e+02  6.1887414e+02
  2.0842263e+02  3.3857765e+02  5.4700027e+02
  2.1100276e+02  3.7666383e+02  5.8766659e+02
  2.4367088e+02  3.5513201e+02  5.9880289e+02
  2.2001667e+02  3.6594910e+02  5.8596577e+02
  2.0971869e+02  3.5385694e+02  5.6357563e+02
  1.9573638e+02  3.5583805e+02  5.5157443e+02
  2.2508550e+02  3.6323256e+02  5.8831806e+02
  2.4253084e+02  3.4262254e+02  5.8515338e+02
  2.2440705e+02  3.6993616e+02  5.9434320e+02
  1.9526924e+02  3.5090789e+02  5.4617713e+02
  1.9611975e+02  3.5587690e+02  5.5199665e+02
  2.2235952e+02  3.6696946e+02  5.8932898e+02
  2.2032543e+02  3.5341339e+02  5.7373883e+02
  2.0998421e+02  3.8968780e+02  5.9967200e+02
  2.4585731e+02  3.3932159e+02  5.8517890e+02
  2.1680039e+02  3.3045784e+02  5.4725823e+02
  2.3724645e+02  3.3033203e+02  5.6757848e+02
  2.2394822e+02  3.0538314e+02  5.2933136e+02
  2.5824664e+02  3.4148107e+02  5.9972771e+02
  2.4346615e+02  3.5561104e+02  5.9907719e+02
  2.3426351e+02  3.2925300e+02  5.6351651e+02
  2.3222015e+02  3.3594752e+02  5.6816768e+02
  2.3256206e+02  3.7338025e+02  6.0594231e+02
  2.2837630e+02  3.5286157e+02  5.8123787e+02
  2.0320449e+02  3.4928103e+02  5.5248552e+02
  2.4754271e+02  3.4378114e+02  5.9132385e+02
  2.3859004e+02  3.7379281e+02  6.1238285e+02
  2.3272728e+02  3.6191163e+02  5.9463891e+02
  2.2751326e+02  3.6112367e+02  5.8863693e+02
  2.2176888e+02  3.3053419e+02  5.5230307e+02
  2.4042469e+02  3.7110914e+02  6.1153383e+02
  2.1950040e+02  3.4590898e+02  5.6540938e+02
  2.3233999e+02  3.6953762e+02  6.0187762e+02
  2.1264407e+02  3.4774634e+02  5.6039041e+02
  1.9104664e+02  3.4866884e+02  5.3971548e+02
  2.8072565e+02  3.6481448e+02  6.4554013e+02
  2.2384700e+02  3.7310743e+02  5.9695443e+02
  2.3767992e+02  3.4480831e+02  5.8248823e+02
  2.3421708e+02  3.7989300e+02  6.1411008e+02
  2.2717908e+02  3.6766754e+02  5.9484662e+02
  2.3009797e+02  3.6568630e+02  5.9578426e+02
  2.4665968e+02  3.6385964e+02  6.1051932e+02
  2.3475714e+02  3.4534236e+02  5.8009950e+02
  2.1905884e+02  3.5022383e+02  5.6928266e+02
  2.3163721e+02  3.8264829e+02  6.1428549e+02
  2.4486781e+02  3.6137540e+02  6.0624321e+02
  2.5957940e+02  3.7064730e+02  6.3022670e+02
  2.3654407e+02  3.3923837e+02  5.7578244e+02
  2.1315922e+02  3.7999652e+02  5.9315574e+02
  2.3360430e+02  3.4402318e+02  5.7762748e+02
  2.1436083e+02  3.1339146e+02  5.2775229e+02
  2.4282348e+02  3.4808752e+02  5.9091100e+02
  2.2167868e+02  3.5910856e+02  5.8078724e+02
  1.9788042e+02  3.3495408e+02  5.3283450e+02
  2.3642659e+02  3.4296651e+02  5.7939310e+02
  1.9388044e+02  3.7722780e+02  5.7110825e+02
  2.3431708e+02  3.0635388e+02  5.4067096e+02
  2.1072367e+02  3.5605689e+02  5.6678057e+02
  2.0468784e+02  3.0150013e+02  5.0618797e+02
  2.6152354e+02  3.5998335e+02  6.2150689e+02
  2.2803071e+02  3.3613721e+02  5.6416791e+02
  2.5113406e+02  3.5153779e+02  6.0267186e+02
  2.3128799e+02  3.3934644e+02  5.7063443e+02
  2.5242862e+02  3.5681472e+02  6.0924334e+02
  2.2900546e+02  3.3462342e+02  5.6362888e+02
  2.3645182e+02  3.1349145e+02  5.4994327e+02
  2.1791115e+02  3.2888979e+02  5.4680094e+02
  2.2777030e+02  3.0744760e+02  5.3521790e+02
  2.3399055e+02  3.6124924e+02  5.9523980e+02
  2.4603304e+02  3.4523000e+02  5.9126304e+02
  2.2769403e+02  3.5483990e+02  5.8253393e+02
  2.0029204e+02  3.4945839e+02  5.4975043e+02
  2.2666590e+02  3.3597103e+02  5.6263693e+02
  2.4247896e+02  3.3167633e+02  5.7415529e+02
  2.1956626e+02  3.5800929e+02  5.7757555e+02
  2.3720968e+02  3.5467689e+02  5.9188657e+02
  2.3601824e+02  3.6589707e+02  6.0191531e+02
  2.3662326e+02  3.3501264e+02  5.7163590e+02
  2.4494572e+02  3.3877022e+02  5.8371594e+02
  2.2884917e+02  3.4337263e+02  5.7222180e+02
  2.1259503e+02  3.3506308e+02  5.4765811e+02
  2.1129922e+02  3.4698657e+02  5.5828579e+02
  2.5694746e+02  3.3807867e+02  5.9502613e+02
  1.9823192e+02  3.5834322e+02  5.5657514e+02
  2.3430039e+02  3.4332468e+02  5.7762507e+02
  2.7304431e+02  3.4838118e+02  6.2142550e+02
  2.4052760e+02  3.4453398e+02  5.8506158e+02
  2.1661934e+02  3.3723770e+02  5.5385704e+02
  2.4491757e+02  3.2705636e+02  5.7197393e+02
  2.3002502e+02  3.5273184e+02  5.8275686e+02
  2.4272402e+02  3.5797542e+02  6.0069944e+02
  2.1705925e+02  3.4909977e+02  5.6615902e+02
  2.3729755e+02  3.4784448e+02  5.8514203e+02
  2.4116843e+02  3.4144854e+02  5.8261697e+02
  2.4144835e+02  3.5625290e+02  5.9770125e+02
  2.1872863e+02  3.4763956e+02  5.6636819e+02
  2.2747733e+02  3.3895186e+02  5.6642919e+02
  2.2418677e+02  3.5759097e+02  5.8177773e+02
  2.2869228e+02  3.4646320e+02  5.7515548e+02
  2.3954431e+02  3.1373759e+02  5.5328190e+02
  2.2039274e+02  3.0295917e+02  5.2335190e+02
  2.3365450e+02  3.6684866e+02  6.0050315e+02
  2.3838802e+02  3.7255641e+02  6.1094443e+02
  2.2117685e+02  3.7947863e+02  6.0065548e+02
  2.4840843e+02  3.4479801e+02  5.9320644e+02
  2.4830672e+02  3.4329371e+02  5.9160043e+02
  2.5396749e+02  3.4137474e+02  5.9534223e+02
  2.3919005e+02  3.5144986e+02  5.9063992e+02
  2.4008496e+02  3.5074107e+02  5.9082603e+02
  2.5138782e+02  3.3432112e+02  5.8570894e+02
  2.2435862e+02  3.6079573e+02  5.8515435e+02
  2.4343596e+02  3.7736809e+02  6.2080405e+02
  2.2264700e+02  3.5381495e+02  5.7646195e+02
  2.4624028e+02  3.2797151e+02  5.7421178e+02
  2.2902315e+02  3.0844085e+02  5.3746400e+02
  2.4037348e+02  3.5221773e+02  5.9259122e+02
  2.0459172e+02  3.4287663e+02  5.4746834e+02
  2.3768478e+02  3.5441352e+02  5.9209829e+02
  2.4847691e+02  3.2947563e+02  5.7795254e+02
  2.2069829e+02  3.3804730e+02  5.5874559e+02
  2.1863364e+02  3.3226630e+02  5.5089994e+02
  2.2692087e+02  3.5120481e+02  5.7812568e+02
  2.3808196e+02  3.7602179e+02  6.1410374e+02
  2.4096611e+02  3.7416246e+02  6.1512856e+02
  2.2338273e+02  3.6239158e+02  5.8577431e+02
  2.0916703e+02  3.5139437e+02  5.6056140e+02
  2.3333573e+02  3.3970267e+02  5.7303840e+02
  2.1396730e+02  3.3476057e+02  5.4872786e+02
  2.2699330e+02  3.2684566e+02  5.5383896e+02
  2.4344296e+02  3.4035943e+02  5.8380239e+02
  2.3284288e+02  3.3286588e+02  5.6570876e+02
  2.1595087e+02  3.5508862e+02  5.7103949e+02
  2.3309519e+02  3.3260453e+02  5.6569972e+02
  2.2998857e+02  3.5173093e+02  5.8171949e+02
  2.2190399e+02  3.5534970e+02  5.7725369e+02
  2.5079841e+02  3.6374416e+02  6.1454257e+02
  2.3479398e+02  3.0300311e+02  5.3779709e+02
  2.3608011e+02  3.3699373e+02  5.7307384e+02
  2.5132242e+02  3.2473528e+02  5.7605770e+02
  2.5508483e+02  3.5662697e+02  6.1171179e+02
  2.2365674e+02  3.6043616e+02  5.8409289e+02
  2.1606478e+02  3.6093648e+02  5.7700125e+02
  2.5323730e+02  3.4308439e+02  5.9632169e+02
  2.4442504e+02  3.6292654e+02  6.0735158e+02
  2.3855688e+02  3.4572500e+02  5.8428188e+02
  2.3396434e+02  3.2466083e+02  5.5862517e+02
  2.0370577e+02  3.7330592e+02  5.7701169e+02
  2.2422218e+02  3.3480970e+02  5.5903188e+02
  2.2681823e+02  3.2823924e+02  5.5505747e+02
  2.1345375e+02  3.4350465e+02  5.5695840e+02
  2.2801671e+02  3.3397917e+02  5.6199588e+02
  2.1882078e+02  3.5994094e+02  5.7876172e+02
  2.3854162e+02  3.4071914e+02  5.7926075e+02
  2.3785173e+02  3.4875191e+02  5.8660363e+02
  2.5450276e+02  3.2051248e+02  5.7501524e+02
  2.3715765e+02  3.5061907e+02  5.8777672e+02
  2.4577776e+02  3.7657238e+02  6.2235014e+02
  2.3792613e+02  3.5418451e+02  5.9211064e+02
  2.1715398e+02  3.4163348e+02  5.5878745e+02
  2.2712545e+02  3.5441990e+02  5.8154534e+02
  2.4785846e+02  3.3599192e+02  5.8385038e+02
  2.3149335e+02  3.7055152e+02  6.0204487e+02
  2.0860253e+02  3.9299583e+02  6.0159836e+02
  2.5800721e+02  3.3964177e+02  5.9764898e+02
  2.0510114e+02  3.5134802e+02  5.5644916e+02
  2.2395235e+02  3.6502646e+02  5.8897881e+02
  2.5783051e+02  3.6240535e+02  6.2023586e+02
  2.2859823e+02  3.2190483e+02  5.5050306e+02
  2.1769571e+02  3.1788417e+02  5.3557988e+02
  2.5004630e+02  3.4680060e+02  5.9684690e+02
  2.1950209e+02  3.4133257e+02  5.6083466e+02
  2.4121359e+02  3.4994560e+02  5.9115919e+02
  2.2341193e+02  3.5748348e+02  5.8089541e+02
  2.5532138e+02  3.3962828e+02  5.9494966e+02
  2.1278759e+02  3.2824186e+02  5.4102946e+02
  2.4695859e+02  3.5464235e+02  6.0160094e+02
  2.1817350e+02  3.3269884e+02  5.5087234e+02
  2.4647038e+02  3.6962013e+02  6.1609051e+02
  2.1621992e+02  3.5792093e+02  5.7414085e+02
  2.1861095e+02  3.4922698e+02  5.6783793e+02
  2.2749745e+02  3.4793052e+02  5.7542796e+02
  2.6532220e+02  3.5400440e+02  6.1932660e+02
  2.4486888e+02  3.1599165e+02  5.6086053e+02
  2.5170272e+02  3.6442873e+02  6.1613145e+02
  2.3190161e+02  3.5295837e+02  5.8485998e+02
  2.0582565e+02  3.4098459e+02  5.4681024e+02
  1.9260090e+02  3.6164391e+02  5.5424480e+02
  2.1759024e+02  3.4407043e+02  5.6166067e+02
  2.5363334e+02  3.4492680e+02  5.9856015e+02
  2.5083801e+02  3.4190561e+02  5.9274361e+02
  2.5501639e+02  3.2759535e+02  5.8261174e+02
  2.3386039e+02  3.2052047e+02  5.5438086e+02
  2.1542328e+02  3.3410844e+02  5.4953172e+02
  2.1839438e+02  3.4762320e+02  5.6601759e+02
  2.3621739e+02  3.5395402e+02  5.9017141e+02
  2.4971643e+02  3.5052304e+02  6.0023947e+02
  2.4610216e+02  3.3086940e+02  5.7697155e+02
  2.1929725e+02  3.4827548e+02  5.6757273e+02
  2.4243957e+02  3.4834024e+02  5.9077981e+02
  2.2392944e+02  3.5309056e+02  5.7702000e+02
  2.0493335e+02  3.6189966e+02  5.6683301e+02
  2.6298569e+02  3.4072320e+02  6.0370889e+02
  2.2896405e+02  3.3069099e+02  5.5965503e+02
  2.2189363e+02  3.3435199e+02  5.5624562e+02
  2.3896204e+02  3.2219903e+02  5.6116107e+02
  2.5634112e+02  3.4556072e+02  6.0190184e+02
  2.4681873e+02  3.6289047e+02  6.0970920e+02
  2.1541712e+02  3.5538665e+02  5.7080377e+02
  2.3993601e+02  3.3963030e+02  5.7956631e+02
  2.4869714e+02  3.5774006e+02  6.0643720e+02
  2.1349981e+02  3.6161107e+02  5.7511088e+02
  2.3823485e+02  3.7812233e+02  6.1635718e+02
  2.4329273e+02  3.9890766e+02  6.4220038e+02
  2.2388909e+02  3.4352122e+02  5.6741031e+02
  2.1763441e+02  3.5704062e+02  5.7467503e+02
  2.2129507e+02  3.4837463e+02  5.6966970e+02
  2.3157536e+02  3.5320787e+02  5.8478323e+02
  2.2074590e+02  3.4729018e+02  5.6803608e+02
  2.4191947e+02  3.6718507e+02  6.0910454e+02
  2.1051796e+02  3.6216216e+02  5.7268012e+02
  2.0132503e+02  4.0168309e+02  6.0300812e+02
  2.1686412e+02  3.5881611e+02  5.7568024e+02
  2.5106604e+02  3.1994505e+02  5.7101108e+02
  2.1923573e+02  3.6668695e+02  5.8592268e+02
  2.4786919e+02  3.7097499e+02  6.1884418e+02
  2.2786658e+02  3.5241296e+02  5.8027954e+02
  2.4783548e+02  3.1535268e+02  5.6318816e+02
  2.1174225e+02  3.5444233e+02  5.6618458e+02
  2.2819450e+02  3.1731193e+02  5.4550642e+02
  2.3849801e+02  3.2275379e+02  5.6125180e+02
  2.2694018e+02  3.6923076e+02  5.9617094e+02
  2.4574354e+02  3.5895177e+02  6.0469531e+02
  2.4850913e+02  3.5716420e+02  6.0567333e+02
  2.3630029e+02  3.3468345e+02  5.7098375e+02
  2.4216286e+02  3.5438519e+02  5.9654806e+02
  2.3368589e+02  3.8399092e+02  6.1767681e+02
  2.2279503e+02  3.6717092e+02  5.8996595e+02
  2.0347108e+02  3.7743105e+02  5.8090213e+02
  2.1419245e+02  3.5830604e+02  5.7249848e+02
  2.1371324e+02  3.3855020e+02  5.5226345e+02
  2.2983673e+02  3.5594482e+02  5.8578155e+02
  2.1957074e+02  3.8240179e+02  6.0197253e+02
  2.3000518e+02  3.4659659e+02  5.7660177e+02
  2.3822521e+02  3.5529242e+02  5.9351763e+02
  2.3567046e+02  3.3867955e+02  5.7435001e+02
  2.2470407e+02  3.7105904e+02  5.9576311e+02
  2.2803913e+02  3.5455550e+02  5.8259463e+02
  2.4306873e+02  3.4906428e+02  5.9213301e+02
  2.2033928e+02  3.2686696e+02  5.4720624e+02
  2.3274000e+02  3.9047913e+02  6.2321913e+02
  2.3985010e+02  3.2719883e+02  5.6704893e+02
  2.2908303e+02  3.7515864e+02  6.0424167e+02
  2.3465001e+02  3.2674651e+02  5.6139652e+02
  2.1693861e+02  3.5392803e+02  5.7086664e+02
  2.1939482e+02  3.4740793e+02  5.6680275e+02
  2.4685472e+02  3.5391208e+02  6.0076681e+02
  2.0774355e+02  3.7816548e+02  5.8590902e+02
  2.2893418e+02  3.4717357e+02  5.7610775e+02
  2.1296196e+02  3.4800838e+02  5.6097034e+02
  2.2477107e+02  3.4860512e+02  5.7337619e+02
  2.6245946e+02  3.4676183e+02  6.0922130e+02
  2.1664532e+02  3.4025134e+02  5.5689666e+02
  2.5573441e+02  3.5926676e+02  6.1500116e+02
  2.1688270e+02  3.3891109e+02  5.5579379e+02
  2.1331573e+02  3.2877421e+02  5.4208994e+02
  2.1787612e+02  3.6619494e+02  5.8407106e+02
  2.5171475e+02  3.9784578e+02  6.4956053e+02
  2.3121367e+02  3.6359999e+02  5.9481366e+02
  2.4053604e+02  3.7925596e+02  6.1979200e+02
  2.3789749e+02  3.2147869e+02  5.5937619e+02
  2.2804968e+02  3.2823018e+02  5.5627986e+02
  2.4385700e+02  3.3138668e+02  5.7524368e+02
  2.2198642e+02  3.3351860e+02  5.5550502e+02
  2.1184838e+02  3.3575942e+02  5.4760780e+02
  2.2353817e+02  3.6478097e+02  5.8831914e+02
  2.3311382e+02  3.7955835e+02  6.1267217e+02
  2.4875931e+02  3.1398128e+02  5.6274059e+02
  2.2472089e+02  3.3198185e+02  5.5670274e+02
  2.5251511e+02  3.7160037e+02  6.2411548e+02
  2.4832530e+02  3.5952091e+02  6.0784621e+02
  1.9483528e+02  3.5446433e+02  5.4929961e+02
  2.1952531e+02  3.2701633e+02  5.4654164e+02
  2.3429825e+02  3.6684160e+02  6.0113985e+02
  2.3042462e+02  3.4905133e+02  5.7947595e+02
  2.2718708e+02  3.6631407e+02  5.9350115e+02
  2.1623085e+02  3.3929150e+02  5.5552235e+02
  2.3599106e+02  3.6013599e+02  5.9612705e+02
  2.2857032e+02  3.5749298e+02  5.8606331e+02
  2.2971195e+02  3.4809418e+02  5.7780613e+02
  2.1488113e+02  3.5051359e+02  5.6539473e+02
  2.1412304e+02  3.6408355e+02  5.7820660e+02
  2.0243683e+02  3.7280866e+02  5.7524549e+02
  2.3379868e+02  3.2634471e+02  5.6014339e+02
  2.0605382e+02  3.7134899e+02  5.7740282e+02
  2.4936373e+02  3.4578753e+02  5.9515126e+02
  2.3002045e+02  3.1852504e+02  5.4854549e+02
  2.3306536e+02  3.2852134e+02  5.6158670e+02
  2.1198037e+02  3.3032403e+02  5.4230440e+02
  2.1600354e+02  3.2877158e+02  5.4477512e+02
  2.3702994e+02  3.2169255e+02  5.5872249e+02
  2.3353756e+02  3.6715836e+02  6.0069592e+02
  2.4328505e+02  3.6834743e+02  6.1163248e+02
  2.3315006e+02  3.5308084e+02  5.8623090e+02
  2.3959021e+02  3.2627286e+02  5.6586306e+02
  2.3931491e+02  3.7323225e+02  6.1254715e+02
  2.2171596e+02  3.3945964e+02  5.6117560e+02
  2.3572735e+02  3.4993680e+02  5.8566415e+02
  2.4591075e+02  3.2600713e+02  5.7191789e+02
  2.0538380e+02  3.3752813e+02  5.4291193e+02
  2.1723653e+02  3.4664560e+02  5.6388213e+02
  2.1513439e+02  3.6302239e+02  5.7815678e+02
  2.6666999e+02  3.4856994e+02  6.1523993e+02
  2.2226780e+02  3.4411533e+02  5.6638313e+02
  2.3316518e+02  3.9192750e+02  6.2509269e+02
  2.4203067e+02  3.5942137e+02  6.0145205e+02
  2.3246568e+02  3.3324273e+02  5.6570841e+02
  2.2556841e+02  3.3526779e+02  5.6083619e+02
  2.3348480e+02  3.7051291e+02  6.0399770e+02
  2.3075439e+02  3.6684949e+02  5.9760388e+02
  2.2199094e+02  3.5974041e+02  5.8173136e+02
  2.2062444e+02  3.2956515e+02  5.5018959e+02
  2.5411283e+02  3.4049798e+02  5.9461081e+02
  2.1598972e+02  3.4796133e+02  5.6395105e+02
  2.5292408e+02  3.6436385e+02  6.1728792e+02
  2.2943878e+02  3.5387973e+02  5.8331850e+02
  2.2047230e+02  3.2836836e+02  5.4884066e+02
  2.2737250e+02  3.4252178e+02  5.6989428e+02
  2.4371043e+02  3.4771743e+02  5.9142786e+02
  2.4259224e+02  3.5843680e+02  6.0102904e+02
  2.2726004e+02  3.3189410e+02  5.5915413e+02
  2.0827055e+02  3.5101117e+02  5.5928172e+02
  2.4956541e+02  3.4737950e+02  5.9694491e+02
  2.3390245e+02  3.2746044e+02  5.6136288e+02
  2.4973555e+02  3.2401546e+02  5.7375101e+02
  2.0678007e+02  3.7526361e+02  5.8204367e+02
  2.2787351e+02  3.5241510e+02  5.8028861e+02
  2.2945259e+02  3.2279501e+02  5.5224760e+02
  2.3422242e+02  3.0510111e+02  5.3932352e+02
  2.4018494e+02  3.7609655e+02  6.1628149e+02
  2.1913337e+02  3.8050712e+02  5.9964049e+02
  2.4642595e+02  3.7037614e+02  6.1680209e+02
  2.2219855e+02  3.5553302e+02  5.7773158e+02
  2.5151630e+02  3.5124264e+02  6.0275894e+02
  2.2492272e+02  3.3969879e+02  5.6462151e+02
  2.2092583e+02  3.5533109e+02  5.7625692e+02
  2.3764832e+02  3.3765062e+02  5.7529895e+02
  2.1971441e+02  3.6771517e+02  5.8742959e+02
  2.1875030e+02  3.1890145e+02  5.3765175e+02
  2.0941104e+02  3.4390321e+02  5.5331425e+02
  2.3967882e+02  3.2825339e+02  5.6793221e+02
  2.1562971e+02  3.6154544e+02  5.7717515e+02
  2.1954160e+02  3.6264646e+02  5.8218805e+02
  2.2785397e+02  3.8069562e+02  6.0854958e+02
  2.2301652e+02  3.6426638e+02  5.8728290e+02
  2.4444650e+02  3.4465893e+02  5.8910544e+02
  2.2180136e+02  3.4358230e+02  5.6538366e+02
  2.5181528e+02  3.3650954e+02  5.8832482e+02
  2.1413703e+02  3.5499599e+02  5.6913302e+02
  1.9796252e+02  3.2983099e+02  5.2779351e+02
  1.9424364e+02  3.4575455e+02  5.3999820e+02
  2.3469846e+02  3.5838563e+02  5.9308409e+02
  2.4312689e+02  3.3146644e+02  5.7459333e+02
  2.1975967e+02  3.3495825e+02  5.5471792e+02
  2.2556606e+02  3.4172740e+02  5.6729347e+02
  2.1700539e+02  3.6042684e+02  5.7743223e+02
  2.5128593e+02  3.5514516e+02  6.0643110e+02
  2.3656888e+02  3.4231383e+02  5.7888271e+02
  2.3742029e+02  3.5258166e+02  5.9000195e+02
  2.3023306e+02  3.6020841e+02  5.9044148e+02
  2.3326505e+02  3.3311977e+02  5.6638482e+02
  2.2514616e+02  3.4944794e+02  5.7459410e+02
  2.1897444e+02  3.4793244e+02  5.6690688e+02
  2.6168692e+02  3.6810935e+02  6.2979627e+02
  2.3791558e+02  3.5553707e+02  5.9345264e+02
  2.4928449e+02  3.7352348e+02  6.2280798e+02
  2.1581995e+02  3.5633944e+02  5.7215939e+02
  2.3102168e+02  3.4111779e+02  5.7213947e+02
  2.4054531e+02  3.4246178e+02  5.8300709e+02
  2.7381717e+02  3.2973555e+02  6.0355272e+02
  2.4729438e+02  3.6227165e+02  6.0956603e+02
  2.3299692e+02  4.0781694e+02  6.4081386e+02
  2.2479988e+02  3.2558382e+02  5.5038371e+02
  2.0484684e+02  3.3919085e+02  5.4403768e+02
  2.3115291e+02  3.4610965e+02  5.7726255e+02
  2.2900553e+02  3.5968256e+02  5.8868809e+02
  2.0171764e+02  3.4789955e+02  5.4961720e+02
  2.2456319e+02  3.2757132e+02  5.5213451e+02
  2.3822900e+02  3.5878303e+02  5.9701203e+02
  2.4347553e+02  3.5434102e+02  5.9781655e+02
  2.3186331e+02  3.6191679e+02  5.9378011e+02
  2.2708563e+02  3.5920231e+02  5.8628794e+02
  2.4064457e+02  3.7381009e+02  6.1445466e+02
  2.3445339e+02  3.6681661e+02  6.0127001e+02
  2.6290081e+02  3.5756114e+02  6.2046195e+02
  2.1959900e+02  3.7395660e+02  5.9355560e+02
  2.2638325e+02  3.2380684e+02  5.5019009e+02
  2.1666546e+02  3.6987145e+02  5.8653691e+02
  2.0698827e+02  3.6644589e+02  5.7343416e+02
  2.0628695e+02  3.1970167e+02  5.2598862e+02
  2.2417633e+02  3.6280851e+02  5.8698484e+02
  2.4491447e+02  3.5534887e+02  6.0026334e+02
  2.1461330e+02  3.6113357e+02  5.7574688e+02
  2.2186833e+02  3.5996007e+02  5.8182841e+02
  2.3079790e+02  3.5381686e+02  5.8461476e+02
  2.2895653e+02  3.4703405e+02  5.7599058e+02
  2.4233842e+02  3.4045728e+02  5.8279570e+02
  2.4550290e+02  3.5987812e+02  6.0538102e+02
  2.2452802e+02  3.2588808e+02  5.5041610e+02
  2.2319649e+02  3.6983230e+02  5.9302879e+02
  2.2250602e+02  3.5678274e+02  5.7928876e+02
  2.5325852e+02  3.3701848e+02  5.9027699e+02
  2.6101647e+02  3.4980531e+02  6.1082178e+02
  2.3528745e+02  3.1942221e+02  5.5470966e+02
  2.4564986e+02  3.6142508e+02  6.0707494e+02
  2.1436605e+02  3.3493421e+02  5.4930026e+02
  2.3582659e+02  3.0627487e+02  5.4210146e+02
  2.6541388e+02  3.8187031e+02  6.4728418e+02
  2.2616881e+02  3.5168251e+02  5.7785132e+02
  2.3787479e+02  3.2947525e+02  5.6735003e+02
  2.1913002e+02  3.4579768e+02  5.6492769e+02
  2.0622754e+02  3.4120451e+02  5.4743204e+02
  2.3817473e+02  3.3391581e+02  5.7209054e+02
  2.4419996e+02  3.5577865e+02  5.9997861e+02
  2.3413610e+02  3.5019741e+02  5.8433352e+02
  2.2585720e+02  3.2284467e+02  5.4870187e+02
  2.3744456e+02  3.2831672e+02  5.6576128e+02
  2.5780356e+02  3.5133424e+02  6.0913780e+02
  2.2857965e+02  3.6305611e+02  5.9163576e+02
  2.2559909e+02  3.5604245e+02  5.8164154e+02
  2.5025462e+02  3.5523679e+02  6.0549140e+02
  2.2724064e+02  3.6976412e+02  5.9700475e+02
  2.3835920e+02  3.4338728e+02  5.8174648e+02
  2.1681638e+02  3.4616356e+02  5.6297993e+02
  2.2570552e+02  3.8414254e+02  6.0984805e+02
  2.0069129e+02  3.4218721e+02  5.4287850e+02
  2.2816499e+02  3.5619645e+02  5.8436144e+02
  2.2832594e+02  3.7087392e+02  5.9919986e+02
  2.2032632e+02  3.5910740e+02  5.7943372e+02
  2.4311486e+02  3.5728686e+02  6.0040172e+02
  2.2229839e+02  3.4263322e+02  5.6493161e+02
  2.4728341e+02  3.6791820e+02  6.1520161e+02
  2.4584426e+02  3.4053330e+02  5.8637756e+02
  2.4159095e+02  3.6434852e+02  6.0593946e+02
  2.3574805e+02  3.5288997e+02  5.8863802e+02
  2.3373401e+02  3.1879386e+02  5.5252786e+02
  2.4987364e+02  3.3553602e+02  5.8540966e+02
  2.3246429e+02  3.7271245e+02  6.0517675e+02
  2.3525552e+02  3.6138335e+02  5.9663887e+02
  2.0998844e+02  3.3947888e+02  5.4946733e+02
  2.2036410e+02  3.9385096e+02  6.1421507e+02
  2.1532058e+02  3.8311282e+02  5.9843340e+02
  2.3537503e+02  3.7930378e+02  6.1467881e+02
  2.1732440e+02  3.3789893e+02  5.5522333e+02
  2.3842350e+02  3.3412354e+02  5.7254704e+02
  2.0948488e+02  3.5985117e+02  5.6933605e+02
  2.3200494e+02  3.4350208e+02  5.7550702e+02
  2.2567741e+02  3.5749693e+02  5.8317434e+02
  2.3798447e+02  3.7925177e+02  6.1723625e+02
  2.3503807e+02  3.5245549e+02  5.8749355e+02
  2.2466904e+02  3.3545610e+02  5.6012514e+02
  2.1734838e+02  3.5658379e+02  5.7393218e+02
  2.5243498e+02  3.6334087e+02  6.1577585e+02
  2.2070755e+02  3.4705552e+02  5.6776307e+02
  2.1873883e+02  3.1308007e+02  5.3181891e+02
  2.2690261e+02  3.5117444e+02  5.7807705e+02
  2.5307769e+02  3.1647725e+02  5.6955494e+02
  2.2150184e+02  3.4162588e+02  5.6312772e+02
  2.3522203e+02  3.4033835e+02  5.7556038e+02
  2.3095218e+02  3.5680083e+02  5.8775301e+02
  2.2409926e+02  3.7517844e+02  5.9927770e+02
  2.3279851e+02  3.1886855e+02  5.5166706e+02
  2.0863698e+02  3.7929693e+02  5.8793391e+02
  2.2935134e+02  3.5848444e+02  5.8783578e+02
  2.1899424e+02  3.2124188e+02  5.4023612e+02
  2.1510162e+02  3.3335452e+02  5.4845614e+02
  2.4541509e+02  3.6258613e+02  6.0800122e+02
  2.0281637e+02  3.4542776e+02  5.4824413e+02
  2.5638682e+02  3.6576837e+02  6.2215519e+02
  2.2992288e+02  3.3308543e+02  5.6300831e+02
  2.0594669e+02  3.5133419e+02  5.5728089e+02
  2.4632047e+02  3.5707399e+02  6.0339446e+02
  2.5842687e+02  3.2490571e+02  5.8333258e+02
  2.1440713e+02  3.3706767e+02  5.5147480e+02
  2.7832929e+02  3.6201176e+02  6.4034106e+02
  2.7951316e+02  3.7076572e+02  6.5027888e+02
  2.5249817e+02  3.5238333e+02  6.0488150e+02
  2.2892511e+02  3.4795495e+02  5.7688005e+02
  2.0920957e+02  3.4579413e+02  5.5500370e+02
  2.3122115e+02  3.6002702e+02  5.9124817e+02
  2.5696495e+02  3.5885079e+02  6.1581575e+02
  2.4671165e+02  3.5204716e+02  5.9875880e+02
  2.4243879e+02  3.5203769e+02  5.9447647e+02
  2.1980944e+02  3.3133076e+02  5.5114020e+02
  2.3732418e+02  3.6610562e+02  6.0342980e+02
  2.2685914e+02  3.6050180e+02  5.8736093e+02
  2.5505138e+02  3.5296299e+02  6.0801436e+02
  2.4087106e+02  3.2763400e+02  5.6850507e+02
  2.2787127e+02  3.5236932e+02  5.8024059e+02
  2.1123743e+02  3.5954561e+02  5.7078305e+02
  2.5466826e+02  3.4808132e+02  6.0274959e+02
  2.5239242e+02  3.5900127e+02  6.1139368e+02
  2.2913134e+02  3.6880535e+02  5.9793669e+02
  2.4222264e+02  3.4341664e+02  5.8563928e+02
  2.3187912e+02  3.5869925e+02  5.9057837e+02
  2.4022358e+02  3.3229550e+02  5.7251908e+02
  2.1763228e+02  3.3131515e+02  5.4894743e+02
  2.2788592e+02  3.8895853e+02  6.1684445e+02
  2.3702501e+02  3.8511400e+02  6.2213901e+02
  2.3285186e+02  3.4708641e+02  5.7993827e+02
  2.1979981e+02  3.4159846e+02  5.6139826e+02
  2.3019507e+02  3.3438505e+02  5.6458012e+02
  2.3430989e+02  3.7160130e+02  6.0591119e+02
  2.2650182e+02  3.6315877e+02  5.8966059e+02
  2.3712701e+02  3.3017580e+02  5.6730281e+02
  2.1366898e+02  3.4358686e+02  5.5725584e+02
  2.1930512e+02  3.3388772e+02  5.5319284e+02
  2.4940956e+02  3.3999298e+02  5.8940254e+02
  2.2939963e+02  3.4884875e+02  5.7824838e+02
  2.0602865e+02  3.2519107e+02  5.3121972e+02
  2.3072480e+02  3.6932309e+02  6.0004789e+02
  2.3511890e+02  3.5419214e+02  5.8931104e+02
  2.4649510e+02  3.7725488e+02  6.2374999e+02
  2.3762245e+02  3.4535413e+02  5.8297658e+02
  2.3205078e+02  3.4210747e+02  5.7415825e+02
  2.1082000e+02  3.3870074e+02  5.4952074e+02
  2.3762349e+02  3.4169306e+02  5.7931655e+02
  2.3522256e+02  3.4478187e+02  5.8000443e+02
  2.3781464e+02  3.4896676e+02  5.8678139e+02
  2.1178500e+02  3.2778691e+02  5.3957190e+02
  2.2832742e+02  3.5752181e+02  5.8584923e+02
  2.3644973e+02  3.7392409e+02  6.1037382e+02
