    McEnergyAverage{
      interval                             100
      outputFileName                 energyAve
      nSamplePerBlock                       10
    }

Average     5.8178439e+02
Variance    5.8050474e+02
Std Dev     2.4093666e+01

Hierarchichal Error Analysis:
              0              1  8.5183441e-02          80001
              1              2  8.5486904e-02          40000
              2              4  8.5939925e-02          20000
              3              8  8.6326384e-02          10000
              4             16  8.7370774e-02           5000
              5             32  8.8676349e-02           2500
              6             64  8.8447725e-02           1250
              7            128  8.7863249e-02            625
              8            256  8.4084646e-02            312
              9            512  9.0637086e-02            156
             10           1024  9.0320601e-02             78
             11           2048  8.8223389e-02             39
             12           4096  1.0548440e-01             19
             13           8192  1.1350725e-01              9
             14          16384  1.0449084e-01              4
