    McPairEnergyAverage{
      interval                             100
      outputFileName                pairEnergy
      nSamplePerBlock                       10
      selector                             All        -1        -1
    }

Average     2.3128600e+02
Variance    2.3317410e+02
Std Dev     1.5270039e+01

Hierarchichal Error Analysis:
              0              1  5.3987404e-02          80001
              1              2  5.4042225e-02          40000
              2              4  5.4090773e-02          20000
              3              8  5.4115619e-02          10000
              4             16  5.4016785e-02           5000
              5             32  5.4681276e-02           2500
              6             64  5.4488388e-02           1250
              7            128  5.3209902e-02            625
              8            256  5.2157268e-02            312
              9            512  5.1444368e-02            156
             10           1024  4.9745306e-02             78
             11           2048  5.4846680e-02             39
             12           4096  6.1344278e-02             19
             13           8192  6.7729536e-02              9
             14          16384  5.8940384e-02              4
