  2.3843691e+02
  2.3215969e+02
  2.2154301e+02
  2.3627303e+02
  2.3487783e+02
  2.3603484e+02
  2.3399398e+02
  2.3420950e+02
  2.3424807e+02
  2.3921936e+02
  2.2748568e+02
  2.2716874e+02
  2.3945736e+02
  2.3793179e+02
  2.2308641e+02
  2.2985384e+02
  2.3925011e+02
  2.3189677e+02
  2.2624645e+02
  2.2886283e+02
  2.2314842e+02
  2.3142280e+02
  2.3089271e+02
  2.2995346e+02
  2.2491934e+02
  2.3027175e+02
  2.2287140e+02
  2.3001932e+02
  2.3027407e+02
  2.3209711e+02
  2.3311547e+02
  2.2876087e+02
  2.3715306e+02
  2.2968897e+02
  2.3422696e+02
  2.3057277e+02
  2.3369609e+02
  2.2100601e+02
  2.3011976e+02
  2.3456950e+02
  2.2400810e+02
  2.2929857e+02
  2.2942353e+02
  2.2453914e+02
  2.3193072e+02
  2.3445798e+02
  2.3452239e+02
  2.3601941e+02
  2.3245472e+02
  2.2671521e+02
  2.2987632e+02
  2.3886056e+02
  2.3013141e+02
  2.3260858e+02
  2.3497054e+02
  2.3476083e+02
  2.2831544e+02
  2.3217373e+02
  2.2571831e+02
  2.3156919e+02
  2.3481501e+02
  2.2416866e+02
  2.3061228e+02
  2.3766014e+02
  2.2537556e+02
  2.3966461e+02
  2.3639354e+02
  2.3324120e+02
  2.2320728e+02
  2.3911539e+02
  2.3375465e+02
  2.3833286e+02
  2.3420987e+02
  2.4266670e+02
  2.3102850e+02
  2.3475074e+02
  2.3812988e+02
  2.3850422e+02
  2.2916170e+02
  2.3257891e+02
  2.3264580e+02
  2.3008703e+02
  2.2781367e+02
  2.3524035e+02
  2.2928057e+02
  2.3280879e+02
  2.2373446e+02
  2.2952834e+02
  2.3584816e+02
  2.2309882e+02
  2.2378475e+02
  2.3179029e+02
  2.3780088e+02
  2.3196671e+02
  2.3400687e+02
  2.3453512e+02
  2.2525819e+02
  2.3635669e+02
  2.3361758e+02
  2.2648206e+02
  2.2985564e+02
  2.3042445e+02
  2.4079991e+02
  2.3131474e+02
  2.3760092e+02
  2.2669011e+02
  2.2780925e+02
  2.2766829e+02
  2.2752583e+02
  2.2530553e+02
  2.3083519e+02
  2.3108416e+02
  2.2470835e+02
  2.2467652e+02
  2.2616892e+02
  2.3606172e+02
  2.3019033e+02
  2.3183985e+02
  2.2822188e+02
  2.4267853e+02
  2.2960348e+02
  2.2784715e+02
  2.2934350e+02
  2.2155636e+02
  2.3845982e+02
  2.3336215e+02
  2.3255933e+02
  2.3173774e+02
  2.3549567e+02
  2.2977352e+02
  2.2563599e+02
  2.3765389e+02
  2.3445198e+02
  2.2816756e+02
  2.2630606e+02
  2.3809416e+02
  2.2641730e+02
  2.3470658e+02
  2.2936266e+02
  2.3224249e+02
  2.2684344e+02
  2.3415732e+02
  2.3282488e+02
  2.3254116e+02
  2.2780275e+02
  2.2618525e+02
  2.3224696e+02
  2.2611524e+02
  2.2538294e+02
  2.3064606e+02
  2.2830497e+02
  2.2265290e+02
  2.2965798e+02
  2.3336587e+02
  2.3438230e+02
  2.3111671e+02
  2.3016804e+02
  2.2034803e+02
  2.3249805e+02
  2.3503606e+02
  2.4137163e+02
  2.3414912e+02
  2.3263644e+02
  2.2993109e+02
  2.2951616e+02
  2.3622566e+02
  2.2535446e+02
  2.3192905e+02
  2.2624905e+02
  2.2422063e+02
  2.3753937e+02
  2.3157728e+02
  2.2890337e+02
  2.1602931e+02
  2.2287546e+02
  2.3293200e+02
  2.3411290e+02
  2.2616701e+02
  2.3256170e+02
  2.3056226e+02
  2.3285056e+02
  2.3492039e+02
  2.3661551e+02
  2.3147275e+02
  2.2264902e+02
  2.3457485e+02
  2.2733129e+02
  2.3165834e+02
  2.2688640e+02
  2.3826106e+02
  2.3764650e+02
  2.2408926e+02
  2.2380165e+02
  2.2918512e+02
  2.2438876e+02
  2.2702908e+02
  2.3488152e+02
  2.2864921e+02
  2.3659221e+02
  2.3663053e+02
  2.3069818e+02
  2.3240501e+02
  2.2685638e+02
  2.2735558e+02
  2.3340790e+02
  2.2728973e+02
  2.3659656e+02
  2.2857539e+02
  2.3638123e+02
  2.2901448e+02
  2.2349362e+02
  2.2721290e+02
  2.3036007e+02
  2.2674958e+02
  2.2839497e+02
  2.3938790e+02
  2.2763974e+02
  2.3418246e+02
  2.3471469e+02
  2.3029437e+02
  2.2625987e+02
  2.3462113e+02
  2.3702161e+02
  2.3067427e+02
  2.3825361e+02
  2.2930929e+02
  2.2956538e+02
  2.3566429e+02
  2.3275433e+02
  2.2792930e+02
  2.2226099e+02
  2.2617593e+02
  2.3319896e+02
  2.3835816e+02
  2.3097295e+02
  2.3466938e+02
  2.3029116e+02
  2.2721767e+02
  2.3201450e+02
  2.3375503e+02
  2.3032536e+02
  2.2662528e+02
  2.3135267e+02
  2.3676755e+02
  2.3324476e+02
  2.3615180e+02
  2.2590284e+02
  2.2449112e+02
  2.2903547e+02
  2.3190624e+02
  2.2889505e+02
  2.3062179e+02
  2.3716352e+02
  2.3452626e+02
  2.3453293e+02
  2.3131041e+02
  2.2905732e+02
  2.2487216e+02
  2.2719871e+02
  2.3556349e+02
  2.3339740e+02
  2.2004214e+02
  2.4006668e+02
  2.3285188e+02
  2.3503589e+02
  2.4097968e+02
  2.2234322e+02
  2.2997179e+02
  2.2482225e+02
  2.3044291e+02
  2.3771824e+02
  2.3584182e+02
  2.3172363e+02
  2.3705599e+02
  2.2914732e+02
  2.3155404e+02
  2.2808181e+02
  2.3141995e+02
  2.3495482e+02
  2.2979229e+02
  2.3371393e+02
  2.3352248e+02
  2.2908592e+02
  2.4226222e+02
  2.2353745e+02
  2.3219220e+02
  2.4490082e+02
  2.3123730e+02
  2.2899546e+02
  2.3159313e+02
  2.2663736e+02
  2.2946325e+02
  2.2183377e+02
  2.3028669e+02
  2.3176835e+02
  2.3251556e+02
  2.3377092e+02
  2.2395527e+02
  2.2587313e+02
  2.3539293e+02
  2.3232341e+02
  2.2840790e+02
  2.3162547e+02
  2.3301553e+02
  2.3871725e+02
  2.2550845e+02
  2.2972330e+02
  2.4130335e+02
  2.3533939e+02
  2.2577456e+02
  2.3641820e+02
  2.3487535e+02
  2.1977184e+02
  2.3147988e+02
  2.3808537e+02
  2.3219922e+02
  2.3319202e+02
  2.2345340e+02
  2.3720345e+02
  2.3212181e+02
  2.2873398e+02
  2.2633099e+02
  2.2895401e+02
  2.2573960e+02
  2.3245937e+02
  2.2774029e+02
  2.2387418e+02
  2.2789278e+02
  2.3258228e+02
  2.3228825e+02
  2.3569521e+02
  2.3244454e+02
  2.2913157e+02
  2.3064176e+02
  2.2182431e+02
  2.2758113e+02
  2.2476237e+02
  2.3010901e+02
  2.2248571e+02
  2.3741169e+02
  2.3244696e+02
  2.3028736e+02
  2.4020376e+02
  2.3553609e+02
  2.2730531e+02
  2.2787962e+02
  2.3203138e+02
  2.3282704e+02
  2.3522703e+02
  2.2397241e+02
  2.3417168e+02
  2.3731370e+02
  2.3418998e+02
  2.3826722e+02
  2.3229422e+02
  2.3174604e+02
  2.3188349e+02
  2.4115278e+02
  2.3417866e+02
  2.2835798e+02
  2.3265174e+02
  2.3576095e+02
  2.3098080e+02
  2.3442966e+02
  2.2539899e+02
  2.2238261e+02
  2.3900047e+02
  2.3212996e+02
  2.3586112e+02
  2.2507566e+02
  2.2265098e+02
  2.2751098e+02
  2.3596262e+02
  2.3473890e+02
  2.4111687e+02
  2.3096694e+02
  2.3613345e+02
  2.2984876e+02
  2.3902319e+02
  2.2495803e+02
  2.2879045e+02
  2.3911335e+02
  2.1705280e+02
  2.3320922e+02
  2.4146466e+02
  2.2661046e+02
  2.2548326e+02
  2.3401171e+02
  2.3159264e+02
  2.3645526e+02
  2.3425207e+02
  2.3559929e+02
  2.3503741e+02
  2.3884443e+02
  2.3450092e+02
  2.2867527e+02
  2.3217666e+02
  2.3983251e+02
  2.3123802e+02
  2.2408008e+02
  2.2587054e+02
  2.2867056e+02
  2.3375422e+02
  2.2605483e+02
  2.2787814e+02
  2.2125413e+02
  2.3025183e+02
  2.2828249e+02
  2.3331130e+02
  2.1951997e+02
  2.2910147e+02
  2.3833837e+02
  2.3977815e+02
  2.3385942e+02
  2.2926096e+02
  2.3037983e+02
  2.3979863e+02
  2.2831960e+02
  2.2620078e+02
  2.2989368e+02
  2.3400706e+02
  2.3221458e+02
  2.2177219e+02
  2.3598263e+02
  2.3354782e+02
  2.3444778e+02
  2.3772950e+02
  2.2756754e+02
  2.3109539e+02
  2.2860898e+02
  2.3073423e+02
  2.3061677e+02
  2.3847635e+02
  2.3143865e+02
  2.3542888e+02
  2.3746369e+02
  2.2848330e+02
  2.2956004e+02
  2.3283220e+02
  2.3250710e+02
  2.3001360e+02
  2.3577500e+02
  2.3426495e+02
  2.2482811e+02
  2.2422605e+02
  2.3590775e+02
  2.3315409e+02
  2.3137850e+02
  2.2849984e+02
  2.3102361e+02
  2.2938537e+02
  2.3624827e+02
  2.2588699e+02
  2.3007251e+02
  2.2292561e+02
  2.3307310e+02
  2.3489421e+02
  2.3030110e+02
  2.2915651e+02
  2.3544812e+02
  2.2902497e+02
  2.3078512e+02
  2.2723183e+02
  2.3817756e+02
  2.2389910e+02
  2.3227447e+02
  2.2846862e+02
  2.2876841e+02
  2.3237546e+02
  2.2794546e+02
  2.3596534e+02
  2.3441288e+02
  2.3073456e+02
  2.3263573e+02
  2.2534939e+02
  2.3443078e+02
  2.3649171e+02
  2.2513646e+02
  2.3279878e+02
  2.2387385e+02
  2.2951602e+02
  2.2670938e+02
  2.3906645e+02
  2.2791570e+02
  2.3766634e+02
  2.2551212e+02
  2.3175810e+02
  2.3407655e+02
  2.3857832e+02
  2.2823446e+02
  2.2837104e+02
  2.2967518e+02
  2.2322692e+02
  2.3968907e+02
  2.2831609e+02
  2.3224626e+02
  2.3418853e+02
  2.3962712e+02
  2.3825618e+02
  2.2784666e+02
  2.3433029e+02
  2.3321461e+02
  2.2861742e+02
  2.3009652e+02
  2.2781830e+02
  2.2695505e+02
  2.2307214e+02
  2.3426934e+02
  2.2747367e+02
  2.2373327e+02
  2.2705355e+02
  2.4366476e+02
  2.3166851e+02
  2.2619145e+02
  2.3523174e+02
  2.3730507e+02
  2.2921505e+02
  2.2946448e+02
  2.4366603e+02
  2.2630091e+02
  2.2709247e+02
  2.3182921e+02
  2.2799268e+02
  2.2545551e+02
  2.3182574e+02
  2.2396039e+02
  2.3531266e+02
  2.3074229e+02
  2.2926365e+02
  2.2955858e+02
  2.2231736e+02
  2.3033426e+02
  2.3736475e+02
  2.4059243e+02
  2.3231755e+02
  2.2265459e+02
  2.2875092e+02
  2.3107946e+02
  2.3698532e+02
  2.3432496e+02
  2.3905807e+02
  2.2693123e+02
  2.2505572e+02
  2.3680091e+02
  2.2935411e+02
  2.2951771e+02
  2.3718603e+02
  2.2993586e+02
  2.2900584e+02
  2.2721529e+02
  2.3378159e+02
  2.3265049e+02
  2.3209801e+02
  2.1818476e+02
  2.2198213e+02
  2.3228591e+02
  2.3515254e+02
  2.3258865e+02
  2.3203246e+02
  2.3258391e+02
  2.3691540e+02
  2.2820981e+02
  2.3316877e+02
  2.3037016e+02
  2.3711302e+02
  2.2356203e+02
  2.3446515e+02
  2.1966488e+02
  2.2648614e+02
  2.3921898e+02
  2.3053980e+02
  2.2771945e+02
  2.3518281e+02
  2.2462018e+02
  2.2761739e+02
  2.3514751e+02
  2.3606638e+02
  2.2939186e+02
  2.2122593e+02
  2.3390734e+02
  2.2440757e+02
  2.2726547e+02
  2.3570140e+02
  2.2665529e+02
  2.2712582e+02
  2.2957015e+02
  2.2499586e+02
  2.2657640e+02
  2.3246998e+02
  2.2986162e+02
  2.3958828e+02
  2.3995565e+02
  2.2472077e+02
  2.3117798e+02
  2.3472281e+02
  2.3190436e+02
  2.2475709e+02
  2.3135075e+02
  2.3015888e+02
  2.3199434e+02
  2.2633037e+02
  2.3092122e+02
  2.2089160e+02
  2.3515309e+02
  2.2930212e+02
  2.3178843e+02
  2.2309803e+02
  2.3022028e+02
  2.4011679e+02
  2.2797938e+02
  2.2902225e+02
  2.2944669e+02
  2.3527832e+02
  2.3028457e+02
  2.3142854e+02
  2.3472327e+02
  2.2477047e+02
  2.3186895e+02
  2.3936719e+02
  2.3163456e+02
  2.2963373e+02
  2.2452583e+02
  2.3944397e+02
  2.3485307e+02
  2.4042687e+02
  2.3662862e+02
  2.3611516e+02
  2.3613198e+02
  2.2700227e+02
  2.2832225e+02
  2.4219489e+02
  2.3850616e+02
  2.3231499e+02
  2.3291253e+02
  2.3376330e+02
  2.2514707e+02
  2.3117996e+02
  2.4031183e+02
  2.3360397e+02
  2.3499425e+02
  2.2215230e+02
  2.2666080e+02
  2.3457784e+02
  2.3194765e+02
  2.2892783e+02
  2.2743248e+02
  2.2624199e+02
  2.3898437e+02
  2.2733218e+02
  2.2853471e+02
  2.2882296e+02
  2.2839192e+02
  2.2806708e+02
  2.4414539e+02
  2.3983978e+02
  2.2425386e+02
  2.2677867e+02
  2.2721209e+02
  2.3621285e+02
  2.3811117e+02
  2.2617707e+02
  2.2791002e+02
  2.2676522e+02
  2.3628719e+02
  2.3238436e+02
  2.4568065e+02
  2.3161726e+02
  2.3141932e+02
  2.3863053e+02
  2.2921504e+02
  2.2696342e+02
  2.4030515e+02
  2.3314558e+02
  2.3112807e+02
  2.3018043e+02
  2.3253133e+02
  2.4140729e+02
  2.3501802e+02
  2.3450857e+02
  2.3931140e+02
  2.3266125e+02
  2.2912183e+02
  2.3445971e+02
  2.2011823e+02
  2.2996583e+02
  2.3273557e+02
  2.2864604e+02
  2.3770180e+02
  2.2850398e+02
  2.3812666e+02
  2.3117619e+02
  2.2529046e+02
  2.3182301e+02
  2.2581985e+02
  2.3077497e+02
  2.3787703e+02
  2.3668713e+02
  2.2811934e+02
  2.3124523e+02
  2.2951284e+02
  2.3170576e+02
  2.2549481e+02
  2.3274632e+02
  2.2728444e+02
  2.2757101e+02
  2.2558461e+02
  2.3175409e+02
  2.2952806e+02
  2.2706698e+02
  2.2526773e+02
  2.2706120e+02
  2.3183767e+02
  2.3896887e+02
  2.2988742e+02
  2.2925092e+02
  2.3498098e+02
  2.3256006e+02
  2.2876706e+02
  2.3366283e+02
  2.3327278e+02
  2.3516523e+02
  2.2893096e+02
  2.3093508e+02
  2.2085013e+02
  2.3350626e+02
  2.3571573e+02
  2.2294121e+02
  2.3023520e+02
  2.2771451e+02
  2.3238744e+02
  2.2939920e+02
  2.3701361e+02
  2.3308099e+02
  2.2531872e+02
  2.3123875e+02
  2.2733779e+02
  2.3505800e+02
  2.2970764e+02
  2.3373583e+02
  2.3653454e+02
  2.2660495e+02
  2.2989566e+02
  2.2584932e+02
  2.2650624e+02
  2.2798831e+02
  2.3289874e+02
  2.3966703e+02
  2.3170479e+02
  2.3527128e+02
  2.3241504e+02
  2.2503695e+02
  2.2905204e+02
  2.2330079e+02
  2.2869607e+02
  2.3689151e+02
  2.2800142e+02
  2.3101970e+02
  2.2447136e+02
  2.3268959e+02
  2.3244855e+02
  2.1992352e+02
  2.2840426e+02
  2.2822008e+02
  2.3257221e+02
  2.3027736e+02
  2.3351409e+02
  2.2253708e+02
  2.3028841e+02
  2.2304496e+02
  2.3731919e+02
  2.2785885e+02
  2.3441602e+02
  2.3323316e+02
  2.3098334e+02
  2.4008428e+02
  2.4053487e+02
  2.3047441e+02
  2.2674716e+02
  2.3200349e+02
  2.3650678e+02
  2.2119716e+02
  2.3721097e+02
  2.2607685e+02
  2.3406932e+02
  2.4038886e+02
  2.3204113e+02
  2.2674590e+02
  2.3081271e+02
  2.2749768e+02
  2.3444742e+02
  2.2726267e+02
  2.2947113e+02
  2.2883596e+02
  2.4020700e+02
  2.2488455e+02
  2.3242808e+02
  2.3099379e+02
  2.4458885e+02
  2.3984394e+02
  2.3932737e+02
  2.3122793e+02
  2.3275743e+02
  2.2831516e+02
  2.3056304e+02
  2.3045401e+02
  2.3392654e+02
  2.3686351e+02
  2.3671281e+02
  2.3362878e+02
  2.2765478e+02
  2.3275248e+02
  2.3166067e+02
  2.3627316e+02
  2.3676353e+02
  2.2843363e+02
  2.3232341e+02
  2.2323267e+02
  2.3181571e+02
  2.2542729e+02
  2.3151846e+02
  2.2911062e+02
  2.2905409e+02
  2.2863936e+02
  2.3158661e+02
  2.2127508e+02
  2.3365124e+02
  2.3383207e+02
  2.3092898e+02
  2.2764545e+02
  2.3361759e+02
  2.2894850e+02
  2.3007286e+02
  2.2770673e+02
  2.3195462e+02
  2.2936828e+02
  2.2942707e+02
  2.3094911e+02
  2.2922382e+02
  2.2534913e+02
  2.3128552e+02
  2.3489138e+02
  2.2483511e+02
  2.3301113e+02
  2.2631892e+02
  2.3838604e+02
  2.2703117e+02
  2.3793078e+02
  2.3628715e+02
  2.3071975e+02
  2.3555798e+02
  2.2896504e+02
  2.2584319e+02
  2.2900326e+02
  2.3312373e+02
  2.3281277e+02
  2.2222054e+02
  2.3869297e+02
  2.3535882e+02
  2.3322397e+02
  2.3300626e+02
  2.3236260e+02
  2.2644867e+02
  2.3139164e+02
  2.3772092e+02
  2.3751114e+02
  2.2772409e+02
  2.2728593e+02
  2.2441378e+02
  2.2197057e+02
  2.3109544e+02
  2.3060645e+02
  2.2950856e+02
  2.1883079e+02
  2.3327595e+02
  2.2834793e+02
  2.2647712e+02
  2.3121323e+02
  2.3447797e+02
  2.2979567e+02
  2.3152965e+02
  2.3191203e+02
  2.3205170e+02
  2.2835095e+02
  2.2355946e+02
  2.3520222e+02
  2.4010400e+02
  2.3867980e+02
  2.2697475e+02
  2.3240069e+02
  2.3565516e+02
  2.3094422e+02
  2.3554671e+02
  2.3216716e+02
  2.3123732e+02
  2.3057316e+02
  2.3379109e+02
  2.3297896e+02
  2.2704209e+02
  2.3375838e+02
  2.3138101e+02
  2.2874465e+02
  2.3232796e+02
  2.2853706e+02
  2.3071830e+02
  2.2667025e+02
  2.2857723e+02
  2.3314467e+02
  2.2221115e+02
  2.3665874e+02
  2.3284841e+02
  2.2176046e+02
  2.3464446e+02
  2.3293879e+02
  2.3181895e+02
  2.2640614e+02
  2.3161404e+02
  2.2949480e+02
  2.2509854e+02
  2.2378355e+02
  2.3099481e+02
  2.3351666e+02
  2.2717181e+02
  2.3524226e+02
  2.2907402e+02
  2.3707853e+02
  2.2996357e+02
  2.2426017e+02
  2.3523621e+02
  2.3070053e+02
  2.4103491e+02
  2.1864052e+02
  2.3092181e+02
  2.3025642e+02
  2.3006426e+02
  2.3937328e+02
  2.3574567e+02
  2.3302237e+02
  2.4290654e+02
  2.1514543e+02
  2.2682650e+02
  2.4077436e+02
  2.3204227e+02
  2.2233446e+02
  2.2770792e+02
  2.2308707e+02
  2.3878370e+02
  2.2518422e+02
  2.3030991e+02
  2.3845769e+02
  2.3423977e+02
  2.4394030e+02
  2.2796262e+02
  2.2630037e+02
  2.3491913e+02
  2.3495669e+02
  2.4122835e+02
  2.3353801e+02
  2.2687838e+02
  2.4097381e+02
  2.2954433e+02
  2.3011958e+02
  2.2712008e+02
  2.1657661e+02
  2.3391837e+02
  2.2437321e+02
  2.3386075e+02
  2.3133063e+02
  2.3178724e+02
  2.1830991e+02
  2.3741909e+02
  2.3154301e+02
  2.2941150e+02
  2.3639592e+02
  2.2749948e+02
  2.3127420e+02
  2.2689838e+02
  2.2944459e+02
  2.3052268e+02
  2.2788024e+02
  2.2671482e+02
  2.2312445e+02
  2.3028700e+02
  2.3976806e+02
  2.4220706e+02
  2.3493714e+02
  2.2617393e+02
  2.3259776e+02
  2.3739112e+02
  2.3507216e+02
  2.3489704e+02
  2.2600819e+02
  2.2734965e+02
  2.3454317e+02
  2.3085030e+02
  2.1966527e+02
  2.3456395e+02
  2.3424291e+02
  2.3869439e+02
  2.2937189e+02
  2.3644878e+02
