BOUNDARY

orthorhombic     1.04551590e+01  1.04551590e+01  1.04551590e+01

MOLECULES

species    0
nMolecule  100

molecule   0
  4.00940956e+00  6.44398948e+00  1.22957957e+00
  4.84007897e+00  6.92360756e+00  1.17438734e+00
  4.35476241e+00  7.79637922e+00  9.84667035e-01
  4.26939899e+00  8.46182429e+00  1.72943708e+00
  5.01679891e+00  8.62447206e+00  1.13243229e+00
  4.54423332e+00  9.49434935e+00  1.32436124e+00
  5.42441704e+00  9.75872781e+00  1.76014943e+00
  6.28980741e+00  9.45055625e+00  1.60084400e+00

molecule   1
  6.66337351e+00  5.81081623e+00  5.09276571e+00
  7.11943027e+00  4.96012017e+00  5.32745164e+00
  8.04389143e+00  5.12932335e+00  5.74945917e+00
  8.72975210e+00  5.88366084e+00  5.71079144e+00
  8.65120178e+00  6.40048210e+00  6.57080453e+00
  8.01087939e+00  7.11583272e+00  6.85033452e+00
  7.08760566e+00  6.72608497e+00  6.71061411e+00
  6.69049226e+00  6.13262788e+00  7.43483898e+00

molecule   2
  1.16099686e+00  9.23460513e+00  8.41607660e+00
  1.82409170e+00  8.57108651e+00  8.82183642e+00
  2.44418810e+00  8.20647462e+00  8.08298029e+00
  2.13383848e+00  7.74914990e+00  7.25592915e+00
  2.04948240e+00  7.99671404e+00  6.28964537e+00
  1.09727687e+00  8.28907155e+00  6.18231718e+00
  9.22592070e-01  7.85923093e+00  7.05362461e+00
  1.03100393e-01  7.57062269e+00  6.59161592e+00

molecule   3
  7.78792098e+00  4.33929219e+00  4.73742315e+00
  8.42912134e+00  4.14103442e+00  3.96968197e+00
  9.15385471e+00  4.37698613e+00  4.60046049e+00
  8.63759434e+00  5.22127886e+00  4.57217965e+00
  7.71402119e+00  5.56927142e+00  4.48858865e+00
  7.53758612e+00  5.86512251e+00  3.54514609e+00
  6.69433356e+00  6.05064583e+00  4.06959550e+00
  5.81363299e+00  5.86889686e+00  3.67046256e+00

molecule   4
  5.52191034e+00  9.03491364e+00  8.67010206e+00
  5.30317189e+00  8.87503594e+00  7.75229589e+00
  4.58157300e+00  8.40203529e+00  8.25894907e+00
  3.83353912e+00  8.08605915e+00  7.66961536e+00
  4.16382674e+00  8.97900192e+00  7.33257100e+00
  4.34349389e+00  8.55487296e+00  6.45810187e+00
  3.85964506e+00  7.77360362e+00  6.00937141e+00
  3.22806883e+00  7.11297684e+00  6.34057932e+00

molecule   5
  2.63423277e-01  8.70605190e+00  2.08145452e+00
  9.00170865e-01  9.10189490e+00  1.40451302e+00
  1.34331713e+00  8.39219733e+00  1.90618113e+00
  2.19934930e+00  8.45991882e+00  1.38064081e+00
  2.20765096e+00  8.38380642e+00  2.42589565e+00
  1.89618556e+00  8.24169770e+00  3.36224728e+00
  1.05340388e+00  8.46419172e+00  2.91633302e+00
  8.07197746e-01  7.52178185e+00  3.17536182e+00

molecule   6
  4.96203733e-01  9.90150392e-01  4.18004249e+00
  1.27498453e+00  1.45785894e+00  3.79151532e+00
  3.97250601e-01  1.91407373e+00  3.57812398e+00
  1.23520199e+00  2.34041905e+00  3.20462319e+00
  1.42882735e+00  3.29220238e+00  3.38229725e+00
  1.71826231e+00  4.17048497e+00  3.19919550e+00
  2.38617313e+00  4.90554843e+00  2.92150098e+00
  3.12003908e+00  4.52723218e+00  3.46206645e+00

molecule   7
  1.27663279e-01  3.26949554e+00  8.36498124e-01
  8.61927905e-01  3.36447043e+00  1.50649789e+00
  3.60422543e-01  4.25294791e+00  1.43894668e+00
  3.29903219e-01  5.21503461e+00  1.07928018e+00
  4.75450611e-01  4.53239003e+00  3.24292720e-01
  6.66024676e-01  5.31491228e+00  1.01548309e+01
  1.02455501e+01  5.65163629e+00  9.82420347e+00
  9.39295442e+00  5.21667810e+00  9.55103398e+00

molecule   8
  8.71123220e+00  7.00287277e+00  8.09502752e-01
  7.81194954e+00  7.38279424e+00  5.71747436e-01
  8.34962753e+00  7.63405179e+00  1.02411803e+01
  7.54768181e+00  7.25627834e+00  9.89305587e+00
  6.96597214e+00  7.67302255e+00  9.15608982e-02
  6.78806991e+00  8.01033604e+00  9.61127811e+00
  6.10748985e+00  8.75530684e+00  9.53530280e+00
  5.65961775e+00  7.96407033e+00  9.09088066e+00

molecule   9
  1.00447769e+01  6.86633292e+00  7.18858638e+00
  1.03781623e+01  6.86223961e+00  8.07565686e+00
  6.28671260e-02  6.90303415e+00  9.07809088e+00
  9.67820917e+00  6.32676405e+00  9.23860067e+00
  9.05427399e+00  6.63645047e+00  9.92535268e+00
  8.48894841e+00  6.10222694e+00  1.45692907e-01
  9.15702915e+00  5.39462786e+00  5.00068886e-01
  9.63300258e+00  5.06534376e+00  1.32894388e+00

molecule   10
  2.23550487e+00  5.03831153e+00  4.05579602e+00
  1.31188602e+00  4.77132159e+00  4.26518471e+00
  9.49816554e-01  4.63909077e+00  5.19153332e+00
  1.01582810e+00  5.01576376e+00  6.11145410e+00
  6.14494088e-01  4.08002968e+00  6.22919717e+00
  1.02234781e+01  4.18472952e+00  5.62817243e+00
  9.69092106e+00  4.99572605e+00  5.39910949e+00
  6.87784485e-02  5.48602705e+00  5.74684783e+00

molecule   11
  9.91031666e+00  3.74665730e+00  4.08121264e+00
  9.83903035e+00  2.93164695e+00  3.55310442e+00
  3.13310554e-01  3.13096834e+00  3.31495484e+00
  1.47681410e-01  2.48513455e+00  2.57796584e+00
  9.95204280e+00  1.72628983e+00  2.58308871e+00
  9.08624368e+00  1.34344832e+00  2.82602417e+00
  9.20807773e+00  6.40841153e-01  3.57008001e+00
  8.30935170e+00  1.44541030e-01  3.49590672e+00

molecule   12
  1.19071959e+00  6.78074444e+00  7.87988268e+00
  1.98847341e+00  7.20561747e+00  8.29093477e+00
  1.31912431e+00  7.14308405e+00  9.01364888e+00
  7.64571469e-01  7.69829590e+00  9.58651000e+00
  1.03618803e+01  8.16454329e+00  9.52600152e+00
  1.02225954e+01  8.97422100e+00  8.95281282e+00
  6.34017434e-01  8.43912435e+00  8.91981193e+00
  7.72390809e-01  7.83982891e+00  8.16313227e+00

molecule   13
  8.54218291e+00  4.35375313e+00  4.68538056e-01
  8.06949329e+00  3.89299969e+00  1.02078561e+01
  8.46199163e+00  3.99719071e+00  9.28586735e+00
  8.99941392e+00  3.53661219e+00  9.97686088e+00
  9.52722579e+00  4.14955657e+00  1.63026479e-01
  1.00110257e+01  4.04714657e+00  9.70534511e+00
  2.29042571e-01  3.37213402e+00  9.87669723e+00
  7.62202380e-01  4.21245334e+00  9.89492771e+00

molecule   14
  7.40328620e+00  1.59762404e+00  8.56972695e+00
  7.30217663e+00  1.12075425e+00  9.45549276e+00
  7.98019623e+00  1.15113952e+00  1.02016370e+01
  8.31818177e+00  3.45652254e-01  2.67313028e-01
  8.76140737e+00  1.16127751e+00  6.00519346e-01
  9.50712166e+00  1.84836766e+00  5.19318981e-01
  9.00856699e+00  2.46008604e+00  1.03398970e+01
  8.57170311e+00  3.17616635e+00  3.98906736e-01

molecule   15
  6.88665583e+00  7.72617346e+00  3.28087268e+00
  5.89756223e+00  7.68446165e+00  3.00148016e+00
  5.56443675e+00  8.56575122e+00  2.64797430e+00
  4.73634543e+00  8.03903411e+00  2.76627419e+00
  4.76354222e+00  8.98015877e+00  3.16682298e+00
  5.31581572e+00  9.61494789e+00  3.68506734e+00
  4.48623939e+00  1.01182486e+01  3.43366161e+00
  5.28736227e+00  1.01581835e+01  2.83108302e+00

molecule   16
  2.20914842e+00  1.73548900e+00  1.68636109e+00
  3.00549597e+00  1.15285088e+00  1.62621422e+00
  2.14549415e+00  8.67853677e-01  1.14502161e+00
  2.41192240e+00  1.46184876e+00  3.62128993e-01
  1.42332213e+00  1.23970436e+00  4.83941039e-01
  6.85204595e-01  1.41835449e+00  1.02691869e+01
  7.60288839e-01  2.23884003e+00  9.61311884e+00
  2.01593365e-01  2.11396976e+00  8.80360377e+00

molecule   17
  5.17916120e+00  6.51660927e+00  3.06407127e+00
  4.54495122e+00  7.17547994e+00  3.38196483e+00
  3.74742112e+00  6.61793677e+00  3.37893852e+00
  2.87658441e+00  6.06872319e+00  3.36451421e+00
  2.10574304e+00  6.08176374e+00  3.97823555e+00
  2.19290646e+00  6.94790886e+00  3.53316785e+00
  1.59751256e+00  6.70663586e+00  2.81614434e+00
  1.20824446e+00  7.29646756e+00  2.10304928e+00

molecule   18
  8.18648461e+00  7.65409470e+00  2.93339249e+00
  8.81822335e+00  7.88930452e+00  3.61903855e+00
  8.73679029e+00  8.83693808e+00  3.32354407e+00
  9.40485002e+00  9.09278411e+00  4.04686589e+00
  1.04035377e+01  9.21253761e+00  3.89301125e+00
  1.02111777e+01  1.00351553e+01  3.31890309e+00
  3.51769632e-01  1.04306877e+01  3.96797165e+00
  1.04194967e+01  6.76357163e-01  3.35406791e+00

molecule   19
  7.05577161e+00  8.58730203e+00  4.11657849e+00
  7.70749816e+00  7.83701184e+00  4.00630766e+00
  8.27870284e+00  8.33187102e+00  4.63293278e+00
  8.29487702e+00  9.16844114e+00  5.12395332e+00
  9.03193078e+00  8.69676557e+00  5.53760749e+00
  9.20747896e+00  9.55381436e+00  5.10723579e+00
  9.50649888e+00  1.01731877e+01  4.38969040e+00
  8.61311509e+00  9.35007849e-02  4.48209843e+00

molecule   20
  4.29089207e+00  6.02777332e+00  8.92959074e+00
  4.34916546e+00  6.70620822e+00  9.62697139e+00
  4.36742159e+00  6.55657657e+00  1.34161386e-01
  4.54495331e+00  5.56907082e+00  1.01868794e-01
  5.02811364e+00  5.98549624e+00  9.79834280e+00
  5.32937770e+00  6.85676760e+00  9.41049288e+00
  6.05569206e+00  6.13811656e+00  9.38861330e+00
  6.28752620e+00  7.06765936e+00  9.77719316e+00

molecule   21
  1.98849186e-01  1.78595040e-01  1.24419493e+00
  2.79513500e-01  8.39281525e-01  2.03454073e+00
  1.13850833e+00  1.10788590e+00  1.53503236e+00
  1.52899245e+00  1.45488119e+00  2.36961179e+00
  1.38203921e+00  6.89574190e-01  2.94609905e+00
  1.90522881e+00  6.51990079e-01  3.78090205e+00
  2.28659465e+00  1.23777744e+00  4.54940848e+00
  2.66547434e+00  2.00847048e+00  5.10924597e+00

molecule   22
  7.02617583e+00  1.34151625e+00  7.67506912e+00
  6.25075025e+00  7.89276378e-01  7.40178885e+00
  6.12013003e+00  7.34853965e-01  6.43364988e+00
  5.64694369e+00  4.03553418e-01  5.55817434e+00
  5.38053681e+00  1.01573431e+01  6.21878662e+00
  4.99787022e+00  9.59063559e+00  6.98657923e+00
  5.95028722e+00  9.70454169e+00  6.99823665e+00
  6.43705027e+00  9.09911511e+00  6.39187229e+00

molecule   23
  3.48227439e+00  4.46151506e+00  4.78213243e+00
  3.74830882e+00  3.89957821e+00  5.51997508e+00
  3.02619867e+00  4.16909183e+00  6.21880194e+00
  2.11424488e+00  4.10272476e+00  5.79818106e+00
  1.82417184e+00  3.76575899e+00  6.72881552e+00
  9.83228821e-01  3.50886201e+00  7.16049313e+00
  3.68359259e-01  2.92787879e+00  7.72869562e+00
  9.84829413e+00  2.54387068e+00  7.75861249e+00

molecule   24
  5.00417661e+00  7.23293515e+00  8.16913185e+00
  4.20081953e+00  6.81822828e+00  7.70867617e+00
  4.54215906e+00  6.25437119e+00  6.94437010e+00
  4.37889614e+00  5.58133967e+00  7.64613022e+00
  5.15713365e+00  5.01812276e+00  7.35075674e+00
  4.66323383e+00  4.78866500e+00  8.22675476e+00
  5.56689582e+00  4.50837912e+00  8.36282194e+00
  5.91769868e+00  5.35025682e+00  7.87259023e+00

molecule   25
  9.68535574e+00  3.10189580e+00  2.77500813e-01
  1.01297930e+01  2.35180780e+00  1.02690133e+01
  1.00121383e+01  2.81043921e+00  9.39026999e+00
  3.11294381e-01  3.11582672e+00  8.79357969e+00
  1.08093261e+00  3.72114982e+00  9.06340922e+00
  1.56208124e+00  3.05664346e+00  8.45552906e+00
  2.20495762e+00  3.03510266e+00  9.23315267e+00
  3.19269891e+00  3.08070069e+00  9.45640176e+00

molecule   26
  2.85505630e+00  7.73538570e+00  3.50662121e-01
  3.29508613e+00  7.57252057e+00  1.22506411e+00
  3.27961501e+00  8.22761622e+00  1.94769223e+00
  3.63831665e+00  7.43625508e+00  2.56016211e+00
  2.61569698e+00  7.38166036e+00  2.54444833e+00
  2.07986739e+00  7.25955925e+00  1.75701410e+00
  2.14396715e+00  6.88363132e+00  8.57705586e-01
  1.81224829e+00  7.78100503e+00  5.92998130e-01

molecule   27
  1.97061844e+00  3.64853014e+00  1.02285664e+01
  1.42156303e+00  3.89988172e+00  5.68109514e-01
  1.84459057e+00  3.91987412e+00  1.42582440e+00
  2.73763234e+00  3.66661911e+00  1.06444939e+00
  3.69908893e+00  3.99654089e+00  1.05930558e+00
  4.69020954e+00  4.24474518e+00  1.01837556e+00
  5.53989542e+00  3.95392123e+00  5.84000665e-01
  5.27694530e+00  3.50017034e+00  1.39830420e+00

molecule   28
  3.82307648e+00  8.57991951e+00  2.80216615e+00
  3.58993029e+00  8.20943872e+00  3.67243634e+00
  2.79000050e+00  7.69496245e+00  3.89664739e+00
  1.97263147e+00  7.51930032e+00  4.52981458e+00
  1.22271242e+00  7.34277175e+00  5.14018355e+00
  1.72652005e+00  6.59052281e+00  5.45698169e+00
  2.58590212e+00  6.26701159e+00  5.08604658e+00
  3.12723114e+00  6.48530920e+00  4.28168853e+00

molecule   29
  3.10453126e+00  7.43807744e+00  8.02308984e+00
  2.59318947e+00  6.78756174e+00  7.50291891e+00
  1.96848945e+00  6.60253169e+00  6.70673283e+00
  1.19970935e+00  5.92818427e+00  6.87432628e+00
  2.03473932e+00  5.59080527e+00  6.40429621e+00
  2.43906217e+00  5.21455065e+00  7.23444882e+00
  3.27892326e+00  5.24380038e+00  6.70349260e+00
  3.36045230e+00  6.24896717e+00  6.97668567e+00

molecule   30
  5.96487879e+00  3.28920134e+00  3.98722740e+00
  6.59753614e+00  3.73984847e+00  4.62275990e+00
  6.54632729e+00  3.86631555e+00  5.63292746e+00
  6.86599308e+00  4.41913937e+00  6.42561200e+00
  6.22009896e+00  4.48343754e+00  7.12340505e+00
  6.68777704e+00  4.26222951e+00  8.02369090e+00
  6.93194317e+00  5.22039535e+00  7.98844956e+00
  6.37549920e+00  5.11075764e+00  8.79960385e+00

molecule   31
  8.27639294e+00  2.16602644e+00  3.55157964e+00
  8.78870978e+00  3.04908206e+00  3.63419247e+00
  7.89071380e+00  3.40039435e+00  3.20623053e+00
  8.58358923e+00  4.07808917e+00  2.77483327e+00
  9.36358044e+00  4.52998584e+00  3.18932929e+00
  9.50120367e+00  5.14012525e+00  2.42151236e+00
  8.74290430e+00  4.66208196e+00  1.98630470e+00
  8.61512373e+00  5.63760588e+00  2.08860339e+00

molecule   32
  5.09169076e+00  5.57211229e+00  8.68422312e+00
  4.77592167e+00  5.03631944e+00  9.48638713e+00
  5.19157355e+00  4.87331464e+00  1.03573168e+01
  5.65152144e+00  5.50481451e+00  5.40889084e-01
  6.06745397e+00  5.59410267e+00  1.49053521e+00
  5.61048938e+00  4.71740629e+00  1.27028313e+00
  6.26074446e+00  4.43862861e+00  1.96888872e+00
  5.37674068e+00  4.26520059e+00  2.39771998e+00

molecule   33
  1.64346769e+00  4.97656240e+00  8.04803031e+00
  1.69630417e+00  3.98844222e+00  7.82091300e+00
  2.62159497e+00  3.62690501e+00  7.89727718e+00
  3.00520918e+00  4.34660787e+00  8.48686028e+00
  3.35366176e+00  4.55742986e+00  7.56460588e+00
  3.51163635e+00  5.30116546e+00  8.19413674e+00
  3.45351368e+00  6.32239970e+00  8.20554735e+00
  2.56631893e+00  5.83885331e+00  8.20901581e+00

molecule   34
  6.32397279e-01  3.95520660e+00  3.72098113e+00
  1.10015496e-01  4.65221098e+00  4.11418795e+00
  1.03621994e+01  5.29644467e+00  3.41190617e+00
  9.68151046e+00  5.10132235e+00  4.12074842e+00
  9.76269622e+00  5.99218518e+00  4.66821868e+00
  9.47910803e+00  6.78324670e+00  4.17169907e+00
  8.57793865e+00  6.78617770e+00  3.70928295e+00
  7.74374994e+00  6.79940628e+00  4.16769641e+00

molecule   35
  6.55610665e+00  5.17433765e-01  8.89785261e+00
  7.09873079e+00  1.03705601e+01  9.50156876e+00
  6.99210109e+00  9.50588641e+00  9.97209562e+00
  6.09671108e+00  9.81868763e+00  9.63091926e+00
  5.43377829e+00  9.71504940e+00  1.03740261e+01
  6.00589248e+00  9.72094172e+00  7.33410172e-01
  6.94838814e+00  9.34608341e+00  6.95096307e-01
  7.24534855e+00  1.02898037e+01  6.27326660e-01

molecule   36
  7.74178633e+00  8.41790671e+00  6.53875797e+00
  7.66167700e+00  9.36573865e+00  6.82389376e+00
  8.33030938e+00  1.00511955e+01  6.70961712e+00
  8.93948169e+00  1.01576908e+01  7.54408435e+00
  9.34062855e+00  1.04271161e+01  8.39855518e+00
  8.70981434e+00  6.84783335e-01  8.66285439e+00
  9.05184255e+00  1.31397850e+00  9.40775657e+00
  9.74525790e+00  1.85514644e+00  8.98953367e+00

molecule   37
  8.34627892e+00  4.94382459e+00  9.83097495e+00
  8.54681042e+00  5.88807799e+00  9.43286571e+00
  7.64081449e+00  6.23781022e+00  9.34440323e+00
  6.86343590e+00  6.02504291e+00  8.74199895e+00
  7.29220351e+00  6.88127775e+00  8.47051604e+00
  6.37704671e+00  7.18470085e+00  8.73444547e+00
  6.03734980e+00  7.67114050e+00  7.90486752e+00
  6.52166076e+00  8.38657199e+00  7.39399349e+00

molecule   38
  3.95926659e-01  7.33178705e+00  1.43056369e+00
  1.02020604e+01  7.08406592e+00  2.12798482e+00
  1.00291762e+01  6.16219248e+00  1.71164016e+00
  4.25994313e-01  6.33985183e+00  1.19392802e+00
  2.20372881e-01  6.12337056e+00  2.58879432e-01
  1.02103384e+01  7.02408354e+00  2.85565617e-01
  1.01316566e+01  7.99725725e+00  2.74654632e-01
  9.51730978e+00  7.62891842e+00  1.00113335e+01

molecule   39
  5.17159409e+00  2.16801550e+00  3.98193378e-01
  4.73647499e+00  2.49852998e+00  1.28343780e+00
  4.43106783e+00  3.13561617e+00  1.99268347e+00
  4.59085953e+00  2.15240774e+00  2.29893151e+00
  4.06532181e+00  1.93233900e+00  3.11835310e+00
  3.48724766e+00  2.70591805e+00  2.94277041e+00
  3.40292108e+00  2.31793488e+00  2.01717732e+00
  2.63714217e+00  1.97831151e+00  2.61702383e+00

molecule   40
  7.27263565e+00  1.02469127e+01  8.34966768e+00
  8.03774388e+00  2.40650670e-01  7.92881259e+00
  7.62302053e+00  5.31474976e-01  7.07991608e+00
  7.19506477e+00  3.65365642e-01  6.20201350e+00
  6.80960840e+00  1.16511747e+00  5.75242665e+00
  6.71703274e+00  4.16702459e-01  5.07129133e+00
  6.72032755e+00  9.92417313e+00  5.28005790e+00
  7.29831308e+00  9.26412105e+00  5.74423942e+00

molecule   41
  1.31310208e+00  5.21755008e+00  9.18426877e+00
  2.18283224e+00  4.69705332e+00  9.06054022e+00
  2.71239490e+00  4.17507732e+00  9.70949976e+00
  3.35800582e+00  3.75820076e+00  1.03254720e+01
  4.17158511e+00  3.37842340e+00  9.87122938e+00
  4.81248621e+00  2.64033305e+00  9.65412310e+00
  4.16591166e+00  2.03066796e+00  1.01106377e+01
  3.21382186e+00  2.24187627e+00  1.03023917e+01

molecule   42
  4.24753657e+00  4.11816503e+00  2.50013462e+00
  4.00288851e+00  4.80351996e+00  1.84441025e+00
  4.95850244e+00  5.03218605e+00  1.93827992e+00
  4.28459447e+00  5.57695887e+00  2.44969823e+00
  3.89950586e+00  5.34084242e+00  3.32131696e+00
  4.26532917e+00  4.73013388e+00  4.04362226e+00
  4.71227547e+00  3.88603007e+00  4.03201502e+00
  3.99508951e+00  3.46561129e+00  3.47449811e+00

molecule   43
  4.20733063e+00  1.61983070e+00  7.39607501e+00
  3.90730329e+00  2.31608962e+00  6.74984175e+00
  3.44603801e+00  2.77567002e+00  6.01078714e+00
  2.88501054e+00  3.40263157e+00  5.49634202e+00
  3.56244958e+00  3.06781384e+00  4.84590369e+00
  3.85519923e+00  2.34427119e+00  4.19920526e+00
  4.67339441e+00  2.57185822e+00  3.75756865e+00
  5.22324371e+00  3.27457829e+00  3.22875169e+00

molecule   44
  5.08259606e+00  1.70525505e+00  3.21798858e+00
  5.21197117e+00  1.06059760e+00  2.43243865e+00
  4.20424019e+00  9.36334123e-01  2.47425080e+00
  3.66402083e+00  3.18861529e-01  1.93265361e+00
  4.27749513e+00  1.00796129e+01  2.28969504e+00
  4.75538225e+00  3.72232217e-01  1.76109409e+00
  5.00093694e+00  5.44926512e-01  8.08695349e-01
  4.48417672e+00  1.33762675e+00  1.07227261e+00

molecule   45
  1.17540814e+00  6.12015861e+00  8.81146598e+00
  7.32649515e-01  5.33649261e+00  8.43785934e+00
  1.03720862e+01  5.45599527e+00  7.77548261e+00
  9.58845492e+00  6.06018818e+00  7.70533722e+00
  9.14452902e+00  6.89158864e+00  7.88845241e+00
  8.83421537e+00  7.64892671e+00  7.25657247e+00
  8.64758471e+00  7.88440374e+00  6.33721750e+00
  9.37971439e+00  7.22127545e+00  6.47208595e+00

molecule   46
  7.34639897e+00  8.42102724e+00  1.76600892e+00
  7.41331628e+00  7.50738053e+00  2.21422417e+00
  8.18195842e+00  7.45425642e+00  1.52108753e+00
  8.13449642e+00  6.66906448e+00  2.15795570e+00
  8.15204077e+00  6.27206708e+00  1.28500531e+00
  7.19385613e+00  6.43800661e+00  1.01517273e+00
  7.39477414e+00  5.99393418e+00  1.64097637e-01
  6.39247868e+00  5.99048913e+00  2.70312643e-02

molecule   47
  5.23721860e+00  4.20949121e-01  7.33824381e+00
  4.78142286e+00  7.42540048e-01  6.57909880e+00
  4.55676825e+00  7.24666490e-01  5.63048773e+00
  3.88944479e+00  1.42525467e+00  5.71954352e+00
  3.03694607e+00  1.30780148e+00  6.22520604e+00
  3.70616252e+00  5.60999335e-01  6.35183820e+00
  4.33972035e+00  1.02939459e+01  6.25282567e+00
  4.53730130e+00  9.76618328e+00  5.44798677e+00

molecule   48
  1.66939275e+00  1.03443005e+00  5.79681565e+00
  2.55546079e+00  4.99199498e-01  5.68808676e+00
  2.02735135e+00  1.80054356e-01  4.89285649e+00
  1.16300575e+00  1.95523763e-01  5.34681507e+00
  3.85226244e-01  8.33748930e-01  5.40691185e+00
  9.88114019e-01  1.50324317e+00  4.92868543e+00
  2.67227355e-02  1.79599561e+00  4.92772591e+00
  9.97442290e+00  1.65812125e+00  4.07611992e+00

molecule   49
  9.83757536e-01  6.77454294e+00  3.83550286e+00
  6.25677043e-02  6.39437095e+00  3.87884968e+00
  6.72791023e-01  5.59293751e+00  4.05361692e+00
  8.33345484e-01  6.14693731e+00  4.86653606e+00
  8.01309526e-01  6.36550729e+00  5.82760974e+00
  5.19164167e-01  6.62557836e+00  6.73027066e+00
  1.01696170e+01  6.47910070e+00  6.22646845e+00
  1.00625407e+01  5.66495298e+00  6.79546841e+00

molecule   50
  9.38577491e+00  3.77692339e+00  1.52752046e+00
  8.76101079e+00  3.29742998e+00  2.20877744e+00
  9.48652745e+00  2.67725040e+00  2.39300499e+00
  8.86016968e+00  2.05788923e+00  1.90885432e+00
  8.17841075e+00  1.69272743e+00  2.56121037e+00
  7.89229295e+00  2.44990007e+00  1.97341341e+00
  7.45064760e+00  3.09926124e+00  1.39031439e+00
  7.97281161e+00  3.99685923e+00  1.43789387e+00

molecule   51
  7.29824287e-02  4.08057597e+00  8.22731691e+00
  1.02425761e+01  4.21617114e+00  7.30398797e+00
  9.57262207e+00  3.47164542e+00  7.38330840e+00
  9.16884021e+00  3.33799073e+00  6.45622936e+00
  9.42402795e+00  3.53212491e+00  5.50831471e+00
  8.50244627e+00  3.86758972e+00  5.37767588e+00
  7.58493709e+00  3.88399334e+00  5.75208684e+00
  7.29318747e+00  3.13023258e+00  5.12542386e+00

molecule   52
  8.86995795e+00  9.04930285e+00  1.45505691e+00
  9.67608984e+00  8.78605516e+00  2.00795125e+00
  8.75758658e+00  8.45152678e+00  2.22768743e+00
  9.17661956e+00  7.56517606e+00  2.28871128e+00
  9.96787628e+00  7.96733652e+00  2.75217825e+00
  1.01256900e+01  7.15712175e+00  3.34003534e+00
  1.02705104e+01  7.86103697e+00  4.03899841e+00
  9.38731963e+00  7.78996513e+00  4.55358469e+00

molecule   53
  7.53252847e+00  4.42238849e+00  3.50007765e+00
  6.60897717e+00  4.49984008e+00  3.28541122e+00
  6.53892981e+00  4.98976444e+00  4.16004589e+00
  5.81071122e+00  4.31686161e+00  4.25831199e+00
  5.26885848e+00  4.66678299e+00  3.46335055e+00
  5.49850744e+00  5.44067774e+00  2.81127156e+00
  6.22823546e+00  6.06018298e+00  2.72225377e+00
  6.85496981e+00  6.73951170e+00  3.02357870e+00

molecule   54
  7.37001570e+00  5.19916695e+00  1.16680447e+00
  7.29207731e+00  5.87799862e+00  1.88964203e+00
  7.08482174e+00  5.45159445e+00  2.77309624e+00
  7.35024962e+00  4.54803300e+00  2.43495579e+00
  8.06553575e+00  5.12679660e+00  2.80985566e+00
  8.79094615e+00  5.39991227e+00  3.48231744e+00
  9.29241966e+00  6.21100801e+00  3.10369904e+00
  9.19248216e+00  6.47687660e+00  2.15478100e+00

molecule   55
  4.64977485e+00  1.28343179e+00  8.34523619e+00
  4.96088907e+00  2.10206347e+00  8.80788261e+00
  5.34765249e+00  2.20883831e+00  7.93242430e+00
  6.27596713e+00  2.13010717e+00  8.20910153e+00
  5.77885356e+00  1.27558563e+00  8.44708987e+00
  6.36521007e+00  1.75269408e+00  9.18969248e+00
  5.76087736e+00  1.35913287e+00  9.90053926e+00
  5.82323596e+00  1.39664393e+00  4.50338248e-01

molecule   56
  1.24275108e-01  3.70850141e+00  2.26932170e+00
  1.04452580e+01  4.54740859e+00  2.84317022e+00
  3.60432877e-01  5.19708218e+00  2.18595720e+00
  3.89011187e-01  6.12879802e+00  2.38590791e+00
  1.27686400e+00  5.68693141e+00  2.30042263e+00
  1.34495519e+00  4.87829853e+00  1.72025208e+00
  1.00657396e+00  4.25133846e+00  2.40618103e+00
  9.41626538e-01  4.85880294e+00  3.22482983e+00

molecule   57
  1.96498559e+00  5.16152003e+00  5.43340379e+00
  2.94208939e+00  5.23819878e+00  5.44356358e+00
  3.80902049e+00  5.68900259e+00  5.58955554e+00
  4.45548723e+00  5.22370388e+00  6.19796510e+00
  5.42433272e+00  5.45860526e+00  6.42086082e+00
  6.35852502e+00  5.62810126e+00  6.12460099e+00
  7.20099677e+00  5.63980309e+00  6.70047072e+00
  7.43508742e+00  4.74920293e+00  7.13871657e+00

molecule   58
  8.52535710e-01  2.55586146e+00  4.44245250e+00
  1.90672234e-01  3.17935462e+00  4.94261068e+00
  1.00738375e+01  2.70851904e+00  5.60602812e+00
  5.23270657e-01  3.01071672e+00  5.97627747e+00
  1.41906881e+00  3.31513927e+00  5.57160552e+00
  1.64078383e+00  2.34718838e+00  5.64838098e+00
  9.95683552e-01  1.73624034e+00  6.14244972e+00
  1.28023464e+00  1.34087302e+00  7.04016798e+00

molecule   59
  6.61293143e+00  8.91830877e+00  5.10331853e+00
  6.46891874e+00  8.12635482e+00  5.63214240e+00
  5.52026225e+00  8.47371709e+00  5.69335460e+00
  5.02033153e+00  7.74084903e+00  5.36844310e+00
  4.48896522e+00  8.28670146e+00  4.73579206e+00
  5.12248011e+00  9.04687803e+00  4.89113232e+00
  5.76059201e+00  8.30106809e+00  4.74810484e+00
  6.15126258e+00  8.06546040e+00  3.88498662e+00

molecule   60
  3.71746354e+00  9.66717140e+00  9.58207854e+00
  4.47236171e+00  9.63912012e+00  8.92312504e+00
  3.84442407e+00  8.84577355e+00  8.86958747e+00
  3.10575075e+00  8.18302911e+00  8.88514277e+00
  3.21706884e+00  7.22702412e+00  9.02432095e+00
  2.32324384e+00  7.57669611e+00  9.25780473e+00
  2.27331624e+00  8.28079444e+00  9.95468120e+00
  2.30404722e+00  8.68507433e+00  4.52139720e-01

molecule   61
  1.74651807e+00  9.98905589e+00  1.18907060e+00
  1.18375755e+00  2.30013931e-01  7.00226334e-01
  6.38648118e-01  9.87692482e+00  8.25757372e-01
  1.03324643e+01  9.26281115e+00  7.15415128e-01
  1.00522130e+01  9.58504957e+00  1.59850559e+00
  2.10310205e-01  9.89791111e+00  2.35397831e+00
  1.12754871e+00  9.49895601e+00  2.48007758e+00
  1.17545275e+00  1.03979911e+01  2.15586125e+00

molecule   62
  1.15350326e+00  1.01465251e+01  3.42172831e+00
  1.99738104e+00  9.90845688e+00  3.90357957e+00
  2.11170789e+00  9.50418090e+00  2.99611723e+00
  3.14030851e+00  9.56393771e+00  2.85567789e+00
  3.40236907e+00  9.54777348e+00  3.80720036e+00
  3.06613715e+00  9.10886319e+00  4.66182768e+00
  2.24242131e+00  9.39942124e+00  4.95447343e+00
  2.75148346e+00  9.15276719e+00  5.77905006e+00

molecule   63
  7.05359818e+00  2.07457088e+00  5.42016728e+00
  6.60833410e+00  1.49901071e+00  4.83426539e+00
  6.35087066e+00  2.40770356e+00  4.42377386e+00
  6.16259517e+00  2.32032991e+00  3.43450347e+00
  5.73819397e+00  2.30843860e+00  2.50922096e+00
  6.16670674e+00  3.21616184e+00  2.59213377e+00
  6.40169275e+00  3.29147322e+00  1.67265162e+00
  6.70937271e+00  4.02469714e+00  1.06262493e+00

molecule   64
  9.13771702e+00  9.30399301e+00  8.48611851e+00
  9.30612762e+00  8.85380098e+00  9.35181530e+00
  9.86652144e+00  9.13552785e+00  1.01065794e+01
  9.09742015e+00  9.53358935e+00  9.08139585e-02
  8.84840073e+00  8.59199318e+00  1.04199389e+01
  8.00931605e+00  8.75006521e+00  5.32795969e-01
  8.24741031e+00  9.66575508e+00  7.14127095e-01
  7.59882338e+00  9.53031108e+00  1.42977946e+00

molecule   65
  7.23259605e+00  7.84439295e+00  7.88145983e+00
  7.53278612e+00  8.81568972e+00  7.94460407e+00
  8.47314977e+00  8.91799831e+00  7.71792249e+00
  8.24001113e+00  8.63532347e+00  8.65929647e+00
  7.88412340e+00  8.09817356e+00  9.38665316e+00
  8.65476395e+00  7.57233455e+00  9.00248412e+00
  9.20553130e+00  8.21894748e+00  8.49664555e+00
  1.00908491e+01  7.76329656e+00  8.34616297e+00

molecule   66
  1.84042568e-01  9.73558454e+00  4.95700439e+00
  7.45479750e-01  9.10795727e+00  5.50498941e+00
  6.27466186e-01  9.96927440e+00  5.94361677e+00
  1.16251085e+00  7.60550780e-02  6.56260343e+00
  1.99130119e+00  1.00292245e+01  6.82474438e+00
  1.81791007e+00  9.44753174e+00  7.56936998e+00
  1.51274521e+00  9.08156963e+00  6.66625103e+00
  1.71117752e+00  8.89765292e+00  5.73248690e+00

molecule   67
  3.22924496e+00  3.81220618e+00  2.45970999e+00
  2.51582140e+00  3.42289575e+00  3.07723533e+00
  1.87579952e+00  3.58228450e+00  2.36556840e+00
  1.48991770e+00  2.68266871e+00  2.19376754e+00
  2.30373730e+00  2.89475010e+00  1.68042798e+00
  2.91654527e+00  2.49405442e+00  9.66015990e-01
  3.88485856e+00  2.38847431e+00  7.42422712e-01
  4.48404379e+00  3.17033672e+00  4.86851133e-01

molecule   68
  7.30327208e+00  3.00380960e+00  7.58311663e+00
  7.44848234e+00  3.34381814e+00  8.51950647e+00
  6.93880480e+00  2.58251060e+00  9.03744259e+00
  7.46309157e+00  3.18881428e+00  9.63007781e+00
  7.27809292e+00  3.30049265e+00  1.63455001e-01
  6.67530870e+00  3.85896529e+00  1.00525294e+01
  6.24755778e+00  4.63139758e+00  1.51598241e-01
  7.09899032e+00  4.81742734e+00  1.01135244e+01

molecule   69
  9.73572582e+00  4.06904450e-01  2.06201548e+00
  8.97606137e+00  1.02636089e+01  2.21383394e+00
  8.23245790e+00  9.76315399e+00  2.67448241e+00
  7.35202000e+00  1.00689644e+01  2.34933732e+00
  6.77345586e+00  9.27535719e+00  2.55117346e+00
  6.33610140e+00  9.49686438e+00  3.40618078e+00
  7.30079258e+00  9.65648236e+00  3.34385516e+00
  7.86080182e+00  9.44893849e+00  4.15955664e+00

molecule   70
  5.44498801e+00  6.64961143e+00  1.79348313e-02
  5.75910537e+00  7.58590227e+00  3.26044551e-01
  5.74379295e+00  8.57025893e+00  8.97098513e-02
  4.84995967e+00  8.11287309e+00  1.03937491e+01
  4.31738122e+00  8.75022059e+00  9.82842690e+00
  4.74488473e+00  7.93924131e+00  9.42448940e+00
  3.93255423e+00  7.76321071e+00  9.97801292e+00
  3.43465702e+00  6.96842674e+00  1.03268539e+01

molecule   71
  2.16311713e+00  2.38363419e+00  9.99168193e+00
  1.97028238e+00  2.78075350e+00  4.12272725e-01
  1.00707507e+00  2.46058459e+00  1.93318159e-01
  1.37047726e+00  2.21958709e+00  1.08356489e+00
  6.01623169e-01  2.08352575e+00  1.67911423e+00
  1.14754071e-01  2.14510201e+00  7.89312880e-01
  1.01184141e+01  2.48321463e+00  1.62433805e+00
  9.76750796e+00  1.54931508e+00  1.44184047e+00

molecule   72
  7.24867651e+00  2.54310931e+00  3.29425099e+00
  7.42948573e+00  1.76360160e+00  3.93994072e+00
  7.69320509e+00  1.27333400e+00  4.83102151e+00
  8.55199590e+00  9.68363330e-01  5.29576438e+00
  8.72874693e+00  1.47345745e+00  4.47576811e+00
  9.17384891e+00  2.33075152e+00  4.28882734e+00
  8.82120929e+00  3.09776935e+00  4.67761248e+00
  8.13610319e+00  2.49149108e+00  5.10506038e+00

molecule   73
  4.29026833e+00  1.00771100e+00  9.43683662e+00
  3.57443849e+00  1.06495973e+00  1.01353257e+01
  2.63039205e+00  9.22342315e-01  9.81403775e+00
  1.81193687e+00  1.22634004e+00  9.32938599e+00
  1.36019219e+00  4.99622500e-01  9.81238463e+00
  8.50512367e-01  9.13163169e-01  9.02691094e+00
  1.39301459e+00  1.52978804e+00  8.45099034e+00
  1.42780941e+00  2.19844823e+00  7.70895856e+00

molecule   74
  1.39039708e+00  9.42052426e+00  1.02368554e+01
  6.43163602e-01  9.04721436e+00  9.65503080e+00
  5.02540725e-01  1.00232220e+01  9.94038810e+00
  2.41599658e-01  3.32425423e-01  3.07651142e-02
  1.01663269e+01  1.15699747e+00  1.03501318e+01
  9.81549802e+00  7.65629386e-01  7.29269700e-01
  9.92427663e+00  1.02445690e+01  4.91288929e-01
  9.03670320e+00  1.03193106e+01  9.17921588e-01

molecule   75
  5.82429569e+00  1.76307569e+00  7.11533115e+00
  6.31684249e+00  2.65219149e+00  7.18187138e+00
  6.97990144e+00  2.28960484e+00  6.52116451e+00
  6.03873572e+00  2.24006034e+00  6.14574937e+00
  5.21491846e+00  1.94342253e+00  5.69069242e+00
  4.32265447e+00  2.34567687e+00  5.54268042e+00
  4.92179143e+00  2.63743124e+00  4.81478305e+00
  5.70921307e+00  3.13054073e+00  5.14346416e+00

molecule   76
  2.35369539e+00  6.45652274e+00  1.03370152e+01
  2.25401749e+00  5.48151243e+00  1.03983100e+01
  1.56326626e+00  5.28531794e+00  6.60953207e-01
  1.22367771e+00  6.21545900e+00  5.31049498e-01
  7.85582943e-01  7.07033757e+00  1.71115791e-01
  6.72097422e-01  6.58239307e+00  9.81479508e+00
  1.57684161e+00  6.07883908e+00  9.77862872e+00
  2.14468178e+00  6.46046210e+00  9.06070084e+00

molecule   77
  4.61473861e+00  3.96271802e+00  5.00547039e+00
  4.77139777e+00  4.18505181e+00  5.96506161e+00
  4.66244775e+00  3.27007344e+00  6.32278755e+00
  3.73920374e+00  3.38181460e+00  6.77588276e+00
  2.79986776e+00  3.09861333e+00  6.98160151e+00
  1.93884348e+00  2.79382559e+00  6.60796677e+00
  2.26091163e+00  1.83371032e+00  6.65458145e+00
  2.44010348e+00  2.21111418e+00  7.56818762e+00

molecule   78
  4.39168445e+00  9.62555206e+00  2.98413091e-01
  4.46202355e+00  1.02988156e+01  1.00065006e+01
  5.24701179e+00  4.93735455e-01  9.89689346e+00
  6.07012950e+00  3.82866973e-01  1.04110709e+01
  6.85462092e+00  8.45257250e-01  3.63295747e-01
  7.69386466e+00  8.69396437e-01  9.55837262e-01
  8.37513021e+00  1.01218394e+00  1.66010673e+00
  7.90833840e+00  4.87878237e-01  2.42727237e+00

molecule   79
  3.61992119e+00  7.11302225e+00  4.97373089e+00
  4.25344187e+00  6.40912189e+00  4.58260605e+00
  4.89051116e+00  5.62690860e+00  4.84215322e+00
  5.65416779e+00  5.90195682e+00  5.43297999e+00
  5.60934128e+00  6.57747752e+00  6.18932946e+00
  5.66739974e+00  6.98918072e+00  7.02356233e+00
  6.07391942e+00  7.61166337e+00  6.34854749e+00
  5.71535031e+00  8.42821270e+00  6.80890826e+00

molecule   80
  5.95856137e+00  2.17672931e-01  1.68863827e+00
  6.16331523e+00  1.14991750e+00  1.92936537e+00
  7.16166042e+00  1.30298707e+00  1.83438526e+00
  6.93527465e+00  2.06878269e+00  2.43454454e+00
  6.39774450e+00  2.23325636e+00  1.56349650e+00
  7.29319568e+00  2.10144615e+00  1.12671142e+00
  8.29477335e+00  2.22825410e+00  9.45451623e-01
  9.03890257e+00  2.79305098e+00  1.29820734e+00

molecule   81
  4.88370687e+00  5.94512046e+00  1.09782051e+00
  5.25603980e+00  6.06312979e+00  2.03856060e+00
  4.95869656e+00  7.01424477e+00  2.20763898e+00
  5.29390903e+00  7.84469635e+00  1.77787043e+00
  6.22636661e+00  8.18388021e+00  1.55617257e+00
  6.69187833e+00  7.43035192e+00  1.13589039e+00
  5.93881140e+00  6.77052227e+00  9.75907656e-01
  6.36786095e+00  6.62815084e+00  1.83548083e+00

molecule   82
  8.28131027e+00  6.54898182e+00  8.63834364e+00
  7.90296749e+00  5.74971675e+00  8.15271720e+00
  8.84697500e+00  5.51022405e+00  8.40244874e+00
  9.43763176e+00  5.00091234e+00  7.73625500e+00
  9.16936578e+00  4.26431508e+00  8.36074774e+00
  9.51852731e+00  3.32178244e+00  8.53208581e+00
  8.68209745e+00  2.99732708e+00  8.95485604e+00
  8.19110689e+00  2.44576823e+00  9.59940929e+00

molecule   83
  3.21815902e+00  8.96434036e+00  7.78065892e+00
  2.68556524e+00  8.71363125e+00  6.97367687e+00
  3.44542270e+00  9.25322469e+00  6.64048002e+00
  3.37217516e+00  1.01711346e+01  7.13765386e+00
  2.58271238e+00  3.62088023e-01  7.26991755e+00
  2.72692458e+00  1.00465541e+01  7.83108077e+00
  2.48171063e+00  9.33288623e+00  8.45148560e+00
  2.32217873e+00  9.43266474e+00  9.42763560e+00

molecule   84
  2.55863588e+00  3.84360084e+00  4.23323009e+00
  1.69266852e+00  3.59918982e+00  4.58715894e+00
  2.28638650e+00  2.83293179e+00  4.20407504e+00
  2.82312417e+00  2.26322732e+00  3.65320746e+00
  2.91491134e+00  1.25949979e+00  3.70671742e+00
  2.95457741e+00  1.03860175e+00  2.70691998e+00
  2.67600033e+00  1.30259743e-01  3.13049145e+00
  2.25490596e+00  2.32532799e-01  2.24011546e+00

molecule   85
  3.09087933e+00  5.77046978e+00  9.47941048e+00
  3.68679067e+00  5.01320560e+00  9.81561318e+00
  4.02217000e+00  4.46479700e+00  9.06738015e+00
  4.63754756e+00  3.67984027e+00  8.97002239e+00
  5.60533709e+00  3.80591706e+00  9.19979095e+00
  5.53901621e+00  3.42385723e+00  1.01483876e+01
  6.03579696e+00  2.95766024e+00  4.27207436e-01
  6.48272842e+00  2.12355518e+00  2.76374625e-02

molecule   86
  6.17602926e+00  1.03094994e+01  4.12304147e+00
  6.24563914e+00  5.47426323e-02  3.16805736e+00
  5.44338361e+00  5.04738674e-01  3.54055088e+00
  6.30449470e+00  8.19791055e-01  3.91591564e+00
  6.58395266e+00  1.23430805e+00  3.07813276e+00
  7.18629916e+00  4.46489111e-01  3.25949337e+00
  7.28496965e+00  1.17496357e-01  4.17627191e+00
  7.63561062e+00  1.03189412e+01  5.08246452e+00

molecule   87
  8.60432659e+00  5.36758359e+00  6.67985293e+00
  9.47379004e+00  4.90912843e+00  6.54381250e+00
  8.63717984e+00  4.30897722e+00  6.63289644e+00
  8.60012486e+00  3.88818670e+00  7.55733596e+00
  8.38037577e+00  4.83935992e+00  7.65167420e+00
  7.71434383e+00  4.27418604e+00  8.16710838e+00
  7.24692030e+00  4.20585133e+00  9.06476482e+00
  7.69391994e+00  5.09039552e+00  9.01321411e+00

molecule   88
  2.69914625e-01  9.93312824e+00  7.19281150e+00
  2.22925685e-01  9.96038256e+00  8.18808786e+00
  8.30527863e-01  1.01259177e+01  8.94646280e+00
  1.42145582e+00  2.79893278e-01  8.34824714e+00
  2.29667339e+00  2.36653008e-01  8.77306898e+00
  2.52402058e+00  1.17133304e+00  8.58944685e+00
  3.47986150e+00  1.34326012e+00  8.94523765e+00
  2.80319261e+00  2.01610491e+00  9.23116175e+00

molecule   89
  7.63494493e+00  3.77611038e+00  6.76724226e+00
  8.11193886e+00  2.96409137e+00  6.60279819e+00
  8.85107301e+00  2.32007174e+00  6.89934100e+00
  9.64927170e+00  1.77490970e+00  6.82414645e+00
  1.04476687e+01  1.14583793e+00  6.91831381e+00
  4.96792570e-01  5.14062706e-01  7.53071503e+00
  1.02805645e+01  7.90596812e-01  8.17635685e+00
  2.23898937e-01  1.60679835e+00  7.83788241e+00

molecule   90
  3.03230417e+00  1.57322494e-01  9.04780965e-01
  3.90100658e+00  5.45541639e-01  6.38822816e-01
  3.44206180e+00  1.04469955e+01  1.04064522e+01
  2.45373134e+00  1.02848653e+01  1.64908337e-02
  2.95728342e+00  9.46109976e+00  1.03406095e+01
  3.24424586e+00  8.59228310e+00  1.00323553e+01
  3.37066832e+00  8.79536879e+00  5.18566239e-01
  3.26874925e+00  9.55413523e+00  1.15712272e+00

molecule   91
  9.97600446e+00  2.89291302e-01  7.22404607e+00
  1.04081527e+01  9.48181975e-02  6.32525390e+00
  9.85932512e+00  9.78570887e+00  5.92172573e+00
  9.46110798e+00  9.21699191e+00  6.66051643e+00
  9.98738452e+00  9.37404453e+00  7.56194399e+00
  1.00093275e+01  8.40995332e+00  7.28850915e+00
  3.79869427e-01  8.84663503e+00  7.59464104e+00
  7.89788676e-03  9.05779424e+00  6.67982061e+00

molecule   92
  3.00420391e+00  6.80765004e+00  1.79394010e+00
  2.60324100e+00  6.06432140e+00  2.35796132e+00
  3.25979795e+00  5.67798614e+00  1.75584870e+00
  2.69486456e+00  4.91919711e+00  1.52557346e+00
  2.22720268e+00  5.82709904e+00  1.42020623e+00
  2.95657597e+00  5.65616146e+00  7.74310094e-01
  3.73019476e+00  5.03705086e+00  7.21485428e-01
  4.13958550e+00  4.39126160e+00  5.79214673e-02

molecule   93
  3.32046302e+00  8.26270816e+00  5.20399546e+00
  3.79791227e+00  9.10314184e+00  5.44203586e+00
  3.30615508e+00  1.00319515e+01  5.58906841e+00
  3.93449224e+00  1.02059290e+01  4.83101466e+00
  3.39376633e+00  3.59111859e-01  4.27047748e+00
  3.77796470e+00  1.25508914e+00  4.47037975e+00
  4.51787948e+00  8.31322108e-01  3.90490802e+00
  5.39279376e+00  1.18506045e+00  4.28825618e+00

molecule   94
  9.27880194e+00  2.86983682e-01  5.84501673e+00
  9.80483353e+00  6.35674195e-01  5.04145331e+00
  9.58905383e+00  1.22914779e+00  5.77392593e+00
  8.77146253e+00  1.77634690e+00  6.02559446e+00
  8.65412553e+00  1.18274223e+00  6.77087043e+00
  9.10044451e+00  1.06540734e+00  7.69835058e+00
  8.22026535e+00  1.56726421e+00  7.68107589e+00
  8.70441534e+00  1.87159196e+00  8.50155134e+00

molecule   95
  9.97649449e+00  1.00370634e+01  9.43246889e+00
  9.42176418e+00  3.08942755e-01  9.84813171e+00
  8.45900616e+00  7.10997741e-02  9.70994527e+00
  8.24098152e+00  1.01602712e+01  8.83625556e+00
  7.70745684e+00  9.40891169e+00  9.17695202e+00
  6.75586063e+00  9.19385971e+00  8.87246076e+00
  6.62419444e+00  9.59126201e+00  7.96615626e+00
  7.05297555e+00  1.01447543e+01  7.22300500e+00

molecule   96
  4.61589351e+00  7.06549400e+00  6.22549376e+00
  4.79154198e+00  6.58824378e+00  5.36674286e+00
  5.38955389e+00  6.78950460e+00  4.59539280e+00
  6.29931702e+00  6.88647655e+00  4.88661087e+00
  6.89748087e+00  6.75730906e+00  5.66442690e+00
  7.50345934e+00  7.29132480e+00  5.06755861e+00
  8.09585733e+00  6.51240322e+00  5.08773872e+00
  8.92583999e+00  6.88218000e+00  5.50382734e+00

molecule   97
  1.09609782e+00  9.61326368e+00  4.46180048e+00
  1.24625856e+00  9.11807146e+00  3.61081268e+00
  8.01812910e-01  8.34875113e+00  4.10449017e+00
  1.54853822e+00  8.44405761e+00  4.76563916e+00
  6.74264848e-01  8.16679980e+00  5.13267089e+00
  1.01964086e+01  8.56108546e+00  4.97429304e+00
  1.03476511e+01  8.30474135e+00  5.93399749e+00
  9.88976512e+00  7.47887633e+00  5.57337990e+00

molecule   98
  4.04700166e+00  2.59758491e+00  8.83577721e+00
  3.50492100e+00  3.31373729e+00  8.46172093e+00
  4.04353805e+00  3.76522042e+00  7.73467380e+00
  4.92868375e+00  3.78025993e+00  7.19196752e+00
  5.70179164e+00  3.43910856e+00  6.68328606e+00
  5.16192919e+00  2.67647173e+00  7.06439419e+00
  5.59012557e+00  3.20183730e+00  7.83096718e+00
  6.44097488e+00  3.34421555e+00  8.37526039e+00

molecule   99
  5.65103626e+00  9.99933120e+00  7.96572805e+00
  4.67597240e+00  1.00512467e+01  8.01890166e+00
  4.69099850e+00  1.94442330e-01  8.80939056e+00
  3.72620260e+00  1.04500396e+01  8.67416110e+00
  3.58668807e+00  7.24092274e-01  8.01635249e+00
  3.03436398e+00  1.36949595e+00  7.50690213e+00
  3.47203143e+00  2.10505673e+00  7.94867925e+00
  4.33991993e+00  2.59801812e+00  7.87076266e+00
