BOUNDARY

orthorhombic       1.0455159000e+01    1.0455159000e+01    1.0455159000e+01

MOLECULES

species    0
nMolecule  100

molecule  0
    8.2636464454e+00    1.4737851519e+00    1.0340716635e+01
    7.7985627945e+00    2.3335994482e+00    1.1559660314e-01
    8.6613701074e+00    2.2808445979e+00    6.5163054407e-01
    8.5447976582e+00    1.3423223349e+00    9.2060105132e-01
    8.4979329901e+00    4.3036736308e-01    5.2904519368e-01
    7.9909909712e+00    1.0345648632e-01    1.0235916002e+01
    8.1901600055e+00    9.8639852070e+00    4.4160295382e-01
    9.1314983542e+00    9.7307002419e+00    7.2167307084e-01

molecule  1
    1.0176330029e+01    8.2483209132e-02    7.7405409207e+00
    1.1597955847e-01    9.6432938398e+00    7.5495196654e+00
    9.6145016615e+00    9.5470126224e+00    7.4585702211e+00
    8.9042002669e+00    1.0217177203e+01    7.1509842599e+00
    8.5043695218e+00    9.3914842077e+00    6.6844182699e+00
    8.4883512342e+00    8.3939425407e+00    6.4337305545e+00
    8.7115812394e+00    7.6053586866e+00    6.9839361128e+00
    9.5603285359e+00    7.1842113722e+00    7.3113495937e+00

molecule  2
    7.4889361858e-01    1.7361863826e+00    8.9764065624e+00
    9.5253528529e-01    8.0677731216e-01    9.2480872123e+00
    2.7644901394e-01    4.4761322257e-01    8.6072986794e+00
    9.8888313885e+00    2.1641637248e-01    8.9803802454e+00
    9.5094069601e+00    5.8221163379e-01    9.7690602331e+00
    8.8435819385e+00    8.1039476571e-02    9.2611009941e+00
    8.1885454206e+00    6.5292010386e-01    8.7916712456e+00
    8.1771414417e+00    1.2531142584e+00    7.9780271283e+00

molecule  3
    5.4610444766e+00    5.5937746414e+00    8.4425430468e+00
    6.2844081855e+00    5.2879149732e+00    8.0160135761e+00
    6.8558747111e+00    5.2020904575e+00    7.1808335356e+00
    6.0625870012e+00    5.7552848092e+00    6.9228709660e+00
    6.0498513123e+00    5.5598260248e+00    5.9378871913e+00
    6.1345934582e+00    4.8602970540e+00    5.2612142331e+00
    5.7042043915e+00    4.1239895979e+00    4.6710924977e+00
    5.9757689439e+00    3.4099518659e+00    3.9810355763e+00

molecule  4
    3.1437532584e-01    2.2082490867e+00    6.3306516642e+00
    2.7216331885e-01    1.5475925077e+00    6.9858248518e+00
    4.9137804587e-01    1.1233122807e+00    7.8949799289e+00
    1.3160338669e+00    7.0438112425e-01    8.3228600596e+00
    1.2664133759e+00    1.0181570568e+01    8.0687014668e+00
    1.7797733346e+00    1.0264450939e+01    8.9520602871e+00
    2.6279258482e+00    3.9401476727e-01    9.0202077523e+00
    3.5915129758e+00    7.6642373606e-01    9.0102916817e+00

molecule  5
    5.4637985219e+00    6.2543529982e+00    1.0396000561e+01
    5.2348632971e+00    7.2557932669e+00    1.0443267292e+01
    4.3289243114e+00    7.6375279227e+00    1.7390785679e-01
    4.2255191303e+00    7.3712634376e+00    9.6886759053e+00
    3.3910080896e+00    7.3101461074e+00    1.0199225779e+01
    3.3129763960e+00    8.2732874865e+00    1.0003795138e+01
    3.1501306379e+00    8.5487899075e+00    4.8368092891e-01
    2.4663933478e+00    9.0080300281e+00    1.0474124955e+00

molecule  6
    1.0661352272e+00    3.0127886829e+00    9.8612926371e+00
    1.0563264358e+00    3.6366628462e+00    1.4523598124e-01
    4.7075411587e-01    2.9565798004e+00    5.3419522215e-01
    1.1090847762e+00    3.3633504920e+00    1.1929138901e+00
    1.3817534541e+00    2.4576917309e+00    8.0169730170e-01
    2.2425531032e+00    2.2733473754e+00    1.2610314199e+00
    1.4382502096e+00    2.3124415633e+00    1.8830982096e+00
    8.9912666239e-01    1.5007025272e+00    2.0442486335e+00

molecule  7
    5.5490220937e+00    8.9033268428e+00    3.7549991942e+00
    5.2770699784e+00    8.0070500480e+00    4.1406935779e+00
    4.7001988279e+00    8.1298597459e+00    3.2841869600e+00
    4.7877899639e+00    7.7519459592e+00    2.3732394507e+00
    5.7077150449e+00    7.8362846555e+00    2.7268245283e+00
    5.1025580069e+00    7.1923714450e+00    3.2006919368e+00
    4.1982469608e+00    7.0097792496e+00    2.7647223995e+00
    3.4005993653e+00    6.4686584375e+00    2.4594270445e+00

molecule  8
    8.1766876716e+00    6.7074956652e+00    6.7508197917e+00
    7.5397867837e+00    5.9611324454e+00    6.8512991988e+00
    8.2909037477e+00    5.8121874058e+00    6.2015100317e+00
    8.4430723451e+00    4.8197396267e+00    6.3004901101e+00
    9.2049672856e+00    4.5760573084e+00    5.7275007075e+00
    8.7736081951e+00    5.3782817265e+00    5.3068076433e+00
    8.3165611744e+00    4.5915493754e+00    4.8265741992e+00
    8.0517811435e+00    3.7529899123e+00    5.3789800373e+00

molecule  9
    7.5227745025e+00    3.2231126740e+00    8.5785300473e-01
    7.2478192151e+00    4.0231095034e+00    3.7050592281e-01
    7.5337547377e+00    4.9812310948e+00    5.4798409181e-01
    6.5842851054e+00    4.8026272584e+00    2.8560127965e-01
    5.9322934596e+00    4.5781056366e+00    1.0037797275e+01
    5.6069115021e+00    4.3364547103e+00    5.0758206624e-01
    5.5793036265e+00    3.9737566642e+00    1.4503510514e+00
    4.5734996347e+00    3.7687460215e+00    1.5382025821e+00

molecule  10
    4.9986180886e+00    7.1205921633e+00    1.1733375281e+00
    4.6639949093e+00    6.5842918467e+00    1.9422164303e+00
    5.6744022631e+00    6.3556393020e+00    1.8978745020e+00
    6.1839397164e+00    6.1828428184e+00    2.7545143116e+00
    7.1130988007e+00    6.3917681807e+00    3.0658287732e+00
    7.9252325152e+00    6.8965230284e+00    2.8478209995e+00
    7.7777845679e+00    6.9105616733e+00    3.8718665482e+00
    7.3308050011e+00    7.7841186141e+00    3.9984464289e+00

molecule  11
    6.4290283915e-01    8.8654825123e+00    4.7790262552e+00
    1.2459537473e+00    8.5917322286e+00    5.5522175143e+00
    1.2100618450e+00    8.1369518136e+00    6.4307136866e+00
    1.8982574094e+00    7.4314465717e+00    6.3989974087e+00
    9.6164894523e-01    7.1615701519e+00    6.1745540605e+00
    1.2304144643e+00    7.0474168728e+00    7.1542204200e+00
    1.5560845437e+00    6.1896006304e+00    7.4901969793e+00
    1.4785970704e+00    6.0562582075e+00    8.4427291233e+00

molecule  12
    4.3707393530e+00    3.0353443824e+00    7.9887431011e+00
    3.5006818295e+00    3.1159067564e+00    7.5753677320e+00
    2.7964226756e+00    3.3597903278e+00    8.2556703543e+00
    2.7120069172e+00    3.0046153753e+00    9.1750774081e+00
    1.8730067095e+00    3.3891625502e+00    8.8878372263e+00
    9.4708664591e-01    3.2599300280e+00    8.4888983308e+00
    1.3620364686e+00    4.1183978128e+00    8.2233461165e+00
    1.5760324441e+00    3.3165613822e+00    7.6773955760e+00

molecule  13
    8.7362949831e+00    3.6075240944e+00    7.3664095895e-01
    9.3116792234e+00    2.9159128848e+00    1.2051238888e+00
    9.4340083343e+00    2.3351246318e+00    2.0241766065e+00
    9.3429302216e+00    1.3452576786e+00    1.9594543104e+00
    9.0194975229e+00    5.8787125564e-01    1.4462227557e+00
    9.9861956656e+00    7.9257747404e-01    1.5234829160e+00
    9.6588641384e+00    1.2644267939e+00    6.7873475514e-01
    1.0308916640e+01    2.0074390654e+00    4.8844346941e-01

molecule  14
    7.0280562529e+00    1.5340100521e+00    1.7614349672e+00
    8.0555946294e+00    1.5484318305e+00    1.8584288066e+00
    8.2605465980e+00    6.3143869471e-01    2.2279162439e+00
    7.4990806104e+00    9.7893502058e-01    2.7246242453e+00
    6.9651700729e+00    7.4498493678e-01    3.5397060206e+00
    6.9979484613e+00    1.0313213076e+01    3.1441949595e+00
    6.6326026067e+00    9.9167087326e+00    3.9812785210e+00
    5.9337072202e+00    1.0467260317e+01    3.5571527723e+00

molecule  15
    8.4512770333e+00    7.6711763190e+00    3.8148721651e+00
    9.4207014107e+00    8.0534273972e+00    3.8910543989e+00
    9.8517995195e+00    8.9090978615e+00    4.0936355079e+00
    1.6791175154e-01    9.4994366092e+00    3.8526775706e+00
    7.0808450904e-01    8.8491828141e+00    3.3448897118e+00
    1.1010821757e+00    9.7580494950e+00    3.4681248663e+00
    9.4943757270e-01    9.6336218820e+00    2.4950871254e+00
    5.3156536077e-01    2.8234684161e-02    2.6721174387e+00

molecule  16
    1.9496113678e+00    5.1503178122e+00    8.3309726101e+00
    2.8046877100e+00    5.0439325400e+00    7.7663986727e+00
    2.6680468390e+00    5.1461281223e+00    6.8330304406e+00
    1.7009032539e+00    4.8355555484e+00    6.7304272036e+00
    6.9806183031e-01    4.9901206569e+00    6.8047484632e+00
    9.9576724010e-01    4.1702028770e+00    7.3270490988e+00
    2.5231284644e-01    4.0525596131e+00    6.7085733260e+00
    1.1389399826e+00    3.9165199927e+00    6.3632159501e+00

molecule  17
    2.6783440102e+00    5.9003411185e+00    3.1624039675e+00
    3.4785051642e+00    6.3939442891e+00    3.5251926963e+00
    3.5840341724e+00    6.1488242193e+00    4.4974802999e+00
    3.3823270391e+00    6.4269684559e+00    5.4577646066e+00
    3.5007378536e+00    5.7006821024e+00    6.1335626240e+00
    2.6733950723e+00    5.2037575938e+00    5.8503180260e+00
    2.2713844258e+00    6.0747825719e+00    5.6786669890e+00
    2.5417693479e+00    6.4048608541e+00    4.7632001376e+00

molecule  18
    3.3938702101e+00    7.5210286979e+00    4.4097881341e+00
    4.0825023058e+00    7.1527681659e+00    4.9788894318e+00
    4.2057682877e+00    7.0602269759e+00    3.9841818883e+00
    4.4884316525e+00    6.1163988574e+00    3.9473793363e+00
    4.8041684661e+00    5.5860311678e+00    3.1266058225e+00
    4.7564548437e+00    5.0788060884e+00    2.2487964753e+00
    3.8159702176e+00    5.2171125406e+00    2.5318639302e+00
    3.8065944530e+00    5.3203027576e+00    1.4909194156e+00

molecule  19
    1.8857582490e+00    1.1911853317e+00    7.1719910250e+00
    2.5272488281e+00    8.9955281607e-01    7.8583032474e+00
    2.1549692155e+00    1.4983953527e+00    8.4903725868e+00
    1.8147501447e+00    2.4381364943e+00    8.4485379696e+00
    2.2273307512e+00    2.0378390025e+00    7.6090121008e+00
    1.2093910061e+00    1.9653255725e+00    7.8127340385e+00
    2.9306229694e-01    2.1651378531e+00    8.1432433278e+00
    6.0627240238e-01    2.5927704759e+00    7.3219331225e+00

molecule  20
    9.9533274108e-01    6.8873492099e+00    4.8810737217e+00
    1.1282022208e+00    6.1688929915e+00    5.5881483696e+00
    1.5499363568e+00    5.2693410720e+00    5.5587597879e+00
    2.0080962662e+00    5.3406791517e+00    4.6520119733e+00
    2.8726013349e+00    5.3033265171e+00    4.2184575980e+00
    3.4077373109e+00    5.2425190446e+00    5.0827304581e+00
    4.3303663057e+00    5.5374855846e+00    5.3584615242e+00
    5.1479964824e+00    5.9063995954e+00    4.9020474786e+00

molecule  21
    6.8017423478e+00    3.4118881995e-01    1.3813252216e-01
    6.7287584001e+00    9.8236086834e+00    2.8706545088e-01
    6.3509598110e+00    9.5757219965e+00    9.8815697243e+00
    5.5182176612e+00    1.0054535677e+01    9.9522002313e+00
    4.4923609361e+00    1.0298695136e+01    1.0103595283e+01
    4.8221788214e+00    1.0390481925e+01    5.8736038766e-01
    4.3769241970e+00    9.7586283144e+00    1.2462149982e+00
    4.4620897549e+00    1.1884636510e-01    1.7344566749e+00

molecule  22
    4.0041818715e+00    3.9805116644e+00    8.2975227387e+00
    4.0584617450e+00    4.2637668762e+00    9.2367197958e+00
    3.6687769912e+00    3.3505406766e+00    9.0825841134e+00
    3.9375623152e+00    2.4071553518e+00    8.9292705350e+00
    4.6228163968e+00    2.3334376179e+00    9.7240760653e+00
    4.6869387848e+00    3.1801284997e+00    9.2378567893e+00
    5.3373879967e+00    3.8463606412e+00    9.5580265858e+00
    4.9868294717e+00    4.7406104793e+00    9.6406932164e+00

molecule  23
    5.1965660334e+00    7.5151784495e+00    5.2419826993e+00
    5.3260566869e+00    8.3046683610e+00    5.9213624724e+00
    5.8366062345e+00    7.5961288765e+00    6.3521203220e+00
    5.0407955800e+00    7.7301891956e+00    6.9290900098e+00
    4.4452999537e+00    6.9483493858e+00    7.1465423297e+00
    3.7029579395e+00    6.2606559100e+00    7.2563201971e+00
    3.6645525023e+00    6.9096860582e+00    8.0431760902e+00
    3.5762418570e+00    7.5127588304e+00    7.2453950173e+00

molecule  24
    7.1530686150e-01    9.8380984860e+00    1.2764224523e+00
    9.2029279683e-01    8.9271833393e+00    9.7816780261e-01
    5.6081342512e-01    9.0683550825e+00    3.1440046416e-02
    6.9097566705e-01    8.6666113753e+00    9.5521909856e+00
    1.3489780469e+00    9.3107068148e+00    9.1876630883e+00
    1.1739628758e+00    1.0003366004e+01    9.8592292200e+00
    2.0880176087e+00    1.0214238830e+01    1.0128691297e+01
    1.7847965724e+00    9.7157799756e+00    4.8412485676e-01

molecule  25
    7.5216712156e+00    7.5007846147e+00    6.4870195029e+00
    7.3819021259e+00    6.5980352414e+00    6.0245129863e+00
    7.1964435916e+00    7.4252940632e+00    5.5508250452e+00
    6.3161703299e+00    7.8134893053e+00    5.2951248582e+00
    6.2754720161e+00    7.8761540212e+00    4.2878150422e+00
    6.3134213012e+00    6.9335869798e+00    4.6319227657e+00
    5.9918332765e+00    7.0607551875e+00    3.7157080535e+00
    5.2956949409e+00    6.6377461948e+00    4.2158978902e+00

molecule  26
    7.5620076000e+00    9.3818342499e-01    4.5845490968e-01
    6.7681784906e+00    7.9236215438e-01    1.0199626031e+00
    6.9019212617e+00    1.7055090476e+00    7.1372556008e-01
    6.4117396795e+00    2.4104074726e+00    1.5736332925e-01
    6.0710514945e+00    1.5944203253e+00    1.0125294600e+01
    5.4575270987e+00    8.6546140539e-01    1.0338951907e+01
    5.3150478072e+00    1.2924688446e+00    9.5160874237e+00
    4.5422354443e+00    1.3278578377e+00    8.8474317856e+00

molecule  27
    1.0280168386e+01    2.0740754784e+00    5.1771172901e+00
    1.0092432615e-01    1.3635861769e+00    5.7612539075e+00
    8.8385900007e-01    1.1091382890e+00    6.2643727248e+00
    1.2961631880e+00    2.2474497416e-01    6.0099344420e+00
    2.9976419671e-01    2.8560226269e-01    6.1201299817e+00
    4.3380153759e-01    9.9923721917e+00    5.4973250696e+00
    1.0093361370e+01    1.0142455929e+01    4.8901199176e+00
    9.9770993422e+00    6.9963487999e-01    4.8599095195e+00

molecule  28
    9.2619371199e+00    1.5902367795e+00    3.7933914842e+00
    9.2970364466e+00    9.1546173833e-01    3.0740351949e+00
    9.3161745861e+00    1.2749867580e-01    3.6599240267e+00
    1.0293861490e+01   -2.2400215142e-02    3.4039601386e+00
    9.9555772366e+00    9.7203809634e+00    2.8464390450e+00
    1.0198729856e+01    8.7637219833e+00    2.8790797572e+00
    9.7492979734e+00    7.8946996453e+00    2.8645841209e+00
    9.2315438720e+00    8.7538103401e+00    2.7731463428e+00

molecule  29
    3.1619262410e+00    6.8238446790e+00    1.5551972910e+00
    2.6149876627e+00    7.2376550245e+00    2.2181549523e+00
    2.5023348535e+00    7.7907409223e+00    1.4217693308e+00
    1.7904013521e+00    8.4272032917e+00    1.8981863707e+00
    8.4837230804e-01    8.5079535576e+00    2.2352723789e+00
    5.1081557597e-01    7.7109823375e+00    1.7310737292e+00
    1.0214414245e+01    7.2666083717e+00    1.2679300840e+00
    1.1218614956e-02    6.4245682499e+00    7.9137339064e-01

molecule  30
    1.8073399163e-01    4.5853860383e+00    2.9478361215e+00
    1.1122611998e+00    4.7544556951e+00    3.2354474550e+00
    1.9989232561e+00    5.0228540026e+00    3.5925778713e+00
    2.7775356198e+00    4.4009616730e+00    3.4919420309e+00
    3.1982714708e+00    3.5147859098e+00    3.8789265263e+00
    2.7422702713e+00    3.5016741059e+00    2.9854213788e+00
    2.3688832803e+00    2.9024894749e+00    3.7313094841e+00
    1.9155116810e+00    2.9629135917e+00    2.8675106024e+00

molecule  31
    1.0477378229e+01    5.2532908778e+00    8.5708236446e-01
    3.4752333181e-02    4.7553491126e+00    1.0462994476e+01
    1.0091353500e+01    4.0005962264e+00    5.1163947563e-01
    1.0091841980e+01    4.1248555298e+00    1.4943922050e+00
    9.5403126424e+00    3.7790700792e+00    2.1986339895e+00
    9.6389139558e+00    4.2529568039e+00    3.0596738836e+00
    9.1545443430e+00    5.0821287226e+00    2.8057170184e+00
    9.5562736788e+00    4.8213369216e+00    1.9605636530e+00

molecule  32
    4.3035887475e+00    6.3591402162e+00    4.2286991591e-01
    4.3349291055e+00    5.6105493210e+00    1.0217517463e+01
    3.5709562144e+00    5.1522754494e+00    9.7707437225e+00
    4.0362679398e+00    5.9332754524e+00    9.3579058513e+00
    4.6158194706e+00    6.6456729161e+00    9.0402971742e+00
    5.5343372037e+00    6.7913105321e+00    9.4986542131e+00
    6.3681827432e+00    7.2868387288e+00    9.6074145928e+00
    6.4878091473e+00    7.7002796386e+00    8.6996829133e+00

molecule  33
    9.9949372344e+00    5.2197850455e+00    7.5052230169e+00
    9.9716617717e+00    5.1429735219e+00    8.5422763560e+00
    8.9814915242e+00    5.1498003708e+00    8.5602319920e+00
    8.4408725692e+00    5.7824500427e+00    8.0685885264e+00
    8.5829795948e+00    5.3207322387e+00    7.1932332782e+00
    7.7884385238e+00    5.0365762485e+00    7.7114470030e+00
    7.8483225009e+00    4.1074843797e+00    7.4031395920e+00
    7.0969354041e+00    4.2260206478e+00    8.0172819194e+00

molecule  34
    2.7528544867e+00    7.1600309489e+00    3.3593220495e+00
    2.0731232568e+00    6.7170058153e+00    3.8589508495e+00
    1.5753134241e+00    7.4883410402e+00    3.3708232722e+00
    1.6633511270e+00    7.1255742096e+00    2.4249252719e+00
    8.3280035269e-01    6.7652451794e+00    2.7858590933e+00
    5.9901629192e-01    7.6443269880e+00    3.2228639202e+00
    1.7543454916e-01    7.8575566992e+00    4.1016267629e+00
    1.0128234474e+01    7.1123291784e+00    3.7812990588e+00

molecule  35
    7.5401340235e+00    2.5040788343e+00    1.5423335106e+00
    8.1066113471e+00    3.1965273169e+00    1.9720142388e+00
    8.5479878535e+00    4.0760962361e+00    2.1713714460e+00
    8.3991973894e+00    3.3988021366e+00    2.9565932006e+00
    8.6306781072e+00    2.4366314767e+00    2.8836904225e+00
    8.4545337757e+00    1.4265896414e+00    3.0027367075e+00
    8.0525732282e+00    9.0208152687e-01    3.7045477712e+00
    8.4426126953e+00    1.2167992523e-01    3.1597485226e+00

molecule  36
    1.0055904633e+01    1.3655947324e+00    9.0757478208e+00
    9.7988920218e+00    2.0246055966e+00    8.3975024650e+00
    8.7878146615e+00    2.2201289136e+00    8.3798436693e+00
    8.0207738347e+00    1.8384551529e+00    8.8375547499e+00
    8.3180314941e+00    2.4752546033e+00    9.4887130667e+00
    8.6665832621e+00    3.0399072308e+00    1.0218228582e+01
    9.5500658849e+00    2.5943903225e+00    1.0406706574e+01
    1.0255719350e+01    2.4549656666e+00    9.7454932322e+00

molecule  37
    4.4583026180e+00    7.7691794392e+00    8.7391311972e+00
    4.5133456026e+00    8.3907535877e+00    9.5274434913e+00
    3.9506034179e+00    9.0740847328e+00    1.0013582603e+01
    4.7128281472e+00    9.4131000383e+00    1.6246484238e-01
    5.2983435157e+00    9.5641731609e+00    1.0071470227e+00
    5.8611989990e+00    9.0913571416e+00    3.4009928719e-01
    6.4110436409e+00    8.2702191479e+00    3.0147458605e-02
    5.5324845415e+00    8.2026514530e+00    9.9756702369e+00

molecule  38
    8.5682586319e+00    3.0456715951e+00    7.5400010485e+00
    9.1350370576e+00    3.5507627140e+00    8.2180042111e+00
    8.7939279638e+00    3.8919895939e+00    9.0928438935e+00
    8.1436281809e+00    3.7723746869e+00    8.3323134664e+00
    7.6418228219e+00    3.0943783717e+00    8.8290750765e+00
    7.0399778933e+00    3.3370666081e+00    9.6092051462e+00
    6.1408710138e+00    2.9209812056e+00    9.7064642467e+00
    6.2214541548e+00    3.5934892407e+00    1.0449363968e+01

molecule  39
    1.0302875050e+00    4.6319959920e+00    1.2449936480e+00
    5.2077465322e-01    5.1803257829e+00    1.8806750753e+00
    1.0110361128e+01    5.7315573339e+00    1.8386134184e+00
    1.0113210269e+01    5.4816951159e+00    2.7863887833e+00
    9.6171915790e+00    6.3656696046e+00    2.7771234098e+00
    1.0423583353e+01    6.7503189320e+00    2.2738506290e+00
    6.8168731002e-01    6.2616447970e+00    1.8134614098e+00
    1.1235728164e+00    5.9957757408e+00    9.1764430855e-01

molecule  40
    6.9656796543e+00    4.9883723991e+00    9.8112632334e+00
    7.4015330181e+00    5.0135469307e+00    8.8909516760e+00
    6.4020722289e+00    5.1475304843e+00    8.9900093352e+00
    6.1428266449e+00    4.2248109167e+00    9.1275261057e+00
    5.9226875618e+00    3.3369341240e+00    8.7596373993e+00
    5.2602874540e+00    3.5980701547e+00    8.0870619820e+00
    5.6035823251e+00    4.5817727130e+00    7.9848467386e+00
    4.6618154742e+00    4.6916881301e+00    8.2322934686e+00

molecule  41
    5.4483976399e+00    3.9384731600e+00    5.8255298774e+00
    6.1246447563e+00    3.2727820917e+00    6.1208668538e+00
    6.7312972347e+00    2.4661417139e+00    6.2128777948e+00
    7.3116773046e+00    1.9719679745e+00    6.8031052531e+00
    8.1051848419e+00    2.4835735921e+00    6.4653574403e+00
    7.4372382716e+00    3.0975208802e+00    6.8654973164e+00
    7.6517839410e+00    2.7270640790e+00    7.8013107505e+00
    6.8563769855e+00    3.1578993427e+00    8.1959217168e+00

molecule  42
    9.8436223637e+00    2.5700120038e+00    6.7580608780e+00
    9.6087840339e+00    2.6945159251e+00    7.7247660389e+00
    9.7747820340e+00    3.6067299772e+00    7.3614661711e+00
    9.3828693492e+00    4.0967172291e+00    6.6064519318e+00
    8.5160134252e+00    3.6093627992e+00    6.3431213960e+00
    7.6262460289e+00    4.0751194045e+00    6.4063264595e+00
    6.6887703250e+00    4.3235572783e+00    6.3789040765e+00
    7.1884674190e+00    5.0149973612e+00    5.8226180280e+00

molecule  43
    1.9900653114e+00    4.1540220895e+00    2.5745903605e+00
    2.1836322651e+00    3.4621262708e+00    1.9094465755e+00
    1.9268274440e+00    4.3838197979e+00    1.6453031533e+00
    1.9259988303e+00    5.3343655053e+00    1.4511418040e+00
    2.0384528013e+00    6.0840640172e+00    2.1509385935e+00
    1.4327360578e+00    5.3438799695e+00    2.4416792544e+00
    1.2381093066e+00    5.8660341006e+00    3.2713862236e+00
    8.2211472456e-01    6.4870034508e+00    3.9026705810e+00

molecule  44
    1.0114779112e+00    4.6996304077e+00    9.9611590616e+00
    3.8697062451e-01    5.1518746113e+00    9.3639827563e+00
    6.7709209963e-01    4.9522516890e+00    8.4018100086e+00
    5.4188916028e-01    4.1876758177e+00    9.0686766649e+00
    1.0169696215e+01    3.7816990161e+00    8.6531208527e+00
    9.7511458377e+00    4.4236791951e+00    9.3471749773e+00
    9.4582705223e+00    3.5859171668e+00    9.7646243670e+00
    9.1026218907e+00    2.8764379508e+00    9.1115676189e+00

molecule  45
    5.5837649766e+00    1.0374004447e+01    1.9949376142e+00
    6.3323588388e+00    9.9713950392e+00    1.4519849328e+00
    6.3499720646e+00    9.0679758825e+00    1.9155819151e+00
    6.9488788008e+00    9.0039559088e+00    1.0883065047e+00
    6.6213654431e+00    8.0939156052e+00    1.2020425881e+00
    5.6577719543e+00    7.9327707855e+00    1.1088783010e+00
    4.8306308132e+00    8.3294924258e+00    1.4508570495e+00
    5.3727273065e+00    8.9428941594e+00    2.0529423602e+00

molecule  46
    2.6939269482e+00    5.0652500261e+00    9.3599630730e-01
    2.3968016826e+00    6.0382880083e+00    7.4470213984e-01
    2.0938220825e+00    6.9249141554e+00    4.3967533892e-01
    1.2245648865e+00    7.1919775621e+00    1.0419633633e+01
    3.0623705641e-01    6.8894136855e+00    1.0341593689e+01
    1.0094747996e+01    6.2496724282e+00    9.9314831083e+00
    9.8152442571e+00    7.1284503732e+00    9.5619705001e+00
    9.5337152940e+00    7.6392524506e+00    1.0423918364e+01

molecule  47
    9.8147322314e+00    3.4822772278e+00    5.9450702913e+00
    9.5586748056e+00    3.2801662686e+00    5.0119509403e+00
    9.0881314021e+00    2.4775105248e+00    4.6502427082e+00
    8.2934552692e+00    3.0544195679e+00    4.3474589859e+00
    7.6788421892e+00    3.5489103523e+00    3.7055560933e+00
    6.9978978380e+00    3.1741475121e+00    4.3407345116e+00
    7.4587832863e+00    2.5768477154e+00    5.0202873700e+00
    7.1429822801e+00    3.4373500893e+00    5.5342660429e+00

molecule  48
    3.5318824036e+00    9.6926819005e+00    5.1333472067e-01
    3.1839445809e+00    1.0295173211e-01    9.1454023045e-01
    2.4515860328e+00    5.5670004876e-01    1.4412284066e+00
    1.6795270167e+00    1.2139493117e+00    1.5238131831e+00
    8.7404016706e-01    1.3811403283e+00    9.7835603802e-01
    9.3167181750e-01    1.7276195889e+00    3.6929939481e-02
    8.6036874243e-02    1.3315137362e+00    1.0175137591e+01
    8.9212141284e-02    8.3872434427e-01    5.5741884683e-01

molecule  49
    1.0237093717e+01    4.0532863410e+00    4.2311002209e+00
    1.0252555106e+01    4.6305695163e+00    4.9760431870e+00
    9.3257812829e+00    4.3065537376e+00    4.7484819516e+00
    8.9419522041e+00    3.8822564727e+00    3.9143012963e+00
    9.6069296271e+00    3.1657820639e+00    3.8047191039e+00
    1.0433490698e+01    3.4877036026e+00    3.2935621999e+00
    8.9804359686e-01    3.5381668124e+00    2.8654663262e+00
    4.8899676459e-01    3.8740048375e+00    2.0032411842e+00

molecule  50
    9.9281670914e+00    8.7051817398e+00    5.2173218062e+00
    8.9184529207e+00    8.8024816075e+00    4.9015992444e+00
    9.0690106188e+00    9.7625097697e+00    4.9954041009e+00
    8.5630177522e+00    9.4824403186e+00    4.1845635883e+00
    7.8021186954e+00    9.8852900896e+00    3.7275678893e+00
    7.4010092661e+00    1.0355349843e+01    4.5526165685e+00
    6.9280321574e+00    9.6833394952e+00    5.0473447083e+00
    7.8798598381e+00    9.8032111430e+00    5.3166282870e+00

molecule  51
    9.0479663453e+00    6.2936750203e+00    7.3545695795e+00
    9.5189492315e+00    6.2187092913e+00    8.2336158746e+00
    9.8067259025e+00    7.1819046963e+00    8.4341926596e+00
    9.8439590161e+00    8.1629422435e+00    8.3129396525e+00
    9.0813740486e+00    8.6982641192e+00    8.0797811426e+00
    8.3099190532e+00    9.3397432526e+00    7.9492366751e+00
    8.2438716028e+00    9.8427151218e+00    8.8150787757e+00
    7.5977489329e+00    1.0312641375e+01    8.2316347018e+00

molecule  52
    8.6606299515e+00    8.7250764320e+00    9.4550089404e+00
    9.0015308244e+00    9.3947906827e+00    1.0115962627e+01
    9.7626154246e+00    9.9791432572e+00    1.0327769527e+01
    3.4835247410e-02    1.0241791221e+01    9.7157280940e+00
    4.6108213878e-01    1.0365290956e+01    1.5689831728e-01
    1.0297546490e+00    6.9137093476e-01    1.0326251254e+01
    1.3561787377e+00    2.0199226272e-01    6.5375779555e-01
    7.2738059640e-01    4.2107840427e-01    1.3922073882e+00

molecule  53
    8.2290354675e+00    7.0480935801e+00    5.5198935467e+00
    9.0255429750e+00    7.1330110622e+00    6.1119425281e+00
    9.3373935536e+00    7.9931231477e+00    5.8221165258e+00
    9.4798114811e+00    8.8202157632e+00    6.3415467945e+00
    9.7223529869e+00    8.2942342982e+00    7.1281002385e+00
    1.0368476774e+01    7.6254276495e+00    6.8247943617e+00
    1.0933539905e-01    6.7987584306e+00    7.3675816929e+00
    4.5715839547e-01    5.9013342033e+00    7.5691143115e+00

molecule  54
    6.1522376092e+00    5.4305440767e-01    4.5952198635e+00
    5.5268953077e+00    1.2466046329e+00    4.9082030630e+00
    4.8866146435e+00    8.2535766083e-01    5.5223302015e+00
    4.3863997031e+00    1.6680647942e+00    5.3413418328e+00
    3.7085371624e+00    9.6832460403e-01    5.3187682549e+00
    2.7326106523e+00    8.8004247617e-01    5.1341682007e+00
    2.4542073716e+00    3.2586215134e-01    5.9645066280e+00
    2.7511680305e+00    2.0300865944e-01    6.9181904580e+00

molecule  55
    4.3061737362e+00    4.2030511052e-01    8.1248364178e+00
    4.7249411983e+00    9.8098416930e-01    7.4628675547e+00
    3.7446900420e+00    8.5092879299e-01    7.2840568709e+00
    3.9070332444e+00    1.4107382924e+00    6.4345547428e+00
    3.2927704378e+00    1.8930593309e+00    5.8342342040e+00
    2.8158130011e+00    1.3197589127e+00    6.5359380926e+00
    3.2968339553e+00    1.8121463682e+00    7.2777058827e+00
    3.2561179050e+00    1.5705066974e+00    8.2797676554e+00

molecule  56
    2.1978067836e+00    7.3099400176e+00    9.8584001540e+00
    1.4971749027e+00    8.0069194066e+00    9.5490579632e+00
    2.2587533675e+00    8.3743856586e+00    9.0328794303e+00
    2.5426499502e+00    9.1291824552e+00    9.6016085284e+00
    2.0148202809e+00    8.7824821295e+00    1.0403790537e+01
    2.0073554318e+00    8.0034894516e+00    5.6773408980e-01
    1.0093672989e+00    7.9671022039e+00    6.8401092533e-01
    1.4909684994e+00    7.3045009847e+00    1.2984226111e+00

molecule  57
    5.0546300073e+00    5.3874456057e+00    7.3680568482e+00
    5.2800093539e+00    5.0149826612e+00    6.4404470488e+00
    5.6165031983e+00    4.2303637980e+00    6.9277841623e+00
    4.7063036750e+00    4.3476392696e+00    7.2883118194e+00
    3.9343786977e+00    4.8988674492e+00    6.8968573073e+00
    3.3652836584e+00    4.1839863375e+00    7.2796200855e+00
    3.6098034911e+00    3.5659789005e+00    6.4486729724e+00
    4.0364122657e+00    4.3275947199e+00    5.9022649774e+00

molecule  58
    1.9956229404e+00    1.8172188474e+00    4.4680192278e+00
    1.4614947707e+00    1.5724034942e+00    5.2499628231e+00
    1.9412370732e+00    1.6075218425e+00    6.1475326899e+00
    1.6709233292e+00    2.4850312415e+00    6.4893391524e+00
    2.2386777800e+00    3.1878374654e+00    6.0898866258e+00
    2.4372096443e+00    4.1659781415e+00    6.1350949043e+00
    2.3110238140e+00    3.8620263567e+00    7.0365987682e+00
    2.5164423818e+00    2.9420178304e+00    7.1861147158e+00

molecule  59
    5.1259226781e+00    9.3422596710e+00    8.1152487358e+00
    5.7305760516e+00    9.1880750883e+00    7.3501049631e+00
    5.9204781768e+00    1.0185173818e+01    7.2387548991e+00
    6.4595928844e+00    1.0093735742e+01    8.0741264626e+00
    6.0516247439e+00    1.0102459077e+01    8.9778460803e+00
    6.2385728335e+00    9.1643585623e+00    8.7360644389e+00
    5.6471621273e+00    8.4547295686e+00    8.3346360614e+00
    5.4419846897e+00    7.5093766664e+00    8.4868616262e+00

molecule  60
    6.2835795378e+00    6.8281358116e+00    6.9253469401e-01
    7.1813329439e+00    6.6042860046e+00    9.6449207678e-01
    7.2187639350e+00    6.9215929017e+00    1.8570920490e+00
    6.3481849745e+00    7.1773889682e+00    2.1976251243e+00
    6.7713785991e+00    7.8998273406e+00    2.7712116641e+00
    7.2350469406e+00    8.3242000791e+00    2.0123793861e+00
    7.6832049167e+00    7.9881335415e+00    1.2230359116e+00
    7.1785304547e+00    7.7350579696e+00    4.1233797879e-01

molecule  61
    5.2458590816e+00    7.6150072658e-02    4.5310498405e+00
    4.7406674671e+00    1.9389000483e-01    3.6726500485e+00
    4.1764808027e+00    2.8784728744e-01    2.8699276497e+00
    3.3084125813e+00    7.7507853044e-01    2.7156989041e+00
    2.6624743293e+00    8.8548608696e-01    3.4781137492e+00
    2.1105392107e+00    6.2717795581e-01    2.7326793896e+00
    2.7300278398e+00    1.0337664289e+01    2.4088229247e+00
    1.8128608919e+00    1.0348168499e+01    1.9647696884e+00

molecule  62
    9.1258934000e+00    2.0850438628e+00    6.1738315459e+00
    9.5181015082e+00    1.1537304835e+00    6.0724164768e+00
    8.7651870147e+00    7.8799012841e-01    6.5013841114e+00
    7.8454147710e+00    8.9673523363e-01    6.2919652548e+00
    6.9042238843e+00    1.1732394690e+00    6.0110688777e+00
    6.9698079779e+00    6.6684988063e-01    5.1330949130e+00
    7.5129313989e+00    1.2932849359e+00    4.5983631065e+00
    8.3162044025e+00    1.7766907470e+00    4.3616169354e+00

molecule  63
    2.4669527254e+00    7.2596485075e+00    7.3952526468e+00
    2.2897391582e+00    8.2378150551e+00    7.6535169408e+00
    1.9800652477e+00    7.5557150980e+00    8.3463146335e+00
    2.5040230082e+00    6.7777096439e+00    8.5511786313e+00
    3.0743617472e+00    6.2357716731e+00    9.1459886077e+00
    2.7214906830e+00    5.9644709324e+00    1.0044264374e+01
    1.9125502482e+00    5.3691501989e+00    9.9938671522e+00
    1.0528867216e+00    5.6990495143e+00    1.0403870991e+01

molecule  64
    2.5589911691e+00    5.0509366296e+00    2.1760257522e+00
    3.1387434201e+00    4.2680334043e+00    2.2185159125e+00
    3.2401534860e+00    3.7565431093e+00    1.4050327717e+00
    3.2092862071e+00    2.7397975067e+00    1.4493115498e+00
    2.8139401005e+00    2.3759135563e+00    2.3326642531e+00
    3.0693354325e+00    1.5652667142e+00    1.8088820931e+00
    3.9751255213e+00    1.9975512485e+00    1.7170749601e+00
    4.2153914308e+00    1.0385086313e+00    1.7811367930e+00

molecule  65
    4.0144410797e+00    8.8595302911e+00    4.6346644102e+00
    3.6340368737e+00    8.3457339463e+00    3.8800433681e+00
    3.6833142805e+00    7.9305798848e+00    2.9695733203e+00
    3.3190800821e+00    8.2139362206e+00    2.0800438193e+00
    3.4403180150e+00    9.0523218256e+00    2.5885360251e+00
    3.6782647406e+00    9.9545129501e+00    2.2031973424e+00
    3.2731696115e+00    9.2796153037e+00    1.5507106062e+00
    2.3774292278e+00    9.4116490713e+00    1.9721226607e+00

molecule  66
    8.1893358586e+00    8.0177457542e+00    1.0189409623e+01
    7.5099597632e+00    8.6728445436e+00   -8.6119066896e-03
    7.2019109425e+00    8.6083864528e+00    9.4858500479e+00
    7.3228152327e+00    9.3831209685e+00    8.9562725325e+00
    7.8538905831e+00    9.6067997711e+00    9.7606902437e+00
    7.1145705576e+00    1.0264495970e+01    9.6505726827e+00
    6.7979924969e+00    4.9505555927e-01    8.9770994194e+00
    7.3420931691e+00    8.7456163266e-01    9.7377666129e+00

molecule  67
    5.4728160792e+00    3.2451125110e-01    8.0107986869e+00
    5.9455317712e+00    1.1280334376e+00    7.7881887912e+00
    6.7026767484e+00    1.1550407782e+00    7.1351171180e+00
    6.9558359591e+00    2.0372253829e-01    7.1624675802e+00
    7.0737723505e+00    7.5052431877e-02    6.1613569753e+00
    6.0979191940e+00    1.0467712667e+01    5.9826326647e+00
    5.1544475441e+00    2.1422172474e-01    6.4203420415e+00
    5.6946734574e+00    1.0750947832e+00    6.5195601145e+00

molecule  68
    6.7023223099e+00    3.1666856611e+00    1.6828443595e+00
    7.0287545418e+00    3.3634034060e+00    2.5966892724e+00
    6.1153994990e+00    3.0679362717e+00    2.9111688417e+00
    5.2626063893e+00    2.6328730085e+00    2.9386335426e+00
    4.4042587640e+00    2.4173259052e+00    3.4650783002e+00
    3.4094230019e+00    2.3240008378e+00    3.4520963490e+00
    2.5307028573e+00    1.9099708671e+00    3.2730248757e+00
    1.7333231437e+00    1.7230823749e+00    2.7793434790e+00

molecule  69
    2.7485876930e+00    3.7566977022e+00    3.6870248985e-01
    3.2480983068e+00    2.9132272597e+00    1.8649716052e-01
    2.2343317149e+00    2.8564650317e+00    2.7785500190e-01
    2.7912861249e+00    2.0006575256e+00    4.1172376828e-01
    2.1304560747e+00    1.2474379522e+00    5.9354174439e-01
    2.7060691677e+00    1.1770318277e+00    1.0235491586e+01
    1.8451311376e+00    1.4897324719e+00    9.8284315836e+00
    1.9798397204e+00    2.4790304970e+00    9.7061107421e+00

molecule  70
    3.5418178963e+00    1.0134322240e+01    5.7260557195e+00
    4.0078769047e+00    1.5493904354e-01    6.5009125924e+00
    4.3026042594e+00    9.6571393605e+00    6.4146540599e+00
    4.2861564595e+00    8.8804860328e+00    5.7536749831e+00
    4.3637229833e+00    7.9057307302e+00    5.6650497798e+00
    4.6344958090e+00    6.9687312260e+00    5.8290419518e+00
    3.7656785455e+00    6.8929922642e+00    6.3389742995e+00
    2.7758543348e+00    6.8051845048e+00    6.4335168438e+00

molecule  71
    6.8481480324e-01    3.8229121730e-01    7.1452732335e+00
    1.3314867534e+00    1.0151272101e+01    6.9021345727e+00
    8.8041783875e-01    9.3448386269e+00    6.6220404751e+00
    1.2145913660e-01    8.9500965712e+00    6.0918953377e+00
    1.3360676921e-01    8.0083483489e+00    5.8636777431e+00
    1.0334199595e+01    7.3455976930e+00    5.1203161600e+00
    1.0376599128e+01    6.6934642153e+00    5.8776191093e+00
    9.7033886668e+00    6.3363813013e+00    6.5391876033e+00

molecule  72
    5.8275258748e+00    3.5102441800e-01    1.1285952557e+00
    5.8960132910e+00    1.3813979205e+00    9.8002281187e-01
    4.8898992853e+00    1.2689503986e+00    9.7109698621e-01
    3.9301074811e+00    1.5930586411e+00    7.1049128805e-01
    4.1885751844e+00    8.0322498684e-01    2.1786155687e-01
    4.6301043751e+00    1.5758042817e+00    1.0295925693e+01
    3.7201654064e+00    1.3289412795e+00    9.8090560250e+00
    2.8780523022e+00    1.4833555276e+00    9.3021370557e+00

molecule  73
    6.3738155970e+00    5.7637162048e+00    3.8432250550e+00
    5.6836693744e+00    5.0511326173e+00    3.7442451761e+00
    4.8657347518e+00    5.1014368004e+00    4.2388375516e+00
    3.8876727710e+00    5.1655877532e+00    3.9273257545e+00
    4.3524107009e+00    4.3709500612e+00    3.5738320107e+00
    5.1465186870e+00    4.2105962425e+00    2.9695439464e+00
    6.1048453752e+00    4.1570036308e+00    3.2242717972e+00
    6.2128922885e+00    5.0488441089e+00    2.9036565782e+00

molecule  74
    7.2631690318e+00    2.2328286111e+00    9.5135504044e+00
    6.5667500421e+00    1.8797588305e+00    8.8393492850e+00
    7.0869101949e+00    1.3861545349e+00    8.1663780693e+00
    6.7496652127e+00    2.1532686711e+00    7.7333747191e+00
    6.0391533193e+00    2.3582773320e+00    7.0689551432e+00
    5.4485984797e+00    2.2324760749e+00    7.8869901988e+00
    4.4714876312e+00    2.0859250696e+00    7.6375293910e+00
    3.9879048096e+00    2.4948437771e+00    6.8687728418e+00

molecule  75
    9.4743154922e+00    7.1087668803e+00    4.7891426788e+00
    8.9385728599e+00    6.7316565324e+00    4.0701785535e+00
    9.2037086616e+00    6.2195930856e+00    4.8882975618e+00
    1.0206539197e+01    6.1977556993e+00    5.0016410674e+00
    9.7867709381e+00    5.5235790762e+00    5.6370405346e+00
    3.2828047020e-01    5.3895269751e+00    5.4836740735e+00
    8.7222355401e-01    5.5692554967e+00    4.6824726327e+00
    1.0998002817e+00    4.6201350776e+00    4.5009800575e+00

molecule  76
    6.5218177366e+00    7.5907094396e-01    2.2084861050e+00
    5.9560676487e+00    1.4780550979e+00    2.6496631151e+00
    5.2037196442e+00    9.4355787989e-01    3.0704194715e+00
    5.5775357877e+00    1.4842552874e+00    3.8324520184e+00
    6.3836002435e+00    2.1328995713e+00    3.8051238503e+00
    7.3075481835e+00    1.8034445246e+00    3.7851567146e+00
    7.0818433108e+00    2.6561708106e+00    3.2916168942e+00
    7.6517760172e+00    2.0112453764e+00    2.7721980057e+00

molecule  77
    5.0632347215e+00    3.3151246809e+00    3.2674866696e-02
    4.1412656368e+00    3.4829221020e+00    1.0268072107e+01
    4.2946948496e+00    2.6754613708e+00    3.5832968808e-01
    5.2183330710e+00    2.3299773751e+00    3.8236316734e-01
    5.6581832153e+00    3.0652440772e+00    8.9615345388e-01
    5.5661256651e+00    2.9933948397e+00    1.9065463015e+00
    5.4393381307e+00    2.0237960738e+00    1.9562224956e+00
    4.7413786454e+00    1.8022544279e+00    2.6519521759e+00

molecule  78
    2.7370604170e+00    9.8101849778e+00    6.3809737298e+00
    2.0781997590e+00    9.1107984255e+00    6.7556142146e+00
    2.7288245284e+00    9.2853958265e+00    7.4739562808e+00
    2.5497543421e+00    1.0007985809e+01    8.1550247769e+00
    3.3826737858e+00    1.0406362445e+01    7.7583122763e+00
    3.9531114878e+00    1.0080126878e+01    8.5254150985e+00
    4.5457834908e+00    1.6420206814e-01    9.0798342256e+00
    4.9129518194e+00    9.6847403456e+00    9.0623325882e+00

molecule  79
    8.2551085033e+00    8.7785934958e+00    2.5585513581e+00
    7.6179994384e+00    8.6760385505e+00    3.3521374236e+00
    7.0662380253e+00    8.8043151278e+00    4.1654252778e+00
    7.6550589566e+00    8.4824874204e+00    4.8544177585e+00
    7.4490074942e+00    8.9989939118e+00    5.6369138673e+00
    7.4875091595e+00    8.5963647891e+00    6.5732163776e+00
    7.8952246642e+00    8.2273384695e+00    7.3810333053e+00
    7.1388746710e+00    8.6166576477e+00    7.9102080701e+00

molecule  80
    7.6417764140e+00    1.8385461322e-01    1.4949055685e+00
    7.7236779143e+00    1.0009227485e+01    2.3104898730e+00
    6.9722030594e+00    9.3611478748e+00    2.6593635249e+00
    6.4895353272e+00    9.0295086136e+00    3.4450186598e+00
    5.7595408253e+00    9.5841496514e+00    2.9486404898e+00
    4.7751742091e+00    9.4727736978e+00    2.8039288031e+00
    4.5237103398e+00    9.4056600065e+00    3.7559631277e+00
    3.5849487981e+00    9.3898434548e+00    3.5331157751e+00

molecule  81
    3.2645695772e+00    8.2270273858e+00    8.0272189539e+00
    3.1558813848e+00    9.1608790409e+00    8.4326397269e+00
    4.0595756236e+00    8.7746356281e+00    8.6661550144e+00
    4.1653295242e+00    9.1616430650e+00    7.7227469557e+00
    4.5986728331e+00    8.2638711397e+00    7.7073679351e+00
    3.9985012480e+00    8.4720133997e+00    6.9040808889e+00
    4.9185020614e+00    8.8955865353e+00    6.7782401454e+00
    5.3411454253e+00    9.6174557660e+00    6.2803712558e+00

molecule  82
    5.1572510870e+00    2.3432378816e+00    4.7703917819e+00
    6.1459719391e+00    2.4575169832e+00    4.9655190417e+00
    5.4978234408e+00    2.0666168455e+00    5.6694891088e+00
    5.0596906229e+00    2.0263184698e+00    6.5868198581e+00
    4.9671063850e+00    3.0028397750e+00    6.9865623774e+00
    4.7394808775e+00    3.0344939436e+00    6.0492731851e+00
    4.7318572309e+00    3.2222963169e+00    5.0447057915e+00
    4.0286053779e+00    3.8844086274e+00    4.8566747078e+00

molecule  83
    8.2383717808e-01    2.9711415712e+00    5.4454225485e+00
    1.3790730136e-01    3.6158108697e+00    5.1887684914e+00
    5.1016852893e-01    3.3649031023e+00    4.3241258386e+00
    8.2049753680e-01    2.7880063475e+00    3.5803462498e+00
    6.6954728666e-01    1.9611175247e+00    4.1087075652e+00
    2.6667113112e-02    2.0360354231e+00    3.3302618490e+00
    1.0303428128e+01    1.9634673998e+00    2.3403343523e+00
    1.4702653035e-01    2.8795215979e+00    2.0574077230e+00

molecule  84
    1.0121610304e+01    5.1119352961e+00    3.9993954453e+00
    9.1589833630e+00    5.3297927092e+00    4.3060106850e+00
    8.1625929007e+00    5.5102598243e+00    4.4097665772e+00
    8.1586120190e+00    4.7459575703e+00    3.7432784923e+00
    7.1346800085e+00    4.6434757373e+00    3.6872562676e+00
    6.9996290645e+00    5.1291306460e+00    4.5096249727e+00
    6.5776759951e+00    5.9718034234e+00    4.8636826071e+00
    7.4244110727e+00    6.3117362135e+00    4.6027342993e+00

molecule  85
    8.3303482700e+00    5.7942526524e+00    3.0331145503e+00
    7.7960417581e+00    4.9594346216e+00    2.8302081142e+00
    8.0511845033e+00    5.1041893982e+00    1.8924813155e+00
    7.8318048767e+00    4.3280323357e+00    1.3269554741e+00
    8.8058303213e+00    4.5570561985e+00    1.2343563792e+00
    9.4093193985e+00    4.7806297974e+00    4.0437038617e-01
    9.3500018706e+00    5.7524031934e+00    5.6018298812e-01
    8.5168455651e+00    5.8718008843e+00    1.0970120112e+00

molecule  86
    1.9576905064e+00    2.3389899936e-01    3.9673897687e+00
    2.4730919079e+00    9.9121130987e+00    3.5391438168e+00
    3.2756022423e+00    4.8952891589e-02    3.4345164135e+00
    3.1313116161e+00    1.0293192616e+01    4.4045873398e+00
    4.1341826060e+00    1.0344444347e+01    4.6583596433e+00
    4.4799021174e+00    9.7995250648e+00    5.4103595942e+00
    4.9527836615e+00    9.1353260149e+00    4.8510060500e+00
    5.6665939936e+00    9.7788689857e+00    5.0662254043e+00

molecule  87
    1.1438101111e+00    8.9595471623e-01    3.3965366125e+00
    2.6328537263e-01    1.0212082791e+00    2.9260582019e+00
    2.1818618547e-01    9.7258796858e-01    3.9274724215e+00
    7.7074754256e-01    4.2219447863e-01    4.5972798633e+00
    1.2063100084e+00    9.9677497445e+00    4.7209439006e+00
    1.5706428898e+00    9.6550251423e+00    5.5774065585e+00
    2.2917177066e+00    9.8473578476e+00    4.9333596892e+00
    2.8604661445e+00    9.2520377031e+00    5.4863105608e+00

molecule  88
    6.8527524360e+00    4.6123906853e+00    1.7671293790e+00
    6.9275731295e+00    5.4646777117e+00    1.2591808021e+00
    7.6845754022e+00    6.0110793870e+00    1.6361062238e+00
    8.2368988087e+00    6.8403078639e+00    1.6291404361e+00
    8.3315358675e+00    7.7552002428e+00    2.0270808215e+00
    9.2247839806e+00    7.2852436102e+00    2.2395959879e+00
    9.1698972340e+00    6.3875722716e+00    1.8174890535e+00
    9.1766634616e+00    7.1494771972e+00    1.2000151070e+00

molecule  89
    8.2721938876e+00    7.9113329706e+00    8.6799435388e+00
    8.4330319830e+00    7.0821982386e+00    8.1948303358e+00
    7.6536038362e+00    7.1239736411e+00    7.5529350489e+00
    6.8291137013e+00    7.7166500005e+00    7.5332326566e+00
    6.6041679107e+00    6.7850527225e+00    7.2123958522e+00
    5.6303323736e+00    6.5866689260e+00    7.0357359108e+00
    5.1924351520e+00    6.1806935564e+00    6.2507257357e+00
    5.9214784144e+00    6.5864290466e+00    5.7042693980e+00

molecule  90
    6.4624377033e+00    8.6250830464e+00    6.0055505279e+00
    6.5638563770e+00    9.4805012051e+00    6.4743409105e+00
    7.4142518616e+00    9.7159434962e+00    6.9240211570e+00
    7.9630562724e+00    1.0375242468e-01    6.8033663948e+00
    8.4467184197e+00    1.0259820304e+01    5.9852346570e+00
    8.3681935307e+00    5.4543984325e-01    5.3869492123e+00
    8.6409785681e+00    1.4575174641e+00    5.3998579756e+00
    7.6776547993e+00    1.7658897186e+00    5.5063329854e+00

molecule  91
    7.8675374315e+00    4.2929806966e+00    1.0014399253e+01
    8.5660926641e+00    4.9084044109e+00    9.6658214045e+00
    7.9672705629e+00    5.6858439582e+00    9.5747057192e+00
    7.7473471028e+00    6.0176500713e+00    5.0202197872e-02
    7.8400830175e+00    6.9000085881e+00    1.0067622312e+01
    8.4099962557e+00    6.6680020736e+00    4.5225341725e-01
    9.0767596136e+00    6.3743423292e+00    1.0202372514e+01
    9.2812484934e+00    6.1060415687e+00    9.2576438362e+00

molecule  92
    3.8470612664e+00    2.7373755131e+00    5.4536392423e+00
    3.1008242520e+00    3.3656226159e+00    5.1791739231e+00
    2.8609423083e+00    2.3961414321e+00    4.8988513472e+00
    2.0016638705e+00    2.5718078476e+00    5.3874907823e+00
    1.6810873514e+00    3.1674183695e+00    4.6381974128e+00
    1.5280187396e+00    3.7686553041e+00    3.8633460957e+00
    2.2182958014e+00    4.2352174536e+00    4.4004043684e+00
    1.7712831159e+00    4.0942950439e+00    5.2997502008e+00

molecule  93
    1.7750736258e+00    4.6698806512e+00    2.3367836574e-01
    2.6653588102e+00    4.6139690790e+00    1.0225341880e+01
    2.3519702026e+00    4.3609844718e+00    9.2976936342e+00
    2.7300049258e+00    5.2591927536e+00    9.1215223742e+00
    3.2011093682e+00    4.5635590237e+00    8.6195107449e+00
    3.6263810776e+00    5.4275964606e+00    8.2810838452e+00
    4.4855587891e+00    5.9021511550e+00    8.2605449299e+00
    5.1873525744e+00    6.5384023297e+00    8.0231445232e+00

molecule  94
    6.5149447763e+00    6.4455360651e+00    8.3652473773e+00
    7.3785682765e+00    6.2708512808e+00    8.8382973163e+00
    6.5724178276e+00    6.1270786828e+00    9.4214995315e+00
    6.7200646993e+00    6.2875968407e+00    1.0385263925e+01
    6.1599187835e+00    5.8239297035e+00    5.9460223116e-01
    5.1769014058e+00    5.6028160160e+00    6.8652501184e-01
    4.8211072906e+00    4.7659811141e+00    1.1347553754e+00
    4.5148045807e+00    4.5234021278e+00    1.7119966477e-01

molecule  95
    9.9395334296e-01    9.1276180683e+00    7.8793630165e+00
    1.5507327211e-01    8.6406520117e+00    7.6521168992e+00
    4.1927168607e-01    8.3244831923e+00    8.5759426870e+00
    5.7547230296e-01    7.5589382295e+00    7.9852901548e+00
    4.7491006544e-01    6.7140509179e+00    8.4462928568e+00
    5.6112860738e-01    6.4142768060e+00    9.4228169588e+00
    4.0963736412e-01    7.4211336291e+00    9.4612219452e+00
    1.7184991582e-01    7.8740021215e+00    1.0321301376e+01

molecule  96
    4.1137842298e+00    9.4328711417e-01    4.3292884088e+00
    3.7420182722e+00    1.3925846793e+00    3.5369656892e+00
    3.6963454596e+00    1.8849458620e+00    4.4080847984e+00
    4.0203410059e+00    2.8493426931e+00    4.3813562667e+00
    4.7268726608e+00    3.4578230287e+00    3.9419340558e+00
    3.9931417595e+00    3.3673752966e+00    3.2284617824e+00
    3.9297197982e+00    3.4235000952e+00    2.2442339535e+00
    4.5691489214e+00    2.6731761721e+00    2.2690496038e+00

molecule  97
    3.1089677275e+00    8.8519496606e+00    6.5346330902e+00
    3.1783559521e+00    7.8778593207e+00    6.2274168220e+00
    2.5876865817e+00    8.0547598242e+00    5.4427109224e+00
    2.3436193340e+00    7.5517824384e+00    4.6000220886e+00
    2.0147592799e+00    8.4563005935e+00    4.5172889840e+00
    2.8366406623e+00    9.0342734352e+00    4.2685268346e+00
    2.5616545219e+00    8.3222068232e+00    3.6217163659e+00
    2.1132001659e+00    8.6852798851e+00    2.8353212747e+00

molecule  98
    9.9685500605e+00    8.2380702115e+00    9.3740921195e+00
    1.0154480383e+01    9.1769924512e+00    9.4530187178e+00
    9.4878567311e+00    9.6180494085e+00    8.8603243053e+00
    9.0546798671e+00    1.0254132912e+01    8.2132662578e+00
    9.2792010141e+00    7.4031531262e-01    8.0426109381e+00
    9.6911387289e+00    1.1721216571e+00    7.2040222686e+00
    9.7933232371e+00    2.5332949422e-01    6.7193886404e+00
    1.0228444587e+01    9.8937493540e+00    6.4172419986e+00

molecule  99
    1.0318627009e+01    8.3782312503e+00    1.2657964878e+00
    9.8408141843e+00    8.6487415184e+00    3.9972739823e-01
    8.8617107763e+00    8.6437599592e+00    6.0618951327e-01
    8.3092790722e+00    9.2060724779e+00    1.1808429572e+00
    9.2224726158e+00    9.0270721904e+00    1.5407138657e+00
    1.0046839470e+01    9.5858462218e+00    1.5506670568e+00
    9.6349011484e+00    1.0315785772e+01    2.0960806210e+00
    8.8110864902e+00    9.8900434114e+00    1.7908016060e+00
