  2.3113809e+02
  2.3506536e+02
  2.3776322e+02
  2.3661661e+02
  2.2840961e+02
  2.3782872e+02
  2.3129802e+02
  2.3747394e+02
  2.3106874e+02
  2.3134608e+02
  2.3142889e+02
  2.3393927e+02
  2.3114877e+02
  2.2754522e+02
  2.2406700e+02
  2.3138402e+02
  2.3167166e+02
  2.3310092e+02
  2.3693622e+02
  2.3626930e+02
  2.3835347e+02
  2.3487275e+02
  2.3290767e+02
  2.3190804e+02
  2.3112195e+02
  2.2731040e+02
  2.3457521e+02
  2.3081093e+02
  2.3652587e+02
  2.3550914e+02
  2.2763111e+02
  2.3068648e+02
  2.2528703e+02
  2.3312588e+02
  2.2349889e+02
  2.2936024e+02
  2.3171165e+02
  2.2716453e+02
  2.3343519e+02
  2.3223571e+02
  2.2637959e+02
  2.3502464e+02
  2.4429938e+02
  2.3136175e+02
  2.2674546e+02
  2.3017692e+02
  2.3115119e+02
  2.3353770e+02
  2.2096588e+02
  2.3240792e+02
  2.2806044e+02
  2.2894148e+02
  2.2739705e+02
  2.3412659e+02
  2.3618950e+02
  2.3761935e+02
  2.2846723e+02
  2.3470794e+02
  2.3483057e+02
  2.2638453e+02
  2.1934905e+02
  2.3876312e+02
  2.2913412e+02
  2.3355454e+02
  2.3690235e+02
  2.2779732e+02
  2.2681104e+02
  2.2157203e+02
  2.3114592e+02
  2.2881781e+02
  2.3926535e+02
  2.2618651e+02
  2.3545423e+02
  2.2033763e+02
  2.3001624e+02
  2.2948976e+02
  2.3246846e+02
  2.3663695e+02
  2.2827532e+02
  2.3764118e+02
  2.2158543e+02
  2.3266694e+02
  2.3373410e+02
  2.3585984e+02
  2.3807605e+02
  2.2869540e+02
  2.3006729e+02
  2.3690975e+02
  2.2793232e+02
  2.2879609e+02
  2.3537721e+02
  2.3091003e+02
  2.1701035e+02
  2.2786452e+02
  2.3034208e+02
  2.2731982e+02
  2.2602020e+02
  2.3491874e+02
  2.3289902e+02
  2.2634655e+02
  2.3070582e+02
  2.3784665e+02
  2.3431817e+02
  2.2814353e+02
  2.2501091e+02
  2.2793644e+02
  2.3847802e+02
  2.2452210e+02
  2.3048403e+02
  2.2771914e+02
  2.4045770e+02
  2.2489424e+02
  2.2062939e+02
  2.2871387e+02
  2.3109542e+02
  2.3701810e+02
  2.3352563e+02
  2.2339841e+02
  2.2752507e+02
  2.3356831e+02
  2.3000971e+02
  2.2872024e+02
  2.3200948e+02
  2.2472583e+02
  2.2663085e+02
  2.3106078e+02
  2.3965240e+02
  2.3313422e+02
  2.3567677e+02
  2.2654287e+02
  2.2549142e+02
  2.3022426e+02
  2.3723980e+02
  2.3387809e+02
  2.3243094e+02
  2.2917397e+02
  2.2423259e+02
  2.3279450e+02
  2.3210745e+02
  2.2421048e+02
  2.3191340e+02
  2.3399084e+02
  2.3021840e+02
  2.2839560e+02
  2.3110990e+02
  2.3378456e+02
  2.3025138e+02
  2.3082001e+02
  2.2769079e+02
  2.2894640e+02
  2.3501036e+02
  2.2619432e+02
  2.3386182e+02
  2.2911676e+02
  2.2836167e+02
  2.2460533e+02
  2.3150909e+02
  2.2053409e+02
  2.3876200e+02
  2.4025417e+02
  2.2674311e+02
  2.2768174e+02
  2.3250816e+02
  2.3850167e+02
  2.3714770e+02
  2.3141172e+02
  2.2812323e+02
  2.2840028e+02
  2.3160510e+02
  2.3567749e+02
  2.2475191e+02
  2.3398193e+02
  2.3454939e+02
  2.4146260e+02
  2.3389815e+02
  2.2966642e+02
  2.3030413e+02
  2.3006622e+02
  2.3235295e+02
  2.3115812e+02
  2.3777096e+02
  2.3821743e+02
  2.2487272e+02
  2.3370448e+02
  2.2921634e+02
  2.3148780e+02
  2.2930526e+02
  2.2796553e+02
  2.2785946e+02
  2.2726463e+02
  2.3110067e+02
  2.3479174e+02
  2.3615245e+02
  2.3622524e+02
  2.2891150e+02
  2.2598297e+02
  2.3004579e+02
  2.3060712e+02
  2.2889737e+02
  2.3368353e+02
  2.3470275e+02
  2.3126308e+02
  2.2996623e+02
  2.2686956e+02
  2.3583681e+02
  2.2517387e+02
  2.3151021e+02
  2.2432622e+02
  2.3655561e+02
  2.3078684e+02
  2.2225544e+02
  2.3192909e+02
  2.2709239e+02
  2.2422877e+02
  2.3610589e+02
  2.2952355e+02
  2.3298118e+02
  2.2692630e+02
  2.3212614e+02
  2.2748211e+02
  2.3108532e+02
  2.3710748e+02
  2.3475602e+02
  2.3161201e+02
  2.2928660e+02
  2.2531510e+02
  2.2410782e+02
  2.3030764e+02
  2.3550531e+02
  2.3275661e+02
  2.3095712e+02
  2.3552803e+02
  2.3265923e+02
  2.3232766e+02
  2.3079780e+02
  2.4228298e+02
  2.3840002e+02
  2.3362400e+02
  2.3908586e+02
  2.2941350e+02
  2.3047935e+02
  2.3316879e+02
  2.3107238e+02
  2.3186958e+02
  2.2839474e+02
  2.2653675e+02
  2.2635973e+02
  2.3637446e+02
  2.3473324e+02
  2.3156517e+02
  2.2931069e+02
  2.2863537e+02
  2.2631092e+02
  2.3387201e+02
  2.2944691e+02
  2.2928432e+02
  2.3938533e+02
  2.3010099e+02
  2.3228938e+02
  2.3287984e+02
  2.2936701e+02
  2.2389264e+02
  2.3660307e+02
  2.2742198e+02
  2.2541840e+02
  2.3197050e+02
  2.2878411e+02
  2.2936099e+02
  2.2346304e+02
  2.3052275e+02
  2.3079910e+02
  2.3050122e+02
  2.3194722e+02
  2.3092247e+02
  2.2402843e+02
  2.2938829e+02
  2.2905386e+02
  2.3141630e+02
  2.3105290e+02
  2.3129691e+02
  2.3565654e+02
  2.3664337e+02
  2.2554156e+02
  2.3285038e+02
  2.3041863e+02
  2.2668775e+02
  2.3385744e+02
  2.3328889e+02
  2.2809726e+02
  2.3622553e+02
  2.3479696e+02
  2.2912142e+02
  2.2098320e+02
  2.2678473e+02
  2.2734793e+02
  2.2216267e+02
  2.3087692e+02
  2.4061269e+02
  2.2785181e+02
  2.3657005e+02
  2.3105927e+02
  2.2986555e+02
  2.3291718e+02
  2.3056828e+02
  2.3803337e+02
  2.3102363e+02
  2.3659894e+02
  2.3250974e+02
  2.3864095e+02
  2.2259791e+02
  2.4107391e+02
  2.2658289e+02
  2.3090916e+02
  2.2809207e+02
  2.3556137e+02
  2.3195829e+02
  2.2286160e+02
  2.2140182e+02
  2.3321763e+02
  2.2820124e+02
  2.2945559e+02
  2.2763053e+02
  2.3474629e+02
  2.3589390e+02
  2.3806596e+02
  2.4692261e+02
  2.4001547e+02
  2.2724094e+02
  2.2488331e+02
  2.2981564e+02
  2.3088788e+02
  2.2647855e+02
  2.2816392e+02
  2.2525936e+02
  2.3429646e+02
  2.3718103e+02
  2.3062390e+02
  2.2916448e+02
  2.3458956e+02
  2.2819433e+02
  2.3728348e+02
  2.2878301e+02
  2.3833073e+02
  2.3524251e+02
  2.2912830e+02
  2.4115787e+02
  2.3442119e+02
  2.4091118e+02
  2.3378598e+02
  2.2758236e+02
  2.2695518e+02
  2.3894080e+02
  2.2990248e+02
  2.2958463e+02
  2.2948835e+02
  2.3293126e+02
  2.3731794e+02
  2.3676125e+02
  2.3548622e+02
  2.3175937e+02
  2.3067321e+02
  2.3208605e+02
  2.2377554e+02
  2.2959761e+02
  2.3863558e+02
  2.3167491e+02
  2.2264109e+02
  2.3345952e+02
  2.2668713e+02
  2.2439308e+02
  2.2702359e+02
  2.3082972e+02
  2.2956302e+02
  2.2170870e+02
  2.4328767e+02
  2.3291258e+02
  2.3451011e+02
  2.3160622e+02
  2.2673849e+02
  2.2966610e+02
  2.3557588e+02
  2.2767160e+02
  2.3086883e+02
  2.3142328e+02
  2.2658186e+02
  2.3638976e+02
  2.3155072e+02
  2.3333271e+02
  2.2249625e+02
  2.3766010e+02
  2.3204780e+02
  2.2441880e+02
  2.2621624e+02
  2.3153302e+02
  2.2818230e+02
  2.3044085e+02
  2.3557049e+02
  2.3181107e+02
  2.2648599e+02
  2.2375605e+02
  2.3673545e+02
  2.3905017e+02
  2.2273467e+02
  2.3371417e+02
  2.3405641e+02
  2.2585004e+02
  2.3651767e+02
  2.2117143e+02
  2.3112423e+02
  2.3342093e+02
  2.3664611e+02
  2.2909463e+02
  2.2867618e+02
  2.3371911e+02
  2.2360893e+02
  2.3053320e+02
  2.3059468e+02
  2.3440541e+02
  2.2604146e+02
  2.4010050e+02
  2.3148377e+02
  2.4250489e+02
  2.2676629e+02
  2.3217774e+02
  2.2672539e+02
  2.3885056e+02
  2.4301779e+02
  2.3897680e+02
  2.3243616e+02
  2.3449168e+02
  2.3261737e+02
  2.3542434e+02
  2.3437388e+02
  2.3353759e+02
  2.2753495e+02
  2.3008060e+02
  2.3048570e+02
  2.2859182e+02
  2.2982803e+02
  2.2683523e+02
  2.3731817e+02
  2.3549019e+02
  2.3755947e+02
  2.3262005e+02
  2.3015341e+02
  2.3488771e+02
  2.3338926e+02
  2.3802247e+02
  2.2521611e+02
  2.3014436e+02
  2.3092700e+02
  2.2915222e+02
  2.2518624e+02
  2.2921075e+02
  2.2972421e+02
  2.3133243e+02
  2.2875949e+02
  2.2985999e+02
  2.2861961e+02
  2.2907818e+02
  2.2847283e+02
  2.3781362e+02
  2.3130925e+02
  2.2560060e+02
  2.2869997e+02
  2.3019401e+02
  2.2129388e+02
  2.3547540e+02
  2.2558672e+02
  2.2213606e+02
  2.2412730e+02
  2.2722941e+02
  2.2302646e+02
  2.3278627e+02
  2.3081623e+02
  2.1801945e+02
  2.3037427e+02
  2.2956928e+02
  2.2819611e+02
  2.3401613e+02
  2.2293689e+02
  2.3372139e+02
  2.2995418e+02
  2.3865525e+02
  2.3003508e+02
  2.3178205e+02
  2.3714673e+02
  2.2495461e+02
  2.2093926e+02
  2.3969516e+02
  2.2732554e+02
  2.3202670e+02
  2.3700353e+02
  2.2156303e+02
  2.3784423e+02
  2.2045535e+02
  2.2792780e+02
  2.3275884e+02
  2.3154979e+02
  2.2528903e+02
  2.3684714e+02
  2.2057320e+02
  2.3723209e+02
  2.2754901e+02
  2.3174216e+02
  2.2787258e+02
  2.3302146e+02
  2.2736791e+02
  2.3659462e+02
  2.3444627e+02
  2.2792447e+02
  2.2766679e+02
  2.4464285e+02
  2.3291467e+02
  2.3164349e+02
  2.3129968e+02
  2.2853444e+02
  2.3021224e+02
  2.3244318e+02
  2.2741248e+02
  2.2884272e+02
  2.3513579e+02
  2.4106335e+02
  2.3132685e+02
  2.3078187e+02
  2.3196884e+02
  2.3353331e+02
  2.2813438e+02
  2.3805107e+02
  2.3403828e+02
  2.3037607e+02
  2.2595747e+02
  2.3357384e+02
  2.2844000e+02
  2.3294191e+02
  2.3436649e+02
  2.3018274e+02
  2.3353333e+02
  2.2455971e+02
  2.2535216e+02
  2.3097491e+02
  2.3031967e+02
  2.2357101e+02
  2.3867181e+02
  2.4692551e+02
  2.3149686e+02
  2.3241229e+02
  2.2148874e+02
  2.3425075e+02
  2.2749353e+02
  2.2712754e+02
  2.2661381e+02
  2.2458400e+02
  2.3184745e+02
  2.2687541e+02
  2.2604275e+02
  2.3548420e+02
  2.2697807e+02
  2.3969268e+02
  2.3496964e+02
  2.3830275e+02
  2.2955520e+02
  2.3360287e+02
  2.2644215e+02
  2.3250536e+02
  2.3438738e+02
  2.3455757e+02
  2.3304843e+02
  2.3437672e+02
  2.3236407e+02
  2.3363944e+02
  2.2958572e+02
  2.2611613e+02
  2.2542847e+02
  2.3449996e+02
  2.2735887e+02
  2.3512600e+02
  2.2861238e+02
  2.2823188e+02
  2.3367103e+02
  2.4077212e+02
  2.2790071e+02
  2.3496617e+02
  2.3160180e+02
  2.3644221e+02
  2.3314127e+02
  2.3516639e+02
  2.3779729e+02
  2.2552194e+02
  2.3661704e+02
  2.3573932e+02
  2.3611846e+02
  2.3663056e+02
  2.3037930e+02
  2.2657786e+02
  2.2956189e+02
  2.3544882e+02
  2.2697434e+02
  2.2820415e+02
  2.3677263e+02
  2.3069562e+02
  2.2869831e+02
  2.2640011e+02
  2.2769020e+02
  2.4031691e+02
  2.2718886e+02
  2.3574470e+02
  2.2466072e+02
  2.3438460e+02
  2.3040469e+02
  2.3452095e+02
  2.2800877e+02
  2.3300328e+02
  2.3599171e+02
  2.3318209e+02
  2.2455515e+02
  2.3421691e+02
  2.2367516e+02
  2.3538887e+02
  2.3030343e+02
  2.3201095e+02
  2.3065102e+02
  2.2623256e+02
  2.3145980e+02
  2.3103524e+02
  2.2751402e+02
  2.2841352e+02
  2.3184166e+02
  2.3709137e+02
  2.3737842e+02
  2.3148750e+02
  2.2532596e+02
  2.2911529e+02
  2.3155350e+02
  2.3502350e+02
  2.3990706e+02
  2.2870311e+02
  2.3691160e+02
  2.2844737e+02
  2.2586347e+02
  2.3213488e+02
  2.3782835e+02
  2.2854251e+02
  2.3933472e+02
  2.3212727e+02
  2.3381834e+02
  2.3304542e+02
  2.3230688e+02
  2.2931910e+02
  2.3342759e+02
  2.3388105e+02
  2.2651365e+02
  2.3280513e+02
  2.2624966e+02
  2.3029484e+02
  2.3312980e+02
  2.2694767e+02
  2.2690715e+02
  2.3223335e+02
  2.1539542e+02
  2.2932692e+02
  2.2890420e+02
  2.2877976e+02
  2.3417217e+02
  2.3768753e+02
  2.3290466e+02
  2.3256390e+02
  2.2583061e+02
  2.3165622e+02
  2.3597209e+02
  2.3851901e+02
  2.3423711e+02
  2.3447526e+02
  2.3773160e+02
  2.2809543e+02
  2.3389732e+02
  2.2439003e+02
  2.2989504e+02
  2.2470573e+02
  2.3659925e+02
  2.4151457e+02
  2.3006205e+02
  2.2838747e+02
  2.3815007e+02
  2.3336913e+02
  2.3416312e+02
  2.3232852e+02
  2.3169595e+02
  2.2375292e+02
  2.2759134e+02
  2.3099182e+02
  2.3594805e+02
  2.3800621e+02
  2.3032187e+02
  2.4010292e+02
  2.2062535e+02
  2.3069616e+02
  2.3760406e+02
  2.3210706e+02
  2.3925012e+02
  2.2591655e+02
  2.3293803e+02
  2.3447339e+02
  2.2549025e+02
  2.3619351e+02
  2.4347663e+02
  2.3124478e+02
  2.3640833e+02
  2.3121503e+02
  2.2637384e+02
  2.3872950e+02
  2.2784551e+02
  2.3572929e+02
  2.2381939e+02
  2.3166852e+02
  2.2229631e+02
  2.3044013e+02
  2.4506912e+02
  2.2860919e+02
  2.2720435e+02
  2.3766925e+02
  2.2969250e+02
  2.2637211e+02
  2.3638513e+02
  2.3113849e+02
  2.3031234e+02
  2.2344236e+02
  2.2618891e+02
  2.3418866e+02
  2.3676557e+02
  2.3032869e+02
  2.3881245e+02
  2.2917561e+02
  2.3174140e+02
  2.3425642e+02
  2.3118209e+02
  2.3157203e+02
  2.3066621e+02
  2.3340543e+02
  2.3288092e+02
  2.3581287e+02
  2.3243582e+02
  2.2831423e+02
  2.4011645e+02
  2.3500167e+02
  2.3234448e+02
  2.2880101e+02
  2.2346953e+02
  2.2949150e+02
  2.3247163e+02
  2.3579452e+02
  2.3327539e+02
  2.3428250e+02
  2.2228076e+02
  2.2554431e+02
  2.3518672e+02
  2.2809387e+02
  2.2815666e+02
  2.3211260e+02
  2.2822877e+02
  2.2884331e+02
  2.2243049e+02
  2.3451264e+02
  2.3592291e+02
  2.2459172e+02
  2.3446305e+02
  2.2976341e+02
  2.3852189e+02
  2.3381377e+02
  2.2686774e+02
  2.2997033e+02
  2.2400799e+02
  2.3468594e+02
  2.3055825e+02
  2.2996157e+02
  2.3568680e+02
  2.3204823e+02
  2.3428985e+02
  2.3200807e+02
  2.2172112e+02
  2.2881182e+02
  2.2281565e+02
  2.3198601e+02
  2.3133421e+02
  2.3990800e+02
  2.3020335e+02
  2.3058378e+02
  2.3742245e+02
  2.2811547e+02
  2.1969631e+02
  2.2958418e+02
  2.3283888e+02
  2.3743362e+02
  2.3353118e+02
  2.2847065e+02
  2.2917435e+02
  2.2558658e+02
  2.2817937e+02
  2.2815336e+02
  2.3357749e+02
  2.3238964e+02
  2.3092025e+02
  2.2687648e+02
  2.3301703e+02
  2.3633369e+02
  2.3085098e+02
  2.2425957e+02
  2.3492979e+02
  2.2785713e+02
  2.3480843e+02
  2.2951508e+02
  2.3394156e+02
  2.3413207e+02
  2.3076018e+02
  2.3074604e+02
  2.3262805e+02
  2.3177993e+02
  2.3757352e+02
  2.2931441e+02
  2.2599318e+02
  2.3017971e+02
  2.2730649e+02
  2.2952230e+02
  2.3164147e+02
  2.3168921e+02
  2.3010158e+02
  2.3656828e+02
  2.3517361e+02
  2.2978377e+02
  2.3225188e+02
  2.3224292e+02
  2.2696250e+02
  2.3745711e+02
  2.3013539e+02
  2.3645042e+02
  2.3029936e+02
  2.2788911e+02
  2.2535145e+02
  2.3790780e+02
  2.3510375e+02
  2.3469088e+02
  2.3575886e+02
  2.3209183e+02
  2.2301916e+02
  2.3184156e+02
  2.2791949e+02
  2.3947828e+02
  2.3162349e+02
  2.3465034e+02
  2.2975808e+02
  2.2635501e+02
  2.2892632e+02
  2.2666041e+02
  2.3428754e+02
  2.3680726e+02
  2.3130553e+02
  2.3217806e+02
  2.2845166e+02
  2.3170700e+02
  2.4399030e+02
  2.3097462e+02
  2.2598120e+02
  2.3581396e+02
  2.3069974e+02
  2.2696610e+02
  2.2821553e+02
  2.2806586e+02
  2.3713012e+02
  2.2948866e+02
  2.3065393e+02
  2.3046110e+02
  2.3077717e+02
  2.2687068e+02
  2.2710306e+02
  2.2284663e+02
  2.2548530e+02
  2.2946610e+02
  2.3668747e+02
  2.3102673e+02
  2.3472674e+02
  2.3129484e+02
  2.3181550e+02
  2.3410765e+02
  2.2626575e+02
  2.3543721e+02
  2.3237054e+02
  2.3205640e+02
  2.3871956e+02
  2.3009332e+02
  2.3196597e+02
  2.3405625e+02
  2.3126484e+02
  2.2976627e+02
  2.3543905e+02
  2.2315361e+02
  2.3515298e+02
  2.3089662e+02
  2.3216450e+02
  2.2726667e+02
  2.3107826e+02
  2.2969992e+02
  2.3323762e+02
  2.3210600e+02
  2.3459089e+02
  2.3009718e+02
  2.2551611e+02
  2.2364016e+02
  2.3096061e+02
  2.3998491e+02
  2.3598448e+02
  2.3529024e+02
  2.3114717e+02
  2.2424939e+02
  2.3623246e+02
  2.1711043e+02
  2.3711197e+02
  2.3726957e+02
  2.2808919e+02
  2.3046189e+02
  2.3248041e+02
  2.3343909e+02
  2.2712598e+02
  2.3382869e+02
  2.2711370e+02
  2.3205471e+02
  2.2920915e+02
  2.3934730e+02
  2.3053987e+02
  2.3565236e+02
  2.3537776e+02
  2.2633829e+02
  2.2715019e+02
  2.3315368e+02
  2.2603380e+02
  2.3455825e+02
  2.2703321e+02
  2.3576431e+02
  2.3105148e+02
  2.3344544e+02
  2.2917664e+02
  2.3513553e+02
  2.3222521e+02
  2.4073248e+02
  2.4201014e+02
  2.2981497e+02
  2.3242528e+02
  2.3162345e+02
  2.2967567e+02
  2.3473688e+02
  2.3109721e+02
  2.2858222e+02
  2.2693124e+02
  2.3468025e+02
  2.2931323e+02
  2.2505041e+02
  2.3537754e+02
  2.3093344e+02
  2.3017300e+02
  2.4094046e+02
  2.2570861e+02
  2.3177563e+02
  2.2970473e+02
  2.2517519e+02
  2.3568215e+02
  2.2513588e+02
  2.3609684e+02
  2.3188416e+02
  2.2539228e+02
  2.3155158e+02
  2.3362381e+02
  2.3258061e+02
  2.2991205e+02
  2.3059702e+02
  2.2827269e+02
  2.2442316e+02
  2.3182767e+02
  2.3377797e+02
  2.3603977e+02
  2.2968567e+02
  2.3815727e+02
  2.2946343e+02
  2.3313720e+02
  2.3289152e+02
  2.3582364e+02
  2.2306333e+02
  2.2634411e+02
  2.3059939e+02
  2.2731944e+02
  2.3367597e+02
  2.2722421e+02
  2.2810375e+02
  2.2521559e+02
  2.3477844e+02
  2.3876300e+02
  2.2441489e+02
  2.3212992e+02
  2.3397015e+02
  2.2828218e+02
  2.2874143e+02
  2.3105374e+02
  2.2097151e+02
  2.3713357e+02
  2.2535258e+02
  2.3988209e+02
  2.3043072e+02
  2.3099700e+02
  2.1894605e+02
  2.3637916e+02
  2.3372816e+02
  2.2712612e+02
  2.2111656e+02
  2.2829080e+02
  2.2630541e+02
  2.2437655e+02
  2.2922307e+02
  2.2841936e+02
  2.2263656e+02
  2.2409814e+02
  2.3034687e+02
  2.3759566e+02
  2.3122707e+02
  2.3338345e+02
  2.2231381e+02
  2.3078321e+02
  2.4134443e+02
  2.2363357e+02
  2.3792566e+02
  2.2910223e+02
  2.2575436e+02
  2.2935265e+02
  2.3081877e+02
  2.3046412e+02
  2.3921562e+02
  2.3141269e+02
  2.2942739e+02
  2.3634058e+02
  2.3321693e+02
  2.3354112e+02
  2.2493920e+02
  2.2870224e+02
  2.4182517e+02
  2.3203615e+02
  2.3019316e+02
  2.3178800e+02
  2.3148866e+02
  2.2922736e+02
  2.3935325e+02
  2.3608093e+02
  2.3601576e+02
  2.2943217e+02
  2.3227514e+02
  2.3224201e+02
  2.2919061e+02
  2.3917188e+02
  2.3794899e+02
  2.2598244e+02
  2.3072993e+02
  2.3037464e+02
  2.3275708e+02
  2.2665865e+02
  2.3247974e+02
  2.3434558e+02
  2.3362086e+02
  2.3561761e+02
  2.3123927e+02
  2.3933937e+02
  2.2765951e+02
  2.2838847e+02
  2.3292310e+02
  2.3371248e+02
  2.2349558e+02
  2.3022520e+02
  2.2646932e+02
  2.3346446e+02
  2.3653016e+02
  2.3845313e+02
  2.3034908e+02
  2.4607278e+02
  2.3727675e+02
  2.2837863e+02
  2.3179634e+02
  2.2520755e+02
  2.3124997e+02
  2.3627145e+02
  2.3665644e+02
  2.2449175e+02
  2.3908211e+02
  2.3302182e+02
  2.3236723e+02
  2.3399059e+02
  2.3305788e+02
  2.3214691e+02
  2.3102729e+02
  2.3229041e+02
  2.3224864e+02
  2.3594220e+02
  2.3102382e+02
  2.2956385e+02
  2.3716510e+02
  2.2965712e+02
  2.3061432e+02
  2.3310449e+02
  2.3266639e+02
  2.2611958e+02
  2.3636186e+02
  2.3433136e+02
  2.2565645e+02
  2.3019698e+02
  2.2956611e+02
  2.2632939e+02
  2.2709824e+02
  2.3623845e+02
  2.3679467e+02
  2.2915751e+02
  2.3602600e+02
  2.3446422e+02
  2.2763868e+02
  2.3005145e+02
  2.3402825e+02
  2.2449431e+02
  2.2987766e+02
  2.2753583e+02
  2.3184152e+02
  2.2627085e+02
  2.3256317e+02
  2.3385973e+02
  2.2584718e+02
  2.3307775e+02
  2.3071914e+02
  2.3249520e+02
  2.3161013e+02
  2.2615534e+02
  2.3081548e+02
  2.3088954e+02
  2.3385219e+02
  2.2329229e+02
  2.2494032e+02
  2.3138431e+02
  2.2995364e+02
  2.2727453e+02
  2.3580199e+02
  2.3066108e+02
  2.3473221e+02
  2.3354032e+02
  2.3083391e+02
  2.3283658e+02
  2.2817568e+02
  2.2788492e+02
  2.3237741e+02
  2.3116433e+02
  2.3743254e+02
  2.1918138e+02
  2.3984504e+02
  2.3299627e+02
  2.2654253e+02
  2.3121570e+02
  2.3374660e+02
  2.3122633e+02
  2.2705048e+02
  2.4039874e+02
  2.3521331e+02
  2.3383007e+02
  2.3282869e+02
  2.2432670e+02
  2.3258460e+02
  2.2204140e+02
  2.2672181e+02
  2.2801496e+02
  2.3149233e+02
  2.3294171e+02
  2.3568866e+02
  2.3149607e+02
  2.2494562e+02
  2.4194903e+02
  2.3864076e+02
  2.3985762e+02
  2.2980562e+02
  2.2913186e+02
  2.3331642e+02
  2.3236384e+02
  2.3489675e+02
  2.3156302e+02
  2.3403467e+02
  2.4252005e+02
  2.3413141e+02
  2.2785456e+02
  2.3236706e+02
  2.2201372e+02
  2.3366954e+02
  2.3133070e+02
  2.3519720e+02
  2.2816472e+02
  2.3117915e+02
  2.2445541e+02
  2.3479982e+02
  2.2831399e+02
  2.3474742e+02
  2.4006796e+02
  2.4279290e+02
  2.3416544e+02
  2.2730934e+02
  2.3216900e+02
  2.3009614e+02
  2.1873828e+02
  2.2399363e+02
  2.2865878e+02
  2.4183711e+02
  2.2577488e+02
  2.3307406e+02
  2.3017781e+02
  2.2860388e+02
  2.3579699e+02
  2.3565737e+02
  2.3670580e+02
  2.4090369e+02
  2.2611296e+02
  2.2536867e+02
  2.3152927e+02
  2.3302776e+02
  2.2691608e+02
  2.2969600e+02
  2.3498723e+02
  2.3497703e+02
  2.3071311e+02
  2.3452066e+02
  2.3146247e+02
  2.3271122e+02
  2.3644702e+02
  2.4078522e+02
  2.3328634e+02
  2.3183387e+02
  2.2539687e+02
  2.2864319e+02
  2.3244306e+02
  2.3416382e+02
  2.3890868e+02
  2.3484307e+02
  2.3486341e+02
  2.2791493e+02
  2.3028581e+02
  2.3065526e+02
  2.2311951e+02
  2.3867269e+02
  2.2822834e+02
  2.3277772e+02
  2.2696770e+02
  2.3439409e+02
  2.3429748e+02
  2.3072016e+02
  2.3385696e+02
  2.2931602e+02
  2.2667385e+02
  2.3178278e+02
  2.3129551e+02
  2.2944521e+02
  2.3394926e+02
  2.2806705e+02
  2.3442328e+02
  2.3256327e+02
  2.3047165e+02
  2.2864995e+02
  2.3512165e+02
  2.3180027e+02
  2.2387804e+02
  2.3543334e+02
  2.2636693e+02
  2.2893959e+02
  2.4021650e+02
  2.3284048e+02
  2.2381917e+02
  2.2599083e+02
  2.2890972e+02
  2.2852147e+02
  2.3900856e+02
  2.1897224e+02
  2.3285758e+02
  2.2534843e+02
  2.2988285e+02
  2.3163586e+02
  2.1959262e+02
  2.3373042e+02
  2.3373262e+02
  2.2417106e+02
  2.2732277e+02
  2.2951052e+02
  2.2030598e+02
  2.3290438e+02
  2.2982837e+02
  2.2900752e+02
  2.3918542e+02
  2.2710116e+02
  2.2996989e+02
  2.3537753e+02
  2.3761084e+02
  2.3087740e+02
  2.3509270e+02
  2.3320734e+02
  2.3429851e+02
  2.3712856e+02
  2.3182650e+02
  2.2953157e+02
  2.3052174e+02
  2.3191687e+02
  2.3255927e+02
  2.3534327e+02
  2.2675073e+02
  2.2981627e+02
  2.3368603e+02
  2.2943890e+02
  2.2956168e+02
  2.2867977e+02
  2.2494671e+02
  2.2996115e+02
  2.2459062e+02
  2.2137787e+02
  2.3381480e+02
  2.3211031e+02
  2.3287704e+02
  2.3358991e+02
  2.2994143e+02
  2.3136980e+02
  2.3088739e+02
  2.3437078e+02
  2.3172416e+02
  2.3069362e+02
  2.3754121e+02
  2.3384720e+02
  2.3208032e+02
  2.2912804e+02
  2.3239100e+02
  2.3735221e+02
  2.2794549e+02
  2.2393196e+02
  2.3589905e+02
  2.3411323e+02
  2.2652563e+02
  2.2636122e+02
  2.2629679e+02
  2.3195506e+02
  2.3363115e+02
  2.3181051e+02
  2.2914897e+02
  2.2275002e+02
  2.2265809e+02
  2.2944441e+02
  2.2932746e+02
  2.3811183e+02
  2.4290756e+02
  2.2971862e+02
  2.3067888e+02
  2.2056493e+02
  2.3861985e+02
  2.2941547e+02
  2.2814048e+02
  2.2866481e+02
  2.3933340e+02
  2.3001281e+02
  2.3989435e+02
  2.3520889e+02
  2.3461899e+02
  2.3742303e+02
  2.3251274e+02
  2.3445172e+02
  2.3229503e+02
  2.2698549e+02
  2.2825497e+02
  2.3448765e+02
  2.2629726e+02
  2.3100479e+02
  2.3399914e+02
  2.2737197e+02
  2.4014936e+02
  2.3531641e+02
  2.3844880e+02
  2.3120149e+02
  2.2862554e+02
  2.3182744e+02
  2.2265943e+02
  2.3212273e+02
  2.3279505e+02
  2.1479953e+02
  2.2923018e+02
  2.3988652e+02
  2.2357766e+02
  2.3167640e+02
  2.3354643e+02
  2.2849662e+02
  2.3921638e+02
  2.3878350e+02
  2.3536681e+02
  2.2915870e+02
  2.2670751e+02
  2.2891221e+02
  2.3128893e+02
  2.3195079e+02
  2.3295700e+02
  2.2699426e+02
  2.2938453e+02
  2.2963981e+02
  2.2934750e+02
  2.3390081e+02
  2.2354363e+02
  2.2707009e+02
  2.3133376e+02
  2.3120321e+02
  2.3063954e+02
  2.2997165e+02
  2.2986405e+02
  2.3316230e+02
  2.2372033e+02
  2.2991663e+02
  2.3305256e+02
  2.2713012e+02
  2.2497934e+02
  2.2701836e+02
  2.1641182e+02
  2.2849063e+02
  2.3185550e+02
  2.2955186e+02
  2.3348484e+02
  2.3193698e+02
  2.2998514e+02
  2.3230836e+02
  2.3759610e+02
  2.2730306e+02
  2.3311748e+02
  2.2708913e+02
  2.3565210e+02
  2.3687381e+02
  2.3180789e+02
  2.3057922e+02
  2.3270647e+02
  2.3324480e+02
  2.2655784e+02
  2.4251934e+02
  2.4037866e+02
  2.3208782e+02
  2.2279115e+02
  2.3420196e+02
  2.2626501e+02
  2.3152047e+02
  2.2496276e+02
  2.2480297e+02
  2.2647718e+02
  2.2828905e+02
  2.2754697e+02
  2.2706059e+02
  2.2730298e+02
  2.3272067e+02
  2.3133902e+02
  2.2509651e+02
  2.3448847e+02
  2.2191082e+02
  2.3149522e+02
  2.2841568e+02
  2.2717947e+02
  2.4767797e+02
  2.2910263e+02
  2.4096443e+02
  2.3063676e+02
  2.2810917e+02
  2.2709870e+02
  2.2915374e+02
  2.3062181e+02
  2.3670146e+02
  2.2920843e+02
  2.4115843e+02
  2.3158358e+02
  2.3640914e+02
  2.3821489e+02
  2.3268105e+02
  2.3176426e+02
  2.2263861e+02
  2.2699379e+02
  2.2705812e+02
  2.3212631e+02
  2.2846139e+02
  2.3612111e+02
  2.3128997e+02
  2.2980621e+02
  2.4164083e+02
  2.3350721e+02
  2.3453825e+02
  2.2578342e+02
  2.2344577e+02
  2.3255297e+02
  2.3266056e+02
  2.3026853e+02
  2.3998078e+02
  2.3339534e+02
  2.2487494e+02
  2.3426489e+02
  2.3148386e+02
  2.3105683e+02
  2.3685180e+02
  2.2843528e+02
  2.3299242e+02
  2.3059194e+02
  2.3038201e+02
  2.3890350e+02
  2.3137157e+02
  2.3815087e+02
  2.2984986e+02
  2.2835764e+02
  2.3199048e+02
  2.3165596e+02
  2.2957615e+02
  2.2637977e+02
  2.2468377e+02
  2.3221806e+02
  2.3561153e+02
  2.3408447e+02
  2.2725561e+02
  2.2251595e+02
  2.3765441e+02
  2.2592281e+02
  2.3470223e+02
  2.2373577e+02
  2.2616949e+02
  2.2843044e+02
  2.3276969e+02
  2.3260874e+02
  2.2852613e+02
  2.3402407e+02
  2.2982065e+02
  2.2146009e+02
  2.3375564e+02
  2.3241681e+02
  2.3359921e+02
  2.2817167e+02
  2.3337049e+02
  2.3528154e+02
  2.3476786e+02
  2.3912591e+02
  2.3257881e+02
  2.2682144e+02
  2.3207087e+02
  2.3380263e+02
  2.3211984e+02
  2.2971643e+02
  2.2891514e+02
  2.2516088e+02
  2.3802868e+02
  2.3314774e+02
  2.2394724e+02
  2.3194198e+02
  2.3188615e+02
  2.3924707e+02
  2.3682628e+02
  2.3443530e+02
  2.3900749e+02
  2.2590552e+02
  2.3147000e+02
  2.2561350e+02
  2.3729979e+02
  2.3134735e+02
  2.3754738e+02
  2.3377531e+02
  2.3101000e+02
  2.3219567e+02
  2.4111243e+02
  2.2947403e+02
  2.3301531e+02
  2.3041388e+02
  2.2681858e+02
  2.3367565e+02
  2.3475948e+02
  2.2866346e+02
  2.2880679e+02
  2.3027641e+02
  2.2734684e+02
  2.2947966e+02
  2.2370752e+02
  2.2704373e+02
  2.3199358e+02
  2.4027793e+02
  2.3095368e+02
  2.3190349e+02
  2.4033916e+02
  2.3019491e+02
  2.3141484e+02
  2.2843426e+02
  2.4084135e+02
  2.2746708e+02
  2.3553654e+02
  2.3150838e+02
  2.3021460e+02
  2.3256683e+02
  2.3030248e+02
  2.3947624e+02
  2.3456101e+02
  2.2779038e+02
  2.2184761e+02
  2.2301503e+02
  2.3281262e+02
  2.3943108e+02
  2.2976099e+02
  2.2611744e+02
  2.2993030e+02
  2.3083982e+02
  2.3212227e+02
  2.2685305e+02
  2.2748624e+02
  2.2626583e+02
  2.2720930e+02
  2.2873145e+02
  2.3813930e+02
  2.2202766e+02
  2.2733138e+02
  2.3498801e+02
  2.2934862e+02
  2.3555753e+02
  2.2717073e+02
  2.2516331e+02
  2.2282364e+02
  2.2752646e+02
  2.3502599e+02
  2.3383709e+02
  2.3228671e+02
  2.3674156e+02
  2.3713504e+02
  2.4078050e+02
  2.3439649e+02
  2.3569134e+02
  2.3376375e+02
  2.2959651e+02
  2.2915928e+02
  2.3586414e+02
  2.3043036e+02
  2.2782776e+02
  2.2611954e+02
  2.3124330e+02
  2.3174119e+02
  2.3251944e+02
  2.2434715e+02
  2.3187714e+02
  2.3465069e+02
  2.3485344e+02
  2.3502824e+02
  2.3137976e+02
  2.3070231e+02
  2.3170114e+02
  2.3078782e+02
  2.2484451e+02
  2.2971899e+02
  2.2952503e+02
  2.3373850e+02
  2.2768244e+02
  2.3061434e+02
  2.3097294e+02
  2.3242315e+02
  2.2435547e+02
  2.2164473e+02
  2.2887316e+02
  2.2955933e+02
  2.2529561e+02
  2.3411956e+02
  2.3249261e+02
  2.2791122e+02
  2.2839482e+02
  2.4089815e+02
  2.3258951e+02
  2.2963410e+02
  2.1573090e+02
  2.3227619e+02
  2.3335001e+02
  2.3372135e+02
  2.3931597e+02
  2.3134125e+02
  2.3317956e+02
  2.2954529e+02
  2.3715868e+02
  2.3020224e+02
  2.2814491e+02
  2.2886585e+02
  2.3395295e+02
  2.2608917e+02
  2.3443213e+02
  2.2314500e+02
  2.2909408e+02
  2.2756402e+02
  2.2562100e+02
  2.2930039e+02
  2.3458801e+02
  2.4238834e+02
  2.3737848e+02
  2.2702996e+02
  2.2461918e+02
  2.3698729e+02
  2.3539747e+02
  2.3676827e+02
  2.2749417e+02
  2.3039794e+02
  2.2212339e+02
  2.3533782e+02
  2.3033832e+02
  2.2992914e+02
  2.2545927e+02
  2.3583513e+02
  2.3610455e+02
  2.2786344e+02
  2.3470410e+02
  2.2912084e+02
  2.3248126e+02
  2.2538220e+02
  2.3728918e+02
  2.3926398e+02
  2.3595013e+02
  2.3076629e+02
  2.2855825e+02
  2.3709049e+02
  2.2816878e+02
  2.3791178e+02
  2.3464290e+02
  2.3799408e+02
  2.2884182e+02
  2.2539957e+02
  2.2598158e+02
  2.2847096e+02
  2.2726851e+02
  2.2840972e+02
  2.4417477e+02
  2.3654006e+02
  2.3232967e+02
  2.2817600e+02
  2.4005835e+02
  2.2785085e+02
  2.3323604e+02
  2.2730414e+02
  2.3652399e+02
  2.2442881e+02
  2.3214816e+02
  2.2625340e+02
  2.3304880e+02
  2.3076113e+02
  2.3946111e+02
  2.3235695e+02
  2.3344548e+02
  2.3334012e+02
  2.3491111e+02
  2.2621501e+02
  2.2785624e+02
  2.3972202e+02
  2.3367696e+02
  2.3927726e+02
  2.3335322e+02
  2.3399639e+02
  2.3045619e+02
  2.3133341e+02
  2.3567837e+02
  2.2844256e+02
  2.3113678e+02
  2.3236014e+02
  2.2725496e+02
  2.1984688e+02
  2.2808115e+02
  2.3647086e+02
  2.3090821e+02
  2.3418458e+02
  2.2774743e+02
  2.3388571e+02
  2.4035207e+02
  2.3221756e+02
  2.3508569e+02
  2.3005783e+02
  2.3119146e+02
  2.3386409e+02
  2.2398383e+02
  2.3285170e+02
  2.3174964e+02
  2.3021069e+02
  2.2644095e+02
  2.2644071e+02
  2.3448204e+02
  2.3162471e+02
  2.3949215e+02
  2.2923442e+02
  2.2341879e+02
  2.3849897e+02
  2.2621914e+02
  2.3657108e+02
  2.3641960e+02
  2.3439698e+02
  2.3573104e+02
  2.3219216e+02
  2.3495827e+02
  2.2692754e+02
  2.2965478e+02
  2.3696329e+02
  2.2808460e+02
  2.2898277e+02
  2.2996496e+02
  2.3191222e+02
  2.3915891e+02
  2.3098106e+02
  2.3489486e+02
  2.2943556e+02
  2.4021808e+02
  2.2726498e+02
  2.3977067e+02
  2.2602283e+02
  2.3100401e+02
  2.3097468e+02
  2.2544894e+02
  2.2618132e+02
  2.3113872e+02
  2.3954795e+02
  2.3484807e+02
  2.2237838e+02
  2.3205804e+02
  2.2523516e+02
  2.3204640e+02
  2.3291646e+02
  2.2809451e+02
  2.3138899e+02
  2.2829257e+02
  2.1939878e+02
  2.2582092e+02
  2.2658422e+02
  2.3074711e+02
  2.2508439e+02
  2.3118158e+02
  2.2968695e+02
  2.3200409e+02
  2.3347420e+02
  2.3027797e+02
  2.3449742e+02
  2.2605486e+02
  2.3111845e+02
  2.3070705e+02
  2.2930724e+02
  2.3767982e+02
  2.3312298e+02
  2.3358639e+02
  2.2041046e+02
  2.3917714e+02
  2.2634071e+02
  2.2871645e+02
  2.3136530e+02
  2.2919664e+02
  2.3504182e+02
  2.2935092e+02
  2.4065435e+02
  2.2839696e+02
  2.2279031e+02
  2.2368584e+02
  2.3031319e+02
  2.3215812e+02
  2.3257877e+02
  2.2951189e+02
  2.2897274e+02
  2.2874114e+02
  2.3797362e+02
  2.2655141e+02
  2.2634748e+02
  2.2684848e+02
  2.3694798e+02
  2.3746294e+02
  2.3123188e+02
  2.3156344e+02
  2.3218646e+02
  2.2910047e+02
  2.3125532e+02
  2.3090703e+02
  2.2664966e+02
  2.3781074e+02
  2.2948709e+02
  2.3361059e+02
  2.2823757e+02
  2.3167770e+02
  2.3300335e+02
  2.2822286e+02
  2.3970007e+02
  2.3255853e+02
  2.2922984e+02
  2.3714934e+02
  2.3503049e+02
  2.3161029e+02
  2.2359109e+02
  2.2961835e+02
  2.2855044e+02
  2.3181218e+02
  2.2942820e+02
  2.3388295e+02
  2.3328688e+02
  2.2820753e+02
  2.3632672e+02
  2.3193606e+02
  2.4115157e+02
  2.3016488e+02
  2.3344388e+02
  2.3584736e+02
  2.2948089e+02
  2.3673332e+02
  2.3190447e+02
  2.3376697e+02
  2.3599497e+02
  2.3022900e+02
  2.2567146e+02
  2.3524852e+02
  2.2628000e+02
  2.3872106e+02
  2.3852115e+02
  2.2985734e+02
  2.2715767e+02
  2.3221888e+02
  2.2150829e+02
  2.3670324e+02
  2.3332629e+02
  2.3246357e+02
  2.3913483e+02
  2.2654226e+02
  2.3353079e+02
  2.2852368e+02
  2.2922243e+02
  2.2683267e+02
  2.2282837e+02
  2.2479772e+02
  2.2144525e+02
  2.3971792e+02
  2.3598074e+02
  2.3167044e+02
  2.3266909e+02
  2.2865058e+02
  2.3105908e+02
  2.2654744e+02
  2.3375113e+02
  2.2662263e+02
  2.3881051e+02
  2.3334739e+02
  2.3701606e+02
  2.3584362e+02
  2.2170812e+02
  2.3317655e+02
  2.3009367e+02
  2.3160085e+02
  2.3109939e+02
  2.3237345e+02
  2.2330736e+02
  2.3169776e+02
  2.2763816e+02
  2.3059573e+02
  2.3161519e+02
  2.2426410e+02
  2.3153177e+02
  2.3442260e+02
  2.3166730e+02
  2.3458891e+02
  2.3029039e+02
  2.3012426e+02
  2.3065211e+02
  2.3272032e+02
  2.2920205e+02
  2.3621164e+02
  2.2997930e+02
  2.2513059e+02
  2.2367137e+02
  2.3018354e+02
  2.3346407e+02
  2.3744971e+02
  2.3116474e+02
  2.3137284e+02
  2.2738176e+02
  2.2939720e+02
  2.2902831e+02
  2.3117002e+02
  2.2905443e+02
  2.3292339e+02
  2.3201738e+02
  2.3137124e+02
  2.3065628e+02
  2.2920526e+02
  2.2483779e+02
  2.3540946e+02
  2.3698889e+02
  2.2149252e+02
  2.3185578e+02
  2.2352471e+02
  2.3045458e+02
  2.3662917e+02
  2.3386015e+02
  2.2990755e+02
  2.3060145e+02
  2.2947159e+02
  2.2609635e+02
  2.3847190e+02
  2.3131739e+02
  2.4096888e+02
  2.2610118e+02
  2.3139726e+02
  2.3423029e+02
  2.3051724e+02
  2.3312230e+02
  2.3075443e+02
  2.3118933e+02
  2.2880802e+02
  2.3026401e+02
  2.3329078e+02
  2.3756884e+02
  2.3653491e+02
