BOUNDARY

cubic     1.0000000e+01

MOLECULES

species    0
nMolecule  10

molecule   0
  6.83647585e+00  7.34710709e+00  3.76520499e+00
  6.07827070e+00  6.82542096e+00  3.70824549e+00

molecule   1
  8.87158339e+00  2.08433144e+00  2.24439031e+00
  8.68495727e+00  1.48089640e+00  1.40452758e+00

molecule   2
  5.85281444e+00  6.46272859e+00  7.62285785e+00
  6.69427381e+00  5.97989951e+00  7.30101870e+00

molecule   3
  9.80670604e+00  8.59499902e+00  5.06330211e+00
  9.51771877e+00  9.66712601e+00  4.95498383e+00

molecule   4
  5.79376587e+00  3.29165047e+00  7.98667968e+00
  5.40122169e+00  4.24588429e+00  7.72618110e+00

molecule   5
  3.57476225e-01  1.75587833e+00  2.64190551e+00
  9.78642786e+00  2.54468888e+00  2.92214593e+00

molecule   6
  2.09023015e+00  8.37688404e+00  9.62065044e+00
  2.00570127e+00  8.59874131e+00  4.00718678e-01

molecule   7
  3.39914813e+00  4.44497905e+00  3.22118328e+00
  3.25581095e+00  3.65957878e+00  3.75692393e+00

molecule   8
  3.64160304e+00  4.48120985e-01  5.13683260e+00
  2.85836376e+00  1.26439999e+00  5.33036477e+00

molecule   9
  3.80296572e+00  3.67395074e+00  6.35794353e+00
  3.72307341e+00  3.04917368e+00  5.75413657e+00
