  2.4786708e+02  3.5439674e+02  6.0226382e+02
  2.4941095e+02  3.7152674e+02  6.2093769e+02
  2.4337581e+02  3.2081813e+02  5.6419394e+02
  2.3010189e+02  3.3981199e+02  5.6991387e+02
  2.5637186e+02  3.4345110e+02  5.9982296e+02
  2.5093184e+02  3.5187328e+02  6.0280512e+02
  2.2644447e+02  3.5406476e+02  5.8050923e+02
  2.5671301e+02  3.1210985e+02  5.6882285e+02
  2.5384353e+02  3.7237495e+02  6.2621848e+02
  2.1863225e+02  3.2331081e+02  5.4194305e+02
  2.4181457e+02  3.4632386e+02  5.8813843e+02
  2.3256549e+02  3.8803182e+02  6.2059731e+02
  2.1567264e+02  3.5553619e+02  5.7120883e+02
  2.2742085e+02  3.3186668e+02  5.5928753e+02
  2.1382732e+02  3.7143170e+02  5.8525903e+02
  2.3916711e+02  3.2912927e+02  5.6829638e+02
  2.4761331e+02  3.6138737e+02  6.0900068e+02
  2.3697200e+02  3.5007780e+02  5.8704980e+02
  2.3285732e+02  3.5017498e+02  5.8303230e+02
  2.6408371e+02  3.4773730e+02  6.1182101e+02
  2.5509431e+02  3.5617336e+02  6.1126768e+02
  2.3494465e+02  3.4699584e+02  5.8194049e+02
  2.3538858e+02  3.4636320e+02  5.8175178e+02
  2.2361280e+02  3.6491920e+02  5.8853200e+02
  2.5306535e+02  3.4605539e+02  5.9912074e+02
  2.4325295e+02  3.4684160e+02  5.9009455e+02
  2.3562646e+02  3.2757024e+02  5.6319669e+02
  2.3876576e+02  3.5521824e+02  5.9398401e+02
  2.4271103e+02  3.7479875e+02  6.1750978e+02
  2.2002175e+02  3.5062790e+02  5.7064965e+02
  2.1283693e+02  3.6864252e+02  5.8147945e+02
  2.4632220e+02  3.4455251e+02  5.9087470e+02
  2.2727071e+02  3.1951266e+02  5.4678337e+02
  2.3213799e+02  3.5606844e+02  5.8820644e+02
  2.2495472e+02  3.7239283e+02  5.9734755e+02
  2.2433138e+02  3.6436971e+02  5.8870109e+02
  2.3301333e+02  3.3720622e+02  5.7021955e+02
  2.2695608e+02  3.8086788e+02  6.0782396e+02
  2.2144258e+02  3.7673828e+02  5.9818086e+02
  2.4601926e+02  3.7282835e+02  6.1884760e+02
  2.0722724e+02  3.6953057e+02  5.7675781e+02
  2.2506587e+02  3.4816670e+02  5.7323257e+02
  2.5445878e+02  4.0079892e+02  6.5525770e+02
  2.3577320e+02  3.3033525e+02  5.6610844e+02
  2.3189421e+02  3.1926183e+02  5.5115604e+02
  2.3129273e+02  3.2453429e+02  5.5582702e+02
  2.2740423e+02  3.3978606e+02  5.6719029e+02
  2.2321705e+02  3.5398595e+02  5.7720301e+02
  2.1958098e+02  3.3388996e+02  5.5347094e+02
  2.3172936e+02  3.2757933e+02  5.5930869e+02
  2.1754437e+02  3.8465491e+02  6.0219928e+02
  2.2526133e+02  3.7930863e+02  6.0456996e+02
  2.1029483e+02  3.4993529e+02  5.6023011e+02
  2.4193829e+02  3.3156887e+02  5.7350716e+02
  2.5031147e+02  3.3727191e+02  5.8758339e+02
  2.2457134e+02  3.7461973e+02  5.9919107e+02
  2.0780600e+02  3.7375364e+02  5.8155964e+02
  2.4567235e+02  3.6407064e+02  6.0974299e+02
  2.3260034e+02  3.8609420e+02  6.1869453e+02
  2.3037319e+02  3.5089526e+02  5.8126845e+02
  2.1933168e+02  3.3151441e+02  5.5084609e+02
  2.3288495e+02  3.5720380e+02  5.9008875e+02
  2.0442737e+02  3.4527229e+02  5.4969966e+02
  2.0911235e+02  3.6427916e+02  5.7339151e+02
  2.4622504e+02  3.7297157e+02  6.1919661e+02
  2.5114030e+02  3.3209110e+02  5.8323140e+02
  2.1665765e+02  3.6467781e+02  5.8133547e+02
  2.1102626e+02  3.3059496e+02  5.4162122e+02
  2.5004903e+02  3.4610744e+02  5.9615647e+02
  2.4513403e+02  3.4306497e+02  5.8819900e+02
  2.5664196e+02  3.6962254e+02  6.2626450e+02
  2.3184026e+02  3.4064752e+02  5.7248778e+02
  2.3781679e+02  3.5780183e+02  5.9561862e+02
  2.0424117e+02  3.6223138e+02  5.6647255e+02
  2.1454940e+02  3.4733216e+02  5.6188157e+02
  2.3283213e+02  3.3464686e+02  5.6747899e+02
  2.1783400e+02  3.6685947e+02  5.8469347e+02
  2.4798834e+02  3.5206596e+02  6.0005430e+02
  2.1877073e+02  3.5109840e+02  5.6986913e+02
  2.3130728e+02  3.3525025e+02  5.6655753e+02
  2.1910139e+02  3.8819853e+02  6.0729992e+02
  2.3228266e+02  3.3982080e+02  5.7210346e+02
  2.3683851e+02  3.3320926e+02  5.7004776e+02
  2.4032887e+02  3.5893342e+02  5.9926229e+02
  2.4014078e+02  3.8503385e+02  6.2517463e+02
  2.3183121e+02  3.8148907e+02  6.1332028e+02
  2.3331371e+02  3.6444313e+02  5.9775684e+02
  2.4928156e+02  3.2434504e+02  5.7362660e+02
  2.4336169e+02  3.4630157e+02  5.8966326e+02
  2.0475933e+02  3.5569594e+02  5.6045527e+02
  2.3457901e+02  3.4355644e+02  5.7813545e+02
  2.3217908e+02  3.6753305e+02  5.9971213e+02
  2.1497315e+02  3.6578723e+02  5.8076039e+02
  2.1735037e+02  3.4603988e+02  5.6339024e+02
  2.4857376e+02  3.7174661e+02  6.2032036e+02
  2.2773060e+02  3.6209254e+02  5.8982314e+02
  2.1816397e+02  3.4149047e+02  5.5965444e+02
  2.1758392e+02  3.5108895e+02  5.6867287e+02
  2.2570612e+02  3.6016284e+02  5.8586896e+02
  2.3279801e+02  3.4574151e+02  5.7853952e+02
  2.4513548e+02  3.6077333e+02  6.0590882e+02
  2.3207320e+02  3.3445942e+02  5.6653262e+02
  2.4351512e+02  3.6343791e+02  6.0695303e+02
  2.1071128e+02  3.3876701e+02  5.4947828e+02
  2.5497151e+02  3.2087378e+02  5.7584528e+02
  2.0911233e+02  3.2617485e+02  5.3528717e+02
  2.5624228e+02  3.8364242e+02  6.3988470e+02
  2.0331768e+02  3.4383802e+02  5.4715570e+02
  2.3159755e+02  3.3401959e+02  5.6561713e+02
  2.3302890e+02  3.5195801e+02  5.8498692e+02
  2.4548929e+02  3.2780852e+02  5.7329781e+02
  2.2809501e+02  3.4276843e+02  5.7086344e+02
  2.1991108e+02  3.2290124e+02  5.4281232e+02
  2.6432046e+02  3.6334071e+02  6.2766118e+02
  2.3539229e+02  3.5931657e+02  5.9470886e+02
  2.2048860e+02  3.2837482e+02  5.4886342e+02
  2.3472031e+02  3.6691861e+02  6.0163893e+02
  2.3484644e+02  3.3987876e+02  5.7472520e+02
  2.3350609e+02  3.7888708e+02  6.1239317e+02
  2.3833226e+02  3.6018683e+02  5.9851909e+02
  2.2206826e+02  3.3504191e+02  5.5711017e+02
  2.2781103e+02  3.7918095e+02  6.0699198e+02
  2.2747723e+02  3.4495338e+02  5.7243061e+02
  2.3347887e+02  3.8023634e+02  6.1371521e+02
  2.1187627e+02  3.3301631e+02  5.4489258e+02
  2.4105479e+02  3.6259880e+02  6.0365359e+02
  2.6126433e+02  3.2774773e+02  5.8901206e+02
  2.4177648e+02  3.4634116e+02  5.8811764e+02
  2.5457954e+02  3.5030713e+02  6.0488667e+02
  2.3543177e+02  3.2627851e+02  5.6171028e+02
  2.1898244e+02  3.2246733e+02  5.4144977e+02
  2.2912585e+02  3.5709722e+02  5.8622307e+02
  2.3250037e+02  3.5743186e+02  5.8993223e+02
  2.3182998e+02  3.4262533e+02  5.7445532e+02
  2.4904696e+02  3.6179706e+02  6.1084402e+02
  2.3011812e+02  3.4244541e+02  5.7256353e+02
  2.1799958e+02  3.8071310e+02  5.9871268e+02
  2.3511162e+02  3.4887524e+02  5.8398686e+02
  2.4539517e+02  3.6045299e+02  6.0584816e+02
  2.2285567e+02  3.5786782e+02  5.8072349e+02
  2.1557407e+02  3.3356267e+02  5.4913675e+02
  2.2035737e+02  3.6202974e+02  5.8238711e+02
  2.4130007e+02  3.4940460e+02  5.9070467e+02
  2.5178789e+02  3.4032156e+02  5.9210945e+02
  2.3217366e+02  3.6321292e+02  5.9538658e+02
  2.1600109e+02  3.2425409e+02  5.4025519e+02
  2.0540849e+02  3.6832943e+02  5.7373792e+02
  2.3350966e+02  3.4316427e+02  5.7667394e+02
  2.2120274e+02  3.6170229e+02  5.8290503e+02
  2.0737157e+02  3.2275465e+02  5.3012622e+02
  2.6013612e+02  3.3098515e+02  5.9112126e+02
  2.0114891e+02  3.6328238e+02  5.6443129e+02
  2.3582537e+02  3.7828493e+02  6.1411030e+02
  2.3294264e+02  3.6005032e+02  5.9299296e+02
  2.4261047e+02  3.1679581e+02  5.5940628e+02
  2.2051848e+02  3.5553995e+02  5.7605844e+02
  2.5105293e+02  3.3197099e+02  5.8302392e+02
  2.2530770e+02  3.5115981e+02  5.7646750e+02
  2.4339290e+02  3.6412338e+02  6.0751628e+02
  2.3055847e+02  3.7055393e+02  6.0111240e+02
  2.1202291e+02  3.6918297e+02  5.8120588e+02
  2.1459940e+02  3.5253929e+02  5.6713869e+02
  2.2854502e+02  3.3565815e+02  5.6420318e+02
  2.2306728e+02  3.4309543e+02  5.6616271e+02
  2.5309516e+02  3.6171689e+02  6.1481206e+02
  2.3517198e+02  3.4347266e+02  5.7864464e+02
  2.3763092e+02  3.7136719e+02  6.0899812e+02
  2.0764160e+02  3.7296252e+02  5.8060412e+02
  2.0813492e+02  3.6680416e+02  5.7493908e+02
  2.0031674e+02  3.4802671e+02  5.4834345e+02
  2.0344978e+02  3.4196825e+02  5.4541803e+02
  2.2967781e+02  3.3958837e+02  5.6926618e+02
  2.4056888e+02  3.1585057e+02  5.5641945e+02
  2.3713012e+02  3.3354383e+02  5.7067396e+02
  2.2762259e+02  3.8801409e+02  6.1563668e+02
  2.4515708e+02  3.4455192e+02  5.8970900e+02
  2.2683624e+02  3.4806118e+02  5.7489742e+02
  2.2277700e+02  3.5707305e+02  5.7985005e+02
  2.3402089e+02  3.4853239e+02  5.8255328e+02
  2.2433105e+02  3.4158447e+02  5.6591553e+02
  2.4969000e+02  3.5335230e+02  6.0304229e+02
  2.3572696e+02  3.7098682e+02  6.0671378e+02
  2.1106459e+02  3.3308933e+02  5.4415392e+02
  2.1805428e+02  3.6840036e+02  5.8645464e+02
  2.4497396e+02  3.7962763e+02  6.2460159e+02
  2.5430236e+02  3.8277499e+02  6.3707735e+02
  2.3678437e+02  3.2368350e+02  5.6046787e+02
  2.1853692e+02  3.6664568e+02  5.8518261e+02
  2.3678009e+02  3.5765401e+02  5.9443410e+02
  2.3446523e+02  3.4952244e+02  5.8398766e+02
  2.4616966e+02  3.5311706e+02  5.9928671e+02
  2.2281698e+02  3.2384867e+02  5.4666565e+02
  2.4670343e+02  3.3401076e+02  5.8071419e+02
  2.4188577e+02  3.4287849e+02  5.8476426e+02
  2.1400447e+02  3.3753815e+02  5.5154262e+02
  2.0710763e+02  3.0709022e+02  5.1419785e+02
  2.3411290e+02  3.7747281e+02  6.1158571e+02
  2.2679456e+02  3.3047095e+02  5.5726550e+02
  2.5504652e+02  3.7414225e+02  6.2918877e+02
  2.2202438e+02  3.4856300e+02  5.7058738e+02
  2.3318157e+02  3.8615664e+02  6.1933821e+02
  2.4814818e+02  3.7328858e+02  6.2143676e+02
  2.4292378e+02  3.7529413e+02  6.1821791e+02
  2.2923923e+02  3.5123578e+02  5.8047501e+02
  2.2011098e+02  3.2480405e+02  5.4491503e+02
  2.1712915e+02  3.3947417e+02  5.5660332e+02
  2.2235379e+02  3.4627774e+02  5.6863154e+02
  2.2258262e+02  3.3544926e+02  5.5803188e+02
  2.2027853e+02  3.3449651e+02  5.5477504e+02
  2.2199389e+02  3.2716176e+02  5.4915564e+02
  2.2275183e+02  3.1649890e+02  5.3925074e+02
  2.3995162e+02  3.2719033e+02  5.6714195e+02
  2.1975786e+02  3.5972144e+02  5.7947930e+02
  2.4527560e+02  3.1773126e+02  5.6300686e+02
  2.1779821e+02  3.5151858e+02  5.6931679e+02
  2.4332841e+02  3.4751673e+02  5.9084514e+02
  2.6175532e+02  3.4480634e+02  6.0656166e+02
  2.3866874e+02  3.5959093e+02  5.9825967e+02
  2.4352337e+02  3.3764847e+02  5.8117183e+02
  2.2248113e+02  3.3225335e+02  5.5473448e+02
  2.4037140e+02  3.6501764e+02  6.0538903e+02
  2.2720526e+02  3.6122870e+02  5.8843396e+02
  2.3411994e+02  3.6486653e+02  5.9898647e+02
  2.5182389e+02  3.9338541e+02  6.4520930e+02
  2.4643823e+02  3.5076696e+02  5.9720519e+02
  2.3378450e+02  3.0106748e+02  5.3485197e+02
  2.5263480e+02  3.3290002e+02  5.8553482e+02
  2.2473082e+02  3.3439686e+02  5.5912768e+02
  2.1607593e+02  3.4086397e+02  5.5693990e+02
  2.4235794e+02  3.2250819e+02  5.6486612e+02
  2.5822916e+02  3.3666353e+02  5.9489269e+02
  2.5626280e+02  3.5426303e+02  6.1052584e+02
  2.5797891e+02  3.4298507e+02  6.0096398e+02
  2.4812930e+02  3.3328555e+02  5.8141485e+02
  2.4120812e+02  3.5064472e+02  5.9185284e+02
  2.7448929e+02  3.2374667e+02  5.9823597e+02
  2.6687037e+02  3.5821081e+02  6.2508118e+02
  2.4509436e+02  3.6231288e+02  6.0740724e+02
  2.3346025e+02  3.4982578e+02  5.8328603e+02
  2.1734274e+02  3.4702972e+02  5.6437245e+02
  2.2895169e+02  3.4640489e+02  5.7535658e+02
  2.1767947e+02  3.7464715e+02  5.9232662e+02
  2.3460010e+02  3.4780824e+02  5.8240835e+02
  2.3336375e+02  3.4171398e+02  5.7507772e+02
  2.2373283e+02  3.1535945e+02  5.3909228e+02
  2.1530991e+02  3.6378788e+02  5.7909778e+02
  2.2121321e+02  3.5873374e+02  5.7994695e+02
  2.3019762e+02  3.6888976e+02  5.9908738e+02
  2.1559019e+02  3.5336782e+02  5.6895801e+02
  2.3071874e+02  3.5681829e+02  5.8753703e+02
  2.1347679e+02  3.5202850e+02  5.6550529e+02
  2.6594126e+02  3.0008155e+02  5.6602281e+02
  2.3945466e+02  3.5229718e+02  5.9175184e+02
  1.9668067e+02  3.3603056e+02  5.3271123e+02
  2.3450737e+02  3.5995523e+02  5.9446260e+02
  2.4221757e+02  3.8885368e+02  6.3107125e+02
  2.3298251e+02  3.4783358e+02  5.8081610e+02
  1.9909401e+02  3.3412029e+02  5.3321429e+02
  2.3082423e+02  3.2380339e+02  5.5462762e+02
  2.5308974e+02  3.2713198e+02  5.8022171e+02
  2.2255936e+02  3.2253058e+02  5.4508994e+02
  2.0279348e+02  3.6898938e+02  5.7178286e+02
  2.2038391e+02  3.8705613e+02  6.0744004e+02
  2.3379215e+02  3.7163114e+02  6.0542329e+02
  2.0764874e+02  3.6696561e+02  5.7461434e+02
  2.1344660e+02  3.9915516e+02  6.1260176e+02
  2.4776799e+02  3.3113882e+02  5.7890682e+02
  2.1434367e+02  3.3834984e+02  5.5269351e+02
  2.2560323e+02  3.1662652e+02  5.4222975e+02
  2.5185975e+02  3.5978030e+02  6.1164006e+02
  2.2223619e+02  3.1559034e+02  5.3782654e+02
  2.3775402e+02  3.7734118e+02  6.1509520e+02
  2.4263398e+02  3.5046263e+02  5.9309661e+02
  2.3325109e+02  3.5081582e+02  5.8406691e+02
  2.3068430e+02  3.2689330e+02  5.5757760e+02
  2.2506110e+02  3.9229413e+02  6.1735523e+02
  2.0334692e+02  3.3852377e+02  5.4187069e+02
  2.3413571e+02  3.1091758e+02  5.4505329e+02
  2.2897289e+02  3.7122119e+02  6.0019408e+02
  2.5590052e+02  3.6323567e+02  6.1913620e+02
  2.6180559e+02  3.8250307e+02  6.4430867e+02
  2.2638442e+02  3.2321180e+02  5.4959622e+02
  2.3894039e+02  3.4924628e+02  5.8818666e+02
  2.2215740e+02  3.5902479e+02  5.8118219e+02
  2.3152632e+02  3.4769656e+02  5.7922288e+02
  2.1695495e+02  3.5707128e+02  5.7402623e+02
  2.4552141e+02  3.2253214e+02  5.6805355e+02
  2.2097832e+02  3.3445109e+02  5.5542941e+02
  2.3984924e+02  3.5601003e+02  5.9585927e+02
  2.2551339e+02  3.7042557e+02  5.9593895e+02
  2.3810412e+02  3.4974700e+02  5.8785111e+02
  2.2398336e+02  3.6385458e+02  5.8783793e+02
  2.3170984e+02  3.4270134e+02  5.7441118e+02
  2.5001650e+02  3.6032292e+02  6.1033942e+02
  2.2903920e+02  3.5472741e+02  5.8376661e+02
  2.4655461e+02  3.5359983e+02  6.0015444e+02
  2.1643748e+02  3.9419737e+02  6.1063486e+02
  2.4619793e+02  3.6945463e+02  6.1565256e+02
  1.9564789e+02  3.5816335e+02  5.5381125e+02
  2.4297276e+02  3.4319954e+02  5.8617231e+02
  2.4187659e+02  3.3195221e+02  5.7382881e+02
  2.4521336e+02  3.6040440e+02  6.0561776e+02
  2.1773667e+02  3.4113524e+02  5.5887191e+02
  2.3636269e+02  3.2391463e+02  5.6027732e+02
  2.0777856e+02  3.5357366e+02  5.6135222e+02
  2.0752619e+02  3.3692840e+02  5.4445459e+02
  2.3626308e+02  3.6366037e+02  5.9992344e+02
  2.5067806e+02  3.1124703e+02  5.6192509e+02
  2.3918171e+02  3.1424025e+02  5.5342197e+02
  2.4573999e+02  3.6265079e+02  6.0839078e+02
  2.2594806e+02  3.1306480e+02  5.3901286e+02
  2.4741813e+02  3.2124565e+02  5.6866377e+02
  2.5215023e+02  3.5866433e+02  6.1081456e+02
  2.1689466e+02  3.4299693e+02  5.5989159e+02
  2.3188913e+02  3.6796711e+02  5.9985623e+02
  2.2337684e+02  3.2579438e+02  5.4917123e+02
  2.1093128e+02  3.7089238e+02  5.8182366e+02
  2.2392546e+02  3.6382713e+02  5.8775259e+02
  2.3470836e+02  3.4409954e+02  5.7880789e+02
  2.2626966e+02  3.5142125e+02  5.7769090e+02
  2.4179079e+02  3.2566236e+02  5.6745315e+02
  2.2451472e+02  3.5276602e+02  5.7728074e+02
  2.2462276e+02  3.6504228e+02  5.8966504e+02
  2.4105493e+02  3.5147758e+02  5.9253251e+02
  2.5575196e+02  3.6458255e+02  6.2033451e+02
  2.6523938e+02  3.9087016e+02  6.5610954e+02
  2.3576435e+02  3.6805454e+02  6.0381889e+02
  2.2552879e+02  3.5482603e+02  5.8035482e+02
  2.1586424e+02  3.7556476e+02  5.9142900e+02
  2.2763403e+02  3.4534472e+02  5.7297875e+02
  2.3908113e+02  3.4780487e+02  5.8688600e+02
  2.3974110e+02  3.2920604e+02  5.6894714e+02
  2.4173379e+02  3.4597679e+02  5.8771058e+02
  2.1639687e+02  3.2521176e+02  5.4160863e+02
  2.3400773e+02  3.5691801e+02  5.9092573e+02
  2.4406390e+02  3.5270894e+02  5.9677284e+02
  2.3145617e+02  3.7458461e+02  6.0604078e+02
  2.1475748e+02  3.0231934e+02  5.1707681e+02
  2.3283118e+02  3.6445751e+02  5.9728869e+02
  2.1270679e+02  3.7584965e+02  5.8855644e+02
  2.4814578e+02  3.5228018e+02  6.0042596e+02
  2.1484768e+02  3.6152482e+02  5.7637250e+02
  2.3244100e+02  3.3373500e+02  5.6617600e+02
  2.2073085e+02  3.2546802e+02  5.4619888e+02
  2.3891202e+02  3.5979569e+02  5.9870771e+02
  2.4728955e+02  3.4686048e+02  5.9415003e+02
  2.3845825e+02  3.5711679e+02  5.9557503e+02
  2.2053452e+02  3.4977402e+02  5.7030854e+02
  2.3150214e+02  3.3740855e+02  5.6891069e+02
  2.2983409e+02  3.3384408e+02  5.6367818e+02
  2.5100028e+02  3.7593528e+02  6.2693556e+02
  2.2904801e+02  3.7774555e+02  6.0679356e+02
  2.4128421e+02  3.3473592e+02  5.7602012e+02
  2.3186030e+02  3.5274441e+02  5.8460472e+02
  2.2660677e+02  3.8885738e+02  6.1546415e+02
  2.2574227e+02  3.5843245e+02  5.8417472e+02
  2.4467532e+02  3.1362568e+02  5.5830100e+02
  2.6265442e+02  3.6122999e+02  6.2388441e+02
  2.3069662e+02  3.4033102e+02  5.7102765e+02
  2.1983618e+02  3.7263448e+02  5.9247067e+02
  2.3749965e+02  3.3474196e+02  5.7224161e+02
  2.2735585e+02  3.4512254e+02  5.7247840e+02
  2.3712041e+02  3.2277473e+02  5.5989514e+02
  2.4865057e+02  3.4299800e+02  5.9164856e+02
  2.2994637e+02  3.7138839e+02  6.0133476e+02
  2.4202108e+02  3.3586560e+02  5.7788668e+02
  2.3432447e+02  3.5173225e+02  5.8605672e+02
  2.4607626e+02  3.4547983e+02  5.9155609e+02
  2.3594024e+02  3.5314213e+02  5.8908237e+02
  2.1454666e+02  3.6562807e+02  5.8017473e+02
  1.9216303e+02  3.5461426e+02  5.4677729e+02
  2.1828655e+02  2.9186578e+02  5.1015233e+02
  2.3949756e+02  3.4226062e+02  5.8175818e+02
  2.2452431e+02  3.5105804e+02  5.7558235e+02
  2.1783872e+02  3.6091004e+02  5.7874876e+02
  2.3620537e+02  3.2524383e+02  5.6144920e+02
  2.3038572e+02  3.4307839e+02  5.7346411e+02
  2.4225050e+02  3.4346593e+02  5.8571643e+02
  2.1689121e+02  3.5958583e+02  5.7647704e+02
  2.1893008e+02  3.1468930e+02  5.3361938e+02
  2.2804180e+02  3.6187343e+02  5.8991523e+02
  2.0722700e+02  4.0250356e+02  6.0973056e+02
  2.2934005e+02  3.5687914e+02  5.8621919e+02
  2.3873763e+02  3.4649581e+02  5.8523345e+02
  2.3365564e+02  3.6531988e+02  5.9897552e+02
  2.4082133e+02  3.6451729e+02  6.0533862e+02
  2.1410702e+02  3.3735555e+02  5.5146257e+02
  2.3867168e+02  3.5137057e+02  5.9004225e+02
  2.2761694e+02  3.7435838e+02  6.0197532e+02
  2.4864822e+02  3.6017976e+02  6.0882798e+02
  2.3466935e+02  3.3665862e+02  5.7132796e+02
  2.3435792e+02  3.8686633e+02  6.2122425e+02
  2.1516679e+02  3.3804792e+02  5.5321471e+02
  2.0296454e+02  3.8695779e+02  5.8992234e+02
  2.0732677e+02  3.7522688e+02  5.8255364e+02
  2.5460392e+02  3.3128071e+02  5.8588462e+02
  2.3567041e+02  3.6714699e+02  6.0281740e+02
  2.0597960e+02  3.4151655e+02  5.4749615e+02
  2.4433826e+02  3.3356871e+02  5.7790697e+02
  2.2157129e+02  3.5880897e+02  5.8038027e+02
  2.1860353e+02  3.6486540e+02  5.8346892e+02
  2.4922417e+02  3.4291432e+02  5.9213849e+02
  2.1942206e+02  4.0230741e+02  6.2172948e+02
  2.1714517e+02  3.1485213e+02  5.3199730e+02
  2.4851988e+02  3.6311945e+02  6.1163933e+02
  2.1555260e+02  3.5742365e+02  5.7297625e+02
  2.2215480e+02  3.3978751e+02  5.6194231e+02
  2.3089861e+02  3.7392787e+02  6.0482648e+02
  2.5503978e+02  3.4909078e+02  6.0413056e+02
  2.2504425e+02  3.9357935e+02  6.1862360e+02
  2.2253591e+02  3.6244899e+02  5.8498491e+02
  2.4826501e+02  3.3788503e+02  5.8615004e+02
  2.3022785e+02  3.6776930e+02  5.9799714e+02
  2.5687489e+02  3.4510164e+02  6.0197653e+02
  1.9701955e+02  3.5927293e+02  5.5629249e+02
  2.3656926e+02  3.4498926e+02  5.8155852e+02
  2.4123425e+02  3.5200742e+02  5.9324167e+02
  2.3076088e+02  3.2038192e+02  5.5114280e+02
  2.0176881e+02  3.4010768e+02  5.4187649e+02
  2.3999523e+02  3.3128411e+02  5.7127934e+02
  2.4433073e+02  3.6104181e+02  6.0537254e+02
  2.5158186e+02  3.8560469e+02  6.3718655e+02
  2.3401371e+02  3.5494625e+02  5.8895995e+02
  2.3568924e+02  3.6891541e+02  6.0460465e+02
  2.2562958e+02  3.6898517e+02  5.9461475e+02
  2.1491660e+02  3.5902518e+02  5.7394178e+02
  2.4121222e+02  3.5418019e+02  5.9539241e+02
  2.4167921e+02  3.5467889e+02  5.9635810e+02
  2.2133584e+02  3.2590612e+02  5.4724196e+02
  2.3253155e+02  3.4209805e+02  5.7462960e+02
  2.3259758e+02  3.5653431e+02  5.8913188e+02
  2.2239102e+02  3.3414675e+02  5.5653777e+02
  2.4734572e+02  3.5427657e+02  6.0162229e+02
  2.2654797e+02  3.3353292e+02  5.6008090e+02
  2.2255825e+02  3.6491422e+02  5.8747247e+02
  2.3356576e+02  3.6363705e+02  5.9720281e+02
  2.4559076e+02  3.6196527e+02  6.0755602e+02
  2.3356636e+02  3.6489065e+02  5.9845700e+02
  2.3404181e+02  3.8201805e+02  6.1605987e+02
  2.3170875e+02  3.5813362e+02  5.8984237e+02
  2.3493243e+02  3.4817578e+02  5.8310821e+02
  2.4390997e+02  3.2590205e+02  5.6981202e+02
  2.5272642e+02  3.2043457e+02  5.7316099e+02
  2.3312781e+02  3.6667587e+02  5.9980368e+02
  2.4261210e+02  3.3087182e+02  5.7348392e+02
  2.1493515e+02  3.1158567e+02  5.2652082e+02
  2.3673570e+02  3.5516510e+02  5.9190080e+02
  2.5629313e+02  3.2199044e+02  5.7828357e+02
  2.3553483e+02  3.1585515e+02  5.5138998e+02
  2.4353541e+02  3.7776163e+02  6.2129704e+02
  2.2305191e+02  3.4274396e+02  5.6579587e+02
  2.5755350e+02  3.3963604e+02  5.9718955e+02
  2.2478250e+02  3.4537359e+02  5.7015608e+02
  2.3214549e+02  3.3132753e+02  5.6347302e+02
  2.5281165e+02  3.2890775e+02  5.8171940e+02
  2.1863318e+02  3.4452517e+02  5.6315835e+02
  2.5873939e+02  3.3479405e+02  5.9353344e+02
  2.2376705e+02  3.4177734e+02  5.6554439e+02
  2.3945260e+02  3.2721704e+02  5.6666964e+02
  2.1543697e+02  3.4941090e+02  5.6484788e+02
  2.1678526e+02  3.5178534e+02  5.6857061e+02
  2.3030942e+02  3.6180674e+02  5.9211616e+02
  2.7515211e+02  3.9241710e+02  6.6756921e+02
  2.3775903e+02  3.3545485e+02  5.7321389e+02
  2.3833462e+02  3.3274396e+02  5.7107858e+02
  2.3906269e+02  3.3023251e+02  5.6929520e+02
  2.2381642e+02  3.3684923e+02  5.6066565e+02
  2.3282419e+02  3.8222830e+02  6.1505249e+02
  2.3025787e+02  3.2924041e+02  5.5949828e+02
  2.1602923e+02  3.8633164e+02  6.0236087e+02
  2.1063006e+02  3.8510515e+02  5.9573521e+02
  2.1372614e+02  3.1300992e+02  5.2673606e+02
  2.2250070e+02  3.6249090e+02  5.8499161e+02
  2.2496589e+02  3.4823413e+02  5.7320002e+02
  2.3198482e+02  3.3712186e+02  5.6910668e+02
  2.3297516e+02  3.3307590e+02  5.6605106e+02
  2.2794956e+02  3.5716856e+02  5.8511812e+02
  2.2615485e+02  3.3372530e+02  5.5988016e+02
  2.3293268e+02  3.3706362e+02  5.6999630e+02
  2.2293706e+02  3.5885100e+02  5.8178807e+02
  2.1906983e+02  3.3259459e+02  5.5166442e+02
  2.3387316e+02  3.4340430e+02  5.7727745e+02
  2.0594608e+02  3.6717265e+02  5.7311873e+02
  2.3896829e+02  3.2604764e+02  5.6501593e+02
  2.1873914e+02  3.5454403e+02  5.7328317e+02
  2.2229835e+02  3.5689431e+02  5.7919265e+02
  2.2170278e+02  3.7409908e+02  5.9580185e+02
  2.1445939e+02  3.4238601e+02  5.5684539e+02
  2.2135453e+02  3.6058388e+02  5.8193841e+02
  2.3758663e+02  3.6426659e+02  6.0185323e+02
  2.2179500e+02  3.3679566e+02  5.5859066e+02
  2.1520663e+02  3.6106128e+02  5.7626791e+02
  2.2451072e+02  3.1842368e+02  5.4293440e+02
  2.2557789e+02  3.6903725e+02  5.9461513e+02
  2.3805911e+02  3.4890010e+02  5.8695920e+02
  2.3911918e+02  3.5449289e+02  5.9361207e+02
  2.2476505e+02  3.5347066e+02  5.7823570e+02
  2.3452645e+02  3.3315268e+02  5.6767912e+02
  2.3567408e+02  3.3473170e+02  5.7040578e+02
  2.2461640e+02  3.5785344e+02  5.8246985e+02
  2.2581007e+02  3.3101310e+02  5.5682317e+02
  2.1513364e+02  3.7043758e+02  5.8557121e+02
  2.4231694e+02  3.6254071e+02  6.0485765e+02
  2.4079022e+02  3.4551584e+02  5.8630606e+02
  2.2554403e+02  3.6770908e+02  5.9325311e+02
  2.2436627e+02  3.4245267e+02  5.6681895e+02
  2.3444666e+02  3.2848294e+02  5.6292960e+02
  2.2372422e+02  3.6306538e+02  5.8678961e+02
  2.2420257e+02  3.5946377e+02  5.8366634e+02
  2.6600261e+02  3.4853967e+02  6.1454227e+02
  2.1671466e+02  3.3626646e+02  5.5298113e+02
  2.4021140e+02  3.8153887e+02  6.2175027e+02
  2.2832403e+02  3.4604296e+02  5.7436699e+02
  2.2390213e+02  3.5183352e+02  5.7573565e+02
  2.4853696e+02  3.3810375e+02  5.8664071e+02
  2.1457095e+02  3.0935361e+02  5.2392456e+02
  2.3555441e+02  3.4165905e+02  5.7721346e+02
  2.3457445e+02  3.5050228e+02  5.8507672e+02
  2.2610549e+02  3.4206359e+02  5.6816907e+02
  2.2562073e+02  3.4396284e+02  5.6958357e+02
  2.2976924e+02  3.3924716e+02  5.6901640e+02
  2.5182339e+02  3.5933852e+02  6.1116191e+02
  2.4575648e+02  3.3005819e+02  5.7581467e+02
  2.4081869e+02  3.5089207e+02  5.9171076e+02
  2.1650253e+02  3.7594681e+02  5.9244934e+02
  2.3012983e+02  3.7971023e+02  6.0984005e+02
  2.2895217e+02  3.6989013e+02  5.9884230e+02
  2.2932477e+02  3.7908904e+02  6.0841382e+02
  2.6202044e+02  3.5747390e+02  6.1949434e+02
  2.6376680e+02  3.3427174e+02  5.9803854e+02
  2.4881586e+02  3.2736415e+02  5.7618001e+02
  2.1808217e+02  3.3580698e+02  5.5388915e+02
  2.0550202e+02  3.5226037e+02  5.5776239e+02
  2.2658046e+02  3.3340703e+02  5.5998749e+02
  2.4513496e+02  3.4572371e+02  5.9085867e+02
  2.5677108e+02  3.2726121e+02  5.8403229e+02
  2.3659728e+02  3.3217251e+02  5.6876979e+02
  2.1078112e+02  3.4386142e+02  5.5464254e+02
  2.3393381e+02  3.6066865e+02  5.9460246e+02
  2.5263790e+02  3.5435955e+02  6.0699745e+02
  2.2681310e+02  3.2807234e+02  5.5488545e+02
  2.1697938e+02  3.5585658e+02  5.7283596e+02
  2.1901334e+02  3.5801538e+02  5.7702872e+02
  2.4017969e+02  3.1997531e+02  5.6015501e+02
  2.4356242e+02  3.5608955e+02  5.9965197e+02
  2.0588803e+02  3.5097666e+02  5.5686469e+02
  2.2889582e+02  3.1650693e+02  5.4540274e+02
  1.8813383e+02  3.3834681e+02  5.2648065e+02
  2.4911813e+02  3.3688093e+02  5.8599906e+02
  2.4548151e+02  3.3523513e+02  5.8071665e+02
  2.2816824e+02  3.6437657e+02  5.9254482e+02
  2.1808968e+02  3.6081870e+02  5.7890838e+02
  2.3880722e+02  3.5406843e+02  5.9287564e+02
  2.3741038e+02  3.4747240e+02  5.8488278e+02
  2.1921230e+02  3.3856901e+02  5.5778131e+02
  2.2942889e+02  3.2825374e+02  5.5768264e+02
  2.5648448e+02  3.5697164e+02  6.1345613e+02
  2.3508111e+02  3.4456871e+02  5.7964982e+02
  2.5999543e+02  3.5438049e+02  6.1437592e+02
  2.7010315e+02  3.4382809e+02  6.1393124e+02
  2.3515684e+02  3.6785632e+02  6.0301317e+02
  2.3204412e+02  3.6679294e+02  5.9883706e+02
  2.6907504e+02  3.3422851e+02  6.0330356e+02
  2.2963145e+02  3.4807556e+02  5.7770701e+02
  2.6087458e+02  3.9974487e+02  6.6061945e+02
  2.3251583e+02  3.8577267e+02  6.1828850e+02
  2.2922954e+02  3.6880507e+02  5.9803460e+02
  2.1733304e+02  3.4800450e+02  5.6533754e+02
  2.0928722e+02  3.7070069e+02  5.7998792e+02
  2.3914943e+02  3.2888286e+02  5.6803229e+02
  2.3998765e+02  3.5906948e+02  5.9905714e+02
  2.4060949e+02  3.4846611e+02  5.8907560e+02
  2.2369873e+02  3.5644903e+02  5.8014776e+02
  2.1177310e+02  3.5640042e+02  5.6817352e+02
  2.3722042e+02  3.4811207e+02  5.8533249e+02
  2.5725549e+02  3.3773234e+02  5.9498783e+02
  2.2703868e+02  3.5123672e+02  5.7827540e+02
  2.3754529e+02  3.3719049e+02  5.7473578e+02
  2.5159067e+02  3.5839761e+02  6.0998828e+02
  2.4833304e+02  3.8565852e+02  6.3399156e+02
  2.5572952e+02  3.3684562e+02  5.9257514e+02
  2.0812199e+02  3.5010617e+02  5.5822816e+02
  2.4210570e+02  3.6430111e+02  6.0640681e+02
  2.0965882e+02  3.2921340e+02  5.3887222e+02
  2.2786201e+02  3.6613600e+02  5.9399802e+02
  2.0489483e+02  3.4086485e+02  5.4575968e+02
  2.2117346e+02  3.7270510e+02  5.9387856e+02
  2.4121625e+02  3.7590026e+02  6.1711651e+02
  2.1764617e+02  3.5844594e+02  5.7609211e+02
  2.6583662e+02  3.4923838e+02  6.1507500e+02
  2.3194395e+02  3.4072799e+02  5.7267194e+02
  2.3987992e+02  3.6990927e+02  6.0978918e+02
  2.4118924e+02  3.2831573e+02  5.6950496e+02
  2.1419833e+02  3.5408761e+02  5.6828594e+02
  2.3078842e+02  3.6202465e+02  5.9281307e+02
  2.5252959e+02  3.3934005e+02  5.9186964e+02
  2.3698829e+02  3.7142628e+02  6.0841457e+02
  2.2410246e+02  3.3345834e+02  5.5756079e+02
  2.5353158e+02  3.6140315e+02  6.1493473e+02
  2.4710864e+02  3.6899449e+02  6.1610313e+02
  2.1266749e+02  3.5978891e+02  5.7245640e+02
  2.3352142e+02  3.8163299e+02  6.1515441e+02
  2.1177943e+02  3.3476150e+02  5.4654094e+02
  2.2786900e+02  3.3487252e+02  5.6274152e+02
  2.5572228e+02  3.2838002e+02  5.8410230e+02
  2.3075684e+02  3.3474883e+02  5.6550568e+02
  2.3537351e+02  3.7125457e+02  6.0662808e+02
  2.1195172e+02  3.5772399e+02  5.6967571e+02
  2.4531066e+02  3.6179516e+02  6.0710582e+02
  2.1948363e+02  3.2126716e+02  5.4075079e+02
  2.3271031e+02  3.1853796e+02  5.5124827e+02
  2.5098240e+02  3.3563681e+02  5.8661921e+02
  2.3757412e+02  3.3557227e+02  5.7314640e+02
  2.4078420e+02  3.3338108e+02  5.7416528e+02
  2.1220924e+02  3.3126148e+02  5.4347072e+02
  2.1961165e+02  3.3274566e+02  5.5235731e+02
  2.1412556e+02  3.4046223e+02  5.5458779e+02
  2.4084649e+02  3.4326703e+02  5.8411351e+02
  2.3529288e+02  3.2131849e+02  5.5661137e+02
  2.3895631e+02  3.7237139e+02  6.1132770e+02
  2.1765931e+02  3.5068787e+02  5.6834718e+02
  2.2816064e+02  3.1271623e+02  5.4087687e+02
  2.2569282e+02  3.6518559e+02  5.9087842e+02
  2.1821903e+02  3.2437447e+02  5.4259351e+02
  2.1398360e+02  3.4886773e+02  5.6285132e+02
  2.3057200e+02  3.2790823e+02  5.5848023e+02
  2.5477570e+02  3.5825624e+02  6.1303194e+02
  2.3766408e+02  3.4738630e+02  5.8505038e+02
  2.3509948e+02  3.4407482e+02  5.7917430e+02
  2.0656592e+02  3.3875881e+02  5.4532473e+02
  2.2686431e+02  3.7721705e+02  6.0408135e+02
  2.1113161e+02  3.3812925e+02  5.4926085e+02
  2.2257160e+02  3.5039046e+02  5.7296206e+02
  2.1997146e+02  3.5387680e+02  5.7384826e+02
  2.2023580e+02  3.2313159e+02  5.4336739e+02
  2.4242583e+02  3.7465888e+02  6.1708471e+02
  2.3066206e+02  3.6272427e+02  5.9338633e+02
  2.6937579e+02  3.8810663e+02  6.5748242e+02
  2.2835226e+02  3.4804372e+02  5.7639598e+02
  2.2961667e+02  3.4976793e+02  5.7938460e+02
  2.2358187e+02  3.5571975e+02  5.7930162e+02
  2.6262496e+02  3.7909939e+02  6.4172434e+02
  2.2706018e+02  3.5857639e+02  5.8563657e+02
  2.4457807e+02  3.5006911e+02  5.9464718e+02
  2.3419833e+02  3.3527913e+02  5.6947745e+02
  2.4958828e+02  3.3158958e+02  5.8117786e+02
  2.1878123e+02  3.7145015e+02  5.9023138e+02
  2.1319288e+02  3.3768288e+02  5.5087576e+02
  2.1010693e+02  3.2816883e+02  5.3827576e+02
  2.2817509e+02  3.4492423e+02  5.7309933e+02
  2.3527169e+02  3.6019351e+02  5.9546520e+02
  2.2289795e+02  3.4147221e+02  5.6437016e+02
  2.5728749e+02  2.9835214e+02  5.5563963e+02
  2.2334657e+02  3.4647538e+02  5.6982196e+02
  2.1666970e+02  3.7649334e+02  5.9316305e+02
  2.3367728e+02  3.2956899e+02  5.6324627e+02
  2.1793404e+02  3.0830379e+02  5.2623783e+02
  2.0032194e+02  3.4805760e+02  5.4837954e+02
  2.1853141e+02  3.3889771e+02  5.5742912e+02
  2.5207518e+02  3.3949233e+02  5.9156751e+02
  2.2076944e+02  3.9292822e+02  6.1369766e+02
  2.2349193e+02  3.5023347e+02  5.7372540e+02
  2.3597436e+02  3.2897911e+02  5.6495347e+02
  2.5964359e+02  3.3248888e+02  5.9213247e+02
  2.4583843e+02  3.5773052e+02  6.0356895e+02
  2.4323669e+02  3.5569575e+02  5.9893244e+02
  2.4201747e+02  3.6623520e+02  6.0825267e+02
  2.1539692e+02  3.0338719e+02  5.1878411e+02
  2.3447544e+02  3.6346873e+02  5.9794417e+02
  2.4726487e+02  3.4379378e+02  5.9105865e+02
  2.2103775e+02  3.5219019e+02  5.7322794e+02
  1.9388297e+02  3.8045046e+02  5.7433343e+02
  2.3855550e+02  3.7254940e+02  6.1110490e+02
  2.2827435e+02  3.5222859e+02  5.8050294e+02
  2.2527914e+02  3.3109672e+02  5.5637586e+02
  2.0442201e+02  3.5607867e+02  5.6050068e+02
  2.2672379e+02  3.7143808e+02  5.9816187e+02
  2.2956587e+02  3.3287927e+02  5.6244515e+02
  2.0831746e+02  3.7286675e+02  5.8118421e+02
  2.4725791e+02  3.5277472e+02  6.0003263e+02
  2.4970391e+02  3.2632926e+02  5.7603316e+02
  2.3564121e+02  3.4915400e+02  5.8479521e+02
  2.0806694e+02  3.2469984e+02  5.3276678e+02
  2.2587601e+02  3.4215282e+02  5.6802883e+02
  2.3796621e+02  3.5577358e+02  5.9373979e+02
  2.4695425e+02  3.4868106e+02  5.9563531e+02
  1.9910003e+02  3.6170423e+02  5.6080426e+02
  2.3252478e+02  3.2762653e+02  5.6015131e+02
  2.1356645e+02  3.5361327e+02  5.6717972e+02
  2.1891856e+02  3.5525618e+02  5.7417474e+02
  2.2529420e+02  3.5302340e+02  5.7831760e+02
  2.2852367e+02  3.6553169e+02  5.9405537e+02
  2.6653019e+02  3.4735529e+02  6.1388548e+02
  2.3619237e+02  3.7546286e+02  6.1165523e+02
  2.3516120e+02  4.0306229e+02  6.3822349e+02
  2.3753529e+02  3.4987872e+02  5.8741401e+02
  2.2845111e+02  3.5930435e+02  5.8775547e+02
  2.4566636e+02  3.1990732e+02  5.6557368e+02
  2.1776178e+02  3.6684900e+02  5.8461078e+02
  2.5159436e+02  3.3225528e+02  5.8384964e+02
  2.3070518e+02  3.6013340e+02  5.9083858e+02
  2.2382889e+02  3.6989311e+02  5.9372200e+02
  2.5683484e+02  3.7938531e+02  6.3622015e+02
  2.2950537e+02  3.5488748e+02  5.8439286e+02
  2.5504861e+02  3.8033700e+02  6.3538561e+02
  2.3721690e+02  3.5282939e+02  5.9004628e+02
  2.4376213e+02  3.7285400e+02  6.1661613e+02
  2.2995710e+02  3.4769727e+02  5.7765438e+02
  2.4378947e+02  3.5385860e+02  5.9764807e+02
  2.0516650e+02  3.3759940e+02  5.4276590e+02
  2.3583190e+02  3.6628980e+02  6.0212170e+02
  2.1438917e+02  3.2749830e+02  5.4188748e+02
  2.2060290e+02  3.3513642e+02  5.5573932e+02
  2.4048372e+02  3.7228449e+02  6.1276820e+02
  2.4713943e+02  3.2226928e+02  5.6940871e+02
  2.2510364e+02  3.8379109e+02  6.0889474e+02
  2.1610598e+02  3.4147912e+02  5.5758510e+02
  2.1432072e+02  3.5788480e+02  5.7220552e+02
  2.2014890e+02  3.3842140e+02  5.5857030e+02
  2.0491151e+02  3.6364265e+02  5.6855416e+02
  2.2262100e+02  3.3126261e+02  5.5388361e+02
  2.1413549e+02  3.5874472e+02  5.7288021e+02
  2.4464393e+02  3.7338569e+02  6.1802962e+02
  2.2982358e+02  3.6699008e+02  5.9681366e+02
  2.1736626e+02  3.8650846e+02  6.0387472e+02
  2.0934965e+02  3.5411315e+02  5.6346280e+02
  2.2299438e+02  3.7511688e+02  5.9811127e+02
  2.1806323e+02  3.2945151e+02  5.4751474e+02
  2.2777805e+02  3.7100887e+02  5.9878692e+02
  2.4460199e+02  3.4005726e+02  5.8465925e+02
  2.2602143e+02  3.4153522e+02  5.6755665e+02
  2.4462386e+02  3.8201744e+02  6.2664130e+02
  2.0784510e+02  3.6318089e+02  5.7102599e+02
  2.2180484e+02  3.8745846e+02  6.0926330e+02
  2.4048955e+02  3.9187347e+02  6.3236302e+02
  2.2344113e+02  3.1892218e+02  5.4236331e+02
  2.3702744e+02  3.4567375e+02  5.8270119e+02
  2.4585068e+02  3.9148114e+02  6.3733182e+02
  2.3949027e+02  3.4504991e+02  5.8454018e+02
  2.2088118e+02  3.6786868e+02  5.8874986e+02
  2.4455082e+02  3.7411008e+02  6.1866090e+02
  2.2565704e+02  3.4300414e+02  5.6866117e+02
  2.0590014e+02  3.2988765e+02  5.3578779e+02
  2.3656989e+02  3.4604381e+02  5.8261370e+02
  2.0950126e+02  3.4611021e+02  5.5561147e+02
  2.0419550e+02  3.2200442e+02  5.2619992e+02
  2.2975025e+02  3.5933539e+02  5.8908564e+02
  2.3697904e+02  3.3577319e+02  5.7275223e+02
  2.0780821e+02  3.3625647e+02  5.4406469e+02
  2.4170894e+02  3.2495013e+02  5.6665907e+02
  2.4415560e+02  3.4115677e+02  5.8531237e+02
  2.4448833e+02  4.0625462e+02  6.5074294e+02
  2.6214370e+02  3.6716478e+02  6.2930848e+02
  2.2533139e+02  3.2874301e+02  5.5407440e+02
  2.2939736e+02  3.5503085e+02  5.8442821e+02
  2.3327044e+02  3.2135704e+02  5.5462748e+02
  2.3362294e+02  3.5377123e+02  5.8739417e+02
  2.4086955e+02  3.5794160e+02  5.9881114e+02
  2.2407821e+02  3.8754647e+02  6.1162468e+02
  2.2344467e+02  3.5003129e+02  5.7347596e+02
  2.2792534e+02  3.3288740e+02  5.6081274e+02
  2.2012436e+02  3.5149492e+02  5.7161928e+02
  2.4364622e+02  3.4864370e+02  5.9228992e+02
  2.4801752e+02  3.5837757e+02  6.0639510e+02
  2.2930018e+02  3.8672845e+02  6.1602863e+02
  2.2482392e+02  3.4781732e+02  5.7264124e+02
  2.4717609e+02  3.7378948e+02  6.2096557e+02
  2.4874005e+02  3.4573365e+02  5.9447370e+02
  2.3505295e+02  3.6365071e+02  5.9870366e+02
  2.2283356e+02  3.4554664e+02  5.6838020e+02
  2.4105118e+02  3.4615534e+02  5.8720652e+02
  2.1367237e+02  3.2958888e+02  5.4326124e+02
  2.5632195e+02  3.2426716e+02  5.8058911e+02
  2.3519673e+02  3.4950641e+02  5.8470314e+02
  2.2732494e+02  3.4065523e+02  5.6798017e+02
  2.7615923e+02  3.4898257e+02  6.2514179e+02
  2.3572935e+02  3.7708165e+02  6.1281101e+02
  2.3869526e+02  3.5230636e+02  5.9100161e+02
  2.2363777e+02  3.0647342e+02  5.3011119e+02
  2.3459928e+02  3.4823618e+02  5.8283546e+02
  2.2726605e+02  3.4720980e+02  5.7447585e+02
  2.2126337e+02  3.5974823e+02  5.8101161e+02
  2.2713480e+02  3.3515205e+02  5.6228685e+02
  2.2381002e+02  3.6052329e+02  5.8433331e+02
  2.2474172e+02  3.4512610e+02  5.6986782e+02
  2.2108419e+02  3.2312302e+02  5.4420721e+02
  2.1821153e+02  3.4527881e+02  5.6349034e+02
  2.3217077e+02  3.5140025e+02  5.8357101e+02
  1.9020809e+02  3.3507573e+02  5.2528383e+02
  2.3357433e+02  3.5722303e+02  5.9079736e+02
  2.1124854e+02  3.6441066e+02  5.7565920e+02
  2.3018683e+02  3.2839578e+02  5.5858262e+02
  2.3198764e+02  3.6319438e+02  5.9518203e+02
  2.3281943e+02  3.5326799e+02  5.8608742e+02
  2.4427199e+02  3.4805929e+02  5.9233128e+02
  2.6238463e+02  3.3619535e+02  5.9857998e+02
  2.3254897e+02  3.8454536e+02  6.1709433e+02
  2.5238832e+02  3.4200813e+02  5.9439645e+02
  2.3038353e+02  3.4664317e+02  5.7702670e+02
  2.5662316e+02  3.6124277e+02  6.1786593e+02
  2.3102575e+02  3.3814344e+02  5.6916919e+02
  2.2655577e+02  3.5926235e+02  5.8581812e+02
  2.3923897e+02  3.5321654e+02  5.9245552e+02
  2.2038640e+02  3.6010690e+02  5.8049329e+02
  2.3724626e+02  3.3009599e+02  5.6734225e+02
  2.4865586e+02  3.3434669e+02  5.8300256e+02
  2.0826740e+02  3.8213143e+02  5.9039882e+02
  2.3833418e+02  3.5880001e+02  5.9713420e+02
  2.2961306e+02  3.3512819e+02  5.6474125e+02
  2.6340385e+02  3.7748182e+02  6.4088568e+02
  2.3156824e+02  3.3247907e+02  5.6404731e+02
  2.2458258e+02  3.0550488e+02  5.3008746e+02
  2.5511857e+02  3.6591936e+02  6.2103792e+02
  2.5091863e+02  3.8419015e+02  6.3510877e+02
  2.4595861e+02  3.3201092e+02  5.7796953e+02
  2.1637146e+02  3.6142238e+02  5.7779385e+02
  2.2736973e+02  3.6857819e+02  5.9594792e+02
  2.4019706e+02  3.6475394e+02  6.0495100e+02
  2.4981354e+02  3.5295748e+02  6.0277102e+02
  2.4081209e+02  3.5675310e+02  5.9756519e+02
  2.3589386e+02  3.6917284e+02  6.0506670e+02
  2.1946678e+02  3.7276506e+02  5.9223184e+02
  2.4351421e+02  3.4511295e+02  5.8862716e+02
  2.2035883e+02  3.5323180e+02  5.7359064e+02
  2.4433347e+02  3.4134494e+02  5.8567841e+02
  2.4369677e+02  3.2379210e+02  5.6748887e+02
  2.5343470e+02  3.7752512e+02  6.3095982e+02
  2.2896812e+02  3.5407675e+02  5.8304487e+02
  2.2687894e+02  3.3797041e+02  5.6484936e+02
  2.0680814e+02  3.5077159e+02  5.5757974e+02
  2.2888611e+02  3.8104884e+02  6.0993495e+02
  1.9481388e+02  3.5259774e+02  5.4741162e+02
  2.2654834e+02  3.5198397e+02  5.7853231e+02
  2.4150918e+02  3.7319909e+02  6.1470827e+02
  2.6202836e+02  3.5265158e+02  6.1467994e+02
  2.2361771e+02  3.7553787e+02  5.9915559e+02
  2.4293772e+02  3.5179666e+02  5.9473438e+02
  2.3122799e+02  3.8248364e+02  6.1371163e+02
  2.3204948e+02  3.8215181e+02  6.1420129e+02
  2.3097417e+02  3.5828555e+02  5.8925971e+02
  2.4166902e+02  3.6132143e+02  6.0299045e+02
  2.4496588e+02  3.3173696e+02  5.7670285e+02
  2.2871755e+02  3.5451638e+02  5.8323393e+02
  2.2656869e+02  3.6055512e+02  5.8712380e+02
  2.2669871e+02  3.1451049e+02  5.4120920e+02
  2.5443984e+02  3.4787649e+02  6.0231633e+02
  2.7375692e+02  3.3187011e+02  6.0562702e+02
  2.0768996e+02  3.6231230e+02  5.7000226e+02
  2.4264923e+02  3.3291346e+02  5.7556270e+02
  2.4701995e+02  3.3958241e+02  5.8660236e+02
  2.2727367e+02  3.6146207e+02  5.8873573e+02
  2.0900949e+02  3.5183578e+02  5.6084527e+02
  2.1036898e+02  3.3216150e+02  5.4253049e+02
  2.4487018e+02  3.6283723e+02  6.0770741e+02
  2.4738812e+02  3.1231718e+02  5.5970530e+02
  2.3424468e+02  3.3935578e+02  5.7360046e+02
  2.3738639e+02  3.5717932e+02  5.9456571e+02
  2.3014394e+02  3.4824630e+02  5.7839024e+02
  2.1939871e+02  3.4998257e+02  5.6938128e+02
  2.6201390e+02  3.3143263e+02  5.9344654e+02
  2.4719275e+02  3.4443058e+02  5.9162332e+02
  2.2742218e+02  3.5653932e+02  5.8396149e+02
  2.1745995e+02  3.7199888e+02  5.8945883e+02
  2.2549403e+02  3.4767356e+02  5.7316759e+02
  2.3899605e+02  3.4213007e+02  5.8112611e+02
  2.1597577e+02  3.4686393e+02  5.6283970e+02
  2.4173161e+02  3.8507290e+02  6.2680452e+02
  2.4656247e+02  3.3847630e+02  5.8503877e+02
  2.1584297e+02  3.7876452e+02  5.9460750e+02
  2.4830097e+02  3.4687200e+02  5.9517296e+02
  2.4678440e+02  3.6120508e+02  6.0798948e+02
  2.2013766e+02  3.5756762e+02  5.7770529e+02
  2.2483726e+02  3.3692206e+02  5.6175933e+02
  2.3950970e+02  3.4269306e+02  5.8220276e+02
  2.2729386e+02  3.4450723e+02  5.7180109e+02
  2.2959064e+02  3.4022213e+02  5.6981277e+02
  2.3540177e+02  3.3103117e+02  5.6643294e+02
  2.5708788e+02  3.7147601e+02  6.2856389e+02
  2.0713338e+02  3.3019880e+02  5.3733218e+02
  2.2288066e+02  3.3836829e+02  5.6124895e+02
  2.3757977e+02  3.7152523e+02  6.0910499e+02
  2.2241417e+02  3.4902170e+02  5.7143586e+02
  2.4061103e+02  3.3686990e+02  5.7748093e+02
  2.2505541e+02  3.8504809e+02  6.1010350e+02
  2.4713466e+02  3.5637077e+02  6.0350544e+02
  2.3203719e+02  3.5469282e+02  5.8673002e+02
  2.4614131e+02  3.8358492e+02  6.2972623e+02
  2.4365627e+02  3.4251396e+02  5.8617023e+02
  2.4440817e+02  3.1766852e+02  5.6207669e+02
  2.2110106e+02  3.7432416e+02  5.9542521e+02
  2.5724120e+02  3.6271877e+02  6.1995997e+02
  2.4999274e+02  3.4514073e+02  5.9513347e+02
  1.8549357e+02  3.3148739e+02  5.1698096e+02
  2.2600603e+02  3.6120318e+02  5.8720921e+02
  2.3246595e+02  3.5099015e+02  5.8345609e+02
  2.6305268e+02  3.6529540e+02  6.2834808e+02
  2.4241705e+02  3.3008954e+02  5.7250659e+02
  2.4738321e+02  3.4016246e+02  5.8754568e+02
  2.1155426e+02  3.5790685e+02  5.6946111e+02
  2.1938411e+02  3.3719385e+02  5.5657796e+02
  2.3869752e+02  3.4173579e+02  5.8043330e+02
  2.2308785e+02  3.5197420e+02  5.7506206e+02
  2.2033967e+02  3.5726069e+02  5.7760036e+02
  2.4322250e+02  3.0436036e+02  5.4758285e+02
  2.2734644e+02  3.3965444e+02  5.6700088e+02
  2.3493244e+02  3.5567621e+02  5.9060865e+02
  2.3000512e+02  3.8405953e+02  6.1406465e+02
  2.0596138e+02  3.7786258e+02  5.8382395e+02
  2.3986600e+02  3.9888146e+02  6.3874745e+02
  2.4853810e+02  3.6177784e+02  6.1031594e+02
  2.4994054e+02  3.6227851e+02  6.1221905e+02
  2.4516216e+02  3.4911770e+02  5.9427986e+02
  2.3475800e+02  3.1857819e+02  5.5333619e+02
  2.4499351e+02  3.2950791e+02  5.7450143e+02
  2.1977004e+02  3.8641884e+02  6.0618888e+02
  2.5013948e+02  3.5156865e+02  6.0170813e+02
  2.1823119e+02  3.6055994e+02  5.7879113e+02
  2.4335979e+02  3.5752060e+02  6.0088039e+02
  2.2582524e+02  3.3637907e+02  5.6220430e+02
  2.1333186e+02  3.4574769e+02  5.5907954e+02
  2.0595128e+02  3.5074234e+02  5.5669362e+02
  2.4715010e+02  3.3970985e+02  5.8685996e+02
  2.3238296e+02  3.6052878e+02  5.9291174e+02
  2.1801501e+02  3.3491510e+02  5.5293012e+02
  2.2263413e+02  3.5501706e+02  5.7765119e+02
  2.3289394e+02  3.3112114e+02  5.6401507e+02
  2.1672279e+02  3.7877471e+02  5.9549750e+02
  2.1950438e+02  3.9411625e+02  6.1362063e+02
  2.3342330e+02  3.7199526e+02  6.0541856e+02
  2.1135897e+02  3.6552305e+02  5.7688202e+02
  2.5153636e+02  3.5534037e+02  6.0687674e+02
  2.1852378e+02  3.3635026e+02  5.5487403e+02
  2.0842931e+02  3.4025061e+02  5.4867992e+02
  2.3043276e+02  3.2052447e+02  5.5095723e+02
  2.3958640e+02  3.6742561e+02  6.0701201e+02
  2.2203982e+02  3.3746435e+02  5.5950417e+02
  2.2878863e+02  3.8653888e+02  6.1532751e+02
  2.1189440e+02  3.4072859e+02  5.5262299e+02
  2.4070714e+02  3.5831217e+02  5.9901930e+02
  2.3206447e+02  3.4105130e+02  5.7311577e+02
  2.1775033e+02  3.3984175e+02  5.5759208e+02
  2.3822623e+02  3.6568426e+02  6.0391050e+02
  2.4738741e+02  3.2492600e+02  5.7231341e+02
  2.3680007e+02  3.6390428e+02  6.0070434e+02
  2.3350114e+02  3.3696620e+02  5.7046734e+02
  2.0703818e+02  3.1046439e+02  5.1750256e+02
  2.1963122e+02  3.6757787e+02  5.8720909e+02
  2.2528401e+02  3.5089749e+02  5.7618150e+02
  2.4662308e+02  3.3212197e+02  5.7874505e+02
  2.1615037e+02  3.8117563e+02  5.9732600e+02
  2.3621665e+02  3.5449447e+02  5.9071111e+02
  2.4402718e+02  3.3441550e+02  5.7844269e+02
  2.3911126e+02  3.1688939e+02  5.5600065e+02
  2.1367477e+02  3.1861183e+02  5.3228660e+02
  2.0742573e+02  3.8368465e+02  5.9111039e+02
  2.5800726e+02  3.5479328e+02  6.1280054e+02
  2.2808199e+02  3.4829289e+02  5.7637488e+02
  2.3751661e+02  3.4133132e+02  5.7884793e+02
  2.3403345e+02  3.7262498e+02  6.0665843e+02
  2.2121559e+02  3.1733774e+02  5.3855332e+02
  2.2098735e+02  3.5350604e+02  5.7449339e+02
  2.4307800e+02  3.5820498e+02  6.0128298e+02
  2.6730232e+02  3.3153395e+02  5.9883628e+02
  2.2164753e+02  3.4178722e+02  5.6343475e+02
  2.4374850e+02  3.5587926e+02  5.9962776e+02
  2.4949793e+02  3.3986697e+02  5.8936490e+02
  2.2160074e+02  3.3919132e+02  5.6079206e+02
  2.1727998e+02  3.4222584e+02  5.5950582e+02
  2.3361296e+02  3.5341592e+02  5.8702889e+02
  2.3599935e+02  3.8108150e+02  6.1708085e+02
  2.3767847e+02  3.3571217e+02  5.7339065e+02
  2.1787978e+02  3.4439076e+02  5.6227054e+02
  2.3892114e+02  3.5830432e+02  5.9722546e+02
  2.2750937e+02  3.2782313e+02  5.5533250e+02
  2.3429129e+02  3.5102684e+02  5.8531813e+02
  2.1689846e+02  3.4455902e+02  5.6145749e+02
  2.1405078e+02  3.5880164e+02  5.7285242e+02
  2.3695483e+02  3.7049765e+02  6.0745249e+02
  2.1166487e+02  3.7474256e+02  5.8640742e+02
  2.3459439e+02  3.6912546e+02  6.0371986e+02
  2.5208645e+02  3.4736646e+02  5.9945291e+02
  2.6202506e+02  3.4792889e+02  6.0995395e+02
  2.4545035e+02  3.3107640e+02  5.7652675e+02
  2.4212279e+02  3.8255415e+02  6.2467693e+02
  2.2231130e+02  3.7938991e+02  6.0170121e+02
  2.4319768e+02  3.5507522e+02  5.9827290e+02
  2.4684237e+02  3.7283950e+02  6.1968186e+02
  2.3968637e+02  3.3414189e+02  5.7382826e+02
  2.3267969e+02  3.5139309e+02  5.8407278e+02
  2.1544083e+02  3.6216130e+02  5.7760213e+02
  2.6211966e+02  3.6674737e+02  6.2886703e+02
  2.2265245e+02  3.3038450e+02  5.5303695e+02
  2.0915540e+02  3.4254547e+02  5.5170087e+02
  2.4456120e+02  3.5137320e+02  5.9593440e+02
  2.1607672e+02  3.2718542e+02  5.4326214e+02
  2.2094219e+02  3.3717594e+02  5.5811812e+02
  2.4570181e+02  3.4393301e+02  5.8963482e+02
  2.5065604e+02  3.7314463e+02  6.2380067e+02
  2.1847937e+02  3.5040747e+02  5.6888684e+02
  2.3202668e+02  3.5772007e+02  5.8974676e+02
  2.1771862e+02  3.4779954e+02  5.6551816e+02
  1.9921661e+02  3.4351184e+02  5.4272845e+02
  2.0673889e+02  3.4063005e+02  5.4736893e+02
  2.5457764e+02  3.4423217e+02  5.9880981e+02
  2.2562779e+02  3.3438757e+02  5.6001536e+02
  2.3155972e+02  3.4946163e+02  5.8102135e+02
  2.2190936e+02  3.6796757e+02  5.8987693e+02
  2.3478604e+02  3.7034898e+02  6.0513501e+02
  2.3906863e+02  3.3350988e+02  5.7257851e+02
  2.0882040e+02  3.6906689e+02  5.7788730e+02
  2.2254489e+02  3.6130329e+02  5.8384818e+02
  2.0610535e+02  3.4991349e+02  5.5601884e+02
  2.1987861e+02  3.5650415e+02  5.7638276e+02
  2.2533686e+02  3.2088288e+02  5.4621974e+02
  2.0554758e+02  3.1485532e+02  5.2040290e+02
  2.3958051e+02  3.5201242e+02  5.9159293e+02
  1.8902942e+02  3.5005762e+02  5.3908704e+02
  2.3925372e+02  3.3369687e+02  5.7295059e+02
  2.1504970e+02  3.3937782e+02  5.5442751e+02
  2.1945998e+02  3.3164698e+02  5.5110696e+02
  2.4451525e+02  3.4347237e+02  5.8798762e+02
  2.2161118e+02  3.6641934e+02  5.8803053e+02
  2.3613374e+02  3.4026416e+02  5.7639790e+02
  2.4193774e+02  3.8010490e+02  6.2204264e+02
  2.6371537e+02  3.5384683e+02  6.1756220e+02
  2.0945109e+02  3.5168590e+02  5.6113698e+02
  2.3572203e+02  3.1239608e+02  5.4811811e+02
  2.1735505e+02  3.5497160e+02  5.7232665e+02
  2.2759185e+02  3.5221233e+02  5.7980418e+02
  2.4226650e+02  3.2097063e+02  5.6323713e+02
  2.2157798e+02  3.4619720e+02  5.6777518e+02
  2.1675769e+02  3.4756268e+02  5.6432037e+02
  2.3676047e+02  3.4529644e+02  5.8205691e+02
  2.1728318e+02  3.5695834e+02  5.7424153e+02
  2.1691216e+02  3.1798633e+02  5.3489849e+02
  2.3195202e+02  3.3785672e+02  5.6980874e+02
  2.3201791e+02  3.2538216e+02  5.5740007e+02
  2.5814860e+02  3.3653636e+02  5.9468495e+02
  2.1851450e+02  3.4525568e+02  5.6377018e+02
  2.1003891e+02  3.7430667e+02  5.8434558e+02
  2.3162597e+02  3.4850829e+02  5.8013426e+02
  2.5180550e+02  3.2577641e+02  5.7758191e+02
  2.2426845e+02  3.4532373e+02  5.6959218e+02
  2.3578126e+02  3.9380619e+02  6.2958744e+02
  2.1805163e+02  3.3324469e+02  5.5129633e+02
  2.1420893e+02  3.3545126e+02  5.4966020e+02
  2.3709039e+02  3.6614521e+02  6.0323560e+02
  2.3239791e+02  3.6234792e+02  5.9474582e+02
  2.3827735e+02  3.3953428e+02  5.7781162e+02
  2.3631332e+02  3.6077406e+02  5.9708738e+02
  2.5276920e+02  3.3056914e+02  5.8333834e+02
  2.4858297e+02  3.8077848e+02  6.2936145e+02
  2.3889814e+02  3.5859745e+02  5.9749560e+02
  2.5015051e+02  3.3811242e+02  5.8826293e+02
  2.3679073e+02  3.4276428e+02  5.7955501e+02
  2.1230316e+02  3.2572419e+02  5.3802734e+02
  2.5414112e+02  3.6064627e+02  6.1478739e+02
  2.2617247e+02  3.5622120e+02  5.8239366e+02
  2.5718153e+02  3.5368859e+02  6.1087012e+02
  2.1730252e+02  3.4453800e+02  5.6184052e+02
  2.2910333e+02  3.1288465e+02  5.4198797e+02
  2.4705589e+02  3.3269312e+02  5.7974901e+02
  2.3292553e+02  3.9176355e+02  6.2468908e+02
  2.3422946e+02  3.3220469e+02  5.6643415e+02
  2.2975033e+02  3.4756853e+02  5.7731886e+02
  2.1658700e+02  3.4567440e+02  5.6226139e+02
  2.2196903e+02  3.7875978e+02  6.0072880e+02
  2.1813653e+02  3.5547936e+02  5.7361590e+02
  2.3582534e+02  3.4421386e+02  5.8003920e+02
  2.3676317e+02  3.4055588e+02  5.7731905e+02
  2.3025282e+02  3.6057182e+02  5.9082464e+02
  2.1449618e+02  3.3399496e+02  5.4849115e+02
  2.4510877e+02  3.4294127e+02  5.8805003e+02
  2.2743121e+02  3.7312422e+02  6.0055543e+02
  2.3150178e+02  3.4684218e+02  5.7834395e+02
  2.3719116e+02  3.5548629e+02  5.9267745e+02
  2.1360335e+02  3.1717254e+02  5.3077589e+02
  2.5050276e+02  3.2610175e+02  5.7660451e+02
  2.5175038e+02  3.4562260e+02  5.9737298e+02
  2.3193618e+02  3.4655119e+02  5.7848737e+02
  2.4794322e+02  3.6666742e+02  6.1461064e+02
  2.1745499e+02  3.4337249e+02  5.6082748e+02
  2.5758318e+02  3.6960905e+02  6.2719223e+02
  1.9665354e+02  3.8808166e+02  5.8473520e+02
  2.4733476e+02  3.4056606e+02  5.8790082e+02
  2.0451695e+02  3.5382437e+02  5.5834132e+02
  2.3762896e+02  3.5874680e+02  5.9637576e+02
  2.2710248e+02  3.5618104e+02  5.8328352e+02
  2.4331554e+02  3.4974565e+02  5.9306119e+02
  2.3457513e+02  3.4811967e+02  5.8269480e+02
  2.3178761e+02  3.4787185e+02  5.7965946e+02
  2.3964865e+02  3.2939983e+02  5.6904848e+02
  2.5362171e+02  3.4834126e+02  6.0196297e+02
  2.2997891e+02  3.3594898e+02  5.6592789e+02
  2.4245805e+02  3.3243899e+02  5.7489704e+02
  2.3600885e+02  3.6020439e+02  5.9621324e+02
  2.1126742e+02  3.2967589e+02  5.4094331e+02
  2.1902781e+02  3.5102765e+02  5.7005546e+02
  2.4494614e+02  3.4846820e+02  5.9341434e+02
  2.4704015e+02  3.5044241e+02  5.9748256e+02
  2.2445496e+02  3.8150942e+02  6.0596438e+02
  2.4887659e+02  3.4474820e+02  5.9362479e+02
  2.0609350e+02  3.6975641e+02  5.7584991e+02
  2.2618697e+02  3.2110745e+02  5.4729442e+02
  2.2217871e+02  3.3486522e+02  5.5704393e+02
  2.5146605e+02  3.5837136e+02  6.0983741e+02
  2.3437583e+02  3.7119956e+02  6.0557539e+02
  2.2479367e+02  3.4214849e+02  5.6694216e+02
  2.1255739e+02  3.2662481e+02  5.3918220e+02
  2.0742098e+02  3.5776693e+02  5.6518791e+02
  2.0492724e+02  3.9222210e+02  5.9714934e+02
  2.0608018e+02  3.7184910e+02  5.7792929e+02
  2.4105771e+02  3.5368157e+02  5.9473928e+02
  2.2208656e+02  3.6693428e+02  5.8902084e+02
  2.4263389e+02  3.2772392e+02  5.7035781e+02
  2.4963612e+02  3.3989837e+02  5.8953448e+02
  2.1985957e+02  3.5349396e+02  5.7335353e+02
  2.3402208e+02  3.7069956e+02  6.0472165e+02
  2.2489029e+02  3.8050657e+02  6.0539686e+02
  2.1686440e+02  3.9479309e+02  6.1165749e+02
  2.4194060e+02  3.3055607e+02  5.7249667e+02
  2.1504438e+02  3.5317252e+02  5.6821690e+02
  2.3755806e+02  3.6163405e+02  5.9919210e+02
  2.4138613e+02  3.4814659e+02  5.8953272e+02
  2.2802633e+02  3.7624835e+02  6.0427468e+02
  2.5108408e+02  3.3918711e+02  5.9027119e+02
  2.6700243e+02  3.5089397e+02  6.1789640e+02
  2.3151129e+02  3.4474271e+02  5.7625400e+02
  2.4001645e+02  3.4829495e+02  5.8831140e+02
  2.1337402e+02  3.6927999e+02  5.8265401e+02
  2.4042848e+02  3.5706345e+02  5.9749194e+02
  2.5202923e+02  3.6002004e+02  6.1204927e+02
  2.2503546e+02  3.4091832e+02  5.6595378e+02
  2.1724513e+02  3.4525814e+02  5.6250328e+02
  2.4459414e+02  3.6953380e+02  6.1412794e+02
  2.1389800e+02  3.4733211e+02  5.6123011e+02
  1.9667866e+02  3.5218956e+02  5.4886822e+02
  2.3385327e+02  3.7091907e+02  6.0477234e+02
  2.2994005e+02  3.6610688e+02  5.9604693e+02
  2.1382561e+02  3.4959779e+02  5.6342340e+02
  2.3871997e+02  3.3953536e+02  5.7825533e+02
  2.3975447e+02  3.4632861e+02  5.8608308e+02
  2.3361128e+02  3.6561207e+02  5.9922334e+02
  2.3767207e+02  3.3451925e+02  5.7219132e+02
  2.4481146e+02  3.1456615e+02  5.5937761e+02
  2.2954044e+02  3.5866669e+02  5.8820713e+02
  2.0888694e+02  3.7419661e+02  5.8308355e+02
  2.3106134e+02  3.6255979e+02  5.9362113e+02
  2.0627505e+02  3.5699813e+02  5.6327318e+02
  2.2528308e+02  3.6383546e+02  5.8911854e+02
  2.7243765e+02  3.5213958e+02  6.2457723e+02
  2.4266918e+02  3.2623811e+02  5.6890729e+02
  2.3982079e+02  3.5086560e+02  5.9068639e+02
  2.3714179e+02  3.6690692e+02  6.0404871e+02
  2.2035334e+02  3.8072595e+02  6.0107929e+02
  2.2402567e+02  3.4624960e+02  5.7027527e+02
  2.3165786e+02  3.2586367e+02  5.5752153e+02
  2.2578996e+02  3.6493054e+02  5.9072049e+02
  2.4657292e+02  3.9306991e+02  6.3964283e+02
  2.3329472e+02  3.6014607e+02  5.9344079e+02
  2.1545402e+02  3.2702899e+02  5.4248301e+02
  2.4466824e+02  3.3987617e+02  5.8454441e+02
  2.2801411e+02  3.3699954e+02  5.6501366e+02
  1.8074696e+02  3.6410179e+02  5.4484875e+02
  2.4345644e+02  3.7582677e+02  6.1928321e+02
  2.0992893e+02  3.4685853e+02  5.5678746e+02
  2.2038463e+02  3.4656968e+02  5.6695430e+02
  2.5067419e+02  3.5366070e+02  6.0433488e+02
  1.9946358e+02  3.3661156e+02  5.3607514e+02
  2.2638890e+02  3.0929167e+02  5.3568057e+02
  2.6101662e+02  3.4129610e+02  6.0231272e+02
  2.3002738e+02  3.8579395e+02  6.1582133e+02
  2.0487064e+02  3.6508736e+02  5.6995800e+02
  2.3178021e+02  3.3695163e+02  5.6873185e+02
  2.3564028e+02  3.8810844e+02  6.2374872e+02
  2.7369507e+02  3.5513152e+02  6.2882658e+02
  2.3483101e+02  3.6501101e+02  5.9984201e+02
  2.3847582e+02  3.4089760e+02  5.7937341e+02
  2.1907097e+02  3.5452616e+02  5.7359713e+02
  2.2335903e+02  3.2557194e+02  5.4893098e+02
  2.3189336e+02  3.3540726e+02  5.6730062e+02
  2.2091880e+02  3.3014694e+02  5.5106574e+02
  2.3865869e+02  3.5056639e+02  5.8922508e+02
  2.6020648e+02  3.5720454e+02  6.1741102e+02
  2.2285677e+02  3.3818640e+02  5.6104317e+02
  2.4319147e+02  3.6230120e+02  6.0549267e+02
  2.2162984e+02  3.6630655e+02  5.8793639e+02
  2.2441864e+02  3.3874572e+02  5.6316435e+02
  2.2143271e+02  3.2781289e+02  5.4924560e+02
  2.2197372e+02  3.3456353e+02  5.5653725e+02
  2.3661367e+02  3.3354869e+02  5.7016236e+02
  2.2160208e+02  3.3950048e+02  5.6110256e+02
  2.4291229e+02  3.6082331e+02  6.0373560e+02
  2.2322567e+02  3.3468034e+02  5.5790601e+02
  2.1006043e+02  3.5444310e+02  5.6450353e+02
  2.4358135e+02  3.3388663e+02  5.7746798e+02
  2.3883362e+02  3.7819479e+02  6.1702840e+02
  2.5374518e+02  3.4976921e+02  6.0351439e+02
  2.5234011e+02  3.2966504e+02  5.8200514e+02
  2.3315779e+02  3.3610142e+02  5.6925921e+02
  2.2665468e+02  3.6868530e+02  5.9533997e+02
  2.2318720e+02  3.7661499e+02  5.9980219e+02
  2.2999918e+02  3.2878430e+02  5.5878348e+02
  2.1733917e+02  3.2201787e+02  5.3935704e+02
  2.1941424e+02  3.2913326e+02  5.4854750e+02
  1.9927266e+02  3.3935893e+02  5.3863159e+02
  2.3271395e+02  3.5012449e+02  5.8283844e+02
  2.1514256e+02  3.6669846e+02  5.8184101e+02
  2.3024518e+02  3.3932255e+02  5.6956773e+02
  2.1066230e+02  3.4626085e+02  5.5692315e+02
  2.4205616e+02  3.3024249e+02  5.7229864e+02
  2.1969120e+02  3.3278081e+02  5.5247201e+02
  2.2096863e+02  3.1917821e+02  5.4014685e+02
  2.3071860e+02  3.5552515e+02  5.8624375e+02
  2.1774242e+02  3.5455249e+02  5.7229491e+02
  2.4120984e+02  3.6513171e+02  6.0634155e+02
  2.1268038e+02  3.6436456e+02  5.7704493e+02
  2.2418416e+02  3.7012734e+02  5.9431150e+02
  2.2757721e+02  3.2373592e+02  5.5131313e+02
  2.0578829e+02  3.5178459e+02  5.5757288e+02
  2.1340926e+02  3.7644123e+02  5.8985049e+02
  2.4213470e+02  3.5223100e+02  5.9436569e+02
  2.4261427e+02  3.4995666e+02  5.9257093e+02
  2.1449147e+02  3.4891130e+02  5.6340277e+02
  2.2715654e+02  3.6329922e+02  5.9045576e+02
  2.3237799e+02  3.4727105e+02  5.7964905e+02
  2.4547180e+02  3.4039519e+02  5.8586699e+02
  2.2422605e+02  3.2491793e+02  5.4914398e+02
  2.1964495e+02  3.6410067e+02  5.8374562e+02
  2.5750498e+02  3.3343565e+02  5.9094063e+02
  2.6133906e+02  3.5233631e+02  6.1367537e+02
  2.3663633e+02  3.5940534e+02  5.9604167e+02
  1.9374335e+02  3.3082415e+02  5.2456751e+02
  2.3262343e+02  3.6598057e+02  5.9860400e+02
  2.2830861e+02  3.6152157e+02  5.8983018e+02
  2.3397203e+02  3.5229298e+02  5.8626501e+02
  2.1620130e+02  3.5742624e+02  5.7362754e+02
  2.3556841e+02  3.2870205e+02  5.6427046e+02
  2.6259244e+02  3.4614067e+02  6.0873311e+02
  2.1882051e+02  3.5561714e+02  5.7443764e+02
  2.5605026e+02  3.7386647e+02  6.2991674e+02
  1.9707056e+02  3.5079496e+02  5.4786552e+02
  2.4584561e+02  3.4809443e+02  5.9394004e+02
  2.1130830e+02  3.8150294e+02  5.9281124e+02
  2.2039745e+02  3.5450433e+02  5.7490179e+02
  2.3456621e+02  3.6792252e+02  6.0248873e+02
  2.2700223e+02  3.4610084e+02  5.7310307e+02
  2.4864084e+02  4.0684614e+02  6.5548699e+02
  2.3372691e+02  3.7139566e+02  6.0512257e+02
  2.1610180e+02  3.4777470e+02  5.6387650e+02
  2.5810946e+02  3.3609786e+02  5.9420732e+02
  2.1914207e+02  3.6537353e+02  5.8451560e+02
  2.1817129e+02  3.4105716e+02  5.5922846e+02
  2.2733034e+02  3.7182054e+02  5.9915088e+02
  2.4226323e+02  3.5537712e+02  5.9764035e+02
  2.4056131e+02  3.6675605e+02  6.0731736e+02
  2.2121027e+02  3.5024882e+02  5.7145909e+02
  2.6801601e+02  3.4529640e+02  6.1331242e+02
  2.3441865e+02  3.4061582e+02  5.7503448e+02
  2.0950023e+02  3.4864955e+02  5.5814978e+02
  2.3773567e+02  3.4120406e+02  5.7893972e+02
  2.4998695e+02  3.4713334e+02  5.9712029e+02
  2.1736519e+02  3.6166584e+02  5.7903103e+02
  2.4385012e+02  3.4525467e+02  5.8910479e+02
  2.4396396e+02  3.4304341e+02  5.8700737e+02
  2.2590141e+02  3.3793711e+02  5.6383852e+02
  2.2070321e+02  3.4410669e+02  5.6480989e+02
  2.2617587e+02  3.2961923e+02  5.5579510e+02
  2.3045064e+02  3.5110707e+02  5.8155771e+02
  2.3412341e+02  3.6715501e+02  6.0127842e+02
  2.2454085e+02  3.2921802e+02  5.5375888e+02
  2.2902215e+02  3.5009839e+02  5.7912053e+02
  2.5131019e+02  3.5084713e+02  6.0215732e+02
  2.5443789e+02  3.5405381e+02  6.0849169e+02
  1.9816245e+02  3.9066646e+02  5.8882891e+02
  2.4204009e+02  3.4956416e+02  5.9160425e+02
  2.0533641e+02  3.4320710e+02  5.4854350e+02
  2.2991845e+02  3.7233363e+02  6.0225209e+02
  2.3990956e+02  3.8344776e+02  6.2335732e+02
  2.3287982e+02  3.4721993e+02  5.8009975e+02
  2.0187683e+02  3.5695519e+02  5.5883202e+02
  2.4846429e+02  3.3419220e+02  5.8265649e+02
  2.0651451e+02  3.4444399e+02  5.5095850e+02
  2.2458479e+02  3.4501012e+02  5.6959491e+02
  2.1615453e+02  3.4476521e+02  5.6091974e+02
  2.2701879e+02  3.6069647e+02  5.8771525e+02
  2.3806164e+02  3.4801958e+02  5.8608122e+02
  2.4347325e+02  3.4298885e+02  5.8646210e+02
  2.3084223e+02  3.6176462e+02  5.9260686e+02
  2.3754666e+02  3.3674720e+02  5.7429387e+02
  2.0670171e+02  3.5177389e+02  5.5847561e+02
  2.2230827e+02  3.5869110e+02  5.8099938e+02
  2.4830647e+02  3.7139324e+02  6.1969971e+02
  2.2715801e+02  3.7294230e+02  6.0010031e+02
  2.4849662e+02  3.7608022e+02  6.2457684e+02
  2.2180490e+02  3.2546199e+02  5.4726690e+02
  2.4026163e+02  3.4754320e+02  5.8780484e+02
  2.3457670e+02  3.7441105e+02  6.0898775e+02
  2.2988928e+02  3.6854826e+02  5.9843754e+02
  2.2399652e+02  3.4716631e+02  5.7116283e+02
  2.0061858e+02  3.2346254e+02  5.2408112e+02
  2.0844219e+02  3.7271326e+02  5.8115545e+02
  2.3404111e+02  3.5252889e+02  5.8657000e+02
  2.5176410e+02  3.3558575e+02  5.8734984e+02
  2.4087168e+02  3.5098232e+02  5.9185401e+02
  2.1830213e+02  3.1693388e+02  5.3523602e+02
  2.3484640e+02  3.4201137e+02  5.7685777e+02
  2.2868394e+02  3.8762332e+02  6.1630726e+02
  2.1869598e+02  3.6812250e+02  5.8681848e+02
  2.3405550e+02  3.4741222e+02  5.8146772e+02
  2.2449600e+02  3.5479118e+02  5.7928718e+02
  2.2985524e+02  3.3584422e+02  5.6569946e+02
  2.3469166e+02  3.2579018e+02  5.6048183e+02
  2.1722636e+02  3.6775475e+02  5.8498111e+02
  2.2147906e+02  3.4889400e+02  5.7037305e+02
  2.3149620e+02  3.8988245e+02  6.2137865e+02
  2.1196389e+02  3.6645473e+02  5.7841862e+02
  2.4646229e+02  3.3388623e+02  5.8034852e+02
  2.5648436e+02  3.5545065e+02  6.1193501e+02
  2.4719497e+02  3.5729667e+02  6.0449164e+02
  2.4066584e+02  3.5728689e+02  5.9795274e+02
  2.1775902e+02  3.2890651e+02  5.4666553e+02
  2.5997496e+02  3.5551534e+02  6.1549030e+02
  2.3288770e+02  3.3554588e+02  5.6843358e+02
  2.2167752e+02  3.6969360e+02  5.9137112e+02
  2.2186177e+02  3.1718415e+02  5.3904592e+02
  2.2984651e+02  3.5062871e+02  5.8047522e+02
  2.3060460e+02  3.3649358e+02  5.6709818e+02
  2.3972845e+02  3.1635837e+02  5.5608682e+02
  2.1822043e+02  3.3273095e+02  5.5095138e+02
  2.2263350e+02  3.4967183e+02  5.7230533e+02
  2.3441475e+02  3.5316865e+02  5.8758341e+02
  2.3586517e+02  3.5378719e+02  5.8965235e+02
  2.3164792e+02  3.3296335e+02  5.6461128e+02
  2.4386030e+02  3.6368395e+02  6.0754425e+02
  2.3278231e+02  3.4198098e+02  5.7476329e+02
  2.2806223e+02  3.4835064e+02  5.7641288e+02
  2.6012003e+02  3.3503169e+02  5.9515173e+02
  2.2663126e+02  3.1557787e+02  5.4220913e+02
  2.2313194e+02  3.3471069e+02  5.5784263e+02
  2.2923074e+02  3.6108608e+02  5.9031682e+02
  2.1477782e+02  3.7181683e+02  5.8659464e+02
  2.1710428e+02  3.4943470e+02  5.6653898e+02
  2.3559069e+02  3.3598169e+02  5.7157238e+02
  2.2949827e+02  3.6221244e+02  5.9171071e+02
  2.4681558e+02  3.8130756e+02  6.2812313e+02
  2.5313582e+02  3.6079949e+02  6.1393530e+02
  2.4078801e+02  3.3427766e+02  5.7506567e+02
  2.0975169e+02  3.2721993e+02  5.3697163e+02
  2.3721773e+02  3.5317144e+02  5.9038917e+02
  2.3067042e+02  3.3519990e+02  5.6587032e+02
  2.5143300e+02  3.2832443e+02  5.7975743e+02
  2.4636142e+02  3.6826505e+02  6.1462647e+02
  2.2611536e+02  3.5225435e+02  5.7836971e+02
  2.0782154e+02  3.3650256e+02  5.4432410e+02
  2.5159839e+02  3.4692081e+02  5.9851920e+02
  2.2856154e+02  3.3109404e+02  5.5965559e+02
  2.5663665e+02  3.1245147e+02  5.6908812e+02
  2.5898769e+02  3.3706013e+02  5.9604782e+02
  2.4516870e+02  3.2891517e+02  5.7408387e+02
  2.3447866e+02  3.7206213e+02  6.0654079e+02
  2.5717362e+02  3.4803689e+02  6.0521051e+02
  2.0475796e+02  3.6645186e+02  5.7120981e+02
  2.4704474e+02  3.5795324e+02  6.0499798e+02
  2.3096759e+02  3.0429856e+02  5.3526615e+02
  2.1601118e+02  3.5276314e+02  5.6877433e+02
  2.2119962e+02  3.6061745e+02  5.8181707e+02
  2.1383285e+02  3.4254395e+02  5.5637680e+02
  2.2886231e+02  3.5791832e+02  5.8678063e+02
  2.3272122e+02  3.7429923e+02  6.0702044e+02
  2.0497134e+02  3.6848904e+02  5.7346038e+02
  2.4352633e+02  3.5140843e+02  5.9493476e+02
  2.5421130e+02  3.2072310e+02  5.7493440e+02
  2.5715715e+02  3.5126104e+02  6.0841819e+02
  2.4886414e+02  3.6542264e+02  6.1428678e+02
  2.1988380e+02  3.6439546e+02  5.8427925e+02
  2.3618452e+02  3.7106242e+02  6.0724694e+02
  2.2175019e+02  3.5308649e+02  5.7483668e+02
  2.4340667e+02  3.2176686e+02  5.6517353e+02
  2.4262718e+02  3.7146350e+02  6.1409068e+02
  2.1293960e+02  3.6201798e+02  5.7495759e+02
  2.3903909e+02  3.7111762e+02  6.1015671e+02
  2.4041821e+02  3.3203873e+02  5.7245694e+02
  2.4081542e+02  3.2784750e+02  5.6866291e+02
  2.2024815e+02  3.8507782e+02  6.0532597e+02
  2.2359065e+02  3.3014599e+02  5.5373664e+02
  2.5383240e+02  3.9399459e+02  6.4782699e+02
  2.3674341e+02  3.3710206e+02  5.7384547e+02
  2.4563386e+02  3.5385501e+02  5.9948887e+02
  2.5001665e+02  3.5549660e+02  6.0551325e+02
  2.3919172e+02  3.4515311e+02  5.8434483e+02
  2.2296795e+02  3.0808726e+02  5.3105522e+02
  2.4948963e+02  3.2785049e+02  5.7734012e+02
  2.3829069e+02  3.6745570e+02  6.0574639e+02
  2.4901188e+02  3.7018741e+02  6.1919929e+02
  1.9752220e+02  3.3478725e+02  5.3230945e+02
  2.4018420e+02  3.5930944e+02  5.9949363e+02
  2.3732417e+02  3.7421990e+02  6.1154407e+02
  2.2823100e+02  3.2798302e+02  5.5621402e+02
  2.2800037e+02  3.1973395e+02  5.4773432e+02
  2.1522127e+02  3.3449447e+02  5.4971574e+02
  2.3198442e+02  3.5949187e+02  5.9147629e+02
  2.3416350e+02  3.7099247e+02  6.0515597e+02
  2.2477804e+02  3.4569823e+02  5.7047628e+02
  2.3743358e+02  3.4473728e+02  5.8217086e+02
  2.2466814e+02  3.3922381e+02  5.6389195e+02
  2.2569933e+02  3.5061864e+02  5.7631797e+02
  2.5381919e+02  3.5789621e+02  6.1171540e+02
  2.2308673e+02  3.6971954e+02  5.9280627e+02
  2.2962159e+02  3.5189407e+02  5.8151566e+02
  2.2330355e+02  3.5284849e+02  5.7615205e+02
  2.2685516e+02  3.4532471e+02  5.7217986e+02
  2.1737377e+02  3.3801117e+02  5.5538494e+02
  2.0299911e+02  3.4307367e+02  5.4607278e+02
  2.2614552e+02  3.6139887e+02  5.8754438e+02
  2.1894334e+02  3.6298811e+02  5.8193145e+02
  2.4200991e+02  3.5658361e+02  5.9859352e+02
  2.5259869e+02  3.4878473e+02  6.0138341e+02
  2.2483324e+02  3.5254610e+02  5.7737934e+02
  2.1588880e+02  3.3716704e+02  5.5305583e+02
  2.3668743e+02  3.7447456e+02  6.1116200e+02
  2.2865893e+02  3.5830907e+02  5.8696800e+02
  2.1900915e+02  3.5459747e+02  5.7360662e+02
  2.2303392e+02  3.4694593e+02  5.6997985e+02
  2.4360980e+02  3.4748708e+02  5.9109688e+02
  2.4080805e+02  3.4617952e+02  5.8698756e+02
  2.2209700e+02  3.3950550e+02  5.6160250e+02
  2.3037197e+02  3.3381763e+02  5.6418960e+02
  2.3804077e+02  3.3821064e+02  5.7625141e+02
  2.4496775e+02  3.3192502e+02  5.7689276e+02
  2.1734789e+02  3.7769564e+02  5.9504353e+02
  2.3732593e+02  3.8380008e+02  6.2112601e+02
  2.2106160e+02  3.6386806e+02  5.8492966e+02
  2.1854454e+02  3.5232248e+02  5.7086703e+02
  2.4304426e+02  3.4340808e+02  5.8645234e+02
  2.2625018e+02  3.5616428e+02  5.8241445e+02
  2.2904571e+02  3.5268760e+02  5.8173331e+02
  2.5310839e+02  3.4455497e+02  5.9766336e+02
  2.1852703e+02  3.6364168e+02  5.8216870e+02
  2.0439039e+02  3.8900591e+02  5.9339629e+02
  2.2027223e+02  3.2144810e+02  5.4172033e+02
  2.4194784e+02  3.3304815e+02  5.7499599e+02
  2.4229491e+02  3.4834688e+02  5.9064179e+02
  2.1945208e+02  3.3324597e+02  5.5269805e+02
  2.3122597e+02  3.3482303e+02  5.6604900e+02
  2.3041878e+02  3.4776914e+02  5.7818792e+02
  2.1985325e+02  3.7365893e+02  5.9351218e+02
  2.1157322e+02  3.8995330e+02  6.0152652e+02
  2.4082563e+02  3.7409493e+02  6.1492056e+02
  1.9635416e+02  3.5251436e+02  5.4886853e+02
  2.5619693e+02  3.2784367e+02  5.8404060e+02
  2.3368300e+02  3.6461087e+02  5.9829387e+02
  2.2814105e+02  3.7075153e+02  5.9889258e+02
  2.4146585e+02  3.6199858e+02  6.0346443e+02
  2.3451711e+02  3.5254952e+02  5.8706663e+02
  2.2922598e+02  3.5158524e+02  5.8081122e+02
  2.3906031e+02  3.6142024e+02  6.0048055e+02
  2.3542871e+02  3.4832974e+02  5.8375844e+02
  2.3675031e+02  3.4444626e+02  5.8119657e+02
  2.4156009e+02  3.5473744e+02  5.9629752e+02
  2.3272453e+02  3.8464485e+02  6.1736937e+02
  2.0940169e+02  3.3963438e+02  5.4903608e+02
  2.4594434e+02  3.3250782e+02  5.7845216e+02
  2.4645306e+02  3.5283225e+02  5.9928531e+02
  2.2941031e+02  3.4267345e+02  5.7208377e+02
  2.2665004e+02  3.4227597e+02  5.6892601e+02
  2.4089059e+02  3.5061339e+02  5.9150399e+02
  2.3081841e+02  3.2518225e+02  5.5600066e+02
  2.3864989e+02  3.0518059e+02  5.4383047e+02
  2.3774512e+02  3.2200390e+02  5.5974902e+02
  2.1520740e+02  3.5431637e+02  5.6952378e+02
  2.1952087e+02  3.4876832e+02  5.6828920e+02
  2.0584498e+02  3.4601980e+02  5.5186478e+02
  2.7132913e+02  3.5908389e+02  6.3041302e+02
  2.5201554e+02  3.7225795e+02  6.2427349e+02
  2.4201571e+02  3.8058991e+02  6.2260562e+02
  2.2935013e+02  3.6445475e+02  5.9380488e+02
  2.4475717e+02  3.3358146e+02  5.7833864e+02
  2.3923315e+02  3.6302982e+02  6.0226297e+02
  2.2949588e+02  3.5728568e+02  5.8678157e+02
  2.2541164e+02  3.3531929e+02  5.6073094e+02
  2.2291321e+02  3.3727920e+02  5.6019241e+02
  2.0680195e+02  3.8074549e+02  5.8754744e+02
  2.0970125e+02  3.4778332e+02  5.5748456e+02
  2.1343152e+02  3.4523275e+02  5.5866427e+02
  2.2775112e+02  3.7780179e+02  6.0555291e+02
  2.5723454e+02  3.2338920e+02  5.8062375e+02
  2.4278230e+02  3.3500162e+02  5.7778393e+02
  2.3693344e+02  3.3937754e+02  5.7631098e+02
  2.0112140e+02  3.3269757e+02  5.3381897e+02
  2.4223047e+02  3.7390391e+02  6.1613438e+02
  2.2670470e+02  3.4709372e+02  5.7379843e+02
  2.0480625e+02  3.2168463e+02  5.2649087e+02
  2.3549182e+02  3.4562971e+02  5.8112153e+02
  2.0500463e+02  3.2171088e+02  5.2671551e+02
  2.0599714e+02  3.4686677e+02  5.5286391e+02
  2.2656765e+02  3.4138679e+02  5.6795444e+02
  2.2736817e+02  3.6353269e+02  5.9090086e+02
  2.4232951e+02  3.6229014e+02  6.0461965e+02
  2.4021293e+02  3.6731399e+02  6.0752692e+02
  2.4719493e+02  3.6864694e+02  6.1584187e+02
  2.8019347e+02  3.6823884e+02  6.4843231e+02
  2.3041804e+02  3.5266277e+02  5.8308081e+02
  2.3835573e+02  3.4343632e+02  5.8179205e+02
  2.3595033e+02  3.4758307e+02  5.8353339e+02
  2.0646370e+02  3.4361113e+02  5.5007483e+02
  2.1801658e+02  3.4877419e+02  5.6679077e+02
  2.2953705e+02  3.8921362e+02  6.1875066e+02
  2.3694099e+02  3.6459982e+02  6.0154081e+02
  2.1586455e+02  3.6068675e+02  5.7655129e+02
  2.4082081e+02  3.6601007e+02  6.0683088e+02
  2.5215476e+02  3.3543035e+02  5.8758511e+02
  1.9801298e+02  3.4147650e+02  5.3948948e+02
  1.8136571e+02  3.7543188e+02  5.5679759e+02
  2.4170665e+02  3.1627757e+02  5.5798422e+02
  1.9287777e+02  3.3568798e+02  5.2856576e+02
  2.5023193e+02  3.5717701e+02  6.0740894e+02
  2.4179279e+02  3.4891290e+02  5.9070568e+02
  2.0677224e+02  3.4946120e+02  5.5623345e+02
  2.4469749e+02  3.4657165e+02  5.9126914e+02
  2.3707757e+02  3.6146926e+02  5.9854683e+02
  2.4213921e+02  3.7251453e+02  6.1465373e+02
  2.0571858e+02  3.6248538e+02  5.6820396e+02
  2.3601044e+02  3.7327749e+02  6.0928793e+02
  2.2691892e+02  3.5005300e+02  5.7697192e+02
  2.3381428e+02  3.6016377e+02  5.9397805e+02
  2.4703807e+02  3.6381378e+02  6.1085185e+02
  2.0507589e+02  4.0092553e+02  6.0600142e+02
  2.3593502e+02  3.7248626e+02  6.0842128e+02
  2.2330812e+02  3.5823750e+02  5.8154562e+02
  2.4118411e+02  3.0994860e+02  5.5113271e+02
  2.4614545e+02  3.7018663e+02  6.1633208e+02
  2.3415279e+02  2.9496175e+02  5.2911454e+02
  2.3806311e+02  3.5036993e+02  5.8843304e+02
  2.2835832e+02  3.5598299e+02  5.8434131e+02
  2.1894296e+02  3.4282784e+02  5.6177081e+02
  2.5386579e+02  3.5233141e+02  6.0619720e+02
  2.5313680e+02  3.5026304e+02  6.0339984e+02
  2.4460643e+02  3.6792078e+02  6.1252721e+02
  2.4264708e+02  3.2690130e+02  5.6954839e+02
  2.0670576e+02  3.1741050e+02  5.2411626e+02
  2.1898009e+02  3.5198697e+02  5.7096706e+02
  2.4358271e+02  3.3507019e+02  5.7865291e+02
  2.1508403e+02  3.3460526e+02  5.4968929e+02
  2.4454982e+02  3.5768872e+02  6.0223854e+02
  2.2555393e+02  3.6951029e+02  5.9506422e+02
  2.1521882e+02  3.5852223e+02  5.7374105e+02
  2.4927502e+02  3.4764825e+02  5.9692327e+02
  2.4175036e+02  3.5046907e+02  5.9221943e+02
  2.2648277e+02  3.8702211e+02  6.1350488e+02
  2.4362631e+02  3.5861330e+02  6.0223962e+02
  2.4667828e+02  3.3338594e+02  5.8006422e+02
  2.0863779e+02  3.3525793e+02  5.4389572e+02
  2.0484170e+02  3.7552882e+02  5.8037052e+02
  2.0859428e+02  4.0326402e+02  6.1185829e+02
  2.2948989e+02  3.2481530e+02  5.5430519e+02
  2.3307875e+02  3.4288176e+02  5.7596051e+02
  2.5278147e+02  3.5803601e+02  6.1081748e+02
  2.5133350e+02  3.5802700e+02  6.0936050e+02
  2.1783207e+02  3.7418064e+02  5.9201270e+02
  2.3873370e+02  3.7712116e+02  6.1585486e+02
  2.5602569e+02  3.7152395e+02  6.2754964e+02
  2.2124457e+02  3.5074166e+02  5.7198623e+02
  2.1730183e+02  3.4095839e+02  5.5826022e+02
  2.3736587e+02  3.8605908e+02  6.2342495e+02
  2.3456513e+02  3.5927770e+02  5.9384283e+02
  2.3447480e+02  3.8162442e+02  6.1609922e+02
  2.3325846e+02  3.5287756e+02  5.8613602e+02
  2.1086816e+02  3.6214267e+02  5.7301083e+02
  2.4828505e+02  3.3746978e+02  5.8575483e+02
  2.4490346e+02  3.2446894e+02  5.6937240e+02
  2.2443624e+02  3.6336322e+02  5.8779947e+02
  2.4267575e+02  3.9489383e+02  6.3756957e+02
  2.3124853e+02  3.4061727e+02  5.7186580e+02
  2.2775399e+02  3.4618154e+02  5.7393554e+02
  2.6109788e+02  3.2709804e+02  5.8819592e+02
  2.3136529e+02  3.8116816e+02  6.1253345e+02
  2.6267052e+02  3.5190698e+02  6.1457750e+02
  2.4739427e+02  3.3374530e+02  5.8113957e+02
  2.1463786e+02  3.5462763e+02  5.6926549e+02
  2.2703447e+02  3.4207112e+02  5.6910559e+02
  2.0815709e+02  3.4729960e+02  5.5545669e+02
  2.3789649e+02  3.4587248e+02  5.8376897e+02
  2.4053000e+02  3.0559993e+02  5.4612993e+02
  2.3092932e+02  3.3632434e+02  5.6725366e+02
  2.1909504e+02  3.4789883e+02  5.6699387e+02
  2.2790909e+02  3.2948270e+02  5.5739179e+02
  2.5011251e+02  3.6277342e+02  6.1288593e+02
  2.2518049e+02  3.3654042e+02  5.6172091e+02
  2.6019130e+02  3.5213092e+02  6.1232222e+02
  2.3870857e+02  3.7169065e+02  6.1039922e+02
  2.2307615e+02  3.5306330e+02  5.7613945e+02
  2.2773701e+02  3.6587127e+02  5.9360829e+02
  2.2939352e+02  3.2897278e+02  5.5836630e+02
  2.2984600e+02  3.5864624e+02  5.8849224e+02
  2.3460287e+02  3.3402701e+02  5.6862987e+02
  2.3071443e+02  3.1826296e+02  5.4897739e+02
  2.2429826e+02  3.5736024e+02  5.8165850e+02
  2.3688093e+02  3.5107559e+02  5.8795652e+02
  2.3313468e+02  3.1799194e+02  5.5112662e+02
  2.3282860e+02  3.3304452e+02  5.6587313e+02
  2.2286214e+02  3.3502659e+02  5.5788874e+02
  2.2840800e+02  3.4636321e+02  5.7477121e+02
  2.5402533e+02  3.4160216e+02  5.9562749e+02
  2.0820781e+02  3.6096586e+02  5.6917366e+02
  2.2018846e+02  3.5574270e+02  5.7593115e+02
  2.2085467e+02  3.5858504e+02  5.7943971e+02
  2.3233364e+02  3.5283412e+02  5.8516776e+02
  2.2818433e+02  3.5423484e+02  5.8241917e+02
  2.3691332e+02  3.3923103e+02  5.7614435e+02
  2.0255350e+02  3.4050340e+02  5.4305690e+02
  2.3164906e+02  3.3849799e+02  5.7014705e+02
  2.3570072e+02  3.2942821e+02  5.6512893e+02
  2.1371162e+02  3.4143470e+02  5.5514632e+02
  2.0807489e+02  3.5791974e+02  5.6599463e+02
  2.4801467e+02  3.2918886e+02  5.7720353e+02
  2.1498483e+02  3.3333971e+02  5.4832455e+02
  2.4198241e+02  3.4580162e+02  5.8778403e+02
  2.0816677e+02  3.7343861e+02  5.8160538e+02
  2.1796807e+02  3.7491089e+02  5.9287896e+02
  2.2329339e+02  3.3147343e+02  5.5476682e+02
  2.4259991e+02  3.4948656e+02  5.9208647e+02
  2.3688535e+02  3.4736592e+02  5.8425127e+02
  2.3566265e+02  3.4452317e+02  5.8018582e+02
  2.2352081e+02  3.3773439e+02  5.6125521e+02
  1.9938484e+02  3.1796575e+02  5.1735060e+02
  2.2245227e+02  3.6459637e+02  5.8704863e+02
  2.5287245e+02  3.6506111e+02  6.1793355e+02
  2.3847482e+02  3.3748959e+02  5.7596441e+02
  2.2323364e+02  3.6372911e+02  5.8696275e+02
  2.1787676e+02  3.5971697e+02  5.7759374e+02
  2.5175376e+02  3.6631453e+02  6.1806828e+02
  2.3776269e+02  3.3266095e+02  5.7042364e+02
  2.3514213e+02  3.4306170e+02  5.7820383e+02
  2.1281092e+02  3.3720162e+02  5.5001253e+02
  2.1710890e+02  3.6827648e+02  5.8538538e+02
  2.4278503e+02  3.7906847e+02  6.2185350e+02
  2.5482323e+02  3.4411276e+02  5.9893600e+02
  2.2920634e+02  3.4610544e+02  5.7531178e+02
  2.4874770e+02  3.7717893e+02  6.2592662e+02
  2.2054539e+02  3.5081747e+02  5.7136286e+02
  2.0840194e+02  3.2708639e+02  5.3548833e+02
  2.4672644e+02  3.7511535e+02  6.2184179e+02
  2.4857388e+02  3.4694009e+02  5.9551397e+02
  2.4094541e+02  3.5467719e+02  5.9562260e+02
  2.2858835e+02  3.2756224e+02  5.5615059e+02
  2.3015235e+02  3.4243348e+02  5.7258583e+02
  2.1193819e+02  3.2691460e+02  5.3885280e+02
  2.3045588e+02  3.4366995e+02  5.7412583e+02
  2.2020572e+02  3.4101469e+02  5.6122040e+02
  2.4689951e+02  3.4568317e+02  5.9258268e+02
  2.2520532e+02  3.6048768e+02  5.8569300e+02
  2.1993603e+02  3.6282224e+02  5.8275827e+02
  2.2384610e+02  3.7379617e+02  5.9764227e+02
  2.2168914e+02  3.7762983e+02  5.9931896e+02
  2.3388520e+02  3.7954458e+02  6.1342978e+02
  2.3724233e+02  3.2456797e+02  5.6181030e+02
  2.0489413e+02  3.6259470e+02  5.6748883e+02
  2.1570588e+02  3.5394622e+02  5.6965209e+02
  2.2585987e+02  3.5396569e+02  5.7982556e+02
  2.4217105e+02  3.5049015e+02  5.9266120e+02
  2.3542488e+02  3.7043304e+02  6.0585792e+02
  2.0052591e+02  3.8995226e+02  5.9047817e+02
  2.2500905e+02  3.1661346e+02  5.4162251e+02
  2.3518972e+02  3.4505451e+02  5.8024423e+02
  2.3543605e+02  3.4282731e+02  5.7826336e+02
  2.0940061e+02  3.3302589e+02  5.4242650e+02
  2.4963067e+02  3.3756121e+02  5.8719189e+02
  2.3318970e+02  3.5604052e+02  5.8923022e+02
  2.3246354e+02  3.5518468e+02  5.8764822e+02
  2.4978658e+02  3.2982094e+02  5.7960752e+02
  1.9829398e+02  3.4215935e+02  5.4045333e+02
  2.7103842e+02  3.4201120e+02  6.1304962e+02
  2.2777289e+02  3.6140995e+02  5.8918284e+02
  2.2752436e+02  3.6261856e+02  5.9014292e+02
  2.4208846e+02  3.5723300e+02  5.9932146e+02
  2.0939712e+02  3.3935763e+02  5.4875474e+02
  2.3199883e+02  3.7074533e+02  6.0274416e+02
  2.3413125e+02  3.1063128e+02  5.4476253e+02
  2.4144856e+02  3.6702031e+02  6.0846888e+02
  2.1403925e+02  3.2940141e+02  5.4344066e+02
  2.1431453e+02  3.8406293e+02  5.9837747e+02
  2.3546266e+02  3.5722436e+02  5.9268702e+02
  2.3088372e+02  3.9476218e+02  6.2564590e+02
  2.3348855e+02  3.6908889e+02  6.0257744e+02
  2.5113559e+02  3.3955473e+02  5.9069032e+02
  2.1693100e+02  3.4918799e+02  5.6611899e+02
  2.4075203e+02  3.5582438e+02  5.9657641e+02
  2.0956636e+02  3.3709502e+02  5.4666138e+02
  2.3953140e+02  3.4693300e+02  5.8646440e+02
  2.1464263e+02  3.7543661e+02  5.9007924e+02
  2.5548760e+02  3.3221642e+02  5.8770403e+02
  2.2341497e+02  3.3990079e+02  5.6331576e+02
  2.3098257e+02  3.4880863e+02  5.7979120e+02
  2.3843867e+02  3.1542904e+02  5.5386771e+02
  2.3018386e+02  3.5765189e+02  5.8783575e+02
  2.3208472e+02  3.7502442e+02  6.0710913e+02
  2.0600004e+02  3.4232342e+02  5.4832347e+02
  2.4506167e+02  3.2361855e+02  5.6868022e+02
  2.6508681e+02  3.5984451e+02  6.2493132e+02
  2.2533103e+02  3.3036613e+02  5.5569715e+02
  2.0895487e+02  3.6712354e+02  5.7607841e+02
  2.4489088e+02  3.6097292e+02  6.0586380e+02
  2.3097209e+02  3.3036948e+02  5.6134157e+02
  2.2539738e+02  3.3699392e+02  5.6239130e+02
  2.5210367e+02  3.6803950e+02  6.2014317e+02
  2.4685439e+02  3.4147227e+02  5.8832666e+02
  2.3576448e+02  3.8113462e+02  6.1689910e+02
  2.3864356e+02  3.9014649e+02  6.2879005e+02
  2.2481552e+02  3.5389739e+02  5.7871291e+02
  2.0710876e+02  3.4624634e+02  5.5335510e+02
  2.1724938e+02  3.6340301e+02  5.8065239e+02
  2.1484537e+02  3.2957299e+02  5.4441836e+02
  2.5807049e+02  3.7429142e+02  6.3236191e+02
  2.4042922e+02  3.5588309e+02  5.9631231e+02
  2.1189383e+02  3.7499628e+02  5.8689011e+02
  2.3498545e+02  3.7394519e+02  6.0893063e+02
  2.1934628e+02  3.2327371e+02  5.4261998e+02
  2.1674259e+02  3.6142013e+02  5.7816272e+02
  2.2666029e+02  3.8280924e+02  6.0946954e+02
  2.2582213e+02  3.4136019e+02  5.6718231e+02
  2.2483911e+02  3.7633040e+02  6.0116951e+02
  2.3074235e+02  3.4177787e+02  5.7252023e+02
  2.6487182e+02  3.7039526e+02  6.3526708e+02
  2.1759099e+02  3.6116651e+02  5.7875749e+02
  2.1918519e+02  3.3909303e+02  5.5827822e+02
  2.1573047e+02  3.4787005e+02  5.6360051e+02
  2.1753970e+02  3.6798895e+02  5.8552865e+02
  2.5067800e+02  3.3187866e+02  5.8255667e+02
  2.5161083e+02  3.1396470e+02  5.6557554e+02
  2.4197944e+02  3.2518374e+02  5.6716318e+02
  2.1739448e+02  3.1397180e+02  5.3136628e+02
  2.2000125e+02  3.5341513e+02  5.7341638e+02
  2.2813251e+02  3.6839390e+02  5.9652641e+02
  2.2552745e+02  3.7863958e+02  6.0416703e+02
  2.2510162e+02  3.3980598e+02  5.6490759e+02
  2.1128960e+02  3.9618770e+02  6.0747730e+02
  2.3727562e+02  3.6669080e+02  6.0396641e+02
  2.3961296e+02  3.5746332e+02  5.9707628e+02
  2.4539283e+02  3.6618444e+02  6.1157726e+02
  1.9656545e+02  3.6549761e+02  5.6206306e+02
  2.0827312e+02  3.2988143e+02  5.3815455e+02
  2.3437013e+02  3.5610097e+02  5.9047110e+02
  2.2419582e+02  3.4190391e+02  5.6609973e+02
  2.3145551e+02  3.4447247e+02  5.7592799e+02
  2.3003490e+02  3.4387799e+02  5.7391288e+02
  2.5479441e+02  3.4650289e+02  6.0129730e+02
  2.1131861e+02  3.2954195e+02  5.4086056e+02
  2.1843031e+02  3.6619211e+02  5.8462242e+02
  2.4977101e+02  3.6052958e+02  6.1030059e+02
  2.5392543e+02  3.7945618e+02  6.3338161e+02
  2.1605736e+02  3.2700544e+02  5.4306281e+02
  2.3202529e+02  3.5317124e+02  5.8519653e+02
  2.2444971e+02  3.5551141e+02  5.7996112e+02
  2.2007206e+02  3.3272856e+02  5.5280061e+02
  2.4584983e+02  3.4694186e+02  5.9279170e+02
  2.4291358e+02  3.5855377e+02  6.0146735e+02
  2.0329159e+02  3.6587092e+02  5.6916251e+02
  2.2372618e+02  3.4384459e+02  5.6757077e+02
  2.1172169e+02  3.7758354e+02  5.8930524e+02
  2.2117798e+02  3.7161584e+02  5.9279382e+02
  2.5099231e+02  3.2740505e+02  5.7839736e+02
  2.2342314e+02  3.6524591e+02  5.8866905e+02
  2.3928804e+02  3.6541938e+02  6.0470742e+02
  2.2394090e+02  3.5495687e+02  5.7889776e+02
  2.3914950e+02  3.6062462e+02  5.9977413e+02
  2.4481440e+02  3.5211285e+02  5.9692726e+02
  2.2755505e+02  3.5288830e+02  5.8044335e+02
  2.4786424e+02  3.6246387e+02  6.1032810e+02
  2.3712845e+02  3.3950311e+02  5.7663156e+02
  2.2078000e+02  3.2312398e+02  5.4390398e+02
  2.1570392e+02  3.5143340e+02  5.6713732e+02
  2.1140874e+02  3.3811725e+02  5.4952598e+02
  2.2501734e+02  3.2754685e+02  5.5256419e+02
  2.3458782e+02  3.3189099e+02  5.6647881e+02
  2.3167461e+02  3.5756254e+02  5.8923715e+02
  2.2663736e+02  3.3877683e+02  5.6541419e+02
  2.1030163e+02  3.3068629e+02  5.4098791e+02
  2.7022275e+02  3.3856491e+02  6.0878766e+02
  2.4256154e+02  3.6404099e+02  6.0660253e+02
  2.2373588e+02  3.5351352e+02  5.7724940e+02
  2.5376885e+02  3.8677685e+02  6.4054570e+02
  2.5176489e+02  3.1063226e+02  5.6239716e+02
  2.4408978e+02  3.3357928e+02  5.7766906e+02
  2.3533520e+02  3.4987788e+02  5.8521308e+02
  2.3570833e+02  3.5666135e+02  5.9236968e+02
  2.1560606e+02  3.8570063e+02  6.0130669e+02
  2.4456099e+02  3.5722749e+02  6.0178848e+02
  2.3342474e+02  3.8101898e+02  6.1444372e+02
  2.2052520e+02  3.3692224e+02  5.5744745e+02
  2.3482177e+02  3.3910868e+02  5.7393044e+02
  2.2236597e+02  3.2698787e+02  5.4935383e+02
  2.2444119e+02  3.2959856e+02  5.5403974e+02
  2.2365811e+02  3.4660995e+02  5.7026806e+02
  2.3628769e+02  3.3804498e+02  5.7433266e+02
  2.3022513e+02  3.4302316e+02  5.7324829e+02
  2.0843145e+02  4.0390021e+02  6.1233166e+02
  1.9454986e+02  3.7673230e+02  5.7128215e+02
  2.4385015e+02  3.2551716e+02  5.6936731e+02
  2.2707398e+02  3.5416553e+02  5.8123951e+02
  2.3929117e+02  3.1706443e+02  5.5635560e+02
  2.2517105e+02  3.4196728e+02  5.6713833e+02
  2.4222087e+02  3.4910062e+02  5.9132149e+02
  2.3554212e+02  3.1026590e+02  5.4580802e+02
  2.2474980e+02  3.5301392e+02  5.7776372e+02
  2.5991673e+02  3.8068067e+02  6.4059740e+02
  2.3932247e+02  3.5595295e+02  5.9527543e+02
  2.3704604e+02  3.5841417e+02  5.9546021e+02
  2.2291575e+02  3.5185922e+02  5.7477497e+02
  1.9371819e+02  3.6097416e+02  5.5469235e+02
  2.2084587e+02  3.5066003e+02  5.7150589e+02
  2.5899867e+02  3.8634348e+02  6.4534215e+02
  2.3673478e+02  3.3473682e+02  5.7147160e+02
  2.3717557e+02  3.5496191e+02  5.9213748e+02
  2.2760373e+02  3.3014630e+02  5.5775004e+02
  2.2931179e+02  3.5197990e+02  5.8129170e+02
  2.2104615e+02  3.2397770e+02  5.4502385e+02
  2.3241082e+02  3.2584654e+02  5.5825736e+02
  2.2726313e+02  3.5197102e+02  5.7923415e+02
  2.3403622e+02  3.3209796e+02  5.6613419e+02
  2.1838940e+02  3.9256655e+02  6.1095595e+02
  2.6057282e+02  3.4514731e+02  6.0572013e+02
  2.2428146e+02  3.6349639e+02  5.8777785e+02
  2.1026150e+02  3.3439907e+02  5.4466057e+02
  2.4760565e+02  3.6432180e+02  6.1192745e+02
  2.4399451e+02  3.4688609e+02  5.9088060e+02
  2.3346110e+02  3.3001395e+02  5.6347505e+02
  2.1906094e+02  3.5026292e+02  5.6932386e+02
  2.3914327e+02  3.3955813e+02  5.7870140e+02
  2.2521676e+02  3.3563075e+02  5.6084751e+02
  2.4987360e+02  3.5523946e+02  6.0511306e+02
  2.4717044e+02  3.7128688e+02  6.1845732e+02
  2.3188227e+02  3.2900247e+02  5.6088474e+02
  2.5015832e+02  3.3438291e+02  5.8454123e+02
  2.6141685e+02  3.6361968e+02  6.2503652e+02
  2.4353818e+02  3.2529793e+02  5.6883611e+02
  2.2526812e+02  3.6754139e+02  5.9280951e+02
  2.3877432e+02  3.2526382e+02  5.6403814e+02
  2.3313595e+02  3.2044999e+02  5.5358593e+02
  2.3131463e+02  3.3709866e+02  5.6841329e+02
  2.1586390e+02  3.4944053e+02  5.6530443e+02
  2.3672535e+02  3.6380149e+02  6.0052684e+02
  2.3959691e+02  3.2601342e+02  5.6561033e+02
  2.5645961e+02  3.8902892e+02  6.4548853e+02
  2.3003619e+02  3.5437225e+02  5.8440844e+02
  2.0505019e+02  3.4557016e+02  5.5062035e+02
  2.2712149e+02  3.2110609e+02  5.4822758e+02
  2.4944205e+02  3.4958442e+02  5.9902647e+02
  2.4740629e+02  3.8186241e+02  6.2926871e+02
  2.1613600e+02  3.5823648e+02  5.7437248e+02
  2.2571219e+02  4.0019639e+02  6.2590858e+02
  2.3219846e+02  3.5521811e+02  5.8741657e+02
  2.2884341e+02  3.5167710e+02  5.8052052e+02
  2.3543541e+02  3.4350364e+02  5.7893906e+02
  2.3693534e+02  3.5769063e+02  5.9462597e+02
  2.1307826e+02  3.4568879e+02  5.5876705e+02
  2.1577642e+02  3.8808593e+02  6.0386235e+02
  2.5114364e+02  3.6747736e+02  6.1862100e+02
  2.1355764e+02  3.7485187e+02  5.8840951e+02
  2.5270447e+02  3.1629865e+02  5.6900312e+02
  2.3830711e+02  3.1941354e+02  5.5772065e+02
  2.3060495e+02  3.4569546e+02  5.7630041e+02
  1.9982446e+02  3.3621939e+02  5.3604385e+02
  2.3847170e+02  3.5235939e+02  5.9083109e+02
  2.3109361e+02  3.6522690e+02  5.9632051e+02
  2.5560617e+02  3.5052849e+02  6.0613466e+02
  2.4739967e+02  3.5080800e+02  5.9820767e+02
  2.0029102e+02  3.5955710e+02  5.5984812e+02
  2.4608435e+02  3.7285939e+02  6.1894374e+02
  2.1836119e+02  3.2456559e+02  5.4292678e+02
  2.2947462e+02  3.6761493e+02  5.9708955e+02
  2.2610030e+02  3.4868647e+02  5.7478677e+02
  2.3643608e+02  3.3959437e+02  5.7603045e+02
  2.3431981e+02  3.3275541e+02  5.6707522e+02
  2.5040979e+02  3.5393673e+02  6.0434652e+02
  2.3439736e+02  3.4523074e+02  5.7962810e+02
  2.1639041e+02  3.4527086e+02  5.6166127e+02
  2.3994915e+02  3.6607481e+02  6.0602396e+02
  2.1705680e+02  3.5616728e+02  5.7322408e+02
  2.4299867e+02  3.3592109e+02  5.7891976e+02
  2.2265985e+02  3.5924700e+02  5.8190685e+02
  2.4946662e+02  3.5042961e+02  5.9989623e+02
  2.3416808e+02  3.3324339e+02  5.6741147e+02
  2.3688938e+02  3.4872849e+02  5.8561787e+02
  2.2250557e+02  3.4266258e+02  5.6516815e+02
  2.3784176e+02  3.3208140e+02  5.6992316e+02
  2.2438753e+02  3.9019553e+02  6.1458306e+02
  1.9782346e+02  3.3521627e+02  5.3303973e+02
  2.3616122e+02  3.4266761e+02  5.7882883e+02
  2.4976466e+02  3.6684408e+02  6.1660874e+02
  2.4209533e+02  3.2695801e+02  5.6905334e+02
  2.4989651e+02  3.4361739e+02  5.9351390e+02
  2.2887364e+02  3.6024154e+02  5.8911518e+02
  2.2973948e+02  3.3392478e+02  5.6366426e+02
  2.4337041e+02  3.5638646e+02  5.9975687e+02
  2.0233218e+02  3.4489163e+02  5.4722381e+02
  2.3451063e+02  3.4954518e+02  5.8405581e+02
  2.3244055e+02  3.3135271e+02  5.6379326e+02
  2.2546226e+02  3.4762752e+02  5.7308978e+02
  2.3417724e+02  3.6760109e+02  6.0177833e+02
  2.3852877e+02  3.5395417e+02  5.9248295e+02
  2.3752521e+02  3.4318258e+02  5.8070780e+02
  2.1766424e+02  3.3928940e+02  5.5695364e+02
  2.0504817e+02  3.5878045e+02  5.6382862e+02
  1.9051514e+02  3.4575752e+02  5.3627266e+02
  2.4821345e+02  3.7213268e+02  6.2034613e+02
  2.2199229e+02  3.9350323e+02  6.1549552e+02
  2.2587011e+02  3.2506786e+02  5.5093797e+02
  2.3514861e+02  3.4319044e+02  5.7833905e+02
  2.3166459e+02  3.7924575e+02  6.1091034e+02
  2.4745148e+02  3.5601573e+02  6.0346721e+02
  2.4187010e+02  3.4777331e+02  5.8964341e+02
  2.3705948e+02  3.3992288e+02  5.7698235e+02
  2.3142991e+02  3.4000458e+02  5.7143449e+02
  2.3211215e+02  3.5733355e+02  5.8944570e+02
  2.2761563e+02  3.4761314e+02  5.7522877e+02
  2.0167043e+02  3.5840500e+02  5.6007543e+02
  2.1578932e+02  3.2510484e+02  5.4089416e+02
  2.0965187e+02  3.4336491e+02  5.5301677e+02
  2.2794700e+02  3.5987060e+02  5.8781760e+02
  2.6932957e+02  3.1082645e+02  5.8015602e+02
  2.1692872e+02  3.5163877e+02  5.6856749e+02
  2.3946549e+02  3.5593119e+02  5.9539668e+02
  1.9904930e+02  3.9929135e+02  5.9834064e+02
  2.4435774e+02  3.6701080e+02  6.1136854e+02
  2.3610190e+02  3.9323261e+02  6.2933451e+02
  2.4008376e+02  3.5139797e+02  5.9148174e+02
  2.2816007e+02  3.4985537e+02  5.7801544e+02
  2.3401192e+02  3.2450355e+02  5.5851547e+02
  2.6485965e+02  3.2509540e+02  5.8995506e+02
  2.4901310e+02  3.4646682e+02  5.9547992e+02
  2.3436497e+02  3.1489862e+02  5.4926359e+02
  2.1999840e+02  3.8071756e+02  6.0071596e+02
  2.4133013e+02  3.7799778e+02  6.1932792e+02
  2.0534929e+02  3.7193482e+02  5.7728410e+02
  2.2215019e+02  3.5062724e+02  5.7277743e+02
  2.0025505e+02  3.8180475e+02  5.8205980e+02
  2.0480119e+02  3.5126389e+02  5.5606508e+02
  2.0092317e+02  3.3563159e+02  5.3655477e+02
  2.4646115e+02  3.3304727e+02  5.7950842e+02
  2.4932077e+02  3.7504811e+02  6.2436888e+02
  2.3579349e+02  3.3675337e+02  5.7254685e+02
  2.3456622e+02  3.5617611e+02  5.9074233e+02
  2.1842988e+02  3.5900871e+02  5.7743858e+02
  2.2272916e+02  3.7942150e+02  6.0215066e+02
  2.3463940e+02  3.4295331e+02  5.7759271e+02
  2.1759952e+02  3.5827154e+02  5.7587106e+02
  2.4329584e+02  3.5390407e+02  5.9719992e+02
  2.2399082e+02  3.6877589e+02  5.9276671e+02
  2.4506597e+02  3.4714004e+02  5.9220601e+02
  2.1971200e+02  3.4698946e+02  5.6670146e+02
  2.3376550e+02  3.3768267e+02  5.7144817e+02
  2.2811615e+02  3.5336341e+02  5.8147956e+02
  2.2849853e+02  3.3987125e+02  5.6836977e+02
  2.3096831e+02  3.6225800e+02  5.9322632e+02
  2.4897320e+02  3.7233999e+02  6.2131318e+02
  2.1526550e+02  3.4742205e+02  5.6268755e+02
  2.2812144e+02  3.5179677e+02  5.7991821e+02
  2.0253684e+02  3.4539680e+02  5.4793364e+02
  2.3830783e+02  3.4208443e+02  5.8039226e+02
  2.3838502e+02  3.5964123e+02  5.9802625e+02
  2.2606065e+02  3.6363370e+02  5.8969435e+02
  2.2677327e+02  3.5566291e+02  5.8243617e+02
  2.4164501e+02  3.1794983e+02  5.5959484e+02
  2.0158857e+02  3.6038623e+02  5.6197480e+02
  2.4279018e+02  3.4773753e+02  5.9052771e+02
  2.2813776e+02  3.4352916e+02  5.7166692e+02
  2.4469765e+02  3.3246778e+02  5.7716544e+02
  2.2115783e+02  3.1898046e+02  5.4013830e+02
  2.3057115e+02  3.6079723e+02  5.9136838e+02
  2.2393435e+02  3.8328628e+02  6.0722062e+02
  2.1922699e+02  3.8546021e+02  6.0468720e+02
  2.5684970e+02  3.4168646e+02  5.9853616e+02
  2.3248451e+02  3.6296384e+02  5.9544835e+02
  2.3162184e+02  3.5999200e+02  5.9161384e+02
  2.2051209e+02  3.1411183e+02  5.3462392e+02
  2.4111979e+02  3.3877702e+02  5.7989680e+02
  2.3729077e+02  3.2782957e+02  5.6512034e+02
  2.2071700e+02  3.9630408e+02  6.1702107e+02
  2.2718220e+02  3.4604727e+02  5.7322947e+02
  2.5533539e+02  3.4873549e+02  6.0407088e+02
  2.4472585e+02  3.2187004e+02  5.6659589e+02
  2.4765616e+02  3.2613301e+02  5.7378917e+02
  2.6502705e+02  3.4584776e+02  6.1087481e+02
  2.1600043e+02  3.7108021e+02  5.8708065e+02
  2.4584994e+02  3.5313584e+02  5.9898578e+02
  2.3334183e+02  3.2030586e+02  5.5364769e+02
  2.3152974e+02  3.4802038e+02  5.7955012e+02
  2.4100581e+02  3.3915041e+02  5.8015621e+02
  2.2488789e+02  3.2496643e+02  5.4985432e+02
  2.2986573e+02  3.3584454e+02  5.6571027e+02
  2.5053240e+02  3.4636052e+02  5.9689292e+02
  2.2521945e+02  3.8088308e+02  6.0610252e+02
  2.1305925e+02  3.5300403e+02  5.6606328e+02
  2.3431558e+02  3.2577961e+02  5.6009520e+02
  2.2596488e+02  3.5358830e+02  5.7955318e+02
  2.3660192e+02  3.6475461e+02  6.0135653e+02
  2.2844332e+02  3.6764646e+02  5.9608978e+02
  2.5083795e+02  3.4833813e+02  5.9917608e+02
  2.2044459e+02  3.4320948e+02  5.6365407e+02
  2.5587947e+02  3.3638775e+02  5.9226722e+02
