    McPairEnergyAverage{
      interval                             100
      outputFileName                pairEnergy
      nSamplePerBlock                       10
      selector                             All        -1        -1
    }

Average     2.3124989e+02
Variance    2.3178422e+02
Std Dev     1.5224461e+01

Hierarchichal Error Analysis:
              0              1  4.8143733e-02         100001
              1              2  4.8179895e-02          50000
              2              4  4.8090481e-02          25000
              3              8  4.8193323e-02          12500
              4             16  4.8216803e-02           6250
              5             32  4.7439850e-02           3125
              6             64  4.6804323e-02           1562
              7            128  4.6400206e-02            781
              8            256  4.4848801e-02            390
              9            512  4.6319707e-02            195
             10           1024  4.8515917e-02             97
             11           2048  4.4279919e-02             48
             12           4096  4.8335695e-02             24
             13           8192  5.1530382e-02             12
             14          16384  3.1081916e-02              6
