    RadiusGyration{
      interval                             100
      outputFileName            RadiusGyration
      nSamplePerBlock                       10
      speciesId                              0
    }

Average     3.5046393e+00
Variance    7.0450095e-03
Std Dev     8.3934555e-02

Hierarchichal Error Analysis:
              0              1  2.6542304e-04         100001
              1              2  3.4535633e-04          50000
              2              4  4.5021265e-04          25000
              3              8  5.8064035e-04          12500
              4             16  7.2443839e-04           6250
              5             32  8.6044894e-04           3125
              6             64  9.8093740e-04           1562
              7            128  1.0466847e-03            781
              8            256  1.1003018e-03            390
              9            512  1.0826006e-03            195
             10           1024  1.0837890e-03             97
             11           2048  1.0956571e-03             48
             12           4096  1.0968403e-03             24
             13           8192  1.0581345e-03             12
             14          16384  1.1930920e-03              6
