  1.8092450e+00
  1.7907166e+00
  1.7720637e+00
  1.7838472e+00
  1.8170826e+00
  1.7897736e+00
  1.8132182e+00
  1.7688364e+00
  1.8152699e+00
  1.8067760e+00
  1.8237749e+00
  1.7905210e+00
  1.7601426e+00
  1.8431524e+00
  1.8014003e+00
  1.7776430e+00
  1.7731098e+00
  1.7882006e+00
  1.7622185e+00
  1.7362044e+00
  1.7332205e+00
  1.7986799e+00
  1.8130679e+00
  1.8059172e+00
  1.7923216e+00
  1.7480330e+00
  1.7595620e+00
  1.7851211e+00
  1.7836759e+00
  1.7892930e+00
  1.8060025e+00
  1.7718945e+00
  1.8457138e+00
  1.7753073e+00
  1.7959981e+00
  1.8192084e+00
  1.8128392e+00
  1.7532138e+00
  1.8134471e+00
  1.7801031e+00
  1.8304016e+00
  1.8500801e+00
  1.7659808e+00
  1.7814533e+00
  1.8425527e+00
  1.7737157e+00
  1.8132468e+00
  1.7765033e+00
  1.7915817e+00
  1.7821774e+00
  1.8183911e+00
  1.8331935e+00
  1.8043076e+00
  1.8133338e+00
  1.8341895e+00
  1.7802029e+00
  1.7711984e+00
  1.7509329e+00
  1.7677083e+00
  1.7617444e+00
  1.7725421e+00
  1.8271174e+00
  1.7979575e+00
  1.7405927e+00
  1.7966241e+00
  1.8456611e+00
  1.7819125e+00
  1.7917957e+00
  1.7693190e+00
  1.8454547e+00
  1.8255630e+00
  1.8194812e+00
  1.7983048e+00
  1.8054342e+00
  1.7785458e+00
  1.8384806e+00
  1.8107150e+00
  1.7826573e+00
  1.7625167e+00
  1.7465686e+00
  1.7728858e+00
  1.7890043e+00
  1.8199310e+00
  1.7956140e+00
  1.8158610e+00
  1.8019685e+00
  1.7795658e+00
  1.7782642e+00
  1.8038914e+00
  1.7845217e+00
  1.8133456e+00
  1.8200989e+00
  1.8014321e+00
  1.7725896e+00
  1.8049133e+00
  1.7831263e+00
  1.8114390e+00
  1.8204494e+00
  1.7708245e+00
  1.8180869e+00
  1.7814697e+00
  1.7763718e+00
  1.7684920e+00
  1.7773574e+00
  1.8110126e+00
  1.7831227e+00
  1.7860819e+00
  1.8064145e+00
  1.7751242e+00
  1.7740786e+00
  1.8052936e+00
  1.7328968e+00
  1.7569088e+00
  1.8575686e+00
  1.7723396e+00
  1.7990670e+00
  1.7583671e+00
  1.8222971e+00
  1.8178843e+00
  1.7437670e+00
  1.7969366e+00
  1.7763291e+00
  1.7909216e+00
  1.8094558e+00
  1.8154720e+00
  1.7875098e+00
  1.7526990e+00
  1.8132691e+00
  1.8088303e+00
  1.7412398e+00
  1.8197251e+00
  1.8220410e+00
  1.7645881e+00
  1.7907144e+00
  1.7664463e+00
  1.8058454e+00
  1.7806364e+00
  1.8277422e+00
  1.8227775e+00
  1.7488759e+00
  1.8243271e+00
  1.7938724e+00
  1.8340840e+00
  1.8025477e+00
  1.7685610e+00
  1.8212316e+00
  1.7525282e+00
  1.7711733e+00
  1.8242467e+00
  1.8018042e+00
  1.8187932e+00
  1.7682937e+00
  1.7550327e+00
  1.8418276e+00
  1.7689543e+00
  1.8333517e+00
  1.7951098e+00
  1.7700432e+00
  1.8471393e+00
  1.7779849e+00
  1.7814873e+00
  1.8074976e+00
  1.7414804e+00
  1.7992673e+00
  1.7917904e+00
  1.7963253e+00
  1.7917639e+00
  1.8152691e+00
  1.8239433e+00
  1.7977061e+00
  1.8041018e+00
  1.8027517e+00
  1.8171906e+00
  1.8096416e+00
  1.8573130e+00
  1.8077483e+00
  1.8313383e+00
  1.8002384e+00
  1.8023399e+00
  1.8165250e+00
  1.7694329e+00
  1.7832916e+00
  1.8717709e+00
  1.8104804e+00
  1.8013117e+00
  1.7925194e+00
  1.8202787e+00
  1.8055166e+00
  1.8505030e+00
  1.8238132e+00
  1.7947973e+00
  1.7822708e+00
  1.7994640e+00
  1.8038225e+00
  1.7851626e+00
  1.7423710e+00
  1.8048464e+00
  1.7842717e+00
  1.8020804e+00
  1.7930545e+00
  1.8258843e+00
  1.8347414e+00
  1.8068012e+00
  1.7835252e+00
  1.7724444e+00
  1.8240123e+00
  1.8359713e+00
  1.8051091e+00
  1.7734598e+00
  1.7696706e+00
  1.8054451e+00
  1.7902360e+00
  1.8115053e+00
  1.8215829e+00
  1.8377161e+00
  1.8070390e+00
  1.8114755e+00
  1.7789356e+00
  1.7836063e+00
  1.7988928e+00
  1.7512754e+00
  1.7738582e+00
  1.8243383e+00
  1.8020317e+00
  1.8065435e+00
  1.8003965e+00
  1.7364632e+00
  1.7502953e+00
  1.8392795e+00
  1.8060466e+00
  1.8535568e+00
  1.8312344e+00
  1.8425737e+00
  1.8109657e+00
  1.7527920e+00
  1.8012172e+00
  1.7620833e+00
  1.7742762e+00
  1.7752112e+00
  1.8144051e+00
  1.8149176e+00
  1.7988729e+00
  1.8537731e+00
  1.7951751e+00
  1.8148805e+00
  1.8491291e+00
  1.7405962e+00
  1.8151662e+00
  1.8393836e+00
  1.8313381e+00
  1.8254794e+00
  1.8426280e+00
  1.8234549e+00
  1.8201997e+00
  1.8452473e+00
  1.7698666e+00
  1.7316269e+00
  1.7882032e+00
  1.7903483e+00
  1.8321034e+00
  1.7939158e+00
  1.8234150e+00
  1.8232664e+00
  1.7877159e+00
  1.7947819e+00
  1.7825667e+00
  1.7624964e+00
  1.8091543e+00
  1.8428407e+00
  1.8055251e+00
  1.8069934e+00
  1.7899724e+00
  1.8392412e+00
  1.8043494e+00
  1.8055376e+00
  1.7785607e+00
  1.7734959e+00
  1.7337116e+00
  1.7750243e+00
  1.7959028e+00
  1.7800626e+00
  1.8647568e+00
  1.8129886e+00
  1.8259874e+00
  1.8397970e+00
  1.8644920e+00
  1.8236708e+00
  1.7934516e+00
  1.8193243e+00
  1.8764716e+00
  1.7971073e+00
  1.8400758e+00
  1.8125052e+00
  1.7972271e+00
  1.8330490e+00
  1.7890308e+00
  1.7462741e+00
  1.7986738e+00
  1.8069932e+00
  1.7887086e+00
  1.8577320e+00
  1.8247789e+00
  1.8128552e+00
  1.7282722e+00
  1.7202957e+00
  1.7821338e+00
  1.8193724e+00
  1.8081283e+00
  1.7616333e+00
  1.7778535e+00
  1.8185998e+00
  1.7874478e+00
  1.7374762e+00
  1.7752106e+00
  1.7849625e+00
  1.8296976e+00
  1.7994298e+00
  1.8674522e+00
  1.8054111e+00
  1.7841886e+00
  1.7329554e+00
  1.8086743e+00
  1.8254238e+00
  1.7733185e+00
  1.8111017e+00
  1.8096723e+00
  1.8149299e+00
  1.7640888e+00
  1.8267151e+00
  1.7732971e+00
  1.7747134e+00
  1.7866582e+00
  1.7638442e+00
  1.7878420e+00
  1.8053321e+00
  1.8248489e+00
  1.7741622e+00
  1.7976435e+00
  1.8496319e+00
  1.8338369e+00
  1.8304964e+00
  1.8165622e+00
  1.8450052e+00
  1.7688810e+00
  1.8057064e+00
  1.8050961e+00
  1.8054630e+00
  1.7942858e+00
  1.8092152e+00
  1.7731069e+00
  1.8107856e+00
  1.8104248e+00
  1.7913625e+00
  1.8381748e+00
  1.7962871e+00
  1.8106338e+00
  1.8285196e+00
  1.7850115e+00
  1.7707393e+00
  1.7289354e+00
  1.8199716e+00
  1.7653952e+00
  1.7822958e+00
  1.7918809e+00
  1.7630589e+00
  1.7842077e+00
  1.8154631e+00
  1.8017087e+00
  1.7639081e+00
  1.7820838e+00
  1.7888786e+00
  1.7897151e+00
  1.7798572e+00
  1.8246256e+00
  1.7509535e+00
  1.7942528e+00
  1.7929166e+00
  1.8203044e+00
  1.7796856e+00
  1.7979022e+00
  1.7597959e+00
  1.8132145e+00
  1.8082616e+00
  1.8393596e+00
  1.7936921e+00
  1.7309374e+00
  1.7639917e+00
  1.7485946e+00
  1.8157242e+00
  1.7734539e+00
  1.7465191e+00
  1.7937897e+00
  1.7794339e+00
  1.8146344e+00
  1.8412500e+00
  1.8163286e+00
  1.7909234e+00
  1.8533065e+00
  1.8354739e+00
  1.8298293e+00
  1.7821066e+00
  1.7805575e+00
  1.7913235e+00
  1.7805058e+00
  1.7730013e+00
  1.8521975e+00
  1.7851445e+00
  1.8181101e+00
  1.8309627e+00
  1.8151329e+00
  1.8068576e+00
  1.9023709e+00
  1.7963799e+00
  1.8325100e+00
  1.8226810e+00
  1.8205959e+00
  1.8268875e+00
  1.8649974e+00
  1.8336764e+00
  1.7725658e+00
  1.7511333e+00
  1.8099485e+00
  1.8209347e+00
  1.7877756e+00
  1.7679887e+00
  1.7883774e+00
  1.8036971e+00
  1.7973090e+00
  1.8520362e+00
  1.8369986e+00
  1.8000923e+00
  1.8036678e+00
  1.8038791e+00
  1.7395978e+00
  1.7640486e+00
  1.7859708e+00
  1.7907011e+00
  1.7773340e+00
  1.8256482e+00
  1.8116039e+00
  1.7581858e+00
  1.8020901e+00
  1.7580295e+00
  1.7540597e+00
  1.7875549e+00
  1.7966986e+00
  1.7729059e+00
  1.7817444e+00
  1.7855244e+00
  1.7887596e+00
  1.7703802e+00
  1.7829051e+00
  1.7736823e+00
  1.7833009e+00
  1.7643287e+00
  1.7904030e+00
  1.7899151e+00
  1.8111579e+00
  1.7758726e+00
  1.8273886e+00
  1.8031424e+00
  1.7753473e+00
  1.7870774e+00
  1.7646398e+00
  1.7902558e+00
  1.7890851e+00
  1.8168157e+00
  1.8408666e+00
  1.7575848e+00
  1.7999508e+00
  1.7904012e+00
  1.8356583e+00
  1.7543183e+00
  1.8056635e+00
  1.7886645e+00
  1.7561300e+00
  1.7291800e+00
  1.8223381e+00
  1.7993868e+00
  1.8326952e+00
  1.8309340e+00
  1.8378849e+00
  1.7916824e+00
  1.7499501e+00
  1.7888021e+00
  1.7670606e+00
  1.7608133e+00
  1.7906520e+00
  1.8251223e+00
  1.7992192e+00
  1.7888228e+00
  1.8128085e+00
  1.7606954e+00
  1.7649289e+00
  1.7681393e+00
  1.8029980e+00
  1.8441956e+00
  1.8104687e+00
  1.7765516e+00
  1.7728231e+00
  1.7918692e+00
  1.7980821e+00
  1.8463380e+00
  1.7655334e+00
  1.8056119e+00
  1.7893355e+00
  1.7940561e+00
  1.7592574e+00
  1.7655018e+00
  1.7849203e+00
  1.8227340e+00
  1.7856871e+00
  1.8573473e+00
  1.8070716e+00
  1.8128428e+00
  1.8093719e+00
  1.8307033e+00
  1.8062942e+00
  1.7746220e+00
  1.7938604e+00
  1.8085697e+00
  1.8097939e+00
  1.8292295e+00
  1.7897871e+00
  1.8475181e+00
  1.7564225e+00
  1.7942935e+00
  1.8069032e+00
  1.8509545e+00
  1.8340330e+00
  1.7469489e+00
  1.8185044e+00
  1.8008706e+00
  1.7879087e+00
  1.7229935e+00
  1.7739473e+00
  1.8222635e+00
  1.7680687e+00
  1.8888270e+00
  1.8462698e+00
  1.7579519e+00
  1.8159269e+00
  1.8128267e+00
  1.7409246e+00
  1.7696547e+00
  1.7825295e+00
  1.7771669e+00
  1.7920622e+00
  1.7732538e+00
  1.7842871e+00
  1.8224891e+00
  1.7854890e+00
  1.7972223e+00
  1.7547558e+00
  1.7436108e+00
  1.7967844e+00
  1.7277835e+00
  1.8001774e+00
  1.7497295e+00
  1.8127655e+00
  1.8028633e+00
  1.7498947e+00
  1.7815127e+00
  1.8398326e+00
  1.8446603e+00
  1.7700010e+00
  1.8132197e+00
  1.7733976e+00
  1.8031503e+00
  1.8076750e+00
  1.7920493e+00
  1.7946826e+00
  1.7883627e+00
  1.8238787e+00
  1.7877954e+00
  1.8020926e+00
  1.7746571e+00
  1.8325160e+00
  1.8054192e+00
  1.8399051e+00
  1.8099667e+00
  1.8413235e+00
  1.8164689e+00
  1.8195299e+00
  1.7996624e+00
  1.7722522e+00
  1.8224486e+00
  1.7609639e+00
  1.8466281e+00
  1.7607391e+00
  1.7868224e+00
  1.8351249e+00
  1.8071084e+00
  1.8371100e+00
  1.8193477e+00
  1.8027386e+00
  1.8044264e+00
  1.8012197e+00
  1.8222413e+00
  1.8352910e+00
  1.7517404e+00
  1.7936932e+00
  1.8034538e+00
  1.8392238e+00
  1.7875331e+00
  1.8391188e+00
  1.8023502e+00
  1.7884773e+00
  1.8404801e+00
  1.7483896e+00
  1.7545438e+00
  1.7804042e+00
  1.8004678e+00
  1.7862881e+00
  1.8104677e+00
  1.7776697e+00
  1.7630468e+00
  1.7886063e+00
  1.8377078e+00
  1.7796931e+00
  1.7399157e+00
  1.7841337e+00
  1.7937116e+00
  1.7815636e+00
  1.7426936e+00
  1.7201150e+00
  1.8234984e+00
  1.7935959e+00
  1.7578591e+00
  1.7904441e+00
  1.7950709e+00
  1.7834636e+00
  1.8425777e+00
  1.7607063e+00
  1.7780704e+00
  1.7669900e+00
  1.8074454e+00
  1.8123282e+00
  1.7780099e+00
  1.8021098e+00
  1.8494526e+00
  1.8122325e+00
  1.7885785e+00
  1.8057595e+00
  1.7518519e+00
  1.7909311e+00
  1.8303239e+00
  1.7901198e+00
  1.8079990e+00
  1.7754528e+00
  1.8161857e+00
  1.7639466e+00
  1.8055090e+00
  1.7828636e+00
  1.8215278e+00
  1.8009223e+00
  1.8155149e+00
  1.7535873e+00
  1.7830102e+00
  1.8273247e+00
  1.8063449e+00
  1.8137565e+00
  1.7703324e+00
  1.7428341e+00
  1.7635760e+00
  1.8494505e+00
  1.7757936e+00
  1.7980566e+00
  1.7761905e+00
  1.7427134e+00
  1.7304734e+00
  1.7731454e+00
  1.7879490e+00
  1.8058780e+00
  1.7910359e+00
  1.7913763e+00
  1.8326446e+00
  1.8045314e+00
  1.8329523e+00
  1.8238786e+00
  1.8160968e+00
  1.7875651e+00
  1.7665983e+00
  1.8074377e+00
  1.7670191e+00
  1.8196965e+00
  1.7888361e+00
  1.7926822e+00
  1.7564926e+00
  1.8322013e+00
  1.8113001e+00
  1.7972853e+00
  1.8124500e+00
  1.8215479e+00
  1.7520294e+00
  1.8423162e+00
  1.7639537e+00
  1.7855808e+00
  1.7638765e+00
  1.8369928e+00
  1.7795768e+00
  1.7851922e+00
  1.8617334e+00
  1.7565036e+00
  1.7569515e+00
  1.8174777e+00
  1.8131016e+00
  1.7745644e+00
  1.7884296e+00
  1.7659767e+00
  1.8103497e+00
  1.7720484e+00
  1.7736222e+00
  1.7722618e+00
  1.7905326e+00
  1.8119435e+00
  1.7820404e+00
  1.8518505e+00
  1.8089616e+00
  1.8285419e+00
  1.7990093e+00
  1.7588004e+00
  1.8109654e+00
  1.8122144e+00
  1.7555363e+00
  1.7289794e+00
  1.7858400e+00
  1.8375833e+00
  1.8637872e+00
  1.7943380e+00
  1.8006994e+00
  1.8420416e+00
  1.7603314e+00
  1.8263319e+00
  1.7613974e+00
  1.8075488e+00
  1.8093550e+00
  1.7951698e+00
  1.7851741e+00
  1.7829968e+00
  1.8288195e+00
  1.8050294e+00
  1.8061733e+00
  1.8026577e+00
  1.7640236e+00
  1.7943296e+00
  1.7902346e+00
  1.7847561e+00
  1.8112651e+00
  1.7799783e+00
  1.7583917e+00
  1.8344686e+00
  1.8117378e+00
  1.8470340e+00
  1.8551413e+00
  1.8082166e+00
  1.7832447e+00
  1.7941235e+00
  1.8112792e+00
  1.7929659e+00
  1.8148665e+00
  1.7604221e+00
  1.7872821e+00
  1.8545473e+00
  1.7433993e+00
  1.7560292e+00
  1.7913462e+00
  1.8157252e+00
  1.7917181e+00
  1.8002336e+00
  1.7706794e+00
  1.7543988e+00
  1.8112937e+00
  1.7328935e+00
  1.8099747e+00
  1.8263273e+00
  1.8300032e+00
  1.8030321e+00
  1.8266202e+00
  1.7676825e+00
  1.8195364e+00
  1.7429097e+00
  1.8589669e+00
  1.8418524e+00
  1.8324975e+00
  1.7533124e+00
  1.8606227e+00
  1.8269100e+00
  1.8079747e+00
  1.8630342e+00
  1.8026446e+00
  1.7831078e+00
  1.7812242e+00
  1.7707555e+00
  1.8040577e+00
  1.8131661e+00
  1.8432286e+00
  1.7950166e+00
  1.8399954e+00
  1.7737111e+00
  1.8079713e+00
  1.7756737e+00
  1.7739740e+00
  1.7956258e+00
  1.7934938e+00
  1.8267146e+00
  1.8270473e+00
  1.8385700e+00
  1.8236873e+00
  1.7887979e+00
  1.7620863e+00
  1.8128964e+00
  1.7751122e+00
  1.8007821e+00
  1.7995228e+00
  1.8402964e+00
  1.8044398e+00
  1.8149361e+00
  1.7894908e+00
  1.8263310e+00
  1.8004112e+00
  1.7669556e+00
  1.8001961e+00
  1.8279928e+00
  1.7756897e+00
  1.8119090e+00
  1.7797698e+00
  1.7504498e+00
  1.8122482e+00
  1.8425536e+00
  1.7871073e+00
  1.7336181e+00
  1.7375383e+00
  1.8038852e+00
  1.7772820e+00
  1.7979004e+00
  1.7970803e+00
  1.7909345e+00
  1.8084839e+00
  1.7996462e+00
  1.8223910e+00
  1.8147452e+00
  1.8118067e+00
  1.8363721e+00
  1.8409288e+00
  1.8195471e+00
  1.7740985e+00
  1.7965906e+00
  1.7963462e+00
  1.7809336e+00
  1.7375751e+00
  1.7613417e+00
  1.7944859e+00
  1.7876569e+00
  1.7665652e+00
  1.7901196e+00
  1.7518551e+00
  1.8229290e+00
  1.8591630e+00
  1.8233469e+00
  1.7491339e+00
  1.7735443e+00
  1.8037408e+00
  1.8455078e+00
  1.8157430e+00
  1.8011528e+00
  1.8009494e+00
  1.8097724e+00
  1.8126875e+00
  1.7952797e+00
  1.8032643e+00
  1.7691215e+00
  1.7740668e+00
  1.8152129e+00
  1.7830316e+00
  1.7670897e+00
  1.7726314e+00
  1.7647321e+00
  1.8037684e+00
  1.8121022e+00
  1.8412504e+00
  1.8214854e+00
  1.8139942e+00
  1.8128898e+00
  1.7833760e+00
  1.8047954e+00
  1.8172799e+00
  1.7502660e+00
  1.8036579e+00
  1.8076196e+00
  1.7799245e+00
  1.7917311e+00
  1.8183569e+00
  1.8156896e+00
  1.7957815e+00
  1.7869290e+00
  1.8363037e+00
  1.8608596e+00
  1.7731318e+00
  1.7562310e+00
  1.8277633e+00
  1.8427552e+00
  1.8159934e+00
  1.8476583e+00
  1.7802199e+00
  1.7273729e+00
  1.7974220e+00
  1.8040775e+00
  1.7513216e+00
  1.7866827e+00
  1.8278802e+00
  1.8179262e+00
  1.7363698e+00
  1.7904025e+00
  1.8503501e+00
  1.8274769e+00
  1.8076704e+00
  1.8086301e+00
  1.8126581e+00
  1.7491014e+00
  1.8065580e+00
  1.7958265e+00
  1.7705083e+00
  1.8025573e+00
  1.7715490e+00
  1.7745950e+00
  1.7758088e+00
  1.8177573e+00
  1.8560086e+00
  1.7484963e+00
  1.7940866e+00
  1.8482410e+00
  1.7805530e+00
  1.8569978e+00
  1.8003311e+00
  1.7993628e+00
  1.7708269e+00
  1.8184629e+00
  1.8084862e+00
  1.7901989e+00
  1.7993640e+00
  1.8356996e+00
  1.7600589e+00
  1.7613049e+00
  1.7998063e+00
  1.7893117e+00
  1.7836182e+00
  1.8096457e+00
  1.8104093e+00
  1.7962263e+00
  1.8006393e+00
  1.8165325e+00
  1.7557965e+00
  1.7964238e+00
  1.7649083e+00
  1.8048680e+00
  1.8063935e+00
  1.8261641e+00
  1.7426562e+00
  1.7744831e+00
  1.7627958e+00
  1.7370162e+00
  1.7491881e+00
  1.8152654e+00
  1.7833021e+00
  1.7953075e+00
  1.8016043e+00
  1.8595276e+00
  1.8269658e+00
  1.8074815e+00
  1.7807443e+00
  1.7821534e+00
  1.7866737e+00
  1.8191851e+00
  1.7986139e+00
  1.8064925e+00
  1.7330160e+00
  1.7844130e+00
  1.8085861e+00
  1.8043271e+00
  1.8045815e+00
  1.8021252e+00
  1.7770552e+00
  1.7450594e+00
  1.8361685e+00
  1.7997501e+00
  1.8051778e+00
  1.7947531e+00
  1.8111369e+00
  1.8504457e+00
  1.8194183e+00
  1.7543940e+00
  1.7979940e+00
  1.8419620e+00
  1.8015557e+00
  1.7915448e+00
  1.7811480e+00
  1.7987979e+00
  1.7742131e+00
  1.8076505e+00
  1.8061727e+00
  1.8069941e+00
  1.7726715e+00
  1.8032825e+00
  1.7938106e+00
  1.8038071e+00
  1.8136138e+00
  1.7785254e+00
  1.7895037e+00
  1.8079066e+00
  1.7189977e+00
  1.7371674e+00
  1.8295735e+00
  1.8016635e+00
  1.8339822e+00
  1.8106981e+00
  1.7785872e+00
  1.8186669e+00
  1.7338234e+00
  1.7514342e+00
  1.7923449e+00
  1.7647770e+00
  1.7800148e+00
  1.7310262e+00
  1.7983379e+00
  1.8098885e+00
  1.7661019e+00
  1.8432794e+00
  1.8040908e+00
  1.7583155e+00
  1.7616380e+00
  1.8397724e+00
  1.8491840e+00
  1.8548611e+00
  1.8375426e+00
  1.7808936e+00
  1.7904620e+00
  1.8388308e+00
  1.7755735e+00
  1.8549703e+00
  1.8206915e+00
  1.7583488e+00
  1.8286646e+00
  1.7533067e+00
  1.7529194e+00
  1.7981896e+00
  1.7696304e+00
  1.7995604e+00
  1.7664266e+00
  1.7858560e+00
  1.7851084e+00
  1.8049944e+00
  1.8098946e+00
  1.7943325e+00
  1.8223732e+00
  1.8347351e+00
  1.8014262e+00
  1.8398332e+00
  1.7540227e+00
  1.8025403e+00
  1.8136583e+00
  1.8000284e+00
  1.8326042e+00
  1.8161710e+00
  1.8008400e+00
  1.8228443e+00
  1.8471246e+00
  1.7922691e+00
  1.8234475e+00
  1.8495309e+00
  1.8136987e+00
  1.7746757e+00
  1.7681554e+00
  1.7888006e+00
  1.8282234e+00
  1.7574787e+00
  1.7139397e+00
  1.7806624e+00
  1.8112925e+00
  1.7719190e+00
  1.7926453e+00
  1.8007520e+00
  1.7669781e+00
  1.7939412e+00
  1.8201157e+00
  1.7628720e+00
  1.7934690e+00
  1.7899546e+00
  1.7661015e+00
  1.7563976e+00
  1.8284834e+00
  1.8019711e+00
  1.8197754e+00
  1.8157960e+00
  1.8068086e+00
  1.7749893e+00
  1.8670822e+00
  1.8352111e+00
  1.7980086e+00
  1.8167137e+00
  1.7761622e+00
  1.8031175e+00
  1.8489815e+00
  1.8274269e+00
  1.8026910e+00
  1.7821669e+00
  1.8134080e+00
  1.7721945e+00
  1.8547426e+00
  1.7677787e+00
  1.7895171e+00
  1.8288419e+00
  1.8077900e+00
  1.7697121e+00
  1.7745080e+00
  1.8141901e+00
  1.8322157e+00
  1.8378575e+00
  1.7294779e+00
  1.7960244e+00
  1.7921583e+00
  1.7985451e+00
  1.7918269e+00
  1.8080297e+00
  1.7737429e+00
  1.7922009e+00
  1.8333298e+00
  1.8074497e+00
  1.7763693e+00
  1.7339808e+00
  1.7819591e+00
  1.7644932e+00
  1.7773667e+00
  1.7952100e+00
  1.8137795e+00
  1.7866891e+00
  1.7663485e+00
  1.7936347e+00
  1.7978883e+00
  1.7813850e+00
  1.7818963e+00
  1.7804336e+00
  1.8259753e+00
  1.8358521e+00
  1.8319851e+00
  1.8042270e+00
  1.7845684e+00
  1.8201890e+00
  1.7734153e+00
  1.8132147e+00
  1.8127206e+00
  1.8381146e+00
  1.7914386e+00
  1.7673990e+00
  1.7645215e+00
  1.8641491e+00
  1.8106819e+00
  1.7657090e+00
  1.8054495e+00
  1.8116596e+00
  1.7639737e+00
  1.8034874e+00
  1.8000163e+00
  1.7826171e+00
  1.8261173e+00
  1.8269435e+00
  1.8212864e+00
  1.8141871e+00
  1.7836204e+00
  1.7501335e+00
  1.8224558e+00
  1.7556466e+00
  1.7806003e+00
  1.8138405e+00
  1.7913857e+00
  1.7620174e+00
  1.7830023e+00
  1.7916983e+00
  1.7874333e+00
  1.8161480e+00
  1.7945306e+00
  1.8222320e+00
  1.8017463e+00
  1.7858441e+00
  1.7705346e+00
  1.8124592e+00
  1.7667335e+00
  1.8322291e+00
  1.8166328e+00
  1.8106808e+00
  1.7847931e+00
  1.7399855e+00
  1.8067927e+00
  1.7751870e+00
  1.7952327e+00
  1.7993402e+00
  1.8035279e+00
  1.8522348e+00
  1.8312454e+00
  1.8415186e+00
  1.7763805e+00
  1.8064260e+00
  1.7979607e+00
  1.7012990e+00
  1.7461791e+00
  1.7914093e+00
  1.7959007e+00
  1.7807396e+00
  1.7899873e+00
  1.7765408e+00
  1.7862649e+00
  1.7888193e+00
  1.7778519e+00
  1.8206133e+00
  1.8164048e+00
  1.8276280e+00
  1.8543353e+00
  1.8052705e+00
  1.7575979e+00
  1.7440737e+00
  1.7508555e+00
  1.8219527e+00
  1.7793855e+00
  1.7974185e+00
  1.7672077e+00
  1.8041780e+00
  1.8136519e+00
  1.8157875e+00
  1.7657461e+00
  1.7885056e+00
  1.8134091e+00
  1.7686970e+00
  1.7651746e+00
  1.7940100e+00
  1.7583981e+00
  1.7728346e+00
  1.7922260e+00
  1.8408223e+00
  1.8181839e+00
  1.8283248e+00
  1.8273651e+00
  1.7853167e+00
  1.7957683e+00
  1.7758198e+00
  1.7852121e+00
  1.8048475e+00
  1.7882396e+00
  1.7641661e+00
  1.7876695e+00
  1.7754051e+00
  1.8263312e+00
  1.8284935e+00
  1.8298651e+00
  1.7694111e+00
  1.7717864e+00
  1.8215783e+00
  1.8142678e+00
  1.7860676e+00
  1.8261359e+00
  1.8274547e+00
  1.8522599e+00
  1.7913323e+00
  1.8372079e+00
  1.7931971e+00
  1.7600165e+00
  1.7799804e+00
  1.8049823e+00
  1.7653325e+00
  1.7879635e+00
  1.7881903e+00
  1.7829934e+00
  1.8113495e+00
  1.8289827e+00
  1.8260307e+00
  1.8126240e+00
  1.8681542e+00
  1.8118296e+00
  1.7836839e+00
  1.8057881e+00
  1.7820691e+00
  1.7965462e+00
  1.8490742e+00
  1.7974931e+00
  1.7708414e+00
  1.7912321e+00
  1.8279678e+00
  1.8159156e+00
  1.8241610e+00
  1.7490386e+00
  1.8277382e+00
  1.8326157e+00
  1.8076936e+00
  1.8095730e+00
  1.7714114e+00
  1.7713858e+00
  1.8177597e+00
  1.8504952e+00
  1.7886797e+00
  1.7739153e+00
  1.8390253e+00
  1.7449078e+00
  1.7864476e+00
  1.8210007e+00
  1.7968800e+00
  1.7917062e+00
  1.7862850e+00
  1.8321249e+00
  1.8196950e+00
  1.7916234e+00
  1.8236430e+00
  1.8615306e+00
  1.8288199e+00
  1.8054817e+00
  1.7926890e+00
  1.7378592e+00
  1.7730473e+00
  1.8053031e+00
  1.7991327e+00
  1.8318854e+00
  1.7881191e+00
  1.8425006e+00
  1.7494471e+00
  1.7799140e+00
  1.8149873e+00
  1.7794873e+00
  1.7771545e+00
  1.8244691e+00
  1.8281339e+00
  1.8088478e+00
  1.7980800e+00
  1.7796907e+00
  1.7588788e+00
  1.7815143e+00
  1.8827005e+00
  1.8071201e+00
  1.7992256e+00
  1.7961583e+00
  1.7772441e+00
  1.7988843e+00
  1.7901317e+00
  1.8143429e+00
  1.8215733e+00
  1.8262815e+00
  1.7454615e+00
  1.7660812e+00
  1.7586455e+00
  1.7700793e+00
  1.7232706e+00
  1.7801983e+00
  1.7550383e+00
  1.8636719e+00
  1.8370757e+00
  1.7798856e+00
  1.7950855e+00
  1.7961746e+00
  1.8070977e+00
  1.7429107e+00
  1.7906751e+00
  1.7976011e+00
  1.7895401e+00
  1.8060729e+00
  1.8156692e+00
  1.8318406e+00
  1.7337480e+00
  1.8150698e+00
  1.8483868e+00
  1.7948267e+00
  1.7401989e+00
  1.8053473e+00
  1.7983714e+00
  1.8122699e+00
  1.8439573e+00
  1.7703504e+00
  1.7815685e+00
  1.7451571e+00
  1.7824118e+00
  1.7816912e+00
  1.7856988e+00
  1.7717440e+00
  1.7811757e+00
  1.7830266e+00
  1.7869420e+00
  1.7766907e+00
  1.8051779e+00
  1.7977721e+00
  1.8256636e+00
  1.7969844e+00
  1.8529831e+00
  1.7674144e+00
  1.8054192e+00
  1.8147497e+00
  1.8050203e+00
  1.7883899e+00
  1.8277218e+00
  1.7651056e+00
  1.8294984e+00
  1.7708444e+00
  1.8039382e+00
  1.7791316e+00
  1.7972750e+00
  1.7973804e+00
  1.8369693e+00
  1.8101602e+00
  1.8097592e+00
  1.7893537e+00
  1.7788928e+00
  1.7478053e+00
  1.8055382e+00
  1.7777614e+00
  1.8321208e+00
  1.8194320e+00
  1.8317780e+00
  1.8300486e+00
  1.7876364e+00
  1.7832011e+00
  1.8052123e+00
  1.8038355e+00
  1.8187273e+00
  1.8299994e+00
  1.8191972e+00
  1.7590320e+00
  1.8064510e+00
  1.8012724e+00
  1.8115648e+00
  1.8061554e+00
  1.8301437e+00
  1.8356805e+00
  1.8974235e+00
  1.7750441e+00
  1.7942038e+00
  1.7721310e+00
  1.8005064e+00
  1.7722137e+00
  1.7962716e+00
  1.7640636e+00
  1.8212669e+00
  1.8390090e+00
  1.8212157e+00
  1.8456807e+00
  1.8114252e+00
  1.8175228e+00
  1.7511339e+00
  1.7772282e+00
  1.7511189e+00
  1.7993263e+00
  1.7467601e+00
  1.7754631e+00
  1.7750158e+00
  1.7702688e+00
  1.8166774e+00
  1.8304702e+00
  1.8108420e+00
  1.8268488e+00
  1.8474543e+00
  1.7863688e+00
  1.7876193e+00
  1.8296716e+00
  1.8121856e+00
  1.7787634e+00
  1.7970661e+00
  1.7531477e+00
  1.8136997e+00
  1.7540256e+00
  1.8582796e+00
  1.7911679e+00
  1.8044661e+00
  1.7914375e+00
  1.7442338e+00
  1.8192298e+00
  1.7730372e+00
  1.7930621e+00
  1.8088100e+00
  1.8351061e+00
  1.8244747e+00
  1.8416925e+00
  1.7947515e+00
  1.7616900e+00
  1.8176496e+00
  1.7731177e+00
  1.8333148e+00
  1.8169370e+00
  1.7934390e+00
  1.8472152e+00
  1.8132933e+00
  1.8550202e+00
  1.8098887e+00
  1.8053031e+00
  1.7505807e+00
  1.8006050e+00
  1.8440053e+00
  1.8364828e+00
  1.7925613e+00
  1.8146252e+00
  1.7299898e+00
  1.8176986e+00
  1.7740455e+00
  1.8414751e+00
  1.8345688e+00
  1.8890061e+00
  1.7726200e+00
  1.7582478e+00
  1.8219826e+00
  1.8291773e+00
  1.7804939e+00
  1.8349079e+00
  1.8066793e+00
  1.7793369e+00
  1.8232950e+00
  1.7721255e+00
  1.7931082e+00
  1.7305988e+00
  1.8100505e+00
  1.8079816e+00
  1.8581477e+00
  1.8293789e+00
  1.7849446e+00
  1.8187942e+00
  1.8147748e+00
  1.7805837e+00
  1.7826991e+00
  1.7490017e+00
  1.8174937e+00
  1.8197145e+00
  1.7803478e+00
  1.8154381e+00
  1.8111247e+00
  1.8686178e+00
  1.8026868e+00
  1.8072587e+00
  1.7678539e+00
  1.7385563e+00
  1.7903321e+00
  1.7690925e+00
  1.8143402e+00
  1.8087164e+00
  1.7693216e+00
  1.7497446e+00
  1.7455375e+00
  1.7381336e+00
  1.8296234e+00
  1.8261670e+00
  1.8113585e+00
  1.7944237e+00
  1.8367455e+00
  1.7661736e+00
  1.7599723e+00
  1.7663941e+00
  1.7420118e+00
  1.7910012e+00
  1.7697225e+00
  1.7936823e+00
  1.8344927e+00
  1.8308382e+00
  1.8639567e+00
  1.8139580e+00
  1.8073428e+00
  1.7852091e+00
  1.8062945e+00
  1.8099585e+00
  1.8111287e+00
  1.8197128e+00
  1.7873163e+00
  1.7870868e+00
  1.7625283e+00
  1.7490181e+00
  1.7024531e+00
  1.7747767e+00
  1.8316474e+00
  1.8130576e+00
  1.7942664e+00
  1.7941413e+00
  1.7560944e+00
  1.8194554e+00
  1.7941566e+00
  1.7703627e+00
  1.8213234e+00
  1.8238615e+00
  1.8161164e+00
  1.7886798e+00
  1.7471195e+00
  1.7887517e+00
  1.7955258e+00
  1.8290713e+00
  1.8215930e+00
  1.8306942e+00
  1.8288962e+00
  1.8434277e+00
  1.8093384e+00
  1.7975089e+00
  1.7934660e+00
  1.7817799e+00
  1.8170470e+00
  1.7949102e+00
  1.8056016e+00
  1.7961098e+00
  1.8011968e+00
  1.7945874e+00
  1.7879894e+00
  1.8291168e+00
  1.8209262e+00
  1.8225274e+00
  1.8247447e+00
  1.8190733e+00
  1.7748435e+00
  1.8063726e+00
  1.7927860e+00
  1.8431466e+00
  1.7549580e+00
  1.7917231e+00
  1.8064569e+00
  1.8068175e+00
  1.8072124e+00
  1.8125422e+00
  1.7925439e+00
  1.8380218e+00
  1.8369910e+00
  1.7396552e+00
  1.7785510e+00
  1.7702733e+00
  1.7687525e+00
  1.8142292e+00
  1.7526055e+00
  1.7581114e+00
  1.7968283e+00
  1.8388380e+00
  1.7999011e+00
  1.7780736e+00
  1.8281566e+00
  1.7803880e+00
  1.7342279e+00
  1.8104084e+00
  1.7910095e+00
  1.7783183e+00
  1.8019385e+00
  1.7828733e+00
  1.7852658e+00
  1.8230985e+00
  1.7673502e+00
  1.8144254e+00
  1.7975688e+00
  1.8028043e+00
  1.8139541e+00
  1.7827429e+00
  1.7908066e+00
  1.8217710e+00
  1.7677944e+00
  1.8040734e+00
  1.8115162e+00
  1.7502734e+00
  1.7799941e+00
  1.8257375e+00
  1.8078122e+00
  1.7922500e+00
  1.7836496e+00
  1.7904721e+00
  1.7929736e+00
  1.8523251e+00
  1.8402961e+00
  1.8533186e+00
  1.8249897e+00
  1.7570877e+00
  1.7837852e+00
  1.7812008e+00
  1.7719594e+00
  1.8448671e+00
  1.7774680e+00
  1.7623721e+00
  1.7783746e+00
  1.8551750e+00
  1.8048664e+00
  1.7656534e+00
  1.7756633e+00
  1.8318387e+00
  1.8373945e+00
  1.7936247e+00
  1.8083270e+00
  1.8169440e+00
  1.8186535e+00
  1.7755962e+00
  1.8268721e+00
  1.7981644e+00
  1.7879585e+00
  1.8113771e+00
  1.7347081e+00
  1.7577164e+00
  1.7860606e+00
  1.8183767e+00
  1.7936846e+00
  1.7933815e+00
  1.8181375e+00
  1.7775486e+00
  1.8150272e+00
  1.8095904e+00
  1.7943259e+00
  1.7929093e+00
  1.8251015e+00
  1.8219954e+00
  1.7932928e+00
  1.7926029e+00
  1.8471050e+00
  1.8391351e+00
  1.8046071e+00
  1.7374164e+00
  1.8190657e+00
  1.8242925e+00
  1.8329931e+00
  1.8151170e+00
  1.7736018e+00
  1.7742501e+00
  1.8220058e+00
  1.7473040e+00
  1.7989136e+00
  1.7604601e+00
  1.7433040e+00
  1.7926197e+00
  1.7826921e+00
  1.8455237e+00
  1.7632804e+00
  1.7563213e+00
  1.8320548e+00
  1.7954238e+00
  1.8574401e+00
  1.8125656e+00
  1.7815097e+00
  1.7996448e+00
  1.8039552e+00
  1.8066960e+00
  1.7672799e+00
  1.8226792e+00
  1.7798296e+00
  1.8279499e+00
  1.8704987e+00
  1.7911591e+00
  1.8065050e+00
  1.7755939e+00
  1.7715731e+00
  1.7738168e+00
  1.7562164e+00
  1.8103125e+00
  1.8251353e+00
  1.8203791e+00
  1.7798429e+00
  1.8253785e+00
  1.7717767e+00
  1.7836894e+00
  1.8311518e+00
  1.7951022e+00
  1.8064935e+00
  1.7871354e+00
  1.7570375e+00
  1.7777363e+00
  1.7930557e+00
  1.8322156e+00
  1.8532081e+00
  1.7966729e+00
  1.7845441e+00
  1.7858105e+00
  1.8254834e+00
  1.8089419e+00
  1.7922451e+00
  1.8136360e+00
  1.8378170e+00
  1.7859078e+00
  1.8071974e+00
  1.7902101e+00
  1.8099405e+00
  1.7802145e+00
  1.8424455e+00
  1.7734839e+00
  1.7882870e+00
  1.8489249e+00
  1.7968973e+00
  1.8501109e+00
  1.8373714e+00
  1.8179203e+00
  1.7916595e+00
  1.7745968e+00
  1.7482634e+00
  1.8145366e+00
  1.7982401e+00
  1.8109895e+00
  1.8439373e+00
  1.7803001e+00
  1.7546615e+00
  1.8116313e+00
  1.8739559e+00
  1.7777293e+00
  1.8098014e+00
  1.8104480e+00
  1.8164430e+00
  1.8083395e+00
  1.8059697e+00
  1.7725335e+00
  1.8079006e+00
  1.7297281e+00
  1.7815854e+00
  1.8299278e+00
  1.7822551e+00
  1.8125876e+00
  1.7850166e+00
  1.8250952e+00
  1.7676933e+00
  1.8258399e+00
  1.8170185e+00
  1.7968395e+00
  1.7825788e+00
  1.7932828e+00
  1.7806499e+00
  1.7438600e+00
  1.7624049e+00
  1.7744549e+00
  1.8276311e+00
  1.8006712e+00
  1.7742568e+00
  1.7842363e+00
  1.8080228e+00
  1.8434666e+00
  1.8494973e+00
  1.8153911e+00
  1.7797593e+00
  1.8022907e+00
  1.7984789e+00
  1.7634117e+00
  1.7834952e+00
  1.8134478e+00
  1.7572140e+00
  1.7809123e+00
  1.8035873e+00
  1.7802307e+00
  1.7924492e+00
  1.7856387e+00
  1.7768278e+00
  1.8068061e+00
  1.8370130e+00
  1.7822148e+00
  1.7742229e+00
  1.7869760e+00
  1.7847041e+00
  1.8116797e+00
  1.7981555e+00
  1.8052642e+00
  1.7686840e+00
  1.8315919e+00
  1.8619672e+00
  1.8340908e+00
  1.8495953e+00
  1.7391162e+00
  1.8320445e+00
  1.7862548e+00
  1.7989939e+00
  1.8233092e+00
  1.7894733e+00
  1.8354481e+00
  1.7891616e+00
  1.8091144e+00
  1.8015926e+00
  1.6985989e+00
  1.7646548e+00
  1.7798621e+00
  1.8038693e+00
  1.7982876e+00
  1.7578771e+00
  1.7916345e+00
  1.7760750e+00
  1.8187440e+00
  1.7984261e+00
  1.8341372e+00
  1.7905228e+00
  1.7717938e+00
  1.8244160e+00
  1.7769178e+00
  1.7977471e+00
  1.8283088e+00
  1.8253341e+00
  1.7874428e+00
  1.7932338e+00
  1.8381645e+00
  1.8207072e+00
  1.7506660e+00
  1.7958498e+00
  1.8349353e+00
  1.8361203e+00
  1.7723074e+00
  1.7736007e+00
  1.7686510e+00
  1.8246248e+00
  1.7586978e+00
  1.7747772e+00
  1.7962726e+00
  1.8111810e+00
  1.8165262e+00
  1.7881351e+00
  1.8257271e+00
  1.8195055e+00
  1.8108906e+00
  1.7979497e+00
  1.7500678e+00
  1.7868977e+00
  1.7793928e+00
  1.7706064e+00
  1.7760943e+00
  1.8083222e+00
  1.7872057e+00
  1.7820244e+00
  1.7601423e+00
  1.7777729e+00
  1.8046513e+00
  1.8169354e+00
  1.8113933e+00
  1.7997592e+00
  1.7934034e+00
  1.7916893e+00
  1.7807244e+00
  1.8110115e+00
  1.8171028e+00
  1.7785577e+00
  1.7958313e+00
  1.7911324e+00
  1.8297768e+00
  1.8614018e+00
  1.8032869e+00
  1.7770484e+00
  1.8529985e+00
  1.8228814e+00
  1.7745226e+00
  1.8098437e+00
  1.7777341e+00
  1.7874142e+00
  1.8146071e+00
  1.7977915e+00
  1.7809198e+00
  1.7972741e+00
  1.7498406e+00
  1.7978922e+00
  1.8034681e+00
  1.8371577e+00
  1.8106482e+00
  1.7891243e+00
  1.7527405e+00
  1.7599558e+00
  1.8045305e+00
  1.8029626e+00
  1.7834144e+00
  1.7855206e+00
  1.7405882e+00
  1.7814932e+00
  1.7643561e+00
  1.7826084e+00
  1.7981310e+00
  1.7565072e+00
  1.8234079e+00
  1.7783327e+00
  1.8314922e+00
  1.7793905e+00
  1.7278011e+00
  1.7682883e+00
  1.8232280e+00
  1.7946487e+00
  1.8367176e+00
  1.7805088e+00
  1.7815581e+00
  1.7467661e+00
  1.7819269e+00
  1.7596036e+00
  1.8436111e+00
  1.8171073e+00
  1.8226052e+00
  1.7910136e+00
  1.8565370e+00
  1.7961678e+00
  1.7952370e+00
  1.8313840e+00
  1.8834546e+00
  1.7967625e+00
  1.8432201e+00
  1.8575489e+00
  1.8626745e+00
  1.7892578e+00
  1.7830480e+00
  1.7760591e+00
  1.7736932e+00
  1.8093082e+00
  1.8427824e+00
  1.7944049e+00
  1.7872150e+00
  1.7614489e+00
  1.8180363e+00
  1.8607884e+00
  1.7781497e+00
  1.7285225e+00
  1.7567332e+00
  1.8501892e+00
  1.7644148e+00
  1.8143316e+00
  1.8222086e+00
  1.8030530e+00
  1.7306765e+00
  1.7788121e+00
  1.8224045e+00
  1.8399414e+00
