  2.3672869e+02  3.1994958e+02  5.5667828e+02
  2.3475367e+02  3.2180846e+02  5.5656213e+02
  2.1520854e+02  3.4352748e+02  5.5873602e+02
  2.4446073e+02  3.4322318e+02  5.8768391e+02
  2.3687674e+02  3.1852268e+02  5.5539942e+02
  2.3291444e+02  3.4361606e+02  5.7653050e+02
  2.4088353e+02  3.2747854e+02  5.6836207e+02
  2.5139178e+02  3.4698283e+02  5.9837460e+02
  2.2736222e+02  3.5329657e+02  5.8065879e+02
  2.6583363e+02  3.7585272e+02  6.4168635e+02
  2.7550586e+02  3.4272997e+02  6.1823583e+02
  2.5406291e+02  3.6358966e+02  6.1765257e+02
  2.2618212e+02  3.3785450e+02  5.6403662e+02
  2.2434788e+02  3.6482262e+02  5.8917051e+02
  2.3207447e+02  3.5465497e+02  5.8672944e+02
  2.4963384e+02  3.5330930e+02  6.0294313e+02
  2.5512429e+02  3.3476895e+02  5.8989324e+02
  2.2107343e+02  3.5892843e+02  5.8000186e+02
  2.3555886e+02  3.5039180e+02  5.8595066e+02
  2.3351070e+02  3.5242837e+02  5.8593907e+02
  2.2383583e+02  3.4403277e+02  5.6786861e+02
  2.4081416e+02  3.4062354e+02  5.8143770e+02
  2.2478291e+02  3.3428251e+02  5.5906543e+02
  2.0878828e+02  3.2707899e+02  5.3586727e+02
  2.1313955e+02  3.6808951e+02  5.8122906e+02
  2.3894853e+02  3.0402047e+02  5.4296901e+02
  2.3978420e+02  3.3939690e+02  5.7918110e+02
  2.4260106e+02  3.4723131e+02  5.8983236e+02
  2.3072320e+02  3.4115490e+02  5.7187810e+02
  2.2408646e+02  3.7653785e+02  6.0062432e+02
  2.0981005e+02  3.6148744e+02  5.7129749e+02
  2.0908814e+02  3.3640826e+02  5.4549640e+02
  2.2267800e+02  3.4959570e+02  5.7227370e+02
  2.3597552e+02  3.3482003e+02  5.7079554e+02
  2.5043386e+02  3.4600749e+02  5.9644134e+02
  2.1717454e+02  3.5892637e+02  5.7610090e+02
  2.2206927e+02  3.3478564e+02  5.5685490e+02
  2.0680859e+02  3.8353092e+02  5.9033951e+02
  2.3915612e+02  3.3894804e+02  5.7810416e+02
  2.3346885e+02  3.3233055e+02  5.6579940e+02
  2.5506335e+02  3.6179482e+02  6.1685818e+02
  2.2573413e+02  3.6303218e+02  5.8876631e+02
  2.1700897e+02  3.4892006e+02  5.6592904e+02
  2.2828000e+02  3.4425713e+02  5.7253713e+02
  2.4193760e+02  3.3548336e+02  5.7742097e+02
  2.4030354e+02  3.3790510e+02  5.7820864e+02
  2.2259669e+02  3.3611549e+02  5.5871218e+02
  2.0740599e+02  3.6334355e+02  5.7074954e+02
  2.5877729e+02  3.6584131e+02  6.2461861e+02
  2.4400653e+02  3.6511161e+02  6.0911813e+02
  2.1825332e+02  3.8405573e+02  6.0230906e+02
  2.2382379e+02  3.4770486e+02  5.7152865e+02
  2.4674296e+02  3.3478698e+02  5.8152993e+02
  2.4145620e+02  3.3644325e+02  5.7789945e+02
  2.3432331e+02  3.3053565e+02  5.6485896e+02
  2.4242427e+02  3.5828197e+02  6.0070624e+02
  2.3640378e+02  3.3185589e+02  5.6825967e+02
  2.3883275e+02  3.4907456e+02  5.8790731e+02
  2.5751894e+02  3.6991818e+02  6.2743712e+02
  2.3047404e+02  3.5215093e+02  5.8262497e+02
  2.3924913e+02  3.5551202e+02  5.9476115e+02
  2.1971511e+02  3.5276463e+02  5.7247974e+02
  2.2863151e+02  3.7013757e+02  5.9876908e+02
  2.3868043e+02  3.5148678e+02  5.9016721e+02
  2.6258485e+02  3.2654391e+02  5.8912875e+02
  2.2193003e+02  4.0307423e+02  6.2500426e+02
  2.3269790e+02  3.5897956e+02  5.9167746e+02
  2.2198810e+02  3.3545104e+02  5.5743914e+02
  2.5307996e+02  3.3540619e+02  5.8848615e+02
  2.0215265e+02  3.3452746e+02  5.3668011e+02
  2.2720098e+02  3.4655626e+02  5.7375724e+02
  2.2405256e+02  3.2203225e+02  5.4608482e+02
  2.2238420e+02  3.1751002e+02  5.3989422e+02
  2.2991661e+02  3.5114553e+02  5.8106215e+02
  2.2359297e+02  3.4261039e+02  5.6620336e+02
  2.3897281e+02  3.5013820e+02  5.8911101e+02
  2.3606582e+02  3.3871197e+02  5.7477779e+02
  2.1558533e+02  3.3098639e+02  5.4657173e+02
  2.2851621e+02  3.2517398e+02  5.5369020e+02
  2.6034875e+02  3.6536224e+02  6.2571099e+02
  2.5011420e+02  3.5443418e+02  6.0454838e+02
  2.3769378e+02  3.5772061e+02  5.9541438e+02
  2.2573611e+02  3.6063127e+02  5.8636738e+02
  2.2940610e+02  3.5669337e+02  5.8609947e+02
  2.2822705e+02  3.2922123e+02  5.5744829e+02
  2.3468120e+02  3.4403996e+02  5.7872116e+02
  2.1344970e+02  3.6527649e+02  5.7872619e+02
  2.3434244e+02  3.4514131e+02  5.7948376e+02
  2.3771513e+02  3.2032897e+02  5.5804410e+02
  2.5526104e+02  3.7322470e+02  6.2848574e+02
  2.6998807e+02  3.6701822e+02  6.3700628e+02
  2.2491754e+02  3.3242569e+02  5.5734323e+02
  2.3159305e+02  3.2601154e+02  5.5760459e+02
  2.3850491e+02  3.6459811e+02  6.0310302e+02
  2.3027753e+02  3.5126834e+02  5.8154587e+02
  2.2806350e+02  3.3848334e+02  5.6654684e+02
  2.2018178e+02  3.7083021e+02  5.9101199e+02
  2.2095166e+02  3.5314186e+02  5.7409352e+02
  2.4005634e+02  3.3037310e+02  5.7042945e+02
  2.3683491e+02  3.3229864e+02  5.6913355e+02
  2.3317327e+02  3.4995549e+02  5.8312875e+02
  2.4649610e+02  3.8144880e+02  6.2794490e+02
  2.2826598e+02  3.6722643e+02  5.9549241e+02
  2.2306765e+02  3.5554878e+02  5.7861644e+02
  2.3010294e+02  3.5148519e+02  5.8158813e+02
  2.3295466e+02  3.4924732e+02  5.8220198e+02
  2.3209292e+02  3.5617657e+02  5.8826949e+02
  2.3923085e+02  3.3324686e+02  5.7247772e+02
  2.2648514e+02  3.6197327e+02  5.8845841e+02
  2.3368931e+02  3.2715090e+02  5.6084021e+02
  2.2001806e+02  3.8792080e+02  6.0793886e+02
  2.2273408e+02  3.3779233e+02  5.6052640e+02
  2.3995260e+02  3.5037186e+02  5.9032447e+02
  2.5092789e+02  3.3899088e+02  5.8991877e+02
  2.3687454e+02  3.5058396e+02  5.8745850e+02
  2.0347286e+02  3.4133934e+02  5.4481220e+02
  2.3364364e+02  3.3193413e+02  5.6557777e+02
  2.2613502e+02  3.3511278e+02  5.6124780e+02
  2.2429493e+02  3.5985637e+02  5.8415130e+02
  2.2546162e+02  3.7927654e+02  6.0473817e+02
  2.3880284e+02  3.4610089e+02  5.8490373e+02
  2.4073591e+02  3.4576400e+02  5.8649990e+02
  2.2690965e+02  3.6242790e+02  5.8933755e+02
  2.5504473e+02  3.2638299e+02  5.8142772e+02
  2.4426804e+02  3.6645073e+02  6.1071877e+02
  1.8705905e+02  3.2055468e+02  5.0761373e+02
  2.3269543e+02  3.4739184e+02  5.8008728e+02
  1.9712931e+02  3.6702359e+02  5.6415290e+02
  2.5205523e+02  3.6034367e+02  6.1239890e+02
  2.3765735e+02  3.6483604e+02  6.0249340e+02
  2.1259297e+02  3.5670380e+02  5.6929677e+02
  2.6424000e+02  3.5466633e+02  6.1890633e+02
  2.4222452e+02  3.7059111e+02  6.1281563e+02
  2.4466341e+02  3.4935577e+02  5.9401918e+02
  2.2584087e+02  3.7245820e+02  5.9829907e+02
  2.0304194e+02  3.5020487e+02  5.5324681e+02
  2.3623407e+02  3.1980034e+02  5.5603441e+02
  2.4070724e+02  3.2708844e+02  5.6779568e+02
  2.2339882e+02  3.6241703e+02  5.8581585e+02
  2.5311347e+02  3.4879846e+02  6.0191193e+02
  2.2827589e+02  3.2782401e+02  5.5609989e+02
  2.3525715e+02  3.7872614e+02  6.1398329e+02
  2.2598422e+02  3.4157247e+02  5.6755668e+02
  2.4364720e+02  3.5969899e+02  6.0334618e+02
  1.8803356e+02  3.6226298e+02  5.5029654e+02
  2.2466632e+02  3.9481010e+02  6.1947642e+02
  2.4179421e+02  3.5519731e+02  5.9699152e+02
  2.5837818e+02  3.4668678e+02  6.0506496e+02
  2.4300252e+02  3.8407084e+02  6.2707336e+02
  2.3847184e+02  3.5173092e+02  5.9020276e+02
  2.4244123e+02  3.2957175e+02  5.7201298e+02
  2.2498004e+02  3.4046325e+02  5.6544330e+02
  2.5622507e+02  3.4398636e+02  6.0021143e+02
  2.4264103e+02  3.2110074e+02  5.6374177e+02
  2.1739931e+02  3.6162938e+02  5.7902869e+02
  2.5803642e+02  3.3059855e+02  5.8863498e+02
  2.4471891e+02  3.6021709e+02  6.0493599e+02
  2.2497684e+02  3.7461798e+02  5.9959482e+02
  2.1469578e+02  3.8495465e+02  5.9965044e+02
  2.7573713e+02  3.5145466e+02  6.2719179e+02
  2.0160766e+02  3.6159977e+02  5.6320743e+02
  2.6625798e+02  3.2691808e+02  5.9317607e+02
  2.1563254e+02  3.2094787e+02  5.3658041e+02
  2.1050661e+02  3.1843661e+02  5.2894322e+02
  2.4683463e+02  3.6090174e+02  6.0773637e+02
  2.2625599e+02  3.7711222e+02  6.0336820e+02
  2.4584669e+02  3.2886984e+02  5.7471652e+02
  2.4501971e+02  3.3872037e+02  5.8374008e+02
  2.5318423e+02  3.4777973e+02  6.0096395e+02
  2.2465161e+02  3.2769692e+02  5.5234853e+02
  2.5868900e+02  3.4027628e+02  5.9896528e+02
  2.3250929e+02  3.4236364e+02  5.7487293e+02
  2.1223061e+02  3.5495438e+02  5.6718498e+02
  2.3676843e+02  3.0999702e+02  5.4676544e+02
  2.2228284e+02  3.7603793e+02  5.9832077e+02
  2.1104697e+02  3.3959732e+02  5.5064429e+02
  1.9813374e+02  3.2023025e+02  5.1836399e+02
  2.3079977e+02  3.8630139e+02  6.1710116e+02
  2.2351747e+02  3.8401813e+02  6.0753560e+02
  2.2752064e+02  3.2583117e+02  5.5335181e+02
  2.2982620e+02  3.5776175e+02  5.8758795e+02
  2.1369289e+02  3.6500961e+02  5.7870250e+02
  2.3066805e+02  3.6736892e+02  5.9803697e+02
  2.6341064e+02  3.1869485e+02  5.8210549e+02
  2.3869526e+02  3.1928798e+02  5.5798324e+02
  2.4689568e+02  3.5260111e+02  5.9949679e+02
  2.1823936e+02  3.4753019e+02  5.6576955e+02
  2.3055160e+02  3.5629602e+02  5.8684762e+02
  2.1769009e+02  3.9794163e+02  6.1563172e+02
  2.2967895e+02  3.6191132e+02  5.9159028e+02
  2.1508889e+02  3.3132665e+02  5.4641553e+02
  2.4899946e+02  3.4787502e+02  5.9687448e+02
  2.5026997e+02  3.4637584e+02  5.9664580e+02
  2.1391747e+02  3.6157438e+02  5.7549185e+02
  2.3279708e+02  3.4644697e+02  5.7924405e+02
  2.3323486e+02  3.3116313e+02  5.6439799e+02
  2.5088649e+02  3.3827366e+02  5.8916014e+02
  2.3773276e+02  3.5661411e+02  5.9434687e+02
  2.2351735e+02  3.6141514e+02  5.8493249e+02
  2.4179757e+02  3.4670885e+02  5.8850642e+02
  2.4928274e+02  3.4081907e+02  5.9010181e+02
  2.3792459e+02  3.3915077e+02  5.7707535e+02
  2.2814270e+02  3.7331285e+02  6.0145555e+02
  2.4913212e+02  3.6062532e+02  6.0975744e+02
  2.3524303e+02  3.3825444e+02  5.7349747e+02
  2.3592749e+02  3.5845896e+02  5.9438646e+02
  2.2444035e+02  3.4215987e+02  5.6660022e+02
  2.5759160e+02  3.5941654e+02  6.1700814e+02
  2.5693311e+02  3.6282307e+02  6.1975618e+02
  2.3292618e+02  3.4638481e+02  5.7931099e+02
  2.2831932e+02  3.4119487e+02  5.6951419e+02
  2.1895338e+02  3.4994608e+02  5.6889946e+02
  2.1166845e+02  3.7543733e+02  5.8710578e+02
  2.1026066e+02  3.3796986e+02  5.4823052e+02
  2.3556035e+02  3.3455335e+02  5.7011369e+02
  2.1158043e+02  3.7511191e+02  5.8669234e+02
  2.3594537e+02  3.7275534e+02  6.0870071e+02
  2.4003729e+02  3.4337709e+02  5.8341438e+02
  2.3623448e+02  3.6084498e+02  5.9707946e+02
  2.1675865e+02  3.4296207e+02  5.5972071e+02
  2.3582325e+02  3.3328822e+02  5.6911147e+02
  2.1796534e+02  3.3545862e+02  5.5342396e+02
  2.1922203e+02  3.3078859e+02  5.5001062e+02
  2.4043836e+02  3.5313256e+02  5.9357093e+02
  2.1492854e+02  3.5438955e+02  5.6931809e+02
  2.4277452e+02  3.3481687e+02  5.7759139e+02
  2.1530476e+02  3.4398472e+02  5.5928948e+02
  2.2196093e+02  3.2694916e+02  5.4891009e+02
  2.1799546e+02  3.8502700e+02  6.0302247e+02
  2.3030075e+02  3.3318320e+02  5.6348395e+02
  2.4127422e+02  3.0247509e+02  5.4374931e+02
  2.1784786e+02  3.5216104e+02  5.7000890e+02
  2.1037859e+02  3.5774319e+02  5.6812178e+02
  2.2808206e+02  3.4632732e+02  5.7440938e+02
  2.0738328e+02  3.5109501e+02  5.5847829e+02
  2.3558803e+02  3.5285947e+02  5.8844749e+02
  2.6993618e+02  3.9282725e+02  6.6276343e+02
  2.2583452e+02  3.5776155e+02  5.8359607e+02
  2.4326625e+02  3.5201667e+02  5.9528292e+02
  2.6396347e+02  3.4393563e+02  6.0789910e+02
  2.2029826e+02  3.6144440e+02  5.8174266e+02
  2.1068142e+02  3.2306299e+02  5.3374441e+02
  2.2927163e+02  3.6526084e+02  5.9453247e+02
  2.2185951e+02  3.4929238e+02  5.7115189e+02
  2.2306256e+02  3.2658021e+02  5.4964277e+02
  2.1880103e+02  3.4474947e+02  5.6355050e+02
  2.4217204e+02  3.2932073e+02  5.7149277e+02
  2.3496963e+02  3.3230382e+02  5.6727345e+02
  2.1985926e+02  3.4594669e+02  5.6580594e+02
  2.4226249e+02  3.5161852e+02  5.9388102e+02
  2.1346605e+02  3.7593006e+02  5.8939610e+02
  2.6475239e+02  3.6700128e+02  6.3175368e+02
  2.2412486e+02  3.2443928e+02  5.4856414e+02
  2.5241789e+02  3.3370394e+02  5.8612183e+02
  2.3668365e+02  3.6479025e+02  6.0147390e+02
  2.3505225e+02  3.3818325e+02  5.7323551e+02
  2.3259862e+02  3.4240405e+02  5.7500267e+02
  2.2547883e+02  3.5067565e+02  5.7615448e+02
  2.2654546e+02  3.4967676e+02  5.7622222e+02
  2.1048773e+02  3.3520223e+02  5.4568996e+02
  2.3277317e+02  3.6832654e+02  6.0109970e+02
  2.4899688e+02  3.6736735e+02  6.1636423e+02
  2.3801063e+02  3.4844453e+02  5.8645516e+02
  2.1196308e+02  3.7195520e+02  5.8391829e+02
  2.0460737e+02  3.3957681e+02  5.4418418e+02
  2.1425543e+02  3.4551133e+02  5.5976676e+02
  2.4420455e+02  3.6889226e+02  6.1309680e+02
  2.1618734e+02  3.6462981e+02  5.8081714e+02
  2.4221658e+02  3.7665208e+02  6.1886866e+02
  2.4868435e+02  3.2743710e+02  5.7612145e+02
  2.2036844e+02  3.5949911e+02  5.7986755e+02
  2.2500644e+02  3.7020728e+02  5.9521372e+02
  2.2575366e+02  3.4761841e+02  5.7337207e+02
  2.3807990e+02  3.8807134e+02  6.2615123e+02
  2.2678111e+02  3.7059146e+02  5.9737257e+02
  2.2205731e+02  3.6220883e+02  5.8426614e+02
  2.3754791e+02  3.6765361e+02  6.0520152e+02
  2.4164037e+02  3.5708247e+02  5.9872285e+02
  2.2990245e+02  3.5838426e+02  5.8828671e+02
  2.2353517e+02  3.2636380e+02  5.4989897e+02
  2.3433026e+02  3.5424564e+02  5.8857590e+02
  2.3942260e+02  3.3019378e+02  5.6961639e+02
  2.0802974e+02  3.5764746e+02  5.6567721e+02
  2.2925440e+02  3.6036704e+02  5.8962144e+02
  1.9212611e+02  3.7782811e+02  5.6995422e+02
  2.3277324e+02  3.7396463e+02  6.0673787e+02
  2.2674417e+02  3.4694905e+02  5.7369322e+02
  2.2972802e+02  3.5509716e+02  5.8482518e+02
  2.2690866e+02  3.2745569e+02  5.5436435e+02
  2.1652581e+02  3.1248615e+02  5.2901196e+02
  2.5169102e+02  3.3435140e+02  5.8604242e+02
  2.2082011e+02  3.2061149e+02  5.4143160e+02
  2.1665430e+02  3.6186497e+02  5.7851927e+02
  2.2412102e+02  3.4435670e+02  5.6847772e+02
  2.3181606e+02  3.8853935e+02  6.2035541e+02
  2.2949629e+02  3.9446610e+02  6.2396239e+02
  2.4069517e+02  3.1663803e+02  5.5733320e+02
  2.4514016e+02  3.5627726e+02  6.0141742e+02
  2.2077337e+02  3.4803887e+02  5.6881224e+02
  2.5557831e+02  3.3882928e+02  5.9440759e+02
  2.1526923e+02  3.3803447e+02  5.5330370e+02
  2.3336344e+02  3.7023394e+02  6.0359737e+02
  2.3847045e+02  3.2317793e+02  5.6164838e+02
  2.2249540e+02  3.3664843e+02  5.5914383e+02
  2.2850073e+02  3.1672985e+02  5.4523057e+02
  2.5075718e+02  3.6620845e+02  6.1696563e+02
  2.3235498e+02  3.8724534e+02  6.1960032e+02
  2.6963681e+02  3.5759627e+02  6.2723308e+02
  2.5117004e+02  3.5886802e+02  6.1003805e+02
  2.3238104e+02  3.5345746e+02  5.8583850e+02
  2.1838972e+02  3.7022023e+02  5.8860995e+02
  2.4049974e+02  3.4165850e+02  5.8215824e+02
  2.0403717e+02  3.6845170e+02  5.7248887e+02
  2.2991381e+02  3.2183628e+02  5.5175008e+02
  2.2933270e+02  3.4058373e+02  5.6991643e+02
  2.2626936e+02  3.5332623e+02  5.7959559e+02
  2.3070835e+02  3.6749758e+02  5.9820594e+02
  2.1850165e+02  3.5092766e+02  5.6942930e+02
  2.3821915e+02  3.4161373e+02  5.7983287e+02
  2.6556373e+02  3.5744218e+02  6.2300591e+02
  2.0902429e+02  3.2494856e+02  5.3397285e+02
  2.3577939e+02  3.6603178e+02  6.0181117e+02
  2.2249337e+02  3.3534159e+02  5.5783496e+02
  2.5216251e+02  3.2519913e+02  5.7736164e+02
  2.2921510e+02  3.6183498e+02  5.9105008e+02
  2.2271545e+02  3.0564978e+02  5.2836523e+02
  2.2145864e+02  3.3052184e+02  5.5198048e+02
  2.1333876e+02  3.5709715e+02  5.7043591e+02
  2.1609843e+02  3.6532027e+02  5.8141870e+02
  2.4114267e+02  3.6294574e+02  6.0408841e+02
  2.3232856e+02  3.6738873e+02  5.9971729e+02
  2.6012664e+02  3.2440708e+02  5.8453372e+02
  2.2239332e+02  3.4637575e+02  5.6876908e+02
  2.4241774e+02  3.4583874e+02  5.8825648e+02
  2.3134703e+02  3.6483001e+02  5.9617704e+02
  1.8909227e+02  3.3940448e+02  5.2849674e+02
  2.1826358e+02  3.5094674e+02  5.6921032e+02
  2.4165274e+02  3.6553656e+02  6.0718930e+02
  2.3818202e+02  3.5424609e+02  5.9242812e+02
  2.5377748e+02  3.3483347e+02  5.8861096e+02
  2.2988855e+02  3.8268811e+02  6.1257666e+02
  2.2986158e+02  3.3589437e+02  5.6575594e+02
  2.5969646e+02  3.1528872e+02  5.7498518e+02
  2.1739600e+02  3.5516696e+02  5.7256295e+02
  2.3927717e+02  3.2927535e+02  5.6855252e+02
  2.3658201e+02  3.3561917e+02  5.7220117e+02
  2.1783620e+02  3.8345961e+02  6.0129580e+02
  2.0580087e+02  3.4014517e+02  5.4594604e+02
  2.5598871e+02  3.4427954e+02  6.0026825e+02
  2.1673113e+02  3.5129673e+02  5.6802786e+02
  2.2757276e+02  3.4959449e+02  5.7716725e+02
  2.2533541e+02  3.8575197e+02  6.1108737e+02
  2.2732185e+02  3.2393774e+02  5.5125958e+02
  2.2864791e+02  3.7538987e+02  6.0403778e+02
  2.4545756e+02  3.2161466e+02  5.6707222e+02
  2.2165614e+02  3.4622099e+02  5.6787713e+02
  2.1798605e+02  3.7235292e+02  5.9033898e+02
  2.4910979e+02  3.7175265e+02  6.2086244e+02
  2.0405823e+02  3.9133626e+02  5.9539449e+02
  2.2631879e+02  3.3360491e+02  5.5992370e+02
  2.3449435e+02  3.7849368e+02  6.1298803e+02
  2.4419503e+02  3.6183739e+02  6.0603243e+02
  2.5415259e+02  3.3550950e+02  5.8966209e+02
  2.4052999e+02  3.7576569e+02  6.1629568e+02
  2.2560352e+02  3.5064099e+02  5.7624451e+02
  2.1221755e+02  3.3690507e+02  5.4912262e+02
  2.4492248e+02  3.6524247e+02  6.1016495e+02
  2.3108047e+02  3.8749436e+02  6.1857483e+02
  2.3626191e+02  3.3853672e+02  5.7479863e+02
  2.2921374e+02  3.7260491e+02  6.0181865e+02
  2.2900187e+02  3.7215840e+02  6.0116027e+02
  2.2799253e+02  3.5539965e+02  5.8339218e+02
  2.0119797e+02  3.1346813e+02  5.1466610e+02
  2.5371434e+02  3.4584447e+02  5.9955882e+02
  2.2720760e+02  3.0696141e+02  5.3416901e+02
  2.3175114e+02  3.4659307e+02  5.7834421e+02
  2.7744326e+02  3.4468054e+02  6.2212380e+02
  2.3179074e+02  3.2816244e+02  5.5995318e+02
  2.3924403e+02  3.2372182e+02  5.6296585e+02
  2.1972336e+02  3.5060268e+02  5.7032604e+02
  2.3573446e+02  3.4066034e+02  5.7639479e+02
  2.1533220e+02  3.5238846e+02  5.6772066e+02
  2.7026952e+02  3.5890896e+02  6.2917847e+02
  2.1799470e+02  3.9292424e+02  6.1091894e+02
  2.4315239e+02  3.5348481e+02  5.9663720e+02
  2.1121242e+02  3.1977103e+02  5.3098345e+02
  2.1501842e+02  3.3674714e+02  5.5176555e+02
  2.4165597e+02  3.5955173e+02  6.0120770e+02
  2.3980975e+02  3.6213332e+02  6.0194307e+02
  2.2021525e+02  3.2981420e+02  5.5002945e+02
  2.3820976e+02  3.5050094e+02  5.8871069e+02
  2.1252485e+02  3.6147102e+02  5.7399587e+02
  2.2478712e+02  3.0927933e+02  5.3406645e+02
  2.2816522e+02  3.1629431e+02  5.4445954e+02
  2.1254731e+02  3.3546259e+02  5.4800990e+02
  2.4374077e+02  3.7126214e+02  6.1500291e+02
  2.2763523e+02  3.3662292e+02  5.6425816e+02
  2.4120127e+02  3.6890932e+02  6.1011059e+02
  2.0747620e+02  3.2346262e+02  5.3093882e+02
  2.3776645e+02  3.3396942e+02  5.7173587e+02
  2.1008015e+02  3.7276436e+02  5.8284451e+02
  2.4070216e+02  3.5512141e+02  5.9582357e+02
  2.2861225e+02  3.5178013e+02  5.8039238e+02
  2.4168560e+02  3.2200509e+02  5.6369069e+02
  1.9360590e+02  3.6191747e+02  5.5552338e+02
  2.3456410e+02  3.5104921e+02  5.8561332e+02
  2.3225823e+02  3.1286871e+02  5.4512695e+02
  2.2897575e+02  3.9574371e+02  6.2471946e+02
  2.3588289e+02  3.5520235e+02  5.9108524e+02
  2.1747393e+02  3.3600348e+02  5.5347741e+02
  2.0671548e+02  3.4720337e+02  5.5391885e+02
  2.6548227e+02  3.4714010e+02  6.1262238e+02
  2.4508815e+02  3.7516190e+02  6.2025004e+02
  2.4592746e+02  3.5761291e+02  6.0354036e+02
  2.4938264e+02  3.1567900e+02  5.6506163e+02
  2.2835908e+02  3.6788359e+02  5.9624268e+02
  2.2015851e+02  3.3443374e+02  5.5459225e+02
  2.3980857e+02  3.2707838e+02  5.6688695e+02
  2.3913996e+02  3.4378453e+02  5.8292450e+02
  2.6861075e+02  3.5756034e+02  6.2617109e+02
  2.1863711e+02  3.4620681e+02  5.6484392e+02
  2.4236598e+02  3.4583409e+02  5.8820008e+02
  2.3172835e+02  3.4034916e+02  5.7207751e+02
  2.0066288e+02  3.7471798e+02  5.7538086e+02
  2.2539570e+02  3.6544085e+02  5.9083655e+02
  2.1717009e+02  3.7886191e+02  5.9603200e+02
  2.3135079e+02  3.3225566e+02  5.6360645e+02
  2.3632841e+02  3.7506094e+02  6.1138935e+02
  2.6018187e+02  3.5364716e+02  6.1382903e+02
  2.3076735e+02  3.4193426e+02  5.7270161e+02
  2.3502852e+02  3.3907081e+02  5.7409934e+02
  2.1322893e+02  3.3228949e+02  5.4551842e+02
  2.3803404e+02  3.4225009e+02  5.8028412e+02
  2.2472956e+02  3.4696710e+02  5.7169666e+02
  2.1666189e+02  3.5793098e+02  5.7459287e+02
  2.2310226e+02  3.4793328e+02  5.7103554e+02
  2.3305405e+02  3.4884898e+02  5.8190303e+02
  2.2237194e+02  3.5381125e+02  5.7618319e+02
  2.1108071e+02  3.6762568e+02  5.7870639e+02
  2.5954912e+02  3.3734932e+02  5.9689845e+02
  2.2177138e+02  3.5661348e+02  5.7838485e+02
  2.5096302e+02  3.5822440e+02  6.0918742e+02
  2.2664658e+02  3.4304750e+02  5.6969408e+02
  2.2767092e+02  3.5113629e+02  5.7880721e+02
  2.2944236e+02  3.5920164e+02  5.8864400e+02
  2.2101769e+02  3.3991045e+02  5.6092814e+02
  2.3375099e+02  3.6118256e+02  5.9493355e+02
  2.3452443e+02  3.6430941e+02  5.9883383e+02
  2.3574300e+02  3.4285838e+02  5.7860138e+02
  2.2096306e+02  3.2733450e+02  5.4829757e+02
  2.5677809e+02  3.6904247e+02  6.2582056e+02
  2.3788810e+02  3.8332299e+02  6.2121109e+02
  2.2763818e+02  3.4474973e+02  5.7238791e+02
  2.5961956e+02  3.7161920e+02  6.3123876e+02
  2.3332028e+02  3.3351340e+02  5.6683368e+02
  2.5761581e+02  3.2050289e+02  5.7811870e+02
  2.0406611e+02  3.4361497e+02  5.4768108e+02
  2.4726473e+02  3.4193771e+02  5.8920244e+02
  2.0792181e+02  3.5348071e+02  5.6140252e+02
  2.2620605e+02  3.2767386e+02  5.5387992e+02
  2.3343518e+02  3.2545577e+02  5.5889095e+02
  2.1438000e+02  3.1763052e+02  5.3201052e+02
  2.2801192e+02  3.4879923e+02  5.7681114e+02
  2.2649433e+02  3.4964365e+02  5.7613798e+02
  2.2766877e+02  3.0144520e+02  5.2911396e+02
  2.4002632e+02  3.1266759e+02  5.5269391e+02
  2.2646293e+02  3.3652588e+02  5.6298881e+02
  2.3976806e+02  3.4636952e+02  5.8613759e+02
  2.4370646e+02  3.6113137e+02  6.0483783e+02
  2.6078516e+02  3.3777928e+02  5.9856444e+02
  2.6731214e+02  3.1940083e+02  5.8671298e+02
  2.0443047e+02  3.3476324e+02  5.3919371e+02
  2.4505430e+02  3.6704051e+02  6.1209480e+02
  2.2939833e+02  3.5479266e+02  5.8419099e+02
  2.6812186e+02  3.6300003e+02  6.3112188e+02
  2.1569202e+02  3.5945133e+02  5.7514335e+02
  2.0862731e+02  3.4202949e+02  5.5065680e+02
  2.2864009e+02  3.5838125e+02  5.8702134e+02
  2.4230709e+02  3.7321271e+02  6.1551981e+02
  2.4389528e+02  3.2529453e+02  5.6918981e+02
  2.7094274e+02  3.3035273e+02  6.0129547e+02
  2.5719515e+02  3.7042671e+02  6.2762187e+02
  2.1670505e+02  3.0015294e+02  5.1685799e+02
  2.1550885e+02  3.2694686e+02  5.4245571e+02
  2.4733441e+02  3.3258294e+02  5.7991734e+02
  2.2926276e+02  3.4923588e+02  5.7849864e+02
  2.2389914e+02  3.3785722e+02  5.6175637e+02
  2.4368588e+02  3.3883566e+02  5.8252154e+02
  2.6081632e+02  3.3141116e+02  5.9222748e+02
  2.2377458e+02  3.6918218e+02  5.9295676e+02
  2.4211670e+02  3.5832462e+02  6.0044132e+02
  2.3460404e+02  3.2243504e+02  5.5703907e+02
  2.4838230e+02  3.5531063e+02  6.0369293e+02
  2.3503120e+02  3.3600601e+02  5.7103721e+02
  2.2535228e+02  3.5943121e+02  5.8478350e+02
  2.2242031e+02  3.7285570e+02  5.9527601e+02
  2.3844165e+02  3.2557357e+02  5.6401521e+02
  2.0974550e+02  3.5164394e+02  5.6138944e+02
  2.1709492e+02  3.7320836e+02  5.9030328e+02
  2.3731825e+02  3.5309633e+02  5.9041458e+02
  2.2706213e+02  3.1870995e+02  5.4577208e+02
  2.3515808e+02  3.5054697e+02  5.8570505e+02
  2.1187570e+02  3.7092538e+02  5.8280108e+02
  2.2720340e+02  3.5922549e+02  5.8642889e+02
  2.1122845e+02  3.5757203e+02  5.6880049e+02
  2.5028091e+02  3.2053281e+02  5.7081371e+02
  2.5049929e+02  3.7236579e+02  6.2286508e+02
  2.3509224e+02  3.4206143e+02  5.7715366e+02
  2.3831325e+02  3.4607954e+02  5.8439278e+02
  2.3853592e+02  3.4813034e+02  5.8666626e+02
  2.2128422e+02  3.6573263e+02  5.8701686e+02
  2.0614110e+02  3.1652402e+02  5.2266512e+02
  2.3863026e+02  3.8378657e+02  6.2241683e+02
  2.1441640e+02  3.1534819e+02  5.2976459e+02
  2.2839213e+02  3.4693773e+02  5.7532986e+02
  2.3794259e+02  3.6030639e+02  5.9824898e+02
  2.4876435e+02  3.4557034e+02  5.9433470e+02
  2.4374643e+02  3.6103815e+02  6.0478458e+02
  2.2422263e+02  3.6404696e+02  5.8826959e+02
  2.3778769e+02  3.5195616e+02  5.8974386e+02
  2.1797690e+02  3.2861318e+02  5.4659008e+02
  2.3173986e+02  3.3885223e+02  5.7059209e+02
  2.4554258e+02  3.3694067e+02  5.8248325e+02
  2.2780096e+02  3.2930187e+02  5.5710283e+02
  2.2949963e+02  3.7535756e+02  6.0485719e+02
  1.8765247e+02  3.4201136e+02  5.2966383e+02
  2.2818626e+02  3.7323316e+02  6.0141942e+02
  2.2905486e+02  3.4898349e+02  5.7803835e+02
  2.3080304e+02  3.2360321e+02  5.5440625e+02
  2.4287839e+02  3.6167561e+02  6.0455400e+02
  2.1967282e+02  3.5661270e+02  5.7628552e+02
  2.0596641e+02  3.4432836e+02  5.5029477e+02
  2.2955880e+02  3.5313891e+02  5.8269772e+02
  2.4326006e+02  3.7692291e+02  6.2018296e+02
  2.1040885e+02  3.4265042e+02  5.5305927e+02
  2.3845103e+02  3.5597870e+02  5.9442973e+02
  2.3068429e+02  3.9679520e+02  6.2747949e+02
  2.4604905e+02  3.3896792e+02  5.8501697e+02
  2.5573738e+02  3.4157214e+02  5.9730952e+02
  2.4766537e+02  3.3738678e+02  5.8505215e+02
  2.2932328e+02  3.4954764e+02  5.7887092e+02
  2.5587164e+02  3.6923612e+02  6.2510776e+02
  2.1550094e+02  3.3764269e+02  5.5314363e+02
  2.0138212e+02  3.6632519e+02  5.6770731e+02
  2.2936777e+02  3.3225650e+02  5.6162427e+02
  2.2568035e+02  3.2492449e+02  5.5060484e+02
  2.3281532e+02  3.5168315e+02  5.8449848e+02
  2.2577213e+02  3.3488445e+02  5.6065659e+02
  2.2119155e+02  3.7980569e+02  6.0099724e+02
  2.3579115e+02  3.2225333e+02  5.5804447e+02
  2.6422657e+02  3.5493315e+02  6.1915972e+02
  2.3185642e+02  3.6052218e+02  5.9237860e+02
  2.6811275e+02  3.7437052e+02  6.4248327e+02
  2.2364695e+02  3.4726306e+02  5.7091002e+02
  2.2670033e+02  3.7168578e+02  5.9838611e+02
  2.4202517e+02  3.3164894e+02  5.7367411e+02
  2.2503744e+02  3.6880359e+02  5.9384103e+02
  2.3455448e+02  3.2129114e+02  5.5584562e+02
  2.5419732e+02  3.5594590e+02  6.1014322e+02
  2.2570866e+02  3.5987214e+02  5.8558080e+02
  2.2661881e+02  3.4880196e+02  5.7542077e+02
  2.2506437e+02  3.7270497e+02  5.9776933e+02
  2.5331065e+02  3.7255652e+02  6.2586717e+02
  2.2175007e+02  3.4355954e+02  5.6530961e+02
  2.1592023e+02  3.4731212e+02  5.6323235e+02
  2.1163007e+02  3.4394998e+02  5.5558006e+02
  2.4125755e+02  3.3532951e+02  5.7658707e+02
  2.4602121e+02  3.5152375e+02  5.9754496e+02
  2.2154124e+02  3.7660625e+02  5.9814749e+02
  2.3841482e+02  3.2364440e+02  5.6205923e+02
  2.1050424e+02  3.5718800e+02  5.6769224e+02
  2.3805525e+02  3.3085338e+02  5.6890864e+02
  2.2853102e+02  3.7032663e+02  5.9885765e+02
  2.3284956e+02  3.6101610e+02  5.9386566e+02
  2.2449025e+02  3.7121522e+02  5.9570547e+02
  2.4715943e+02  3.7299043e+02  6.2014986e+02
  2.6223079e+02  3.3947362e+02  6.0170441e+02
  2.3455081e+02  3.3011361e+02  5.6466442e+02
  2.4885618e+02  3.3952787e+02  5.8838404e+02
  2.4285272e+02  3.1626832e+02  5.5912104e+02
  2.4204003e+02  3.5514836e+02  5.9718839e+02
  2.3857283e+02  3.9282845e+02  6.3140128e+02
  2.4904409e+02  3.5007349e+02  5.9911758e+02
  2.1175631e+02  3.7282662e+02  5.8458293e+02
  2.0754890e+02  3.3192715e+02  5.3947605e+02
  2.3291267e+02  3.3611082e+02  5.6902349e+02
  2.2648168e+02  3.4358643e+02  5.7006811e+02
  2.0899949e+02  3.7227152e+02  5.8127101e+02
  2.3854602e+02  3.3850211e+02  5.7704814e+02
  2.4259816e+02  3.5103563e+02  5.9363379e+02
  2.3977583e+02  3.4389391e+02  5.8366975e+02
  2.6709629e+02  3.5579468e+02  6.2289097e+02
  2.1177346e+02  3.2488038e+02  5.3665384e+02
  2.3735599e+02  3.6572878e+02  6.0308477e+02
  2.5518872e+02  3.8028016e+02  6.3546888e+02
  2.3998437e+02  3.4814496e+02  5.8812933e+02
  2.2281238e+02  3.5734497e+02  5.8015735e+02
  2.4345788e+02  3.5839198e+02  6.0184986e+02
  2.1701457e+02  3.5955122e+02  5.7656578e+02
  2.3369878e+02  3.5809824e+02  5.9179702e+02
  2.3894499e+02  3.5516173e+02  5.9410672e+02
  2.2433902e+02  3.3073076e+02  5.5506979e+02
  2.1840128e+02  3.1675023e+02  5.3515151e+02
  2.2668533e+02  3.6662542e+02  5.9331075e+02
  2.3594188e+02  3.7980014e+02  6.1574202e+02
  2.3807323e+02  3.6147958e+02  5.9955281e+02
  2.2678934e+02  3.2836689e+02  5.5515623e+02
  2.3733573e+02  3.3265114e+02  5.6998686e+02
  2.3644189e+02  3.8073142e+02  6.1717331e+02
  2.0675640e+02  3.7942237e+02  5.8617877e+02
  2.3465673e+02  3.2510687e+02  5.5976361e+02
  2.1650502e+02  3.3217103e+02  5.4867605e+02
  2.5851630e+02  3.5168960e+02  6.1020589e+02
  2.1882256e+02  3.7532822e+02  5.9415078e+02
  2.3336546e+02  3.8948740e+02  6.2285286e+02
  2.2359680e+02  3.2174703e+02  5.4534383e+02
  2.4291044e+02  3.5725602e+02  6.0016646e+02
  2.1357823e+02  3.6056309e+02  5.7414132e+02
  2.4296507e+02  3.2699497e+02  5.6996004e+02
  2.4262697e+02  3.5437058e+02  5.9699754e+02
  2.3712683e+02  3.4510905e+02  5.8223588e+02
  2.5027851e+02  3.6477198e+02  6.1505049e+02
  2.3511976e+02  3.6011525e+02  5.9523501e+02
  2.4163416e+02  3.6953235e+02  6.1116650e+02
  2.4823282e+02  3.2321554e+02  5.7144836e+02
  2.0992917e+02  3.7894795e+02  5.8887711e+02
  2.2886589e+02  2.9734921e+02  5.2621510e+02
  2.4607158e+02  3.4125038e+02  5.8732195e+02
  2.4835995e+02  3.6333317e+02  6.1169311e+02
  1.9690967e+02  3.3566459e+02  5.3257426e+02
  2.4400202e+02  3.3657934e+02  5.8058137e+02
  2.1744695e+02  3.6148032e+02  5.7892727e+02
  2.4334038e+02  3.4468721e+02  5.8802758e+02
  2.4239929e+02  3.4784450e+02  5.9024379e+02
  2.1874117e+02  3.4348252e+02  5.6222370e+02
  2.1660253e+02  3.4197037e+02  5.5857290e+02
  2.4041413e+02  3.8102512e+02  6.2143925e+02
  2.2500678e+02  3.6075363e+02  5.8576041e+02
  2.3515190e+02  3.2419445e+02  5.5934635e+02
  2.2020351e+02  3.4710318e+02  5.6730669e+02
  2.3394443e+02  3.5273927e+02  5.8668370e+02
  2.4002098e+02  3.5992271e+02  5.9994369e+02
  2.1983458e+02  3.4157100e+02  5.6140558e+02
  2.3476392e+02  3.4904330e+02  5.8380721e+02
  2.1934121e+02  3.4450644e+02  5.6384765e+02
  2.1711592e+02  3.4663631e+02  5.6375222e+02
  2.5829661e+02  3.7318099e+02  6.3147759e+02
  2.0617162e+02  3.5068671e+02  5.5685833e+02
  2.0909802e+02  3.4303569e+02  5.5213371e+02
  2.3328683e+02  3.4038928e+02  5.7367611e+02
  2.2840130e+02  3.5215254e+02  5.8055384e+02
  2.3751959e+02  3.4239614e+02  5.7991573e+02
  2.3082347e+02  3.8103792e+02  6.1186139e+02
  2.2066528e+02  3.1657571e+02  5.3724099e+02
  2.1677391e+02  3.6906077e+02  5.8583468e+02
  2.0975828e+02  3.5347837e+02  5.6323664e+02
  2.1078740e+02  3.2352534e+02  5.3431274e+02
  2.5809572e+02  3.2842376e+02  5.8651948e+02
  2.3025562e+02  3.1876912e+02  5.4902473e+02
  2.2090288e+02  3.4299653e+02  5.6389941e+02
  2.3233044e+02  3.5766509e+02  5.8999553e+02
  2.3185899e+02  3.5350030e+02  5.8535928e+02
  2.2813956e+02  3.9392434e+02  6.2206390e+02
  2.4117162e+02  3.3522277e+02  5.7639439e+02
  2.1759606e+02  3.5157756e+02  5.6917362e+02
  2.1174958e+02  3.1643071e+02  5.2818030e+02
  2.2007446e+02  3.6208421e+02  5.8215867e+02
  2.3457097e+02  3.3300594e+02  5.6757691e+02
  2.2765352e+02  3.4098244e+02  5.6863596e+02
  2.2850976e+02  3.8754963e+02  6.1605939e+02
  2.3363378e+02  3.4570332e+02  5.7933710e+02
  2.2040186e+02  3.6541905e+02  5.8582092e+02
  2.4622988e+02  3.4947232e+02  5.9570220e+02
  2.4546823e+02  3.6030224e+02  6.0577048e+02
  2.5418006e+02  3.4445087e+02  5.9863093e+02
  2.4961334e+02  3.7478785e+02  6.2440119e+02
  2.2977581e+02  3.2690338e+02  5.5667919e+02
  2.2196124e+02  3.1555052e+02  5.3751176e+02
  2.5982875e+02  3.4419241e+02  6.0402116e+02
  2.2813809e+02  3.3951389e+02  5.6765198e+02
  2.2477686e+02  3.5960160e+02  5.8437846e+02
  2.2581716e+02  3.3829124e+02  5.6410840e+02
  2.1462449e+02  3.5162828e+02  5.6625277e+02
  2.2088795e+02  3.8248656e+02  6.0337451e+02
  2.2245466e+02  3.5371112e+02  5.7616577e+02
  2.1448588e+02  3.2850718e+02  5.4299307e+02
  2.4067345e+02  3.2412841e+02  5.6480186e+02
  2.5349820e+02  3.5223233e+02  6.0573053e+02
  2.0095236e+02  3.5664976e+02  5.5760211e+02
  2.4051741e+02  3.2867858e+02  5.6919599e+02
  2.2288131e+02  3.3347595e+02  5.5635725e+02
  2.2728764e+02  3.5358416e+02  5.8087180e+02
  2.1784955e+02  3.6692175e+02  5.8477130e+02
  2.0378528e+02  3.5940626e+02  5.6319153e+02
  2.4730259e+02  3.4113721e+02  5.8843980e+02
  2.0207717e+02  3.5851539e+02  5.6059256e+02
  2.2074460e+02  3.3417611e+02  5.5492071e+02
  2.1094200e+02  3.2605655e+02  5.3699856e+02
  2.4791893e+02  3.3826609e+02  5.8618502e+02
  2.1892045e+02  3.4465910e+02  5.6357954e+02
  2.3970687e+02  3.3263127e+02  5.7233814e+02
  2.1850705e+02  3.3479164e+02  5.5329869e+02
  2.3208746e+02  3.7678175e+02  6.0886921e+02
  2.3395120e+02  3.5458354e+02  5.8853474e+02
  2.4731432e+02  3.2392525e+02  5.7123956e+02
  2.3271156e+02  3.2530064e+02  5.5801220e+02
  2.4086556e+02  3.3830797e+02  5.7917353e+02
  2.5050158e+02  3.4378845e+02  5.9429003e+02
  2.1966123e+02  3.7060012e+02  5.9026136e+02
  2.2850718e+02  3.4467813e+02  5.7318531e+02
  2.4228039e+02  3.8413631e+02  6.2641670e+02
  2.3996262e+02  3.3176770e+02  5.7173032e+02
  2.1449982e+02  3.5587527e+02  5.7037510e+02
  2.3293179e+02  3.4939803e+02  5.8232982e+02
  2.3040602e+02  3.5151306e+02  5.8191908e+02
  2.6881752e+02  3.7363572e+02  6.4245324e+02
  2.0935515e+02  3.4984471e+02  5.5919986e+02
  2.3508304e+02  3.6819286e+02  6.0327591e+02
  2.4494788e+02  3.5929998e+02  6.0424787e+02
  2.3481872e+02  3.2704358e+02  5.6186231e+02
  2.2049787e+02  3.6202419e+02  5.8252206e+02
  2.2051027e+02  3.5429774e+02  5.7480801e+02
  2.3947369e+02  3.5786290e+02  5.9733659e+02
  2.1881994e+02  3.3873603e+02  5.5755597e+02
  2.1009819e+02  3.6927533e+02  5.7937352e+02
  2.3056998e+02  3.4631242e+02  5.7688240e+02
  2.4083084e+02  3.5258123e+02  5.9341208e+02
  2.4046385e+02  3.6153920e+02  6.0200304e+02
  2.3087205e+02  3.6792550e+02  5.9879755e+02
  2.0227203e+02  3.2772353e+02  5.2999556e+02
  2.2929146e+02  3.3321060e+02  5.6250206e+02
  2.2510534e+02  3.3044938e+02  5.5555472e+02
  2.6453880e+02  3.4795414e+02  6.1249293e+02
  2.2114007e+02  3.6048745e+02  5.8162752e+02
  2.3646133e+02  3.9873444e+02  6.3519578e+02
  2.1302183e+02  3.1704887e+02  5.3007069e+02
  2.3990377e+02  3.5507847e+02  5.9498224e+02
  2.3949457e+02  3.5810628e+02  5.9760084e+02
  2.2517371e+02  3.5736009e+02  5.8253379e+02
  2.3376870e+02  3.2537834e+02  5.5914704e+02
  2.4167805e+02  3.7066008e+02  6.1233813e+02
  2.3797739e+02  3.7839422e+02  6.1637161e+02
  2.3737752e+02  4.0663479e+02  6.4401231e+02
  2.3760025e+02  3.7875673e+02  6.1635699e+02
  2.2457543e+02  3.5185053e+02  5.7642596e+02
  2.2539781e+02  3.3105573e+02  5.5645354e+02
  2.2049939e+02  3.2720620e+02  5.4770559e+02
  2.2800126e+02  3.3328021e+02  5.6128147e+02
  2.2223687e+02  3.2481832e+02  5.4705519e+02
  2.3493157e+02  3.2705627e+02  5.6198784e+02
  2.1957799e+02  3.3147883e+02  5.5105682e+02
  2.3010505e+02  3.3395792e+02  5.6406297e+02
  2.4819026e+02  3.2422045e+02  5.7241071e+02
  2.1394202e+02  3.3591705e+02  5.4985907e+02
  2.5355893e+02  3.3287680e+02  5.8643573e+02
  2.1906568e+02  3.5559361e+02  5.7465929e+02
  2.1605673e+02  3.4388269e+02  5.5993942e+02
  2.1280780e+02  3.4259476e+02  5.5540256e+02
  2.3895872e+02  3.4486583e+02  5.8382455e+02
  2.2308325e+02  3.7955733e+02  6.0264058e+02
  2.0458094e+02  3.3363174e+02  5.3821268e+02
  2.4508946e+02  3.5195827e+02  5.9704774e+02
  2.1523548e+02  3.7297456e+02  5.8821004e+02
  2.1175089e+02  3.3846030e+02  5.5021119e+02
  2.1322879e+02  3.6972568e+02  5.8295446e+02
  2.1230410e+02  3.4524292e+02  5.5754702e+02
  2.3107686e+02  3.3609703e+02  5.6717389e+02
  2.3819431e+02  3.5808073e+02  5.9627504e+02
  2.3175505e+02  3.5597495e+02  5.8773000e+02
  2.3631407e+02  3.8392300e+02  6.2023707e+02
  2.4709455e+02  3.1380561e+02  5.6090016e+02
  2.0831727e+02  3.3224921e+02  5.4056648e+02
  2.2336001e+02  3.8297476e+02  6.0633477e+02
  2.3401501e+02  3.9076210e+02  6.2477711e+02
  2.2738523e+02  3.4376209e+02  5.7114732e+02
  2.4803989e+02  3.7862026e+02  6.2666015e+02
  2.2874370e+02  3.4931054e+02  5.7805424e+02
  2.3211407e+02  3.4472092e+02  5.7683499e+02
  2.4379259e+02  3.2819387e+02  5.7198647e+02
  2.1651963e+02  3.4432712e+02  5.6084675e+02
  2.1812453e+02  3.5459408e+02  5.7271861e+02
  2.3120220e+02  3.7947979e+02  6.1068199e+02
  2.0748782e+02  3.5447478e+02  5.6196260e+02
  2.3275648e+02  3.8210090e+02  6.1485737e+02
  2.3364447e+02  3.7842474e+02  6.1206921e+02
  2.1328327e+02  3.3828569e+02  5.5156897e+02
  2.0646600e+02  3.5858767e+02  5.6505367e+02
  2.3009671e+02  3.5377743e+02  5.8387414e+02
  2.3292118e+02  3.5666011e+02  5.8958129e+02
  2.2214701e+02  3.5507019e+02  5.7721720e+02
  2.1762077e+02  3.5126036e+02  5.6888113e+02
  2.1487188e+02  3.6598783e+02  5.8085971e+02
  2.2345307e+02  3.5100718e+02  5.7446025e+02
  2.2564660e+02  3.5915735e+02  5.8480395e+02
  2.4551998e+02  3.4948726e+02  5.9500724e+02
  2.3729560e+02  3.8066607e+02  6.1796167e+02
  2.1068486e+02  3.2657145e+02  5.3725631e+02
  2.3074750e+02  3.4064583e+02  5.7139333e+02
  2.2218016e+02  3.6777192e+02  5.8995208e+02
  2.6013881e+02  3.4147396e+02  6.0161277e+02
  2.2753794e+02  3.5862676e+02  5.8616470e+02
  2.0805189e+02  3.7208095e+02  5.8013284e+02
  2.3076805e+02  3.4001828e+02  5.7078634e+02
  2.2506800e+02  3.3365495e+02  5.5872295e+02
  2.5200199e+02  3.2127475e+02  5.7327674e+02
  2.2943762e+02  3.8065084e+02  6.1008846e+02
  2.1726589e+02  3.7123487e+02  5.8850076e+02
  2.0657833e+02  3.3969586e+02  5.4627419e+02
  2.4301357e+02  3.3353884e+02  5.7655241e+02
  2.2842672e+02  3.3370303e+02  5.6212975e+02
  2.0132894e+02  3.4914640e+02  5.5047534e+02
  2.5263217e+02  3.4574484e+02  5.9837702e+02
  2.3351368e+02  3.4592348e+02  5.7943715e+02
  2.2423657e+02  3.2728034e+02  5.5151691e+02
  2.2321708e+02  3.4023065e+02  5.6344772e+02
  2.2210566e+02  3.7023603e+02  5.9234170e+02
  2.0409580e+02  3.6485694e+02  5.6895274e+02
  2.2519352e+02  3.3485876e+02  5.6005228e+02
  2.1207008e+02  3.7358317e+02  5.8565325e+02
  2.2320401e+02  3.6568318e+02  5.8888719e+02
  2.3810540e+02  3.6421492e+02  6.0232032e+02
  2.4463471e+02  3.5426661e+02  5.9890132e+02
  2.0932371e+02  3.7112388e+02  5.8044758e+02
  1.9485212e+02  3.6150085e+02  5.5635297e+02
  2.3052315e+02  3.3058861e+02  5.6111175e+02
  2.2553527e+02  3.3696641e+02  5.6250168e+02
  2.0682009e+02  3.4155546e+02  5.4837555e+02
  2.2222303e+02  3.5455831e+02  5.7678133e+02
  2.1239120e+02  3.6716312e+02  5.7955431e+02
  2.1128916e+02  3.3706298e+02  5.4835214e+02
  2.6069016e+02  3.8721672e+02  6.4790689e+02
  2.1942198e+02  3.4578200e+02  5.6520399e+02
  2.3076930e+02  3.8782725e+02  6.1859655e+02
  2.3292309e+02  3.4328228e+02  5.7620536e+02
  2.1236137e+02  3.2252099e+02  5.3488236e+02
  2.2525415e+02  3.4668239e+02  5.7193654e+02
  2.3238554e+02  3.6134701e+02  5.9373255e+02
  2.5597129e+02  3.4746344e+02  6.0343473e+02
  2.1570493e+02  3.4825318e+02  5.6395811e+02
  2.3874926e+02  3.8752056e+02  6.2626982e+02
  2.3741562e+02  3.2058027e+02  5.5799589e+02
  2.3162530e+02  3.7151767e+02  6.0314296e+02
  2.3061911e+02  3.3112358e+02  5.6174270e+02
  2.2592763e+02  3.7011967e+02  5.9604731e+02
  2.3687441e+02  3.1296305e+02  5.4983746e+02
  2.4936501e+02  3.3742965e+02  5.8679466e+02
  2.4060207e+02  3.1675938e+02  5.5736145e+02
  2.1898161e+02  3.7840332e+02  5.9738493e+02
  2.0676470e+02  3.3500721e+02  5.4177191e+02
  2.1854309e+02  3.5624921e+02  5.7479230e+02
  2.3887290e+02  3.6039987e+02  5.9927277e+02
  2.0968966e+02  3.6696623e+02  5.7665589e+02
  2.2274881e+02  3.6524189e+02  5.8799070e+02
  2.4127717e+02  3.7015933e+02  6.1143650e+02
  1.9861147e+02  3.3993853e+02  5.3855000e+02
  2.3218144e+02  3.4240841e+02  5.7458984e+02
  2.2061558e+02  3.2930412e+02  5.4991970e+02
  2.3598048e+02  3.3994377e+02  5.7592425e+02
  1.9671371e+02  3.5357590e+02  5.5028962e+02
  2.4054032e+02  3.3658948e+02  5.7712980e+02
  2.4124761e+02  3.2075349e+02  5.6200110e+02
  2.3986571e+02  3.7979157e+02  6.1965728e+02
  2.3403065e+02  3.0207740e+02  5.3610805e+02
  2.4514700e+02  3.3881171e+02  5.8395870e+02
  2.4452946e+02  3.2966256e+02  5.7419202e+02
  2.2803728e+02  3.6856327e+02  5.9660055e+02
  2.0187783e+02  3.5598986e+02  5.5786769e+02
  2.0742233e+02  3.5913807e+02  5.6656040e+02
  2.2525021e+02  3.3977228e+02  5.6502248e+02
  2.2966174e+02  3.3966550e+02  5.6932724e+02
  2.4010038e+02  3.5870354e+02  5.9880392e+02
  2.0599412e+02  3.5016957e+02  5.5616369e+02
  2.3523999e+02  3.5427503e+02  5.8951501e+02
  2.1953367e+02  3.3877134e+02  5.5830501e+02
  2.1865731e+02  3.5700083e+02  5.7565814e+02
  2.0152549e+02  3.4850003e+02  5.5002551e+02
  2.2295646e+02  3.6234311e+02  5.8529957e+02
  2.4341188e+02  3.4457697e+02  5.8798885e+02
  2.5763671e+02  3.7942242e+02  6.3705913e+02
  2.2424397e+02  3.3066908e+02  5.5491305e+02
  2.1916274e+02  3.3640652e+02  5.5556926e+02
  2.4327791e+02  3.4911774e+02  5.9239564e+02
  1.9727994e+02  3.5731249e+02  5.5459242e+02
  2.1634025e+02  3.3012156e+02  5.4646181e+02
  2.1841435e+02  3.6613162e+02  5.8454597e+02
  2.3301282e+02  3.3074621e+02  5.6375903e+02
  2.4643286e+02  3.4593609e+02  5.9236896e+02
  2.2629044e+02  3.4615557e+02  5.7244602e+02
  2.2578393e+02  3.4891614e+02  5.7470007e+02
  2.4226967e+02  3.5793644e+02  6.0020611e+02
  2.1655585e+02  3.4986706e+02  5.6642292e+02
  2.3091089e+02  3.2324861e+02  5.5415949e+02
  2.3770647e+02  3.4407187e+02  5.8177834e+02
  2.4333076e+02  3.3337930e+02  5.7671006e+02
  2.4723742e+02  3.1914977e+02  5.6638719e+02
  2.1173494e+02  3.2485318e+02  5.3658811e+02
  2.4271524e+02  3.5896804e+02  6.0168327e+02
  2.1657292e+02  3.5739593e+02  5.7396885e+02
  2.1397847e+02  3.4283748e+02  5.5681595e+02
  2.2530411e+02  3.3604086e+02  5.6134497e+02
  2.3592494e+02  3.3464071e+02  5.7056565e+02
  2.5285044e+02  3.3478565e+02  5.8763609e+02
  2.4699055e+02  3.6313305e+02  6.1012360e+02
  2.2812497e+02  3.5515189e+02  5.8327686e+02
  2.3437755e+02  3.4990928e+02  5.8428683e+02
  2.1754713e+02  3.3631889e+02  5.5386602e+02
  2.1656805e+02  3.3885886e+02  5.5542691e+02
  2.3932017e+02  3.3926079e+02  5.7858096e+02
  2.4649921e+02  3.4790036e+02  5.9439958e+02
  2.3730386e+02  3.3975904e+02  5.7706290e+02
  2.2348617e+02  3.4614246e+02  5.6962863e+02
  2.3099306e+02  3.5972249e+02  5.9071554e+02
  2.4051460e+02  4.0193020e+02  6.4244481e+02
  2.1859575e+02  3.5518065e+02  5.7377639e+02
  2.2754855e+02  3.3699334e+02  5.6454189e+02
  2.4829496e+02  3.3505402e+02  5.8334898e+02
  2.2906105e+02  3.7704335e+02  6.0610440e+02
  2.5176468e+02  3.4236338e+02  5.9412806e+02
  2.2740557e+02  3.1497869e+02  5.4238426e+02
  2.2638995e+02  3.6433192e+02  5.9072188e+02
  2.3627692e+02  3.3148312e+02  5.6776003e+02
  2.1109705e+02  3.2014561e+02  5.3124266e+02
  2.1725002e+02  3.3839436e+02  5.5564438e+02
  2.1671529e+02  3.2399261e+02  5.4070791e+02
  2.3715789e+02  3.6352039e+02  6.0067828e+02
  1.9655702e+02  3.5392897e+02  5.5048599e+02
  2.2492181e+02  3.7213828e+02  5.9706009e+02
  2.2472814e+02  3.4031146e+02  5.6503960e+02
  2.3338080e+02  3.5647973e+02  5.8986053e+02
  2.0918242e+02  3.8737324e+02  5.9655566e+02
  2.3757851e+02  3.5520280e+02  5.9278132e+02
  2.3696347e+02  3.5190891e+02  5.8887237e+02
  2.5025093e+02  3.6070393e+02  6.1095486e+02
  2.2318704e+02  3.4656095e+02  5.6974799e+02
  2.2604344e+02  3.2526027e+02  5.5130371e+02
  2.0705534e+02  3.5698149e+02  5.6403684e+02
  2.2154207e+02  3.5419940e+02  5.7574148e+02
  2.4760496e+02  3.4200290e+02  5.8960786e+02
  2.4578836e+02  3.0937701e+02  5.5516537e+02
  2.5655957e+02  3.4771706e+02  6.0427663e+02
  2.3280929e+02  3.2930793e+02  5.6211723e+02
  2.2262813e+02  3.5811203e+02  5.8074016e+02
  2.5809421e+02  3.6002601e+02  6.1812022e+02
  2.4696252e+02  3.7846397e+02  6.2542648e+02
  2.2370573e+02  3.5759746e+02  5.8130319e+02
  2.4204118e+02  3.8751089e+02  6.2955206e+02
  2.4110638e+02  3.5609015e+02  5.9719653e+02
  2.2949339e+02  3.6093392e+02  5.9042731e+02
  2.1943394e+02  3.6645316e+02  5.8588710e+02
  2.4404094e+02  3.7946720e+02  6.2350814e+02
  2.1344404e+02  3.6074543e+02  5.7418947e+02
  2.5125698e+02  3.3281593e+02  5.8407291e+02
  2.0377484e+02  3.4967517e+02  5.5345001e+02
  2.1538078e+02  3.1708338e+02  5.3246416e+02
  2.2578637e+02  3.5028308e+02  5.7606944e+02
  2.5651711e+02  3.6684021e+02  6.2335732e+02
  2.2887539e+02  3.5594550e+02  5.8482089e+02
  2.2757286e+02  3.5875531e+02  5.8632817e+02
  2.3365052e+02  3.3142009e+02  5.6507061e+02
  2.1769327e+02  3.5759257e+02  5.7528584e+02
  2.3729861e+02  3.6466615e+02  6.0196476e+02
  2.2135052e+02  3.6899809e+02  5.9034861e+02
  2.4246636e+02  3.6984417e+02  6.1231053e+02
  2.2453555e+02  3.3551938e+02  5.6005493e+02
  2.2684379e+02  3.2965474e+02  5.5649853e+02
  2.1193834e+02  3.3797762e+02  5.4991596e+02
  2.1406574e+02  3.2026379e+02  5.3432953e+02
  2.4262916e+02  3.4140512e+02  5.8403428e+02
  2.6084957e+02  3.5744929e+02  6.1829886e+02
  2.5046517e+02  3.6911439e+02  6.1957955e+02
  2.3211190e+02  3.8039532e+02  6.1250723e+02
  2.1420970e+02  3.3344420e+02  5.4765391e+02
  2.1168014e+02  3.7138118e+02  5.8306132e+02
  2.4712018e+02  3.7938461e+02  6.2650479e+02
  2.4032388e+02  3.4244484e+02  5.8276872e+02
  2.1580196e+02  3.9142743e+02  6.0722938e+02
  2.2140742e+02  3.5727770e+02  5.7868512e+02
  2.4805753e+02  3.6249788e+02  6.1055540e+02
  2.3436120e+02  3.5039114e+02  5.8475234e+02
  2.4958985e+02  3.4170443e+02  5.9129428e+02
  2.1523974e+02  3.0601256e+02  5.2125230e+02
  2.2861197e+02  3.7048707e+02  5.9909903e+02
  2.5756066e+02  3.5139248e+02  6.0895314e+02
  2.0926054e+02  3.4824895e+02  5.5750949e+02
  2.6501232e+02  3.6386876e+02  6.2888108e+02
  2.3196090e+02  3.5966705e+02  5.9162795e+02
  2.4218316e+02  3.6298170e+02  6.0516486e+02
  2.4472849e+02  3.8333164e+02  6.2806013e+02
  2.3897892e+02  3.6972019e+02  6.0869911e+02
  2.2618128e+02  3.4873078e+02  5.7491206e+02
  2.0399263e+02  3.7947507e+02  5.8346770e+02
  2.2129287e+02  3.6196504e+02  5.8325790e+02
  2.2046827e+02  3.2672165e+02  5.4718992e+02
  2.3789270e+02  3.6165189e+02  5.9954459e+02
  2.5070066e+02  3.6603105e+02  6.1673170e+02
  2.3106260e+02  3.3289543e+02  5.6395803e+02
  2.5644256e+02  3.7305337e+02  6.2949592e+02
  2.2253945e+02  3.2075510e+02  5.4329455e+02
  2.3229453e+02  3.4396702e+02  5.7626155e+02
  2.0926718e+02  3.3253547e+02  5.4180265e+02
  2.2421365e+02  3.4679839e+02  5.7101204e+02
  2.3736623e+02  3.5762847e+02  5.9499470e+02
  2.1963434e+02  3.4226105e+02  5.6189539e+02
  2.1837317e+02  3.4360702e+02  5.6198020e+02
  2.3520154e+02  3.3170293e+02  5.6690448e+02
  2.2995490e+02  3.5837750e+02  5.8833241e+02
  2.1680863e+02  3.4814025e+02  5.6494888e+02
  2.1136093e+02  3.6632914e+02  5.7769006e+02
  2.2271726e+02  3.6493540e+02  5.8765266e+02
  2.1850194e+02  3.7843274e+02  5.9693469e+02
  2.2987915e+02  3.3896744e+02  5.6884659e+02
  2.4232845e+02  3.3705943e+02  5.7938788e+02
  2.2905933e+02  3.4499613e+02  5.7405547e+02
  1.9299534e+02  3.3425973e+02  5.2725507e+02
  2.3048200e+02  3.4855980e+02  5.7904180e+02
  2.3056866e+02  3.7931651e+02  6.0988517e+02
  2.1952181e+02  3.1997509e+02  5.3949690e+02
  2.2385888e+02  3.4851991e+02  5.7237879e+02
  2.3777187e+02  3.5696775e+02  5.9473962e+02
  2.1109930e+02  3.6877437e+02  5.7987367e+02
  2.5114695e+02  3.6742039e+02  6.1856734e+02
  2.2464768e+02  3.4994203e+02  5.7458971e+02
  2.0261689e+02  3.6483059e+02  5.6744748e+02
  2.3881117e+02  3.4796958e+02  5.8678076e+02
  2.3172427e+02  3.4221155e+02  5.7393582e+02
  2.3448171e+02  3.8460107e+02  6.1908278e+02
  2.2868680e+02  3.6481471e+02  5.9350151e+02
  2.4655568e+02  3.2738846e+02  5.7394414e+02
  2.2072471e+02  3.5388029e+02  5.7460500e+02
  2.4422284e+02  3.6737818e+02  6.1160101e+02
  2.2179508e+02  3.6616757e+02  5.8796265e+02
  2.1993754e+02  3.2033878e+02  5.4027632e+02
  2.0921733e+02  3.2235452e+02  5.3157185e+02
  2.3616729e+02  3.6315982e+02  5.9932710e+02
  2.2675503e+02  3.5795552e+02  5.8471055e+02
  2.3216345e+02  3.6059377e+02  5.9275722e+02
  2.5169391e+02  3.5433263e+02  6.0602654e+02
  2.2680229e+02  3.3582877e+02  5.6263107e+02
  2.3010799e+02  3.3279333e+02  5.6290131e+02
  2.5042422e+02  3.4367767e+02  5.9410189e+02
  2.3460268e+02  3.7626161e+02  6.1086429e+02
  2.4801595e+02  3.3446031e+02  5.8247626e+02
  2.3732010e+02  3.0104648e+02  5.3836658e+02
  1.9918985e+02  3.7391739e+02  5.7310724e+02
  2.3505687e+02  3.4229180e+02  5.7734867e+02
  2.4877319e+02  3.3413192e+02  5.8290510e+02
  2.5487565e+02  3.3719279e+02  5.9206844e+02
  2.1213238e+02  3.2981203e+02  5.4194441e+02
  2.4272839e+02  3.6164737e+02  6.0437576e+02
  2.4157807e+02  3.6758151e+02  6.0915958e+02
  2.2125733e+02  3.6992420e+02  5.9118153e+02
  2.6164341e+02  3.4233699e+02  6.0398040e+02
  2.2700632e+02  3.4013175e+02  5.6713808e+02
  2.1673415e+02  3.6274272e+02  5.7947687e+02
  2.2889110e+02  3.1555229e+02  5.4444339e+02
  2.2976889e+02  3.4376224e+02  5.7353113e+02
  2.5060927e+02  3.5880997e+02  6.0941925e+02
  2.3996230e+02  3.3174459e+02  5.7170689e+02
  2.2778563e+02  3.5045280e+02  5.7823843e+02
  2.1730781e+02  3.3179529e+02  5.4910310e+02
  2.4194683e+02  3.7663506e+02  6.1858189e+02
  2.1473093e+02  3.7273243e+02  5.8746336e+02
  2.3082279e+02  3.6656336e+02  5.9738614e+02
  2.4436057e+02  3.7258317e+02  6.1694374e+02
  2.4496647e+02  4.0125658e+02  6.4622304e+02
  2.1750989e+02  3.7329264e+02  5.9080253e+02
  2.1618121e+02  3.4225432e+02  5.5843553e+02
  2.2077405e+02  3.5515142e+02  5.7592547e+02
  2.1463934e+02  3.4247508e+02  5.5711441e+02
  2.3592138e+02  3.2747656e+02  5.6339794e+02
  2.3051905e+02  3.3633373e+02  5.6685278e+02
  2.3051315e+02  3.6012949e+02  5.9064264e+02
  2.3923470e+02  3.4425870e+02  5.8349340e+02
  2.3482845e+02  3.4478501e+02  5.7961346e+02
  2.3224000e+02  3.5482563e+02  5.8706563e+02
  2.1384549e+02  4.0391480e+02  6.1776029e+02
  2.3887351e+02  3.7480494e+02  6.1367845e+02
  2.2783375e+02  3.5143399e+02  5.7926774e+02
  2.7536987e+02  3.4473610e+02  6.2010598e+02
  2.3881026e+02  3.6170903e+02  6.0051929e+02
  2.5895882e+02  3.3543175e+02  5.9439057e+02
  2.3381189e+02  3.8311607e+02  6.1692797e+02
  2.2387246e+02  3.6407550e+02  5.8794796e+02
  2.3174177e+02  3.4635209e+02  5.7809387e+02
  2.3877412e+02  3.3491616e+02  5.7369028e+02
  1.9725107e+02  3.4463835e+02  5.4188942e+02
  2.2625296e+02  3.3707855e+02  5.6333151e+02
  2.1324817e+02  3.4663542e+02  5.5988359e+02
  2.3328305e+02  3.2626010e+02  5.5954315e+02
  2.1323226e+02  3.4729597e+02  5.6052823e+02
  2.5586643e+02  3.7034879e+02  6.2621523e+02
  2.4365609e+02  3.4949671e+02  5.9315281e+02
  2.3564225e+02  3.5081627e+02  5.8645852e+02
  2.2261839e+02  3.2403050e+02  5.4664890e+02
  2.3725399e+02  3.5899488e+02  5.9624887e+02
  2.2702282e+02  3.5454415e+02  5.8156697e+02
  2.4895216e+02  3.4313734e+02  5.9208951e+02
  2.3849649e+02  3.5229758e+02  5.9079407e+02
  2.3078746e+02  3.6415603e+02  5.9494349e+02
  2.4590763e+02  3.5028048e+02  5.9618811e+02
  2.5168001e+02  3.2287110e+02  5.7455111e+02
  2.3080440e+02  3.7423998e+02  6.0504438e+02
  2.6190568e+02  3.4939784e+02  6.1130352e+02
  2.5383338e+02  3.1698465e+02  5.7081804e+02
  2.1334100e+02  3.7761470e+02  5.9095570e+02
  2.6166220e+02  3.6724363e+02  6.2890583e+02
  2.3649635e+02  3.5091363e+02  5.8740998e+02
  2.5265183e+02  3.1745445e+02  5.7010628e+02
  2.1226005e+02  3.6890938e+02  5.8116943e+02
  2.2477185e+02  3.5685581e+02  5.8162767e+02
  2.4903745e+02  3.6924440e+02  6.1828184e+02
  2.2593962e+02  3.9127937e+02  6.1721899e+02
  2.4620537e+02  3.2944710e+02  5.7565247e+02
  2.3438528e+02  3.4007303e+02  5.7445832e+02
  2.2371934e+02  3.6204267e+02  5.8576201e+02
  2.2954888e+02  3.3724726e+02  5.6679615e+02
  2.3665586e+02  3.6169494e+02  5.9835080e+02
  2.1261148e+02  3.2726912e+02  5.3988059e+02
  2.4937981e+02  3.5087645e+02  6.0025627e+02
  2.3260204e+02  3.3681263e+02  5.6941467e+02
  2.3716488e+02  3.5461488e+02  5.9177977e+02
  2.1893466e+02  3.6161875e+02  5.8055341e+02
  2.5389028e+02  3.5796949e+02  6.1185978e+02
  2.3026109e+02  3.6271864e+02  5.9297973e+02
  2.5401491e+02  3.4662867e+02  6.0064358e+02
  2.0434028e+02  3.6156817e+02  5.6590845e+02
  2.4344003e+02  3.4367087e+02  5.8711090e+02
  2.4329617e+02  3.6664326e+02  6.0993943e+02
  2.6730820e+02  3.7173618e+02  6.3904438e+02
  2.6119875e+02  3.3560090e+02  5.9679965e+02
  2.1191188e+02  3.1320798e+02  5.2511985e+02
  2.2762725e+02  3.6438964e+02  5.9201689e+02
  2.3451540e+02  3.6058566e+02  5.9510106e+02
  2.5492454e+02  3.4571391e+02  6.0063845e+02
  2.4025226e+02  3.9038560e+02  6.3063785e+02
  2.4635529e+02  3.7993996e+02  6.2629524e+02
  2.1129243e+02  3.6611217e+02  5.7740460e+02
  2.0022383e+02  3.3085326e+02  5.3107709e+02
  2.1401213e+02  3.6887381e+02  5.8288595e+02
  2.2556859e+02  3.7559042e+02  6.0115901e+02
  2.3703522e+02  3.5558207e+02  5.9261729e+02
  2.3800400e+02  3.8103355e+02  6.1903755e+02
  2.4982399e+02  3.3930159e+02  5.8912557e+02
  2.0977456e+02  3.4770543e+02  5.5747999e+02
  2.1728318e+02  3.6352321e+02  5.8080640e+02
  2.2163915e+02  3.8897185e+02  6.1061100e+02
  2.3822751e+02  3.8785473e+02  6.2608224e+02
  2.1600861e+02  3.0188288e+02  5.1789150e+02
  2.1635706e+02  3.1652420e+02  5.3288126e+02
  2.1344862e+02  3.5141391e+02  5.6486253e+02
  2.1727853e+02  3.2321000e+02  5.4048853e+02
  2.1397605e+02  3.5361948e+02  5.6759553e+02
  2.3341986e+02  3.6101221e+02  5.9443206e+02
  2.2382898e+02  3.5674145e+02  5.8057043e+02
  2.2404925e+02  3.5670767e+02  5.8075692e+02
  2.2741525e+02  3.4739549e+02  5.7481074e+02
  2.5691738e+02  3.5595939e+02  6.1287677e+02
  2.4259411e+02  3.5284917e+02  5.9544327e+02
  2.1695466e+02  3.3217417e+02  5.4912883e+02
  2.5045694e+02  3.4546622e+02  5.9592316e+02
  2.1427105e+02  3.3147819e+02  5.4574924e+02
  2.1509480e+02  3.4230415e+02  5.5739894e+02
  2.2913336e+02  3.6589849e+02  5.9503185e+02
  2.0523647e+02  3.3540016e+02  5.4063664e+02
  2.3551861e+02  3.5375584e+02  5.8927446e+02
  2.5280489e+02  3.8008670e+02  6.3289159e+02
  2.5125843e+02  3.5139437e+02  6.0265281e+02
  2.2375574e+02  3.3044148e+02  5.5419722e+02
  2.4206931e+02  3.4695827e+02  5.8902759e+02
  2.5504889e+02  3.6867726e+02  6.2372615e+02
  2.3836771e+02  3.7399797e+02  6.1236568e+02
  2.2583797e+02  3.5542826e+02  5.8126623e+02
  2.2382818e+02  3.6438005e+02  5.8820823e+02
  2.5665509e+02  3.7373291e+02  6.3038800e+02
  2.3307422e+02  3.4290550e+02  5.7597972e+02
  2.1105054e+02  3.5646759e+02  5.6751813e+02
  2.4060365e+02  3.5300333e+02  5.9360699e+02
  2.0399221e+02  3.4936596e+02  5.5335817e+02
  2.4155092e+02  3.6660487e+02  6.0815579e+02
  2.2712574e+02  3.5609780e+02  5.8322354e+02
  2.4203133e+02  3.2691361e+02  5.6894494e+02
  2.4388791e+02  3.5768863e+02  6.0157654e+02
  2.2240118e+02  3.2322416e+02  5.4562534e+02
  2.2313672e+02  3.6242630e+02  5.8556302e+02
  2.4491043e+02  3.4113320e+02  5.8604363e+02
  2.0198215e+02  3.3781913e+02  5.3980128e+02
  2.5156861e+02  3.8171690e+02  6.3328551e+02
  2.4260048e+02  3.2922641e+02  5.7182688e+02
  2.3524719e+02  3.5593336e+02  5.9118055e+02
  2.1490717e+02  3.2744299e+02  5.4235016e+02
  2.5099910e+02  3.6647622e+02  6.1747531e+02
  2.3260382e+02  3.2766861e+02  5.6027243e+02
  2.6151116e+02  3.7745602e+02  6.3896718e+02
  2.2803008e+02  3.1727576e+02  5.4530584e+02
  2.2971162e+02  3.7192535e+02  6.0163697e+02
  2.1131981e+02  3.5882716e+02  5.7014696e+02
  2.4604688e+02  3.2866702e+02  5.7471390e+02
  2.1620566e+02  3.7452718e+02  5.9073284e+02
  2.4323590e+02  3.3999803e+02  5.8323393e+02
  2.4965476e+02  3.5362864e+02  6.0328340e+02
  2.1715668e+02  3.5969799e+02  5.7685467e+02
  2.4458361e+02  3.7417537e+02  6.1875898e+02
  2.5244192e+02  3.2808818e+02  5.8053010e+02
  2.3533809e+02  3.6043591e+02  5.9577401e+02
  2.6513944e+02  3.4516662e+02  6.1030606e+02
  2.2562822e+02  3.5219438e+02  5.7782260e+02
  2.3428173e+02  3.4263116e+02  5.7691289e+02
  2.1386351e+02  3.3690092e+02  5.5076443e+02
  2.2315360e+02  3.2566658e+02  5.4882018e+02
  2.3970147e+02  3.9653944e+02  6.3624090e+02
  2.2004859e+02  3.5784339e+02  5.7789199e+02
  2.5782437e+02  3.4211132e+02  5.9993569e+02
  2.3214072e+02  3.5622295e+02  5.8836368e+02
  2.5546025e+02  3.1652738e+02  5.7198764e+02
  2.1189578e+02  3.6165685e+02  5.7355262e+02
  2.4070580e+02  3.3479631e+02  5.7550210e+02
  2.3172341e+02  3.3247760e+02  5.6420101e+02
  2.4553319e+02  3.3094675e+02  5.7647994e+02
  2.3672824e+02  4.0967913e+02  6.4640738e+02
  2.5684547e+02  3.7655600e+02  6.3340147e+02
  2.4010682e+02  3.3237986e+02  5.7248668e+02
  2.4403650e+02  3.6572649e+02  6.0976299e+02
  2.4244685e+02  3.5328377e+02  5.9573061e+02
  2.1991449e+02  3.2698197e+02  5.4689646e+02
  2.5662297e+02  3.8011452e+02  6.3673750e+02
  2.4682639e+02  3.2279008e+02  5.6961647e+02
  2.1675152e+02  3.4054521e+02  5.5729674e+02
  2.1628866e+02  3.6161161e+02  5.7790027e+02
  2.4947565e+02  3.5013606e+02  5.9961172e+02
  2.3173242e+02  3.5817047e+02  5.8990289e+02
  2.0880701e+02  3.3151960e+02  5.4032660e+02
  2.5600493e+02  3.5082851e+02  6.0683344e+02
  2.2039461e+02  3.5288055e+02  5.7327516e+02
  2.2209609e+02  3.2245520e+02  5.4455128e+02
  2.2744247e+02  3.3982287e+02  5.6726534e+02
  2.3119712e+02  3.5123502e+02  5.8243214e+02
  2.3138448e+02  3.5294392e+02  5.8432839e+02
  2.0872551e+02  3.3752934e+02  5.4625485e+02
  2.0603029e+02  3.4831324e+02  5.5434353e+02
  2.8347176e+02  3.3775213e+02  6.2122389e+02
  2.4754211e+02  3.3048043e+02  5.7802253e+02
  2.4173696e+02  3.3569547e+02  5.7743243e+02
  2.5512888e+02  3.6458606e+02  6.1971494e+02
  2.3817516e+02  3.3630167e+02  5.7447683e+02
  2.4297378e+02  3.5955817e+02  6.0253195e+02
  2.5689945e+02  3.3932536e+02  5.9622481e+02
  2.4027125e+02  3.3589886e+02  5.7617011e+02
  2.0062372e+02  3.6497294e+02  5.6559667e+02
  2.5212470e+02  3.6454961e+02  6.1667431e+02
  2.3568494e+02  3.5794220e+02  5.9362715e+02
  2.3436355e+02  3.4487620e+02  5.7923976e+02
  2.3194315e+02  3.5474074e+02  5.8668389e+02
  2.3327279e+02  3.4146520e+02  5.7473800e+02
  2.3246408e+02  3.6452951e+02  5.9699359e+02
  2.0257153e+02  3.3168803e+02  5.3425956e+02
  2.3858579e+02  3.7942243e+02  6.1800822e+02
  2.2138457e+02  3.4792808e+02  5.6931265e+02
  2.3610834e+02  3.7287178e+02  6.0898013e+02
  2.4854816e+02  3.5605831e+02  6.0460647e+02
  2.5238823e+02  3.9308085e+02  6.4546908e+02
  2.5856045e+02  3.5357522e+02  6.1213567e+02
  2.4865412e+02  3.5473463e+02  6.0338876e+02
  2.3059524e+02  3.6707917e+02  5.9767441e+02
  2.4956535e+02  3.5783339e+02  6.0739874e+02
  2.3991088e+02  3.8156607e+02  6.2147696e+02
  2.1510101e+02  3.3270570e+02  5.4780671e+02
  2.4389868e+02  3.4586327e+02  5.8976195e+02
  2.3963602e+02  3.3795361e+02  5.7758963e+02
  2.0178974e+02  3.3440559e+02  5.3619532e+02
  2.2537599e+02  3.7008490e+02  5.9546089e+02
  2.0540509e+02  3.5474816e+02  5.6015325e+02
  2.3688640e+02  3.2093105e+02  5.5781745e+02
  2.5699668e+02  3.4569828e+02  6.0269495e+02
  2.3749183e+02  3.3969803e+02  5.7718986e+02
  2.0259568e+02  3.2143960e+02  5.2403529e+02
  2.3808715e+02  3.3009104e+02  5.6817819e+02
  2.1300968e+02  3.3315207e+02  5.4616175e+02
  2.1369129e+02  3.5430527e+02  5.6799656e+02
  2.1893605e+02  3.4357287e+02  5.6250892e+02
  2.5275842e+02  3.4489677e+02  5.9765519e+02
  2.4361064e+02  3.6451297e+02  6.0812361e+02
  2.2661691e+02  3.9355880e+02  6.2017571e+02
  2.5826659e+02  3.8064982e+02  6.3891641e+02
  2.4042605e+02  3.6529016e+02  6.0571621e+02
  2.2303370e+02  3.6812055e+02  5.9115424e+02
  2.2798842e+02  3.5334574e+02  5.8133416e+02
  2.4279171e+02  3.7421242e+02  6.1700414e+02
  2.1848599e+02  3.3719729e+02  5.5568328e+02
  2.0575255e+02  3.4283552e+02  5.4858807e+02
  2.6364515e+02  3.3678071e+02  6.0042586e+02
  2.3573522e+02  3.3144197e+02  5.6717719e+02
  2.3321302e+02  3.5560912e+02  5.8882213e+02
  2.3112417e+02  3.3609720e+02  5.6722137e+02
  2.3873948e+02  3.3879370e+02  5.7753318e+02
  2.4450942e+02  3.7241802e+02  6.1692743e+02
  2.3469224e+02  3.3790466e+02  5.7259690e+02
  2.2417519e+02  3.2812192e+02  5.5229712e+02
  2.2225851e+02  3.6276197e+02  5.8502048e+02
  2.3628795e+02  3.5143822e+02  5.8772617e+02
  2.4826949e+02  3.7313586e+02  6.2140536e+02
  2.2898305e+02  3.5317514e+02  5.8215819e+02
  2.1965953e+02  3.6443008e+02  5.8408961e+02
  2.3701734e+02  3.2728561e+02  5.6430295e+02
  2.7753987e+02  3.2550472e+02  6.0304459e+02
  2.1044074e+02  3.4764047e+02  5.5808121e+02
  2.2992385e+02  3.4665404e+02  5.7657790e+02
  2.2214728e+02  3.6514444e+02  5.8729172e+02
  2.0626009e+02  3.5272596e+02  5.5898605e+02
  2.2000842e+02  3.2120048e+02  5.4120891e+02
  2.5312174e+02  3.7231486e+02  6.2543660e+02
  2.6246880e+02  3.8545057e+02  6.4791936e+02
  2.3616377e+02  3.2586684e+02  5.6203061e+02
  2.5417696e+02  3.2449442e+02  5.7867139e+02
  2.4398423e+02  3.2444740e+02  5.6843163e+02
  2.1023218e+02  3.7741100e+02  5.8764318e+02
  2.3920187e+02  3.3116452e+02  5.7036639e+02
  2.2714471e+02  3.6500586e+02  5.9215057e+02
  2.2097291e+02  3.4151499e+02  5.6248790e+02
  2.2993252e+02  3.5072971e+02  5.8066222e+02
  2.1677539e+02  3.4240332e+02  5.5917871e+02
  2.4772987e+02  3.3112977e+02  5.7885965e+02
  2.3640215e+02  3.4308280e+02  5.7948495e+02
  2.1816787e+02  3.4918007e+02  5.6734794e+02
  2.3825412e+02  3.3635298e+02  5.7460710e+02
  2.0457657e+02  3.3682595e+02  5.4140252e+02
  2.4277122e+02  3.4471086e+02  5.8748208e+02
  2.3523804e+02  3.5020814e+02  5.8544618e+02
  2.2004286e+02  3.5439505e+02  5.7443791e+02
  2.0931381e+02  3.4017215e+02  5.4948596e+02
  2.3394894e+02  3.3961145e+02  5.7356039e+02
  2.3387740e+02  3.3789340e+02  5.7177080e+02
  2.3174518e+02  3.2929263e+02  5.6103781e+02
  2.3901546e+02  3.3613751e+02  5.7515297e+02
  2.3595399e+02  3.7598397e+02  6.1193795e+02
  2.2414055e+02  3.5727984e+02  5.8142038e+02
  2.4638629e+02  3.6192837e+02  6.0831466e+02
  2.3561871e+02  3.1869450e+02  5.5431322e+02
  2.4058804e+02  3.5262205e+02  5.9321009e+02
  2.2975695e+02  3.7257800e+02  6.0233495e+02
  2.5447484e+02  3.3696745e+02  5.9144229e+02
  2.3025044e+02  3.3072717e+02  5.6097762e+02
  2.1321307e+02  3.6285193e+02  5.7606500e+02
  2.1812231e+02  3.7171239e+02  5.8983470e+02
  2.2835137e+02  3.6407130e+02  5.9242267e+02
  2.5642241e+02  3.4579839e+02  6.0222080e+02
  2.3075120e+02  3.3623582e+02  5.6698702e+02
  2.4247800e+02  3.2918999e+02  5.7166799e+02
  2.1748843e+02  3.7549807e+02  5.9298650e+02
  2.2503606e+02  3.3945702e+02  5.6449307e+02
  2.4717819e+02  3.2789041e+02  5.7506860e+02
  2.1447488e+02  3.5567344e+02  5.7014832e+02
  2.3185546e+02  3.4168960e+02  5.7354507e+02
  2.2456874e+02  3.2348176e+02  5.4805050e+02
  2.1847262e+02  3.3766942e+02  5.5614204e+02
  2.1163715e+02  3.6321992e+02  5.7485707e+02
  2.6712830e+02  3.6125070e+02  6.2837899e+02
  2.4577113e+02  3.2461482e+02  5.7038595e+02
  2.1966674e+02  3.6867596e+02  5.8834270e+02
  2.1533022e+02  3.5052669e+02  5.6585691e+02
  2.6854196e+02  3.8862048e+02  6.5716244e+02
  2.4498349e+02  3.2914488e+02  5.7412837e+02
  2.3263466e+02  3.5276473e+02  5.8539939e+02
  2.0804984e+02  3.3666941e+02  5.4471925e+02
  2.2535649e+02  3.6239938e+02  5.8775587e+02
  2.1172350e+02  3.2775511e+02  5.3947861e+02
  2.3706561e+02  3.5049557e+02  5.8756118e+02
  2.3323490e+02  3.2733091e+02  5.6056581e+02
  2.4321948e+02  3.3605011e+02  5.7926959e+02
  2.2734416e+02  3.7362204e+02  6.0096620e+02
  2.1067557e+02  3.1232185e+02  5.2299741e+02
  2.1284739e+02  3.8647026e+02  5.9931765e+02
  2.3242675e+02  3.3025522e+02  5.6268197e+02
  2.2822833e+02  3.7236809e+02  6.0059642e+02
  2.3457873e+02  3.4263631e+02  5.7721504e+02
  2.3456063e+02  3.2526359e+02  5.5982421e+02
  2.3649188e+02  3.5199661e+02  5.8848849e+02
  2.5349662e+02  3.4265987e+02  5.9615649e+02
  2.2207465e+02  3.6329097e+02  5.8536562e+02
  2.3097186e+02  3.0926986e+02  5.4024172e+02
  2.4328000e+02  3.5567045e+02  5.9895046e+02
  2.5681280e+02  3.4019429e+02  5.9700709e+02
  2.0575312e+02  3.3593171e+02  5.4168483e+02
  2.1410357e+02  3.7940012e+02  5.9350369e+02
  2.2459291e+02  3.7893797e+02  6.0353088e+02
  2.2245635e+02  3.6772377e+02  5.9018012e+02
  2.3736416e+02  3.6424901e+02  6.0161316e+02
  2.3740534e+02  3.3269970e+02  5.7010504e+02
  2.2723837e+02  3.5408308e+02  5.8132146e+02
  2.4666477e+02  3.6162126e+02  6.0828603e+02
  2.2651191e+02  3.3730214e+02  5.6381405e+02
  2.1546302e+02  3.4650270e+02  5.6196571e+02
  2.4809347e+02  3.6096540e+02  6.0905886e+02
  2.2853890e+02  3.4573303e+02  5.7427193e+02
  2.2351628e+02  2.9714901e+02  5.2066529e+02
  2.4080653e+02  3.2188599e+02  5.6269252e+02
  2.5079423e+02  3.6984963e+02  6.2064386e+02
  2.5832764e+02  3.4745948e+02  6.0578712e+02
  2.1985517e+02  3.7267642e+02  5.9253159e+02
  2.5843353e+02  3.3815127e+02  5.9658481e+02
  2.0303574e+02  3.4866600e+02  5.5170174e+02
  2.2771047e+02  3.4276528e+02  5.7047575e+02
  2.3946753e+02  3.3722687e+02  5.7669440e+02
  2.4753749e+02  3.4779662e+02  5.9533411e+02
  2.3229546e+02  3.6023536e+02  5.9253082e+02
  2.1485850e+02  3.5041863e+02  5.6527712e+02
  2.3095915e+02  3.4601359e+02  5.7697273e+02
  2.5443646e+02  3.2826613e+02  5.8270258e+02
  2.3679350e+02  3.4802904e+02  5.8482254e+02
  2.4182816e+02  3.2363200e+02  5.6546016e+02
  2.1479712e+02  3.5225408e+02  5.6705119e+02
  2.3069489e+02  3.7665591e+02  6.0735080e+02
  2.1977395e+02  3.3172830e+02  5.5150224e+02
  2.4867774e+02  3.3388200e+02  5.8255974e+02
  2.4309938e+02  3.3536397e+02  5.7846335e+02
  2.5097742e+02  3.4044546e+02  5.9142288e+02
  2.2846443e+02  3.5509157e+02  5.8355600e+02
  2.1685600e+02  3.6503477e+02  5.8189077e+02
  2.3363420e+02  3.2317357e+02  5.5680777e+02
  2.3597453e+02  3.1634610e+02  5.5232063e+02
  2.1826161e+02  3.4146742e+02  5.5972903e+02
  1.9914516e+02  3.4923143e+02  5.4837659e+02
  2.2276837e+02  3.5969131e+02  5.8245968e+02
  2.3591722e+02  3.3199632e+02  5.6791354e+02
  2.3849050e+02  3.5930868e+02  5.9779918e+02
  2.4490109e+02  3.6910623e+02  6.1400733e+02
  2.4484651e+02  3.5944468e+02  6.0429118e+02
  2.2673230e+02  3.7808060e+02  6.0481290e+02
  2.1958669e+02  3.6926735e+02  5.8885404e+02
  2.5079024e+02  3.5221865e+02  6.0300888e+02
  2.2494968e+02  3.6552166e+02  5.9047134e+02
  2.4922363e+02  3.2533898e+02  5.7456261e+02
  2.3384052e+02  3.4801764e+02  5.8185816e+02
  2.2734048e+02  3.5347471e+02  5.8081519e+02
  2.3197143e+02  3.1777504e+02  5.4974647e+02
  2.3871766e+02  3.5393049e+02  5.9264815e+02
  2.2680718e+02  3.1915569e+02  5.4596287e+02
  2.5088660e+02  3.6345960e+02  6.1434620e+02
  2.2598857e+02  3.7201412e+02  5.9800269e+02
  2.3814013e+02  3.7707881e+02  6.1521894e+02
  2.5398741e+02  3.4113364e+02  5.9512105e+02
  2.1211768e+02  3.6030063e+02  5.7241832e+02
  2.1873258e+02  3.7114975e+02  5.8988233e+02
  2.5307059e+02  3.4012207e+02  5.9319267e+02
  2.4561074e+02  3.7521958e+02  6.2083032e+02
  2.1371980e+02  3.6341144e+02  5.7713124e+02
  2.2413981e+02  3.7211960e+02  5.9625941e+02
  2.3846033e+02  3.2764500e+02  5.6610533e+02
  2.6251497e+02  3.7587296e+02  6.3838793e+02
  2.3125179e+02  3.4031973e+02  5.7157152e+02
  2.2492259e+02  3.4005729e+02  5.6497988e+02
  2.2750390e+02  3.5872313e+02  5.8622702e+02
  2.0609280e+02  3.4689303e+02  5.5298583e+02
  2.2474569e+02  3.4873447e+02  5.7348016e+02
  2.4328191e+02  3.3832618e+02  5.8160809e+02
  2.5117068e+02  3.7404279e+02  6.2521347e+02
  2.2331212e+02  3.6892865e+02  5.9224078e+02
  2.3304404e+02  3.5180018e+02  5.8484422e+02
  2.3175675e+02  3.7160020e+02  6.0335695e+02
  2.3206957e+02  3.5592446e+02  5.8799403e+02
  2.5023305e+02  3.3211658e+02  5.8234963e+02
  2.4205281e+02  3.5001395e+02  5.9206676e+02
  2.2033329e+02  3.2614255e+02  5.4647584e+02
  2.5223314e+02  3.4913147e+02  6.0136462e+02
  2.2241081e+02  3.7997365e+02  6.0238446e+02
  2.2390693e+02  3.3860362e+02  5.6251056e+02
  2.2991875e+02  3.6929460e+02  5.9921335e+02
  2.2189042e+02  3.2650158e+02  5.4839200e+02
  2.1818960e+02  3.1665901e+02  5.3484861e+02
  2.0816466e+02  3.3084119e+02  5.3900585e+02
  2.2113916e+02  3.6631980e+02  5.8745895e+02
  2.2087823e+02  3.5457429e+02  5.7545251e+02
  2.3299990e+02  3.6208988e+02  5.9508978e+02
  2.2955931e+02  3.1826519e+02  5.4782450e+02
  2.3175981e+02  3.3255733e+02  5.6431713e+02
  2.2242107e+02  3.1770540e+02  5.4012647e+02
  2.1481430e+02  3.6441079e+02  5.7922509e+02
  2.1303367e+02  3.7594734e+02  5.8898102e+02
  2.0881416e+02  3.1935026e+02  5.2816442e+02
  2.2923450e+02  3.4707869e+02  5.7631318e+02
  2.2282529e+02  3.4495458e+02  5.6777987e+02
  2.5972558e+02  3.6252172e+02  6.2224730e+02
  2.0727828e+02  3.3528994e+02  5.4256821e+02
  2.2839726e+02  3.8715318e+02  6.1555044e+02
  2.2059325e+02  3.8632271e+02  6.0691596e+02
  2.2906708e+02  3.5401722e+02  5.8308430e+02
  2.2947296e+02  3.4880359e+02  5.7827655e+02
  2.3933222e+02  3.0101989e+02  5.4035211e+02
  2.3135883e+02  3.4551184e+02  5.7687067e+02
  2.3813136e+02  3.6305804e+02  6.0118941e+02
  2.2404850e+02  3.8858370e+02  6.1263220e+02
  2.2648904e+02  3.6927251e+02  5.9576155e+02
  2.1789708e+02  3.5357442e+02  5.7147150e+02
  2.2824471e+02  3.4634313e+02  5.7458784e+02
  2.4206959e+02  3.3806948e+02  5.8013907e+02
  2.3362543e+02  3.6924919e+02  6.0287462e+02
  2.4316617e+02  3.4704308e+02  5.9020925e+02
  2.2732615e+02  3.7654815e+02  6.0387430e+02
  2.2941765e+02  3.3148256e+02  5.6090021e+02
  2.2045180e+02  3.3208226e+02  5.5253405e+02
  2.2867075e+02  3.5347267e+02  5.8214342e+02
  2.4683078e+02  3.4187484e+02  5.8870562e+02
  2.5079747e+02  3.4114371e+02  5.9194118e+02
  2.4445607e+02  3.5728118e+02  6.0173725e+02
  2.5128289e+02  3.6780093e+02  6.1908383e+02
  2.2936417e+02  3.4804404e+02  5.7740821e+02
  2.2139642e+02  3.5225103e+02  5.7364745e+02
  2.2970955e+02  3.5488787e+02  5.8459742e+02
  2.2985959e+02  3.3457352e+02  5.6443311e+02
  2.3091848e+02  3.6924129e+02  6.0015977e+02
  2.3119962e+02  3.1885027e+02  5.5004989e+02
  2.5927569e+02  3.6115879e+02  6.2043448e+02
  2.0164340e+02  3.5765221e+02  5.5929562e+02
  2.4110848e+02  3.5072450e+02  5.9183298e+02
  2.3277809e+02  3.5893260e+02  5.9171069e+02
  2.2962602e+02  3.3230646e+02  5.6193249e+02
  2.2232437e+02  3.4821557e+02  5.7053994e+02
  2.3421076e+02  3.2437101e+02  5.5858176e+02
  2.2199152e+02  3.7786435e+02  5.9985587e+02
  2.3682733e+02  3.1773177e+02  5.5455910e+02
  2.3253361e+02  3.9512943e+02  6.2766305e+02
  2.0660116e+02  3.7628345e+02  5.8288461e+02
  2.3199275e+02  3.4240504e+02  5.7439779e+02
  2.1127264e+02  3.5436404e+02  5.6563667e+02
  2.2948287e+02  3.3897983e+02  5.6846270e+02
  2.4408326e+02  3.6293907e+02  6.0702233e+02
  2.2828582e+02  3.2890483e+02  5.5719065e+02
  2.1926545e+02  3.5020336e+02  5.6946881e+02
  2.5368563e+02  3.8305173e+02  6.3673736e+02
  2.2131099e+02  3.4667220e+02  5.6798319e+02
  2.5629359e+02  3.6423396e+02  6.2052755e+02
  2.0493050e+02  3.3378798e+02  5.3871848e+02
  2.3404079e+02  3.9377712e+02  6.2781791e+02
  2.4516574e+02  4.0442736e+02  6.4959311e+02
  2.1648197e+02  3.6328461e+02  5.7976658e+02
  2.3383022e+02  3.2867979e+02  5.6251001e+02
  2.2040854e+02  3.5647397e+02  5.7688251e+02
  2.4943636e+02  3.6296130e+02  6.1239766e+02
  2.2301139e+02  3.5942544e+02  5.8243683e+02
  2.3981447e+02  3.6708218e+02  6.0689665e+02
  2.3163977e+02  3.4732558e+02  5.7896535e+02
  2.1439229e+02  3.2998376e+02  5.4437606e+02
  2.5091817e+02  3.8293285e+02  6.3385102e+02
  2.4970852e+02  3.6078776e+02  6.1049628e+02
  2.4910007e+02  3.7035300e+02  6.1945307e+02
  2.0974192e+02  3.5327885e+02  5.6302077e+02
  2.2688592e+02  3.7039412e+02  5.9728003e+02
  2.4725603e+02  3.6655808e+02  6.1381411e+02
  2.3096751e+02  3.5853218e+02  5.8949970e+02
  2.4423105e+02  3.5499175e+02  5.9922280e+02
  2.4731769e+02  3.7405843e+02  6.2137612e+02
  2.5181825e+02  3.4740558e+02  5.9922383e+02
  2.3623161e+02  3.9074265e+02  6.2697425e+02
  2.3880828e+02  3.7696714e+02  6.1577542e+02
  2.3439119e+02  3.4958985e+02  5.8398104e+02
  2.1589397e+02  3.4700476e+02  5.6289872e+02
  2.1698991e+02  3.5685593e+02  5.7384584e+02
  2.2712098e+02  3.4846932e+02  5.7559030e+02
  2.3564515e+02  3.3842709e+02  5.7407224e+02
  2.0766674e+02  3.3014374e+02  5.3781047e+02
  2.4248479e+02  3.4589090e+02  5.8837569e+02
  2.5243499e+02  3.6301910e+02  6.1545409e+02
  2.5632690e+02  3.6717604e+02  6.2350294e+02
  2.5009769e+02  3.5965991e+02  6.0975760e+02
  2.1089496e+02  3.4064495e+02  5.5153991e+02
  2.3206047e+02  3.4948097e+02  5.8154144e+02
  2.5456135e+02  3.2418021e+02  5.7874156e+02
  2.1702802e+02  3.5355102e+02  5.7057904e+02
  2.3356926e+02  3.4850200e+02  5.8207126e+02
  2.4582963e+02  3.5360889e+02  5.9943852e+02
  2.3428612e+02  3.3243233e+02  5.6671844e+02
  2.4477074e+02  3.4113563e+02  5.8590636e+02
  2.4559764e+02  3.3805489e+02  5.8365253e+02
  2.1094388e+02  3.3554362e+02  5.4648750e+02
  2.3685717e+02  3.3201679e+02  5.6887396e+02
  2.3357496e+02  3.5535808e+02  5.8893303e+02
  2.2306652e+02  3.2725388e+02  5.5032040e+02
  2.6374836e+02  3.3587637e+02  5.9962473e+02
  2.4041914e+02  3.7198288e+02  6.1240202e+02
  2.3867621e+02  3.5925779e+02  5.9793401e+02
  2.3026165e+02  3.4004079e+02  5.7030243e+02
  2.1670700e+02  3.6524584e+02  5.8195284e+02
  2.2881306e+02  3.5612903e+02  5.8494209e+02
  2.3312245e+02  3.1687060e+02  5.4999305e+02
  2.3854949e+02  3.2369982e+02  5.6224931e+02
  2.3305749e+02  3.2779730e+02  5.6085479e+02
  2.2716072e+02  3.6181624e+02  5.8897696e+02
  2.5335394e+02  3.4632880e+02  5.9968273e+02
  2.4099812e+02  3.4115917e+02  5.8215729e+02
  2.2080429e+02  3.1825440e+02  5.3905869e+02
  2.3440330e+02  3.8350114e+02  6.1790444e+02
  2.3065486e+02  3.3141011e+02  5.6206496e+02
  2.5976610e+02  3.4687512e+02  6.0664121e+02
  2.4406367e+02  3.6352754e+02  6.0759121e+02
  2.3193991e+02  3.6078534e+02  5.9272525e+02
  2.5287855e+02  3.5839413e+02  6.1127268e+02
  2.3260399e+02  3.1559104e+02  5.4819503e+02
  2.2479794e+02  3.5188089e+02  5.7667882e+02
  2.1641604e+02  3.4897520e+02  5.6539124e+02
  2.4695766e+02  3.5302999e+02  5.9998765e+02
  2.1628599e+02  3.3605708e+02  5.5234307e+02
  2.1490029e+02  3.6287199e+02  5.7777229e+02
  1.8470315e+02  3.1307307e+02  4.9777623e+02
  2.3138750e+02  3.5143716e+02  5.8282466e+02
  2.1060992e+02  3.5825103e+02  5.6886095e+02
  2.1940931e+02  3.9084176e+02  6.1025107e+02
  2.3103460e+02  3.6194852e+02  5.9298312e+02
  2.1371353e+02  3.4944020e+02  5.6315374e+02
  2.3860225e+02  3.4559782e+02  5.8420007e+02
  2.2591058e+02  3.5768674e+02  5.8359732e+02
  2.1346236e+02  3.7029408e+02  5.8375643e+02
  2.2909000e+02  3.7907854e+02  6.0816854e+02
  2.2824293e+02  3.6812210e+02  5.9636502e+02
  2.4865738e+02  3.6180842e+02  6.1046580e+02
  2.4379238e+02  3.4156924e+02  5.8536162e+02
  2.3671852e+02  3.2428291e+02  5.6100143e+02
  2.4388119e+02  3.6484897e+02  6.0873016e+02
  2.0880343e+02  3.5646480e+02  5.6526823e+02
  2.4246723e+02  3.4548348e+02  5.8795071e+02
  2.1856483e+02  3.3492848e+02  5.5349331e+02
  2.3199398e+02  3.9017074e+02  6.2216472e+02
  2.5656763e+02  3.1660950e+02  5.7317713e+02
  2.3007444e+02  3.6032607e+02  5.9040051e+02
  2.3716968e+02  3.3772487e+02  5.7489455e+02
  2.3113169e+02  4.0138758e+02  6.3251927e+02
  2.2940482e+02  3.7059001e+02  5.9999483e+02
  2.1158863e+02  3.3146786e+02  5.4305650e+02
  2.1808427e+02  3.1288980e+02  5.3097406e+02
  2.1255630e+02  3.4252051e+02  5.5507681e+02
  2.3837308e+02  3.3409403e+02  5.7246710e+02
  2.3379275e+02  3.5071209e+02  5.8450483e+02
  2.0044607e+02  3.3710269e+02  5.3754876e+02
  2.4155208e+02  3.2757733e+02  5.6912941e+02
  2.3603291e+02  3.6448127e+02  6.0051418e+02
  2.3244216e+02  3.3219879e+02  5.6464095e+02
  2.3509946e+02  3.6450479e+02  5.9960425e+02
  2.3355633e+02  3.8525990e+02  6.1881622e+02
  2.2460764e+02  3.4307027e+02  5.6767791e+02
  2.4659842e+02  3.2643950e+02  5.7303792e+02
  2.4870379e+02  3.2540392e+02  5.7410771e+02
  2.4971703e+02  3.3249473e+02  5.8221176e+02
  2.2896137e+02  3.7893934e+02  6.0790070e+02
  2.4666036e+02  3.4726157e+02  5.9392193e+02
  2.1316782e+02  3.5550451e+02  5.6867233e+02
  2.3144744e+02  3.4384755e+02  5.7529499e+02
  2.3228098e+02  3.7441442e+02  6.0669541e+02
  2.3458034e+02  3.6372912e+02  5.9830946e+02
  2.1382916e+02  3.3189986e+02  5.4572902e+02
  2.0306024e+02  3.3904277e+02  5.4210301e+02
  2.2736282e+02  3.3311213e+02  5.6047496e+02
  2.3501680e+02  3.5424788e+02  5.8926468e+02
  2.1929286e+02  3.2216786e+02  5.4146072e+02
  2.4014870e+02  3.5504942e+02  5.9519812e+02
  2.5048701e+02  3.7541148e+02  6.2589849e+02
  2.3442766e+02  3.3770365e+02  5.7213131e+02
  2.4359050e+02  3.6121462e+02  6.0480511e+02
  2.2241999e+02  3.6043211e+02  5.8285210e+02
  2.2382495e+02  3.6922013e+02  5.9304507e+02
  2.5582297e+02  3.4476046e+02  6.0058343e+02
  2.3960847e+02  3.5658974e+02  5.9619821e+02
  2.5210083e+02  3.4847864e+02  6.0057947e+02
  2.2106202e+02  3.2546985e+02  5.4653187e+02
  1.8978388e+02  3.5259839e+02  5.4238228e+02
  2.3777585e+02  3.4286278e+02  5.8063863e+02
  2.3804539e+02  3.5267327e+02  5.9071866e+02
  2.5574993e+02  3.5994115e+02  6.1569108e+02
  2.1476282e+02  3.7111041e+02  5.8587323e+02
  2.3819215e+02  3.2026544e+02  5.5845760e+02
  2.3554747e+02  3.6264478e+02  5.9819224e+02
  2.1498100e+02  3.6995134e+02  5.8493234e+02
  2.4751237e+02  3.6878498e+02  6.1629734e+02
  2.2529159e+02  3.5806101e+02  5.8335260e+02
  2.2728343e+02  3.7666223e+02  6.0394566e+02
  2.4406710e+02  3.6768290e+02  6.1175000e+02
  2.1725779e+02  3.3272350e+02  5.4998129e+02
  2.1104864e+02  3.3586085e+02  5.4690949e+02
  2.4456715e+02  3.9281823e+02  6.3738538e+02
  2.3918064e+02  3.7899894e+02  6.1817958e+02
  2.4722329e+02  3.7407257e+02  6.2129586e+02
  1.9280076e+02  3.4230999e+02  5.3511076e+02
  2.5874799e+02  3.5782995e+02  6.1657794e+02
  2.2808015e+02  3.3131455e+02  5.5939470e+02
  2.3612180e+02  3.9593276e+02  6.3205457e+02
  2.0349902e+02  3.2444529e+02  5.2794431e+02
  2.3349212e+02  3.5312581e+02  5.8661793e+02
  2.4999062e+02  3.5818799e+02  6.0817862e+02
  2.3729652e+02  3.4994488e+02  5.8724139e+02
  2.0930390e+02  3.5775007e+02  5.6705397e+02
  2.0499301e+02  3.7528518e+02  5.8027819e+02
  2.4475534e+02  3.4063282e+02  5.8538816e+02
  2.5391152e+02  3.3366235e+02  5.8757387e+02
  2.1011297e+02  3.7039087e+02  5.8050384e+02
  2.2313548e+02  3.3525028e+02  5.5838576e+02
  2.4550003e+02  3.6537788e+02  6.1087791e+02
  2.3757599e+02  3.5220401e+02  5.8978000e+02
  2.7044336e+02  3.7586177e+02  6.4630513e+02
  2.3832747e+02  3.4878608e+02  5.8711356e+02
  1.9768703e+02  3.1814128e+02  5.1582830e+02
  2.4079851e+02  3.4099721e+02  5.8179571e+02
  2.5195591e+02  3.5566165e+02  6.0761756e+02
  2.3547474e+02  3.5573128e+02  5.9120602e+02
  2.1088547e+02  3.4128641e+02  5.5217188e+02
  2.4532155e+02  3.4735483e+02  5.9267638e+02
  2.4904466e+02  3.6189801e+02  6.1094267e+02
  2.3020953e+02  3.1855267e+02  5.4876220e+02
  2.2418331e+02  3.7121182e+02  5.9539513e+02
  2.2529570e+02  3.6116685e+02  5.8646254e+02
  2.3735008e+02  3.6842313e+02  6.0577321e+02
  2.3294179e+02  3.5403621e+02  5.8697800e+02
  2.6177502e+02  3.3237598e+02  5.9415100e+02
  2.2599305e+02  3.6344437e+02  5.8943742e+02
  2.3918509e+02  3.2914028e+02  5.6832538e+02
  2.4105039e+02  3.7378438e+02  6.1483477e+02
  2.2381375e+02  3.9800907e+02  6.2182282e+02
  2.7181551e+02  3.5436359e+02  6.2617910e+02
  2.2282949e+02  3.5236983e+02  5.7519932e+02
  2.5726945e+02  3.5047666e+02  6.0774611e+02
  2.3087300e+02  3.3411133e+02  5.6498433e+02
  2.2739765e+02  3.3045389e+02  5.5785154e+02
  2.1692767e+02  3.5611232e+02  5.7303999e+02
  2.1744845e+02  3.5441908e+02  5.7186754e+02
  2.4404379e+02  3.4352725e+02  5.8757105e+02
  2.5376987e+02  3.5513821e+02  6.0890808e+02
  2.3641473e+02  3.0716500e+02  5.4357972e+02
  2.1969449e+02  3.7841204e+02  5.9810653e+02
  2.3025668e+02  3.4477431e+02  5.7503099e+02
  2.4306460e+02  3.2381406e+02  5.6687866e+02
  2.2621483e+02  3.7008682e+02  5.9630165e+02
  2.2866224e+02  3.8368799e+02  6.1235023e+02
  2.0668242e+02  3.5391204e+02  5.6059446e+02
  2.4005829e+02  3.6990143e+02  6.0995972e+02
  2.4167351e+02  3.1682426e+02  5.5849777e+02
  2.3121554e+02  3.5362926e+02  5.8484479e+02
  2.2823164e+02  3.4377262e+02  5.7200426e+02
  2.4133531e+02  3.7515274e+02  6.1648804e+02
  2.0807196e+02  3.6048684e+02  5.6855880e+02
  2.2055793e+02  3.4379729e+02  5.6435522e+02
  2.4032037e+02  3.8948678e+02  6.2980714e+02
  2.4239423e+02  3.4848154e+02  5.9087577e+02
  2.6511694e+02  3.4840925e+02  6.1352619e+02
  2.3646853e+02  3.3256689e+02  5.6903542e+02
  2.5465028e+02  3.1617148e+02  5.7082176e+02
  2.2573711e+02  3.4110888e+02  5.6684598e+02
  2.4925002e+02  3.0144348e+02  5.5069350e+02
  2.3888491e+02  3.3078088e+02  5.6966579e+02
  2.0324470e+02  3.3787626e+02  5.4112096e+02
  2.4268646e+02  3.4373484e+02  5.8642130e+02
  2.2072107e+02  3.5373225e+02  5.7445332e+02
  2.3805528e+02  3.3690601e+02  5.7496129e+02
  2.4660363e+02  3.6326851e+02  6.0987215e+02
  2.3416954e+02  3.3320345e+02  5.6737299e+02
  2.2653435e+02  3.2014272e+02  5.4667707e+02
  2.3922019e+02  3.7161603e+02  6.1083622e+02
  2.1628688e+02  3.6010865e+02  5.7639553e+02
  2.3759684e+02  3.3993526e+02  5.7753210e+02
  2.2436584e+02  3.3523303e+02  5.5959887e+02
  2.4458363e+02  3.2068586e+02  5.6526949e+02
  2.2498530e+02  3.4694517e+02  5.7193047e+02
  2.4661820e+02  3.4767017e+02  5.9428837e+02
  2.1831175e+02  3.4375860e+02  5.6207035e+02
  2.2756157e+02  3.2330797e+02  5.5086954e+02
  2.5145964e+02  3.5792887e+02  6.0938851e+02
  2.0840843e+02  3.5729368e+02  5.6570212e+02
  2.5667898e+02  3.2450848e+02  5.8118747e+02
  2.4107056e+02  3.2493499e+02  5.6600555e+02
  2.1370283e+02  3.6125145e+02  5.7495428e+02
  2.2048898e+02  3.6999983e+02  5.9048881e+02
  2.5256647e+02  3.5362951e+02  6.0619598e+02
  2.2501602e+02  3.3596100e+02  5.6097702e+02
  2.4640032e+02  3.2800186e+02  5.7440218e+02
  2.4569008e+02  3.9809431e+02  6.4378438e+02
  2.4070817e+02  3.6008186e+02  6.0079002e+02
  2.3578608e+02  3.5026217e+02  5.8604825e+02
  2.4215861e+02  3.3710412e+02  5.7926273e+02
  2.1774740e+02  3.6331393e+02  5.8106133e+02
  2.4464363e+02  3.2000977e+02  5.6465340e+02
  2.2138860e+02  3.5262312e+02  5.7401171e+02
  2.2932944e+02  3.5483691e+02  5.8416635e+02
  2.6045573e+02  3.8533868e+02  6.4579441e+02
  2.3029418e+02  3.6479299e+02  5.9508717e+02
  2.1848871e+02  3.4064344e+02  5.5913215e+02
  2.3445229e+02  3.4412090e+02  5.7857320e+02
  2.5416581e+02  3.5129345e+02  6.0545925e+02
  2.3118381e+02  3.4686624e+02  5.7805004e+02
  2.4501830e+02  3.5661560e+02  6.0163390e+02
  2.3455832e+02  3.4173771e+02  5.7629603e+02
  2.3523561e+02  3.4180780e+02  5.7704340e+02
  2.6021358e+02  3.5928784e+02  6.1950142e+02
  2.1806230e+02  3.0862789e+02  5.2669019e+02
  2.1441778e+02  3.5423782e+02  5.6865560e+02
  2.2241164e+02  3.5161484e+02  5.7402649e+02
  2.2132899e+02  3.5433141e+02  5.7566040e+02
  2.1712911e+02  3.4025831e+02  5.5738742e+02
  2.3127100e+02  3.5578830e+02  5.8705930e+02
  2.0761781e+02  3.8481423e+02  5.9243204e+02
  2.3781202e+02  3.3176908e+02  5.6958110e+02
  2.2569485e+02  3.6310620e+02  5.8880105e+02
  2.2789186e+02  3.4729328e+02  5.7518514e+02
  2.1942426e+02  3.7351852e+02  5.9294278e+02
  2.3492113e+02  3.5294798e+02  5.8786911e+02
  2.6251772e+02  3.6091884e+02  6.2343656e+02
  2.6320631e+02  3.6908246e+02  6.3228876e+02
  2.2462692e+02  3.3942315e+02  5.6405007e+02
  2.3942710e+02  3.5673193e+02  5.9615904e+02
  2.2161265e+02  3.6438786e+02  5.8600051e+02
  2.2446983e+02  3.6389426e+02  5.8836409e+02
  2.0971990e+02  3.4665969e+02  5.5637959e+02
  2.5217847e+02  3.5990873e+02  6.1208720e+02
  2.5836333e+02  3.6570314e+02  6.2406647e+02
  2.2336167e+02  3.1166041e+02  5.3502209e+02
  2.2449479e+02  3.6599305e+02  5.9048785e+02
  2.2939495e+02  3.1510705e+02  5.4450199e+02
  2.4035959e+02  3.4821520e+02  5.8857479e+02
  2.1695648e+02  3.5451411e+02  5.7147059e+02
  2.3186464e+02  3.3503337e+02  5.6689801e+02
  2.1708809e+02  3.2952290e+02  5.4661099e+02
  2.4284732e+02  3.5311700e+02  5.9596433e+02
  2.3922434e+02  3.5841562e+02  5.9763996e+02
  2.4278567e+02  3.5301840e+02  5.9580407e+02
  2.4793261e+02  3.3297650e+02  5.8090911e+02
  2.2560770e+02  3.4053053e+02  5.6613823e+02
  2.0691809e+02  3.4217754e+02  5.4909562e+02
  1.8335038e+02  3.6967483e+02  5.5302521e+02
  2.3509567e+02  3.4638995e+02  5.8148562e+02
  2.4704649e+02  3.6992761e+02  6.1697411e+02
  2.6152071e+02  3.5337191e+02  6.1489262e+02
  2.3808236e+02  3.1801448e+02  5.5609684e+02
  2.3573329e+02  3.3674902e+02  5.7248231e+02
  2.1642999e+02  3.6447165e+02  5.8090164e+02
  2.3181129e+02  3.3701537e+02  5.6882666e+02
  2.4128858e+02  3.8767158e+02  6.2896016e+02
  2.1154470e+02  3.3366532e+02  5.4521002e+02
  2.1900092e+02  3.5346770e+02  5.7246862e+02
  2.2990559e+02  3.4887010e+02  5.7877569e+02
  2.4543186e+02  3.3797595e+02  5.8340782e+02
  2.4724189e+02  3.6232921e+02  6.0957110e+02
  2.3805531e+02  3.7423562e+02  6.1229093e+02
  2.2051805e+02  3.4066339e+02  5.6118144e+02
  2.2436811e+02  3.3042061e+02  5.5478872e+02
  2.3389058e+02  3.6582784e+02  5.9971842e+02
  2.4956362e+02  3.7424297e+02  6.2380659e+02
  2.5777761e+02  3.6077664e+02  6.1855426e+02
  2.1893408e+02  3.4271731e+02  5.6165139e+02
  2.6995895e+02  3.5574547e+02  6.2570442e+02
  2.0055663e+02  3.1742446e+02  5.1798109e+02
  2.3917718e+02  3.7381619e+02  6.1299337e+02
  2.4026577e+02  3.4608441e+02  5.8635018e+02
  2.2616136e+02  3.3741974e+02  5.6358110e+02
  2.5126959e+02  3.4644072e+02  5.9771031e+02
  2.3292402e+02  3.4746066e+02  5.8038468e+02
  2.4187000e+02  3.7009931e+02  6.1196930e+02
  2.2296923e+02  3.6280447e+02  5.8577369e+02
  2.2066599e+02  3.4833910e+02  5.6900510e+02
  2.1025586e+02  3.6370691e+02  5.7396277e+02
  2.5135288e+02  3.3147968e+02  5.8283256e+02
  2.2848523e+02  3.6980875e+02  5.9829399e+02
  2.2312174e+02  3.3483958e+02  5.5796132e+02
  2.2423362e+02  3.6846091e+02  5.9269453e+02
  2.0696386e+02  3.3681253e+02  5.4377639e+02
  2.2528484e+02  3.3574061e+02  5.6102545e+02
  2.3086846e+02  3.2411507e+02  5.5498353e+02
  2.2556171e+02  3.2916911e+02  5.5473082e+02
  2.2012624e+02  3.6051169e+02  5.8063793e+02
  2.2844631e+02  3.7310929e+02  6.0155560e+02
  2.4540515e+02  3.6612037e+02  6.1152551e+02
  2.2196860e+02  3.4465966e+02  5.6662826e+02
  2.4139587e+02  3.4014793e+02  5.8154381e+02
  2.2694133e+02  3.4839918e+02  5.7534050e+02
  2.3922442e+02  3.5901516e+02  5.9823958e+02
  2.3430030e+02  3.6115659e+02  5.9545690e+02
  2.1894649e+02  3.5112008e+02  5.7006657e+02
  2.2428335e+02  3.6298683e+02  5.8727018e+02
  2.0121740e+02  3.3337368e+02  5.3459108e+02
  2.2553734e+02  3.6169003e+02  5.8722737e+02
  2.4136442e+02  3.8461807e+02  6.2598249e+02
  2.2064598e+02  3.5990360e+02  5.8054959e+02
  2.4535058e+02  3.4565846e+02  5.9100905e+02
  2.2193439e+02  3.4841914e+02  5.7035353e+02
  2.2529350e+02  3.5222140e+02  5.7751490e+02
  2.1214771e+02  3.6707807e+02  5.7922578e+02
  2.3346705e+02  3.5280576e+02  5.8627281e+02
  2.1980049e+02  3.3317088e+02  5.5297137e+02
  1.9808455e+02  3.4293853e+02  5.4102308e+02
  2.4477920e+02  3.4609179e+02  5.9087099e+02
  2.5396534e+02  3.3585993e+02  5.8982527e+02
  2.0468517e+02  3.4845437e+02  5.5313954e+02
  2.3027839e+02  3.3311586e+02  5.6339425e+02
  2.3553584e+02  3.6168703e+02  5.9722287e+02
  2.1968958e+02  3.6834213e+02  5.8803171e+02
  2.7374022e+02  3.7547880e+02  6.4921902e+02
  2.1191296e+02  3.4600232e+02  5.5791527e+02
  2.2574428e+02  3.2627233e+02  5.5201661e+02
  2.1289003e+02  3.5739918e+02  5.7028922e+02
  2.2529714e+02  3.7117481e+02  5.9647196e+02
  2.2216307e+02  3.3875315e+02  5.6091623e+02
  2.1514782e+02  3.2560691e+02  5.4075473e+02
  2.1754662e+02  3.6190711e+02  5.7945373e+02
  2.3755855e+02  3.5159497e+02  5.8915352e+02
  2.5674620e+02  3.8233252e+02  6.3907872e+02
  2.3882455e+02  3.4659997e+02  5.8542452e+02
  2.2013943e+02  3.5967440e+02  5.7981383e+02
  2.3957629e+02  3.3729205e+02  5.7686834e+02
  2.2974577e+02  3.1582383e+02  5.4556960e+02
  2.0057101e+02  3.6115015e+02  5.6172116e+02
  2.1374883e+02  3.0326422e+02  5.1701305e+02
  2.6178010e+02  3.8603466e+02  6.4781476e+02
  2.3121602e+02  3.6413911e+02  5.9535513e+02
  2.2119271e+02  3.6408211e+02  5.8527482e+02
  2.3996162e+02  3.1928436e+02  5.5924597e+02
  2.5090704e+02  3.4134404e+02  5.9225107e+02
  2.3933078e+02  3.8271871e+02  6.2204949e+02
  2.2244214e+02  3.6101097e+02  5.8345311e+02
  2.2083484e+02  3.5013134e+02  5.7096618e+02
  2.3091953e+02  3.6045672e+02  5.9137625e+02
  2.4576080e+02  3.5295846e+02  5.9871926e+02
  2.5102450e+02  3.7641690e+02  6.2744140e+02
  2.1479164e+02  3.5432292e+02  5.6911455e+02
  1.9395272e+02  3.7851517e+02  5.7246789e+02
  2.1908002e+02  3.7286485e+02  5.9194488e+02
  2.2414459e+02  3.2464761e+02  5.4879220e+02
  2.3323790e+02  3.3677186e+02  5.7000976e+02
  2.1426647e+02  3.4935069e+02  5.6361715e+02
  2.4369398e+02  3.5294245e+02  5.9663642e+02
  2.5396138e+02  3.2610776e+02  5.8006914e+02
  2.0309175e+02  3.7367078e+02  5.7676253e+02
  2.4903912e+02  3.4504041e+02  5.9407953e+02
  2.6796093e+02  3.5222274e+02  6.2018368e+02
  2.4362963e+02  3.5012678e+02  5.9375641e+02
  2.3520064e+02  3.4063021e+02  5.7583085e+02
  2.1799081e+02  3.1700792e+02  5.3499873e+02
  2.3515422e+02  3.7167358e+02  6.0682780e+02
  2.4631410e+02  3.4907774e+02  5.9539185e+02
  2.3508059e+02  3.5396423e+02  5.8904482e+02
  2.1951889e+02  3.7013688e+02  5.8965577e+02
  2.4067140e+02  3.4666686e+02  5.8733825e+02
  2.3570177e+02  3.5919577e+02  5.9489754e+02
  2.2266680e+02  3.6041204e+02  5.8307884e+02
  2.5476508e+02  3.4099782e+02  5.9576290e+02
  2.2970103e+02  3.5263911e+02  5.8234014e+02
  2.4415495e+02  3.5778595e+02  6.0194090e+02
  2.3943696e+02  3.3550052e+02  5.7493748e+02
  2.1891104e+02  3.2651919e+02  5.4543023e+02
  2.5145215e+02  3.4357593e+02  5.9502808e+02
  2.3349367e+02  3.5240000e+02  5.8589367e+02
  2.4327745e+02  3.5672408e+02  6.0000152e+02
  2.1729125e+02  3.7181103e+02  5.8910228e+02
  2.4960982e+02  3.5632813e+02  6.0593795e+02
  2.1591061e+02  3.5019134e+02  5.6610195e+02
  2.2059290e+02  3.4621594e+02  5.6680884e+02
  2.1608155e+02  3.5567503e+02  5.7175657e+02
  2.6048854e+02  3.2086891e+02  5.8135745e+02
  1.9905908e+02  3.3887923e+02  5.3793831e+02
  2.1153308e+02  3.4082101e+02  5.5235410e+02
  2.4451882e+02  3.6660052e+02  6.1111934e+02
  2.2565618e+02  3.4420608e+02  5.6986226e+02
  2.6230950e+02  3.5866544e+02  6.2097494e+02
  2.1160653e+02  3.2474848e+02  5.3635501e+02
  2.4821747e+02  3.4429602e+02  5.9251349e+02
  2.2662177e+02  3.6502780e+02  5.9164957e+02
  2.4217430e+02  3.4152808e+02  5.8370238e+02
  2.6027903e+02  3.4771223e+02  6.0799126e+02
  2.2072784e+02  3.6972343e+02  5.9045127e+02
  2.3648274e+02  3.6242935e+02  5.9891210e+02
  2.3348290e+02  3.6954033e+02  6.0302323e+02
  2.2274942e+02  3.2873089e+02  5.5148031e+02
  2.4591067e+02  3.6277325e+02  6.0868392e+02
  2.1595545e+02  3.5022632e+02  5.6618177e+02
  2.2973907e+02  3.4162477e+02  5.7136384e+02
  2.4402628e+02  3.5078806e+02  5.9481433e+02
  2.4533233e+02  3.4455675e+02  5.8988908e+02
  2.2743462e+02  3.4070126e+02  5.6813588e+02
  2.3291091e+02  3.6193160e+02  5.9484251e+02
  2.3956597e+02  3.6801981e+02  6.0758577e+02
  2.5789969e+02  3.4034491e+02  5.9824460e+02
  2.0781695e+02  3.7202104e+02  5.7983798e+02
  2.2804985e+02  3.6186961e+02  5.8991946e+02
  2.4518755e+02  3.2194700e+02  5.6713454e+02
  2.1909562e+02  3.4634725e+02  5.6544287e+02
  2.1934395e+02  3.2543558e+02  5.4477953e+02
  2.5809762e+02  3.3546833e+02  5.9356595e+02
  2.4049022e+02  3.4672838e+02  5.8721860e+02
  2.1435531e+02  3.1292237e+02  5.2727768e+02
  2.2830233e+02  3.3555182e+02  5.6385415e+02
  2.3783828e+02  3.1951451e+02  5.5735279e+02
  2.5565358e+02  3.5161126e+02  6.0726484e+02
  2.4121292e+02  3.3449964e+02  5.7571257e+02
  2.2375079e+02  3.3583187e+02  5.5958266e+02
  2.4398471e+02  3.2467573e+02  5.6866044e+02
  2.1775475e+02  3.5574508e+02  5.7349983e+02
  2.3909848e+02  3.5660846e+02  5.9570694e+02
  2.7176894e+02  3.7182629e+02  6.4359523e+02
  2.5141662e+02  3.5257540e+02  6.0399202e+02
  2.4660573e+02  3.1949784e+02  5.6610357e+02
  2.3086987e+02  3.5697076e+02  5.8784064e+02
  1.9066469e+02  3.4095885e+02  5.3162354e+02
  2.3122010e+02  3.3913956e+02  5.7035967e+02
  2.7100747e+02  3.4705078e+02  6.1805825e+02
  2.3790479e+02  3.4359551e+02  5.8150030e+02
  2.5831002e+02  3.5104443e+02  6.0935445e+02
  2.3447214e+02  3.4613041e+02  5.8060255e+02
  2.1121858e+02  3.5027193e+02  5.6149051e+02
  2.3201056e+02  3.6929016e+02  6.0130073e+02
