  2.2981961e+02
  2.3397050e+02
  2.3122963e+02
  2.2618017e+02
  2.3411651e+02
  2.3732130e+02
  2.2592758e+02
  2.3052687e+02
  2.1875424e+02
  2.3412601e+02
  2.2914971e+02
  2.3430146e+02
  2.3041400e+02
  2.3054919e+02
  2.2812591e+02
  2.2794779e+02
  2.3545264e+02
  2.3266371e+02
  2.3538971e+02
  2.3186521e+02
  2.2705240e+02
  2.3338411e+02
  2.3169338e+02
  2.3121172e+02
  2.3106073e+02
  2.3406894e+02
  2.2359847e+02
  2.2589158e+02
  2.3766424e+02
  2.3487322e+02
  2.3482363e+02
  2.2748037e+02
  2.2329142e+02
  2.3516582e+02
  2.3038204e+02
  2.3251276e+02
  2.3026961e+02
  2.3328419e+02
  2.2831478e+02
  2.3801763e+02
  2.2778361e+02
  2.3861989e+02
  2.3070917e+02
  2.3457284e+02
  2.2775502e+02
  2.2779164e+02
  2.3556595e+02
  2.2447079e+02
  2.3322868e+02
  2.2200350e+02
  2.3205423e+02
  2.3156509e+02
  2.3569930e+02
  2.3132497e+02
  2.3138483e+02
  2.3261370e+02
  2.3274741e+02
  2.3090017e+02
  2.3437608e+02
  2.2353492e+02
  2.3313387e+02
  2.3155459e+02
  2.3103168e+02
  2.2990822e+02
  2.3295682e+02
  2.3275056e+02
  2.4024170e+02
  2.2998074e+02
  2.2993107e+02
  2.2545383e+02
  2.3222327e+02
  2.3258434e+02
  2.3178019e+02
  2.2984767e+02
  2.3070755e+02
  2.3039585e+02
  2.4282354e+02
  2.3473063e+02
  2.3273223e+02
  2.2645414e+02
  2.3897934e+02
  2.2744868e+02
  2.2771653e+02
  2.3624882e+02
  2.3237205e+02
  2.3122432e+02
  2.2907100e+02
  2.2703929e+02
  2.2725405e+02
  2.3383329e+02
  2.3588407e+02
  2.3353947e+02
  2.2925821e+02
  2.2880514e+02
  2.3955256e+02
  2.3144953e+02
  2.3257416e+02
  2.2416052e+02
  2.3102361e+02
  2.2129037e+02
  2.2857723e+02
  2.3272426e+02
  2.3249152e+02
  2.2770190e+02
  2.3450151e+02
  2.3425325e+02
  2.2919611e+02
  2.2805787e+02
  2.2182577e+02
  2.3353476e+02
  2.3416738e+02
  2.3842094e+02
  2.2246541e+02
  2.3253895e+02
  2.3195515e+02
  2.3216519e+02
  2.3651804e+02
  2.3410106e+02
  2.3541270e+02
  2.2753069e+02
  2.3089218e+02
  2.2489231e+02
  2.2581123e+02
  2.1997259e+02
  2.3775306e+02
  2.2064861e+02
  2.3885736e+02
  2.3065830e+02
  2.3077364e+02
  2.3006982e+02
  2.2565066e+02
  2.2297024e+02
  2.2561035e+02
  2.3928788e+02
  2.2965986e+02
  2.2977426e+02
  2.3014400e+02
  2.2770681e+02
  2.3267310e+02
  2.3982371e+02
  2.2579189e+02
  2.3495892e+02
  2.3915589e+02
  2.2536763e+02
  2.2986675e+02
  2.3036539e+02
  2.3756241e+02
  2.3335131e+02
  2.3120580e+02
  2.3324480e+02
  2.2556060e+02
  2.2322243e+02
  2.2552228e+02
  2.2922519e+02
  2.2203305e+02
  2.2597635e+02
  2.3933887e+02
  2.3266228e+02
  2.3812299e+02
  2.2220891e+02
  2.2498808e+02
  2.2298572e+02
  2.2387257e+02
  2.3455008e+02
  2.3116695e+02
  2.3685129e+02
  2.3051822e+02
  2.2615095e+02
  2.3377041e+02
  2.2463396e+02
  2.3056941e+02
  2.3154701e+02
  2.2983791e+02
  2.3804573e+02
  2.2994850e+02
  2.2694573e+02
  2.4051532e+02
  2.2734478e+02
  2.3158254e+02
  2.2419398e+02
  2.3566072e+02
  2.3744273e+02
  2.3890025e+02
  2.2837953e+02
  2.2706481e+02
  2.2498389e+02
  2.2769999e+02
  2.3267007e+02
  2.3377395e+02
  2.2963866e+02
  2.3498568e+02
  2.3577334e+02
  2.2206251e+02
  2.3872202e+02
  2.3338964e+02
  2.2947221e+02
  2.3209112e+02
  2.3189300e+02
  2.2683648e+02
  2.3704197e+02
  2.3004343e+02
  2.2885474e+02
  2.2914358e+02
  2.3185771e+02
  2.3267824e+02
  2.3745897e+02
  2.2882651e+02
  2.3306752e+02
  2.2769470e+02
  2.2501964e+02
  2.2776457e+02
  2.3192937e+02
  2.3328914e+02
  2.2463652e+02
  2.3070916e+02
  2.2517776e+02
  2.2750232e+02
  2.2787299e+02
  2.4049552e+02
  2.2281338e+02
  2.3066222e+02
  2.3265634e+02
  2.2864027e+02
  2.3899995e+02
  2.3262413e+02
  2.3476743e+02
  2.3522909e+02
  2.3457272e+02
  2.3310428e+02
  2.3755713e+02
  2.3683663e+02
  2.2353984e+02
  2.2680906e+02
  2.3788949e+02
  2.3551712e+02
  2.3094706e+02
  2.3600865e+02
  2.3489519e+02
  2.3495777e+02
  2.3592827e+02
  2.3191313e+02
  2.3115808e+02
  2.3254341e+02
  2.2806383e+02
  2.3235331e+02
  2.2992683e+02
  2.3355116e+02
  2.2075442e+02
  2.3567798e+02
  2.3041017e+02
  2.2682429e+02
  2.3814701e+02
  2.3241657e+02
  2.3542594e+02
  2.3128183e+02
  2.3769512e+02
  2.2980033e+02
  2.2907461e+02
  2.3613004e+02
  2.2525586e+02
  2.3468139e+02
  2.3269839e+02
  2.4012414e+02
  2.3880821e+02
  2.2407276e+02
  2.2160323e+02
  2.1919495e+02
  2.3082929e+02
  2.3716136e+02
  2.3584757e+02
  2.3112500e+02
  2.2731036e+02
  2.2786226e+02
  2.3397233e+02
  2.3187626e+02
  2.2573114e+02
  2.3688574e+02
  2.3122090e+02
  2.3371850e+02
  2.2700225e+02
  2.2740157e+02
  2.3010069e+02
  2.3823161e+02
  2.3039365e+02
  2.2437356e+02
  2.2833051e+02
  2.3392901e+02
  2.3210389e+02
  2.2754003e+02
  2.2953258e+02
  2.4361038e+02
  2.3326396e+02
  2.3265846e+02
  2.2967731e+02
  2.3938424e+02
  2.3126220e+02
  2.2501067e+02
  2.3579091e+02
  2.4351268e+02
  2.3241672e+02
  2.2874950e+02
  2.2395294e+02
  2.3101796e+02
  2.2422398e+02
  2.2853230e+02
  2.3749206e+02
  2.2412017e+02
  2.1877980e+02
  2.3242315e+02
  2.3473715e+02
  2.3112967e+02
  2.3421642e+02
  2.3048234e+02
  2.4051647e+02
  2.3036308e+02
  2.3320681e+02
  2.3939792e+02
  2.3424812e+02
  2.2369040e+02
  2.3616496e+02
  2.3212451e+02
  2.2479331e+02
  2.2600265e+02
  2.3364799e+02
  2.2647641e+02
  2.3209855e+02
  2.3421949e+02
  2.3648479e+02
  2.2597609e+02
  2.2690832e+02
  2.3828066e+02
  2.2902910e+02
  2.2676380e+02
  2.3380761e+02
  2.2874414e+02
  2.3468889e+02
  2.2853788e+02
  2.2933114e+02
  2.3300293e+02
  2.3198166e+02
  2.3823193e+02
  2.3386898e+02
  2.3271649e+02
  2.2870377e+02
  2.3358159e+02
  2.2871723e+02
  2.3455755e+02
  2.3762420e+02
  2.2966538e+02
  2.2908280e+02
  2.3132508e+02
  2.2971051e+02
  2.2642516e+02
  2.3296508e+02
  2.2460265e+02
  2.2984688e+02
  2.2820250e+02
  2.3179334e+02
  2.2596951e+02
  2.3059774e+02
  2.3836576e+02
  2.2155116e+02
  2.2908444e+02
  2.3617360e+02
  2.3567209e+02
  2.2218688e+02
  2.4604317e+02
  2.3688116e+02
  2.3634784e+02
  2.3608960e+02
  2.3728479e+02
  2.3285625e+02
  2.2713536e+02
  2.3120791e+02
  2.2984685e+02
  2.3077548e+02
  2.4259946e+02
  2.3784537e+02
  2.3620194e+02
  2.3866990e+02
  2.2896683e+02
  2.2854426e+02
  2.3304514e+02
  2.3403930e+02
  2.2361805e+02
  2.3994288e+02
  2.3333808e+02
  2.2421710e+02
  2.3512302e+02
  2.3770819e+02
  2.2791257e+02
  2.2969046e+02
  2.3232929e+02
  2.4051805e+02
  2.3326622e+02
  2.4383343e+02
  2.3147850e+02
  2.3970509e+02
  2.2665764e+02
  2.3778563e+02
  2.2592819e+02
  2.3223571e+02
  2.2411317e+02
  2.3387346e+02
  2.2879749e+02
  2.2878138e+02
  2.3114017e+02
  2.4051630e+02
  2.2483079e+02
  2.3440944e+02
  2.3025821e+02
  2.2867148e+02
  2.2025457e+02
  2.2518320e+02
  2.4073097e+02
  2.3447929e+02
  2.2695416e+02
  2.3502106e+02
  2.1868688e+02
  2.3066387e+02
  2.2661577e+02
  2.4000029e+02
  2.2750613e+02
  2.3501523e+02
  2.3126682e+02
  2.3272619e+02
  2.3534757e+02
  2.2807799e+02
  2.3113640e+02
  2.2631004e+02
  2.3464179e+02
  2.2725628e+02
  2.2431636e+02
  2.3248589e+02
  2.3543525e+02
  2.3509533e+02
  2.2536265e+02
  2.3601825e+02
  2.2842456e+02
  2.3490773e+02
  2.3363314e+02
  2.3135929e+02
  2.3471063e+02
  2.2348414e+02
  2.2367662e+02
  2.3206953e+02
  2.2670868e+02
  2.4186263e+02
  2.3763634e+02
  2.3548056e+02
  2.2986784e+02
  2.2755924e+02
  2.2643628e+02
  2.3159880e+02
  2.2415757e+02
  2.2321445e+02
  2.2639023e+02
  2.3345997e+02
  2.2695716e+02
  2.3381624e+02
  2.2816157e+02
  2.2982991e+02
  2.2469130e+02
  2.3771591e+02
  2.3351738e+02
  2.3012054e+02
  2.2925149e+02
  2.2738314e+02
  2.3272141e+02
  2.3672853e+02
  2.3140027e+02
  2.3549834e+02
  2.3458116e+02
  2.3074704e+02
  2.3411031e+02
  2.3576077e+02
  2.2675249e+02
  2.3516581e+02
  2.2052616e+02
  2.2422509e+02
  2.2355192e+02
  2.2786348e+02
  2.3885731e+02
  2.3751964e+02
  2.3883519e+02
  2.2370476e+02
  2.3978560e+02
  2.2693451e+02
  2.3369300e+02
  2.3701169e+02
  2.3471465e+02
  2.3253410e+02
  2.2306004e+02
  2.2799671e+02
  2.2989299e+02
  2.2168598e+02
  2.2461263e+02
  2.3217965e+02
  2.2893826e+02
  2.3030851e+02
  2.3410506e+02
  2.2879165e+02
  2.3387081e+02
  2.4336191e+02
  2.3030554e+02
  2.2389655e+02
  2.2862474e+02
  2.3200304e+02
  2.3976669e+02
  2.2812203e+02
  2.3201297e+02
  2.2802172e+02
  2.2112505e+02
  2.3153630e+02
  2.2976957e+02
  2.2877942e+02
  2.2365214e+02
  2.2317703e+02
  2.3091739e+02
  2.3075731e+02
  2.3064957e+02
  2.2727909e+02
  2.4301773e+02
  2.3260664e+02
  2.3068836e+02
  2.2968341e+02
  2.3391013e+02
  2.2956334e+02
  2.3431229e+02
  2.3399430e+02
  2.3569761e+02
  2.2826588e+02
  2.2500691e+02
  2.3482484e+02
  2.2489236e+02
  2.3804085e+02
  2.2848254e+02
  2.2887816e+02
  2.3151373e+02
  2.3007549e+02
  2.2729945e+02
  2.3157564e+02
  2.3125893e+02
  2.2440907e+02
  2.3204250e+02
  2.3082654e+02
  2.3367582e+02
  2.3051260e+02
  2.2509696e+02
  2.2869772e+02
  2.2683128e+02
  2.3828653e+02
  2.3441969e+02
  2.3664740e+02
  2.2881038e+02
  2.3227630e+02
  2.2890467e+02
  2.3194607e+02
  2.3140557e+02
  2.2239331e+02
  2.3355670e+02
  2.2781303e+02
  2.2613832e+02
  2.3431010e+02
  2.3277439e+02
  2.2904801e+02
  2.2933668e+02
  2.2993293e+02
  2.2168107e+02
  2.2305829e+02
  2.2783644e+02
  2.2641118e+02
  2.3610621e+02
  2.2518785e+02
  2.3722526e+02
  2.3055352e+02
  2.2444809e+02
  2.4202495e+02
  2.3002975e+02
  2.2907468e+02
  2.3694753e+02
  2.2735594e+02
  2.3256629e+02
  2.3404731e+02
  2.2793885e+02
  2.4362409e+02
  2.3405591e+02
  2.2126963e+02
  2.3623217e+02
  2.3449352e+02
  2.2919547e+02
  2.3010907e+02
  2.2997889e+02
  2.3298025e+02
  2.3708595e+02
  2.3116863e+02
  2.3214926e+02
  2.2708643e+02
  2.3324731e+02
  2.3951887e+02
  2.3092220e+02
  2.2302562e+02
  2.3009296e+02
  2.3159750e+02
  2.2975364e+02
  2.2513656e+02
  2.2758367e+02
  2.3743500e+02
  2.3690224e+02
  2.2256150e+02
  2.3148402e+02
  2.2743518e+02
  2.3264981e+02
  2.2743584e+02
  2.2924097e+02
  2.2727114e+02
  2.2600240e+02
  2.3872960e+02
  2.3087826e+02
  2.3012496e+02
  2.2669039e+02
  2.3227682e+02
  2.3515844e+02
  2.3021065e+02
  2.2796606e+02
  2.3328425e+02
  2.3305848e+02
  2.3158184e+02
  2.3733264e+02
  2.2437847e+02
  2.3249292e+02
  2.3721504e+02
  2.2893363e+02
  2.2959114e+02
  2.3142644e+02
  2.3148759e+02
  2.3909995e+02
  2.2811102e+02
  2.3672433e+02
  2.3831786e+02
  2.3264432e+02
  2.3570849e+02
  2.3116872e+02
  2.2674453e+02
  2.3573736e+02
  2.2474113e+02
  2.2285322e+02
  2.3411396e+02
  2.3488462e+02
  2.3203868e+02
  2.3170119e+02
  2.4023316e+02
  2.2995642e+02
  2.2781907e+02
  2.2949919e+02
  2.3364918e+02
  2.3376245e+02
  2.2299116e+02
  2.2895662e+02
  2.2433437e+02
  2.2576363e+02
  2.3542080e+02
  2.2404542e+02
  2.3029445e+02
  2.2739996e+02
  2.4115224e+02
  2.2673725e+02
  2.2763176e+02
  2.3797880e+02
  2.3032320e+02
  2.1629488e+02
  2.2756559e+02
  2.3055536e+02
  2.2127374e+02
  2.3232902e+02
  2.3112315e+02
  2.2855630e+02
  2.2778562e+02
  2.2213560e+02
  2.3367525e+02
  2.3004545e+02
  2.2253852e+02
  2.2989789e+02
  2.2783875e+02
  2.3281198e+02
  2.3651453e+02
  2.3381867e+02
  2.3159722e+02
  2.2174389e+02
  2.3671479e+02
  2.3136842e+02
  2.2264746e+02
  2.2786165e+02
  2.3019534e+02
  2.3149440e+02
  2.3055816e+02
  2.3456093e+02
  2.3464840e+02
  2.3506238e+02
  2.3424330e+02
  2.3151448e+02
  2.2881537e+02
  2.2777527e+02
  2.3179336e+02
  2.2584545e+02
  2.2950993e+02
  2.3118106e+02
  2.4000243e+02
  2.2929355e+02
  2.3265655e+02
  2.3383757e+02
  2.3258146e+02
  2.3175475e+02
  2.2469638e+02
  2.3841927e+02
  2.2540327e+02
  2.2570234e+02
  2.2345738e+02
  2.2393568e+02
  2.2307108e+02
  2.2498319e+02
  2.3192550e+02
  2.3192289e+02
  2.2833245e+02
  2.2462002e+02
  2.4152862e+02
  2.3453160e+02
  2.3786478e+02
  2.2174887e+02
  2.3331444e+02
  2.2124542e+02
  2.2874681e+02
  2.2747323e+02
  2.2832942e+02
  2.2316517e+02
  2.3138042e+02
  2.2694872e+02
  2.3308689e+02
  2.2713003e+02
  2.2416831e+02
  2.2763641e+02
  2.3212842e+02
  2.3372579e+02
  2.2880086e+02
  2.2652209e+02
  2.2732719e+02
  2.3669737e+02
  2.2004877e+02
  2.2541763e+02
  2.2183038e+02
  2.2726283e+02
  2.2713602e+02
  2.3506262e+02
  2.3483959e+02
  2.3664307e+02
  2.3183830e+02
  2.3172757e+02
  2.3396436e+02
  2.3088614e+02
  2.2519425e+02
  2.4069980e+02
  2.4446032e+02
  2.3154929e+02
  2.2554249e+02
  2.3494160e+02
  2.3178802e+02
  2.3053661e+02
  2.3393624e+02
  2.3146644e+02
  2.2799023e+02
  2.2925159e+02
  2.3207134e+02
  2.3849554e+02
  2.3079243e+02
  2.3030067e+02
  2.3647300e+02
  2.3238889e+02
  2.2445584e+02
  2.3590272e+02
  2.3135716e+02
  2.2889402e+02
  2.3562909e+02
  2.3724905e+02
  2.3867307e+02
  2.2615454e+02
  2.2463383e+02
  2.2636059e+02
  2.3869078e+02
  2.3351724e+02
  2.3469670e+02
  2.2107480e+02
  2.2840738e+02
  2.3387262e+02
  2.3127509e+02
  2.3676635e+02
  2.2641382e+02
  2.2617485e+02
  2.2911586e+02
  2.3408782e+02
  2.2984658e+02
