BOUNDARY

orthorhombic     1.04551590e+01  1.04551590e+01  1.04551590e+01

MOLECULES

species    0
nMolecule  100

molecule   0
  6.19565919e+00  1.92494222e+00  5.57016130e+00
  6.74305992e+00  2.40910954e+00  6.24996555e+00
  7.32130142e+00  2.07015754e+00  5.53726878e+00
  8.28114296e+00  2.30857196e+00  5.59173700e+00
  8.15476883e+00  1.47383757e+00  4.99462887e+00
  9.07971363e+00  1.83003484e+00  5.14250325e+00
  9.50060003e+00  1.64409701e+00  4.27007177e+00
  9.75929853e+00  1.72941986e+00  3.29885878e+00

molecule   1
  2.60657578e+00  3.22100538e+00  2.28207596e+00
  3.28614804e+00  2.69248991e+00  2.77581057e+00
  4.01764478e+00  2.03962833e+00  2.75431069e+00
  4.90612235e+00  1.50151124e+00  2.57561698e+00
  5.22977062e+00  2.41278488e+00  2.28901118e+00
  5.41836069e+00  2.16257428e+00  3.21623019e+00
  5.98596467e+00  1.66484890e+00  2.51474407e+00
  5.95780527e+00  7.82806632e-01  2.00272485e+00

molecule   2
  6.57445222e+00  1.01239867e+01  7.05098930e+00
  7.07942302e+00  9.75445134e+00  6.29905281e+00
  8.07230445e+00  9.57694269e+00  6.21747134e+00
  7.40827601e+00  8.87036507e+00  5.99386000e+00
  7.92243184e+00  9.32061074e+00  5.27431741e+00
  7.59819793e+00  1.02209915e+01  5.15791216e+00
  6.80351435e+00  7.61008124e-02  5.72629494e+00
  6.19657484e+00  7.22311689e-01  5.25734933e+00

molecule   3
  3.93568445e+00  5.76732784e+00  6.00882216e+00
  4.80760720e+00  5.81335112e+00  5.45776574e+00
  5.33605249e+00  4.95540608e+00  5.17628181e+00
  5.98791055e+00  4.57837429e+00  4.56984001e+00
  6.06326032e+00  3.87662529e+00  3.86030538e+00
  6.65934332e+00  4.06544206e+00  3.08840071e+00
  6.70522508e+00  4.75825810e+00  3.78975906e+00
  7.66946691e+00  4.90663244e+00  3.89416946e+00

molecule   4
  9.31230260e+00  1.02616201e+01  1.70276529e+00
  1.01115478e+01  1.04052677e+01  1.11162576e+00
  8.28729439e-02  7.89197908e-01  8.08854898e-01
  1.86588957e-01  1.61891053e+00  2.81019788e-01
  1.00393043e+00  2.06147890e+00  5.94240804e-01
  7.15756591e-01  2.80548718e+00  1.04362310e+01
  1.27222646e+00  3.13464468e+00  9.69638937e+00
  1.80542658e+00  2.48738178e+00  9.18665469e+00

molecule   5
  8.97178999e+00  6.61527806e+00  2.60955177e+00
  9.97107207e+00  6.67062883e+00  2.92004261e+00
  2.53488768e-01  6.29142873e+00  2.34840654e+00
  1.11685593e+00  6.73107116e+00  2.57284596e+00
  3.42048362e-01  7.29598854e+00  2.15072448e+00
  1.43381709e-01  6.70825043e+00  1.34775569e+00
  7.24452846e-02  5.80558143e+00  1.03171061e+00
  1.02251174e+01  6.38067574e+00  2.48387531e-01

molecule   6
  9.30219361e+00  3.68795833e+00  8.24928495e+00
  9.10405789e+00  4.45292812e+00  8.87023866e+00
  9.40175712e+00  3.62553608e+00  9.32983171e+00
  8.63446703e+00  3.46288144e+00  9.95107373e+00
  8.42450403e+00  3.46242680e+00  8.98889929e+00
  7.60422996e+00  3.92491309e+00  9.34706647e+00
  7.81976720e+00  4.53345879e+00  8.62387411e+00
  7.48924850e+00  3.61947726e+00  8.36880924e+00

molecule   7
  2.10479622e+00  2.19190202e+00  2.65228697e+00
  2.35295194e+00  2.34139637e+00  3.60078740e+00
  2.50186379e+00  3.27486658e+00  3.27168995e+00
  2.19902110e+00  4.20843183e+00  2.94714658e+00
  2.88614522e+00  4.16377523e+00  3.65007147e+00
  3.36219266e+00  3.97695624e+00  2.77847140e+00
  3.49219828e+00  3.54140722e+00  1.90745736e+00
  4.47085575e+00  3.65093353e+00  1.69735336e+00

molecule   8
  1.43214362e+00  1.53229999e+00  7.11942450e+00
  1.28195211e+00  1.52762014e+00  6.10042962e+00
  2.98714080e-01  1.56476982e+00  5.82863654e+00
  1.01518609e+01  8.73105254e-01  6.20811495e+00
  9.69712858e+00  1.75405240e+00  6.05214136e+00
  9.33995894e+00  1.18118964e+00  6.78320674e+00
  8.64404147e+00  1.24124671e+00  7.50593982e+00
  9.48223722e+00  1.65225150e+00  7.89354296e+00

molecule   9
  1.00270042e+01  7.83430154e+00  1.40212052e+00
  9.62815679e+00  8.02515636e+00  5.19753591e-01
  9.34301327e+00  7.06862201e+00  5.79393466e-01
  8.88711308e+00  6.57224535e+00  1.31036177e+00
  9.76516863e+00  6.43324793e+00  1.82648361e+00
  9.19728990e+00  5.60478502e+00  1.67560421e+00
  8.70044666e+00  4.82568114e+00  1.16488020e+00
  8.65718066e+00  4.57821211e+00  2.16178904e+00

molecule   10
  5.80041446e+00  7.21198812e+00  9.82252485e+00
  5.07414546e+00  7.73494222e+00  1.02661892e+01
  4.75568303e+00  6.78383199e+00  1.01952536e+01
  3.79923766e+00  6.69655946e+00  1.32925787e-01
  3.27912227e+00  7.45451949e+00  4.43555905e-01
  2.72164996e+00  7.89774601e+00  1.01724624e+01
  2.41778061e+00  7.27209903e+00  9.37149502e+00
  1.62988000e+00  7.37426086e+00  9.94500089e+00

molecule   11
  8.23319295e+00  3.76651783e+00  4.14494226e+00
  8.61862703e+00  4.66318748e+00  4.39270733e+00
  9.10610715e+00  5.35684341e+00  4.87984265e+00
  9.12359608e+00  6.34179079e+00  4.74153506e+00
  9.31778439e+00  7.05642675e+00  5.40638171e+00
  8.60833107e+00  7.69848502e+00  5.19042908e+00
  8.79642394e+00  8.65426008e+00  5.39989791e+00
  9.04335285e+00  9.43238770e+00  5.92415115e+00

molecule   12
  6.66811706e+00  2.82929791e+00  1.30553586e+00
  6.36625811e+00  2.83117896e+00  2.25563106e+00
  5.69033558e+00  3.35340352e+00  2.72394510e+00
  4.70454959e+00  3.07914408e+00  2.71421405e+00
  4.69929142e+00  4.08679005e+00  2.72150357e+00
  4.97153966e+00  4.57564829e+00  1.86797124e+00
  4.85936342e+00  5.09483058e+00  2.67328855e+00
  5.58202569e+00  5.67247164e+00  2.20910320e+00

molecule   13
  8.20873325e+00  2.75541622e+00  3.21043124e+00
  7.53578126e+00  3.00820607e+00  2.52051812e+00
  6.96853443e+00  3.73776921e+00  2.18077961e+00
  7.72292309e+00  4.37405777e+00  1.86054770e+00
  7.89109030e+00  4.20015810e+00  2.80521003e+00
  8.65478699e+00  4.36576360e+00  3.40682166e+00
  8.96917813e+00  3.44929953e+00  3.26007885e+00
  9.87283755e+00  3.48323390e+00  2.79417531e+00

molecule   14
  2.03736342e+00  8.85887863e+00  1.57523329e-01
  2.67363135e+00  8.30863204e+00  6.61444887e-01
  1.78967147e+00  8.49506514e+00  1.05032497e+00
  1.28477624e+00  8.04890360e+00  3.10721809e-01
  1.04851540e+00  7.18791559e+00  7.60984133e-01
  2.26049675e-01  7.72041666e+00  5.37516490e-01
  7.96669621e-02  8.62043251e+00  8.79310630e-01
  8.15675649e-01  9.07848010e+00  3.36045397e-01

molecule   15
  4.95372904e+00  8.49100223e+00  2.18453207e+00
  5.11902411e+00  7.54034269e+00  1.88406878e+00
  4.15562059e+00  7.78206453e+00  1.82242363e+00
  4.09525297e+00  8.72795235e+00  1.55712275e+00
  4.69216576e+00  9.43513054e+00  1.33573718e+00
  5.66510815e+00  9.24913325e+00  1.23383906e+00
  5.41098923e+00  8.26781771e+00  1.17701776e+00
  4.86837973e+00  8.78735407e+00  5.29211053e-01

molecule   16
  4.57039546e+00  9.03904683e+00  8.66191184e+00
  5.04516900e+00  9.85216363e+00  8.72053753e+00
  4.26135103e+00  1.03760299e+01  9.09371541e+00
  3.29068917e+00  1.03448423e+01  8.88982167e+00
  2.65607544e+00  6.14819890e-01  8.86578564e+00
  2.42086119e+00  7.72053067e-01  9.82148419e+00
  3.19283394e+00  4.33180224e-01  8.38486093e-03
  3.64503106e+00  6.96678913e-01  9.62012649e+00

molecule   17
  9.89576916e+00  8.11100967e+00  5.41492381e+00
  9.80362544e+00  8.38987981e+00  6.33446879e+00
  9.62117277e+00  9.25751622e+00  6.82859968e+00
  1.13959260e-01  9.59590711e+00  6.93860753e+00
  1.12384864e+00  9.79610483e+00  7.11870210e+00
  1.38526991e+00  2.91845642e-01  7.37773530e+00
  8.77813236e-01  6.39624815e-01  6.55105379e+00
  1.41350465e+00  1.96455250e-01  5.81672764e+00

molecule   18
  3.56617478e+00  6.59586638e+00  1.56538598e+00
  2.86712306e+00  6.43584471e+00  8.78709019e-01
  2.31523825e+00  7.26877614e+00  8.29604754e-01
  1.61331376e+00  7.43895282e+00  1.55704575e+00
  2.26154253e+00  6.78946753e+00  1.98527981e+00
  2.06463231e+00  6.90420029e+00  2.94755971e+00
  1.37303584e+00  7.61302660e+00  2.80841078e+00
  7.19408625e-01  7.80032122e+00  3.56736441e+00

molecule   19
  7.91644560e-01  5.14355276e+00  7.93697726e+00
  1.51822367e+00  5.13873752e+00  8.64466624e+00
  1.16470930e+00  5.89526277e+00  9.12372469e+00
  1.78896842e+00  6.66113903e+00  8.95730920e+00
  2.03703633e+00  6.99923493e+00  8.04217702e+00
  2.98654127e+00  6.83849526e+00  8.10436051e+00
  2.64684213e+00  6.16838117e+00  7.42374285e+00
  2.20244004e+00  6.90601781e+00  6.94798929e+00

molecule   20
  7.92341676e+00  9.39808698e+00  1.28076304e-01
  7.95029351e+00  9.82102963e+00  1.02686335e+00
  7.54535570e+00  2.01945485e-01  1.43112267e+00
  7.64644706e+00  9.99415450e+00  2.16294499e+00
  7.73397836e+00  9.16291924e+00  2.75869391e+00
  7.92110139e+00  8.30704679e+00  2.23793107e+00
  7.86860862e+00  7.54377073e+00  2.83344394e+00
  7.95332779e+00  6.89111876e+00  2.13340557e+00

molecule   21
  8.61778536e+00  4.61761785e-01  2.38715967e+00
  8.78713997e+00  3.33467128e-01  3.37278660e+00
  9.40189287e+00  1.02340668e+01  2.82708884e+00
  8.60973773e+00  9.77994347e+00  2.38066748e+00
  8.05537308e+00  1.01809955e+01  3.08943771e+00
  8.16973182e+00  9.48530506e+00  3.84760736e+00
  9.12324143e+00  9.14377726e+00  3.82424535e+00
  8.36865119e+00  8.51732158e+00  3.58452192e+00

molecule   22
  6.33501405e+00  8.98422480e+00  5.98800072e+00
  5.43914954e+00  8.75111618e+00  5.64954465e+00
  5.88510620e+00  7.99372586e+00  5.17628756e+00
  6.16090965e+00  8.56424768e+00  4.38394803e+00
  5.77613971e+00  7.78028232e+00  3.95032409e+00
  5.94469309e+00  8.05456200e+00  3.06265452e+00
  5.31625418e+00  7.27465788e+00  3.00032081e+00
  4.96506306e+00  6.65353494e+00  2.30176090e+00

molecule   23
  7.39499930e+00  7.25889002e+00  4.28851836e+00
  7.09692421e+00  6.42260049e+00  3.74028134e+00
  6.43617835e+00  7.06795719e+00  3.42399497e+00
  6.14701716e+00  6.82126397e+00  4.36652932e+00
  5.27761669e+00  7.13328435e+00  4.81728914e+00
  4.66766971e+00  6.38292534e+00  4.50704421e+00
  3.94163467e+00  6.75527548e+00  5.11202184e+00
  3.32342497e+00  7.41378920e+00  4.68590203e+00

molecule   24
  9.28395234e+00  1.37527288e+00  9.09944947e+00
  9.94148583e+00  9.28017190e-01  8.50312490e+00
  9.82654062e+00  2.36259351e-01  7.82603299e+00
  3.45858170e-01  1.03897670e+01  8.01392161e+00
  7.60122383e-01  9.13077652e-01  8.06841670e+00
  1.44456482e+00  2.42200212e-01  8.33137946e+00
  1.97068223e+00  1.01771619e+00  7.88075944e+00
  1.98627484e+00  1.98891444e+00  8.04921715e+00

molecule   25
  9.56818366e-01  1.04253959e+01  2.91659276e+00
  1.44630231e+00  1.02726209e+01  3.76571465e+00
  2.33833050e+00  9.88528237e+00  3.46044628e+00
  2.11536754e+00  2.44862708e-01  2.91423904e+00
  1.90728309e+00  9.77917358e+00  2.61224927e+00
  1.66623183e+00  8.79852077e+00  2.55608333e+00
  1.38528579e+00  9.16122915e+00  3.45573650e+00
  6.28521096e-01  9.15835004e+00  2.78668142e+00

molecule   26
  4.69725657e+00  8.61610041e+00  7.15765212e+00
  5.39443846e+00  9.00394337e+00  7.74564509e+00
  5.43639903e+00  8.26478436e+00  8.37722376e+00
  4.79705706e+00  7.71020479e+00  7.83593679e+00
  4.02697686e+00  8.22589169e+00  8.24266831e+00
  3.48702080e+00  9.04185821e+00  8.04676019e+00
  3.28518028e+00  1.00305396e+01  7.84320496e+00
  2.88938953e+00  4.21041310e-01  7.76471709e+00

molecule   27
  6.87549557e+00  8.33667431e+00  2.46682290e+00
  5.97927804e+00  8.64904152e+00  2.11344873e+00
  6.80350535e+00  9.22363617e+00  1.90029666e+00
  6.51289218e+00  9.24361724e+00  2.83434406e+00
  6.84481787e+00  8.63615217e+00  3.48632341e+00
  7.35312642e+00  8.99926396e+00  4.27496820e+00
  7.10584386e+00  8.26109404e+00  4.82969156e+00
  7.39140076e+00  7.61850387e+00  5.48942349e+00

molecule   28
  6.12971615e-01  3.15739683e-01  5.00052117e+00
  3.75020794e-01  1.01990137e+01  5.75967535e+00
  9.85669283e+00  1.01463519e+01  5.95960420e+00
  9.92250208e+00  4.17875114e-01  5.28157158e+00
  9.14381261e+00  9.35092947e-01  5.64765905e+00
  8.92829894e+00  1.04163293e+01  5.37383143e+00
  9.01407400e+00  9.59451794e+00  4.81014303e+00
  9.23595116e+00  1.01430948e+01  4.02099719e+00

molecule   29
  5.85529005e+00  9.02456721e+00  1.01689065e+01
  5.41077951e+00  8.78068657e+00  9.33017234e+00
  6.10561284e+00  8.06904975e+00  9.28374229e+00
  7.10208224e+00  8.33082313e+00  9.43048787e+00
  6.53001016e+00  8.15758108e+00  1.02588132e+01
  7.50396439e+00  8.16834228e+00  1.04450198e+01
  7.04583715e+00  8.51758313e+00  8.22226576e-01
  7.81981171e+00  8.80011076e+00  1.28239190e+00

molecule   30
  2.42003045e+00  8.47300866e-01  5.96515007e+00
  2.72312586e+00  1.46242571e+00  5.26199120e+00
  1.73813796e+00  1.24482173e+00  5.14729774e+00
  2.07024824e+00  1.55593868e+00  4.25506353e+00
  2.95905183e+00  1.18314735e+00  4.26426153e+00
  3.17987347e+00  4.70360415e-01  3.55250026e+00
  2.71377223e+00  1.20593107e+00  3.04317694e+00
  3.19371175e+00  8.61203644e-01  2.26705496e+00

molecule   31
  3.51623572e+00  7.54260247e+00  9.61763273e+00
  4.44159210e+00  7.87810772e+00  9.32995083e+00
  4.57454198e+00  7.10295281e+00  8.69881299e+00
  4.81480798e+00  6.19319772e+00  8.98911213e+00
  3.88563559e+00  6.30858909e+00  8.77761895e+00
  3.14280274e+00  5.80106354e+00  8.35069635e+00
  2.41251880e+00  5.22074216e+00  8.07700878e+00
  2.77253168e+00  4.39677572e+00  7.71020749e+00

molecule   32
  4.75440729e-01  9.64061159e+00  3.91686011e+00
  1.01148261e+01  9.58558394e+00  4.57152910e+00
  1.04449729e+01  2.46799689e-02  4.28674755e+00
  1.04362118e+01  1.03993053e+01  3.32264896e+00
  9.78888083e+00  7.15191934e-01  3.08662741e+00
  1.02391568e+01  1.22752585e+00  2.36414541e+00
  9.30282959e-02  1.72141171e+00  1.58477226e+00
  8.48376900e-01  1.02177276e+00  1.62937768e+00

molecule   33
  4.00053888e+00  4.91398050e+00  7.88661974e+00
  4.42165724e+00  4.09023057e+00  7.52949418e+00
  5.22522432e+00  4.19837965e+00  6.97352562e+00
  4.75082725e+00  3.31727871e+00  6.88616748e+00
  5.26156172e+00  3.48224523e+00  7.71187669e+00
  4.61736821e+00  2.73114100e+00  7.73053199e+00
  4.30588778e+00  2.30467565e+00  6.87229432e+00
  4.82886808e+00  1.96451884e+00  6.05530157e+00

molecule   34
  3.31281381e+00  1.83788452e+00  5.96900500e+00
  3.20732664e+00  2.66484988e+00  6.55130870e+00
  2.63061512e+00  2.38029683e+00  7.27557011e+00
  2.79060183e+00  3.32152345e+00  7.43546520e+00
  2.01057825e+00  3.22813358e+00  8.01648981e+00
  2.67519805e+00  3.41974843e+00  8.68984876e+00
  1.88332034e+00  4.00175164e+00  8.97365446e+00
  2.40388429e+00  4.84989954e+00  9.15857614e+00

molecule   35
  2.82023276e+00  5.41936434e+00  6.76094620e+00
  2.32926486e+00  4.81622620e+00  6.13903381e+00
  2.19622004e+00  5.63756185e+00  5.65206747e+00
  2.07692723e+00  5.84394184e+00  4.68960080e+00
  1.13452322e+00  5.95211713e+00  4.42656185e+00
  1.65278661e+00  6.71773910e+00  4.02258307e+00
  1.38887589e+00  7.09175876e+00  4.89586630e+00
  1.81163571e+00  6.62609567e+00  5.72348570e+00

molecule   36
  8.67751615e-01  4.25108013e+00  9.72640372e+00
  6.89714481e-02  4.63262391e+00  9.32053252e+00
  1.01285596e+01  4.05953179e+00  8.64695824e+00
  1.78385104e-01  3.22403415e+00  8.40583212e+00
  9.97304483e-01  2.67261302e+00  8.57066577e+00
  1.01464786e+00  2.64744033e+00  7.58830732e+00
  1.66510474e+00  2.66088618e+00  6.82949913e+00
  2.32439820e+00  2.26554105e+00  6.17875027e+00

molecule   37
  6.01627985e+00  3.64002067e+00  1.52301283e+00
  5.91725798e+00  4.44635205e+00  2.13020928e+00
  5.97012465e+00  4.99105468e+00  2.91619348e+00
  6.46698209e+00  5.84543652e+00  2.85529532e+00
  6.86949823e+00  6.68421799e+00  2.57697281e+00
  6.60220999e+00  6.10887088e+00  1.80309132e+00
  6.31988874e+00  6.90726209e+00  1.34336061e+00
  5.47957861e+00  6.38255076e+00  1.38643622e+00

molecule   38
  1.03941252e+01  8.88794180e+00  1.89820424e+00
  6.70201745e-01  8.27571677e+00  2.16177552e+00
  1.04507278e+01  8.14929655e+00  2.85943456e+00
  9.61074185e+00  8.26136544e+00  3.31092024e+00
  9.57346973e+00  9.15026437e+00  2.87607815e+00
  9.45539927e+00  8.36418352e+00  2.20280812e+00
  8.82872443e+00  8.33899215e+00  1.39613419e+00
  9.23326301e+00  9.23714198e+00  1.51097133e+00

molecule   39
  7.42603767e+00  4.08686846e+00  7.24649128e+00
  7.16123473e+00  3.13787358e+00  7.11219590e+00
  8.09263377e+00  2.96147708e+00  7.48392460e+00
  8.71029724e+00  2.59223579e+00  6.76267720e+00
  9.69851083e+00  2.63811536e+00  6.59674009e+00
  9.65422993e+00  3.49326010e+00  7.04348931e+00
  9.18072993e+00  2.85018587e+00  7.68253278e+00
  8.61179340e+00  2.38435736e+00  8.36077922e+00

molecule   40
  1.11953167e+00  6.16242757e+00  1.40114879e+00
  1.31237788e+00  5.28045283e+00  1.79797682e+00
  7.72406654e-01  4.87013579e+00  2.50049867e+00
  5.14580559e-01  4.64909469e+00  1.55923720e+00
  1.35913108e+00  4.28075109e+00  1.23136861e+00
  1.70435300e+00  3.61325114e+00  1.88237842e+00
  1.29038840e+00  3.27824595e+00  2.69450019e+00
  4.95908134e-01  3.60468408e+00  2.26776606e+00

molecule   41
  4.13023547e+00  9.10793617e+00  6.33695333e+00
  4.70061274e+00  9.90480319e+00  6.53178852e+00
  4.70906091e+00  1.04482519e+01  5.69758297e+00
  5.14345266e+00  2.37313418e-01  4.83664292e+00
  4.97383384e+00  1.14156480e+00  5.19928297e+00
  4.13104161e+00  1.28562983e+00  5.71336209e+00
  3.95148954e+00  1.11779489e+00  6.70204414e+00
  3.08845481e+00  1.43230229e+00  7.10761421e+00

molecule   42
  2.94786292e+00  8.69408844e+00  1.72608497e+00
  2.75892717e+00  9.07878023e+00  2.62697904e+00
  3.09500994e+00  9.23637606e+00  3.54625897e+00
  3.34152313e+00  8.76563813e+00  4.39373694e+00
  3.62438548e+00  9.45014999e+00  4.99833661e+00
  4.45058642e+00  9.30129371e+00  4.48941743e+00
  5.07524940e+00  8.56952616e+00  4.22426113e+00
  4.29804197e+00  8.28943755e+00  4.79244073e+00

molecule   43
  6.08372199e+00  2.42651874e+00  3.31963962e-01
  5.72489599e+00  1.84597998e+00  1.00528570e+01
  5.96984629e+00  1.23422743e+00  3.58833540e-01
  6.33728924e+00  1.47432292e+00  1.27135263e+00
  7.09522068e+00  1.13394415e+00  7.57788095e-01
  7.67457551e+00  1.95158365e+00  8.38560272e-01
  7.73789887e+00  2.72795188e+00  1.47929165e+00
  8.15836313e+00  3.51589300e+00  1.06257846e+00

molecule   44
  6.13358293e+00  5.18481311e+00  9.75006115e+00
  6.44641103e+00  4.57952192e+00  9.01409670e+00
  7.12057536e+00  5.29120176e+00  8.90789393e+00
  7.99960993e+00  5.72588158e+00  8.80431343e+00
  8.42419216e+00  6.64154399e+00  8.74833830e+00
  8.24586934e+00  6.52211467e+00  7.76019300e+00
  7.52379652e+00  6.15289248e+00  7.12423658e+00
  6.98424361e+00  6.46067003e+00  6.35626785e+00

molecule   45
  1.03371997e+01  5.78755821e+00  9.61635024e+00
  9.54396781e+00  6.35925597e+00  9.53327630e+00
  9.39814472e+00  6.52837518e+00  8.54052491e+00
  9.83041597e+00  5.64258942e+00  8.34165179e+00
  9.95531245e+00  5.02967236e+00  7.55229636e+00
  9.77627016e+00  5.70092546e+00  6.86923193e+00
  9.65646746e+00  5.04908818e+00  6.07068679e+00
  9.85910361e+00  5.86208337e+00  5.52195811e+00

molecule   46
  3.99203466e+00  8.68211584e-01  2.90112877e+00
  4.26853030e+00  1.39234112e+00  3.71779605e+00
  4.55465887e+00  1.92354895e+00  4.46714086e+00
  5.23649717e+00  2.67107184e+00  4.36816735e+00
  4.38586103e+00  3.14453647e+00  4.62455020e+00
  3.59393450e+00  3.64961338e+00  4.96083809e+00
  4.07547631e+00  4.51092653e+00  4.76581113e+00
  4.91840092e+00  4.28932510e+00  4.24666026e+00

molecule   47
  8.19757325e+00  2.23705951e-01  6.01983426e+00
  8.05096851e+00  6.10445489e-01  6.91036567e+00
  8.48946327e+00  1.03386238e+01  7.50247863e+00
  8.48508968e+00  9.34684223e+00  7.38194679e+00
  8.66858619e+00  8.46986892e+00  6.90152973e+00
  8.72146534e+00  7.49675294e+00  7.08652759e+00
  8.10752706e+00  7.01300864e+00  6.44568201e+00
  7.86383571e+00  7.98809086e+00  6.52706222e+00

molecule   48
  3.52062095e+00  2.50872001e+00  8.11773016e+00
  3.87758298e+00  1.64925270e+00  7.75424365e+00
  3.53017062e+00  1.19477914e+00  8.57850653e+00
  4.21226394e+00  1.65145940e+00  9.16652309e+00
  5.14054685e+00  1.86658108e+00  8.88008304e+00
  4.82407812e+00  2.52258467e+00  9.57897287e+00
  4.85855492e+00  3.08326821e+00  1.03853237e+01
  5.23668348e+00  3.82081062e+00  9.86864762e+00

molecule   49
  2.58621988e+00  8.51031669e+00  6.17295899e+00
  2.59757658e+00  9.09867033e+00  5.36489947e+00
  3.02377144e+00  9.74933026e+00  6.00411431e+00
  2.39578899e+00  1.01894298e+01  5.39352842e+00
  2.48511526e+00  1.02646677e+01  4.41911749e+00
  1.59773854e+00  9.98678468e+00  4.82622841e+00
  9.13465067e-01  9.37585537e+00  5.22041046e+00
  1.57195163e+00  8.96677555e+00  4.63311586e+00

molecule   50
  5.24953262e+00  5.10619407e+00  3.76087620e+00
  6.02881197e+00  5.69410133e+00  4.07951053e+00
  5.42143971e+00  6.19311704e+00  3.42603682e+00
  4.60839280e+00  6.75214624e+00  3.47189263e+00
  4.18110917e+00  7.35115243e+00  2.81031137e+00
  3.28348991e+00  7.48698823e+00  3.26375266e+00
  2.57627391e+00  7.78735005e+00  2.56105171e+00
  3.50574221e+00  8.23555824e+00  2.59862165e+00

molecule   51
  6.13252530e+00  9.04791642e+00  7.03935017e+00
  6.92587322e+00  8.45439981e+00  6.79613135e+00
  6.27015416e+00  7.75901561e+00  6.49344621e+00
  5.72443409e+00  7.62997434e+00  7.36025173e+00
  6.44017847e+00  8.00790037e+00  7.98424430e+00
  7.29415654e+00  8.07043746e+00  8.48597511e+00
  7.01276488e+00  8.88174646e+00  7.97440777e+00
  7.53084740e+00  9.68649403e+00  7.67539577e+00

molecule   52
  8.55556900e+00  1.79396025e+00  4.08490138e+00
  7.57016964e+00  1.92795213e+00  3.99046236e+00
  7.00319080e+00  2.59707224e+00  4.45032308e+00
  6.51826321e+00  2.73507309e+00  3.55768353e+00
  7.36706255e+00  3.27104986e+00  3.63327809e+00
  7.23362542e+00  3.81747490e+00  4.49502990e+00
  7.50213459e+00  3.25406938e+00  5.26090473e+00
  8.05675822e+00  2.71914343e+00  4.63976075e+00

molecule   53
  6.12524167e+00  5.46115580e+00  1.02978525e+00
  6.71057455e+00  4.96899261e+00  3.87526744e-01
  7.49274787e+00  4.42722929e+00  5.53444150e-02
  8.12157203e+00  4.69732033e+00  9.74416958e+00
  8.51617308e+00  4.63122050e+00  1.81156033e-01
  9.42609531e+00  4.37008363e+00  5.75593085e-01
  9.58337359e+00  5.37973818e+00  5.43584643e-01
  9.65333922e+00  5.00091509e+00  1.00378348e+01

molecule   54
  2.11158270e+00  5.71080950e+00  9.93124229e+00
  2.93596864e+00  6.27849725e+00  1.00067791e+01
  3.76155283e+00  5.72919066e+00  1.02136953e+01
  4.09751225e+00  4.81158496e+00  1.04335664e+01
  3.57883496e+00  4.00201827e+00  1.02510116e+01
  2.98616852e+00  4.76926057e+00  1.00088833e+01
  3.47736178e+00  5.28999038e+00  9.30099955e+00
  3.52026065e+00  4.35518679e+00  8.93472546e+00

molecule   55
  9.63152536e-01  2.80713947e+00  1.52606390e+00
  1.44331706e+00  1.99371680e+00  1.77708520e+00
  1.86820543e+00  1.12446628e+00  1.45856481e+00
  2.45128311e+00  5.09159114e-01  9.43773843e-01
  1.85249421e+00  1.04421602e+01  1.57887150e+00
  1.24537953e+00  9.73400875e+00  1.81242015e+00
  3.68156345e-01  9.67056929e+00  1.32267841e+00
  8.60218787e-02  9.94415182e+00  2.22398222e+00

molecule   56
  7.35945085e-01  3.32080665e+00  6.70342139e+00
  3.66502313e-01  4.22545169e+00  6.29923470e+00
  1.20479489e+00  4.55504790e+00  5.94858974e+00
  1.58771341e+00  4.78419177e+00  5.08568568e+00
  1.99763911e+00  3.85731339e+00  5.03881179e+00
  2.66199581e+00  3.58117733e+00  5.75293317e+00
  2.87644154e+00  2.66209999e+00  5.44536877e+00
  2.73182682e+00  2.70528542e+00  4.47882803e+00

molecule   57
  7.60451331e+00  7.41007392e+00  7.56730423e+00
  7.31308827e+00  6.67370465e+00  8.18631916e+00
  6.96641074e+00  6.30906312e+00  8.99476038e+00
  5.99282634e+00  6.26762469e+00  9.05764086e+00
  5.71594943e+00  5.71820127e+00  8.27099971e+00
  6.11440440e+00  5.95040877e+00  7.44970766e+00
  6.35403887e+00  6.61249395e+00  8.20910032e+00
  6.58367763e+00  6.99235011e+00  7.34797319e+00

molecule   58
  1.70405039e-01  1.52692900e+00  7.24043419e+00
  2.86088942e-01  2.38274828e+00  6.77372033e+00
  1.01747536e+01  2.43589651e+00  7.62831292e+00
  3.90556251e-01  1.92510950e+00  8.15660510e+00
  1.01025710e+01  2.00153524e+00  8.82682783e+00
  2.38586360e-01  2.19002326e+00  9.58567468e+00
  9.87435251e+00  2.14298883e+00  1.01302426e+01
  9.20909888e+00  2.46545265e+00  9.43915395e+00

molecule   59
  2.33689771e+00  4.90584875e+00  4.12643692e+00
  2.19497607e+00  5.68044023e+00  3.57270542e+00
  1.33486336e+00  5.18734443e+00  3.61932943e+00
  1.40298258e+00  5.72596616e+00  2.79257470e+00
  2.35681780e+00  5.80203651e+00  2.49680800e+00
  2.25639680e+00  4.90045103e+00  2.01767707e+00
  2.32144155e+00  5.62590030e+00  1.32288675e+00
  1.62233153e+00  5.52307395e+00  6.35102096e-01

molecule   60
  4.12047737e+00  1.71284052e+00  1.01640788e+01
  3.97904517e+00  1.31403808e+00  6.24176539e-01
  3.53529780e+00  7.42760820e-01  1.32472435e+00
  4.17580164e+00  2.10679658e-01  1.91744794e+00
  4.25211902e+00  9.75377129e+00  2.38279203e+00
  3.79697469e+00  1.01703284e+01  3.17072146e+00
  4.30556477e+00  9.35529869e+00  3.44934887e+00
  4.21019261e+00  8.36169933e+00  3.56194320e+00

molecule   61
  3.36428128e+00  4.34138201e+00  6.92186697e+00
  3.36425427e+00  4.67081670e+00  6.01173642e+00
  2.90141026e+00  4.38533269e+00  5.19366697e+00
  3.25930219e+00  5.30369832e+00  5.06181205e+00
  3.61945513e+00  5.16102674e+00  4.18730648e+00
  3.92811401e+00  6.03798637e+00  3.89901914e+00
  3.08276988e+00  6.25777397e+00  3.43773542e+00
  3.63177643e+00  6.14413481e+00  2.57983082e+00

molecule   62
  2.71822605e+00  1.00920635e+01  2.05883531e+00
  2.70216474e+00  9.68160295e+00  1.14548706e+00
  2.55498393e+00  1.00892102e+01  2.40474041e-01
  1.60949811e+00  9.79069270e+00  5.40952223e-01
  9.53535769e-01  1.02839297e+01  1.04493261e+01
  1.64880274e-02  1.98376322e-01  1.03741840e+01
  1.00237439e+01  1.01369802e+00  1.00266097e+01
  9.68081330e+00  1.35336332e+00  4.53394936e-01

molecule   63
  8.73911912e+00  3.24371515e-01  8.80976514e+00
  8.48868279e+00  1.97595960e-01  9.78843330e+00
  7.74319434e+00  3.27642842e-01  9.15069984e+00
  6.89863703e+00  3.34818928e-01  8.54447427e+00
  7.35180445e+00  2.11653960e-01  7.63834113e+00
  7.68519060e+00  1.03049074e+00  8.05641042e+00
  7.90469791e+00  1.96156082e+00  7.71026074e+00
  7.77624816e+00  1.72385094e+00  6.77220223e+00

molecule   64
  1.79608626e+00  3.97726855e+00  6.62055400e+00
  1.54755761e+00  3.27226783e+00  5.98517894e+00
  9.03384255e-01  2.60202721e+00  5.59152247e+00
  1.69606479e+00  2.45892595e+00  4.90715425e+00
  1.74908778e+00  3.24725777e+00  4.29096234e+00
  1.10920777e+00  2.92290845e+00  3.59173411e+00
  1.67209796e-01  2.83718545e+00  3.37567312e+00
  2.07716736e-01  2.36483467e+00  2.52178720e+00

molecule   65
  6.97768176e+00  1.24577668e+00  7.29189662e+00
  6.65928176e+00  1.38455457e+00  6.35153763e+00
  5.74398809e+00  1.12115198e+00  6.22603285e+00
  5.79349065e+00  2.02449147e+00  6.68419079e+00
  5.75985198e+00  3.01114631e+00  6.91944793e+00
  6.29822775e+00  2.85061281e+00  7.71852767e+00
  6.53252849e+00  3.79483445e+00  7.46874694e+00
  5.96583163e+00  4.33259822e+00  8.09074364e+00

molecule   66
  7.02991509e+00  7.36154255e+00  9.65160686e+00
  6.78204608e+00  7.06130186e+00  1.01320452e-01
  7.35081629e+00  6.66949172e+00  8.44114399e-01
  7.41343067e+00  7.58192161e+00  1.15185019e+00
  8.27592035e+00  7.28702138e+00  7.32187774e-01
  8.61110376e+00  7.64049501e+00  1.03560432e+01
  7.98763074e+00  6.97520400e+00  1.00554387e+01
  8.09044084e+00  7.57944053e+00  9.25808735e+00

molecule   67
  5.94618432e+00  1.01953283e+01  9.09912463e+00
  6.39819697e+00  9.32942948e+00  8.85097231e+00
  7.05116312e+00  9.61434969e+00  9.57350025e+00
  7.94902995e+00  9.19782400e+00  9.59641439e+00
  8.49067926e+00  8.63786347e+00  8.93122291e+00
  8.63978361e+00  7.99959441e+00  8.18861295e+00
  9.37088443e+00  7.54718732e+00  8.70169677e+00
  9.81461752e+00  7.75554293e+00  9.59059651e+00

molecule   68
  4.46097121e+00  4.82316721e+00  5.85022470e+00
  4.07786218e+00  5.03443691e+00  6.77114384e+00
  3.60365725e+00  5.77243574e+00  7.29239987e+00
  4.31681587e+00  6.39899106e+00  7.53565801e+00
  4.97859416e+00  5.84067148e+00  7.02043944e+00
  5.46715910e+00  6.44561021e+00  6.40798419e+00
  5.26545199e+00  7.45347235e+00  6.26106305e+00
  4.53574051e+00  7.25968823e+00  6.88250731e+00

molecule   69
  9.35808378e+00  8.82541726e+00  7.95610346e+00
  9.25997020e+00  9.84266601e+00  8.10622802e+00
  1.01555625e+01  9.71123510e+00  8.46251946e+00
  6.60979746e-01  9.43019516e+00  8.46169730e+00
  1.63437277e+00  9.30467523e+00  8.57932817e+00
  2.60883705e+00  9.27896027e+00  8.68053058e+00
  2.32890437e+00  8.61945338e+00  9.37069356e+00
  2.26750078e+00  9.47411474e+00  9.82440213e+00

molecule   70
  2.89424877e+00  8.37901541e+00  7.44478340e+00
  2.03417607e+00  8.22267351e+00  7.92952484e+00
  1.31761544e+00  7.85344101e+00  7.35992003e+00
  1.03937759e+00  7.00740379e+00  7.84351185e+00
  3.98502939e-01  6.31573485e+00  7.49294703e+00
  3.18943499e-01  6.55528166e+00  8.47186454e+00
  5.49639343e-01  7.33676565e+00  8.95339706e+00
  1.01579221e+00  8.14234657e+00  8.61790622e+00

molecule   71
  6.21692395e+00  1.89890765e+00  4.46294767e+00
  5.63189350e+00  1.13898197e+00  4.34568040e+00
  6.40828332e+00  1.27664378e+00  3.74780122e+00
  5.74673208e+00  6.78444493e-01  3.24431166e+00
  6.00909403e+00  1.02221541e+01  3.52785839e+00
  5.56240079e+00  9.76436068e+00  4.30178130e+00
  6.58205369e+00  9.82109417e+00  4.49590768e+00
  6.90252525e+00  9.30512202e+00  5.26132097e+00

molecule   72
  1.97514560e-01  4.63258731e+00  3.42685554e+00
  1.02895254e+01  5.42097219e+00  2.92474516e+00
  1.00616773e+01  5.21722137e+00  1.98893500e+00
  9.83874343e+00  4.51624084e+00  2.65162449e+00
  9.95156005e+00  4.04591431e+00  1.77675614e+00
  1.03412634e+01  4.09292734e+00  8.43537621e-01
  7.49478026e-01  4.09595046e+00  3.05417452e-01
  1.03749820e+01  3.80631158e+00  1.02893043e+01

molecule   73
  7.56814888e+00  4.48356876e+00  5.38238290e+00
  8.12202502e+00  5.29011786e+00  5.38652102e+00
  7.92707865e+00  6.21366783e+00  5.10533008e+00
  7.25836329e+00  5.68837553e+00  5.59666913e+00
  7.09692630e+00  5.21254026e+00  4.73999608e+00
  6.31119239e+00  5.73993633e+00  5.10745657e+00
  5.71848741e+00  6.46143835e+00  5.43444520e+00
  6.69965210e+00  6.79002751e+00  5.37956832e+00

molecule   74
  6.67756094e+00  4.47969490e+00  1.43936716e+00
  6.72953579e+00  5.04502109e+00  2.28506811e+00
  7.50761614e+00  5.64747082e+00  2.00156731e+00
  7.28626452e+00  5.56778531e+00  1.00854584e+00
  8.25914286e+00  5.78487047e+00  8.28028981e-01
  7.61572996e+00  5.87695162e+00  6.66715455e-02
  6.62327282e+00  5.96459545e+00  4.76366518e-02
  5.73974650e+00  6.34831751e+00  3.00187657e-01

molecule   75
  1.04269973e+01  5.08355861e+00  5.07271069e+00
  2.27552642e-01  5.48417492e+00  5.96934748e+00
  6.90218215e-01  6.21459374e+00  5.46958783e+00
  7.45947294e-01  6.82136943e+00  6.29757701e+00
  1.08854109e+00  5.97595513e+00  6.72628306e+00
  1.44725764e+00  5.11272500e+00  7.03056323e+00
  4.57764159e-01  4.98340622e+00  6.96744324e+00
  1.04115353e+01  4.17820738e+00  7.28060437e+00

molecule   76
  8.79159658e+00  5.39649659e+00  2.85652676e+00
  7.83954737e+00  5.66929961e+00  3.07518503e+00
  8.46141574e+00  5.96663804e+00  3.77781212e+00
  8.27717401e+00  6.82239073e+00  4.19663580e+00
  8.84466859e+00  7.34263576e+00  3.62582589e+00
  9.40364120e+00  7.60387700e+00  4.39850330e+00
  1.01756436e+01  8.26190833e+00  4.19614227e+00
  4.83716262e-01  8.44621780e+00  4.87065159e+00

molecule   77
  1.35234316e-01  9.70747420e+00  9.79353327e+00
  2.91870806e-01  7.99507511e-02  9.31372773e+00
  7.84090045e-01  9.06352830e-01  9.09574474e+00
  1.63033079e+00  1.43479448e+00  9.20697059e+00
  2.57244721e+00  1.75468965e+00  9.21903176e+00
  2.87879992e+00  1.75727062e+00  1.01071076e+01
  1.91770874e+00  1.65039701e+00  1.83198307e-02
  1.31256725e+00  8.91513945e-01  2.41791336e-01

molecule   78
  2.83596728e+00  5.39251324e+00  2.40828990e-01
  2.59843549e+00  4.47070182e+00  4.88364703e-01
  2.49448495e+00  3.75637603e+00  1.17175799e+00
  2.99831684e+00  2.96439365e+00  8.23876000e-01
  3.54904461e+00  2.27024495e+00  3.55581039e-01
  3.54519396e+00  2.90375604e+00  1.00785768e+01
  3.88140110e+00  3.41881703e+00  9.32891978e+00
  4.54715765e+00  3.00528071e+00  8.70856907e+00

molecule   79
  5.37502182e+00  1.89584276e+00  7.75348951e+00
  5.85558824e+00  1.13858951e+00  7.31301471e+00
  4.87179906e+00  1.08475485e+00  7.36130746e+00
  4.36593913e+00  2.72842070e-01  7.19876837e+00
  4.64481751e+00  9.85889793e+00  7.62298980e+00
  5.58759261e+00  1.02749199e+01  7.67082497e+00
  5.55076854e+00  1.03772696e+01  6.68635528e+00
  5.84909388e+00  1.01055021e+01  5.74812894e+00

molecule   80
  4.29106511e+00  1.03086198e+01  9.46165834e-01
  4.80797485e+00  5.10102780e-01  4.75435150e-01
  4.86313343e+00  1.17518430e+00  1.23968202e+00
  5.60741417e+00  4.70433304e-01  1.16634046e+00
  6.14080231e+00  1.01471598e+01  1.55598160e+00
  5.22863303e+00  1.03446680e+01  1.90595814e+00
  4.86738289e+00  2.78161100e-01  2.77345402e+00
  5.34456210e+00  9.86676598e+00  2.74512258e+00

molecule   81
  1.01126250e-01  9.09730590e+00  5.92037693e+00
  5.30989450e-01  8.61128099e+00  6.68137208e+00
  6.91752860e-01  8.10322996e+00  5.87833301e+00
  1.53283798e+00  8.52152475e+00  6.31393365e+00
  1.75044625e+00  7.55329408e+00  6.14533773e+00
  2.28232135e+00  7.72445319e+00  5.26630398e+00
  2.34288881e+00  7.38999501e+00  4.28911587e+00
  1.57697807e+00  8.02785194e+00  4.17434020e+00

molecule   82
  5.36075145e+00  8.53048226e-01  8.57603461e+00
  5.35881892e+00  5.67054383e-01  9.50850001e+00
  5.57899330e+00  1.02094008e+01  9.99712567e+00
  4.83556691e+00  9.69492849e+00  1.04450485e+01
  3.81262379e+00  9.80315719e+00  1.43111773e-02
  4.26260973e+00  9.35291778e+00  9.67466444e+00
  3.94331345e+00  8.54642797e+00  1.02362784e+01
  3.13457081e+00  9.04116891e+00  9.96459939e+00

molecule   83
  7.84581670e+00  3.06231927e+00  6.23716692e+00
  8.58341123e+00  3.32832138e+00  5.59630874e+00
  8.65319573e+00  4.29144228e+00  5.39030743e+00
  9.53700855e+00  3.93860227e+00  5.73372490e+00
  8.82604507e+00  3.93655413e+00  6.48237685e+00
  8.76263236e+00  4.64735542e+00  7.16274664e+00
  8.32607500e+00  4.06765215e+00  7.85739239e+00
  8.55512931e+00  4.99062250e+00  8.20777936e+00

molecule   84
  3.46488397e+00  7.43674345e+00  5.77991223e+00
  2.97592665e+00  6.59349321e+00  5.62390403e+00
  3.31614254e+00  6.46980252e+00  6.52136489e+00
  3.51297986e+00  7.07832087e+00  7.35301695e+00
  2.93928388e+00  7.54263348e+00  6.70162948e+00
  3.56121043e+00  8.29783163e+00  6.61269047e+00
  4.36341690e+00  8.06309715e+00  6.09992535e+00
  3.55471235e+00  8.44169590e+00  5.54962648e+00

molecule   85
  6.60056159e+00  3.64711779e+00  6.14100661e+00
  6.46853353e+00  4.62037001e+00  5.90069945e+00
  5.91020747e+00  5.18514454e+00  6.47835907e+00
  6.40626718e+00  4.94648891e+00  7.32142669e+00
  7.13392477e+00  5.30027644e+00  7.88517349e+00
  7.89415275e+00  5.21819910e+00  7.25238029e+00
  7.75746662e+00  4.93971011e+00  6.29521965e+00
  8.31825490e+00  5.71764661e+00  6.27857246e+00

molecule   86
  1.40116534e+00  1.04116658e+01  9.35070568e+00
  1.22024669e+00  9.47261395e+00  9.58673955e+00
  8.35435304e-01  8.62803834e+00  9.85945015e+00
  1.03119471e+01  8.62129414e+00  1.00622061e+01
  2.89220808e-01  7.72653673e+00  9.92417407e+00
  7.45840554e-01  6.86582535e+00  1.01245706e+01
  9.17853809e-01  5.96561767e+00  1.04535140e+01
  1.64873728e+00  6.53812750e+00  2.68157418e-01

molecule   87
  7.40559748e+00  8.88362539e-01  5.60538886e+00
  7.13954723e+00  8.52160786e-01  4.61554300e+00
  7.43636226e+00  6.27260516e-01  3.66660982e+00
  7.03751635e+00  1.92183291e-01  2.87275878e+00
  7.52586761e+00  1.04915075e+00  2.65436934e+00
  7.44080608e+00  1.98251649e+00  2.33222482e+00
  8.35393644e+00  1.79917314e+00  2.04609324e+00
  8.23636982e+00  1.18128536e+00  1.22198315e+00

molecule   88
  6.59376710e+00  1.95966941e+00  8.23221712e+00
  6.40649989e+00  2.45589657e+00  9.10865670e+00
  7.30539300e+00  2.59303467e+00  9.55266389e+00
  7.94258581e+00  2.51199989e+00  1.03048396e+01
  7.14661387e+00  2.90868572e+00  3.77142198e-01
  6.89915310e+00  3.53592681e+00  1.00883100e+01
  6.14000869e+00  4.17726730e+00  1.00980775e+01
  6.39481891e+00  3.78355560e+00  5.75825301e-01

molecule   89
  4.06456073e+00  3.11266204e+00  8.11149935e-01
  4.53590314e+00  2.24560914e+00  7.13132431e-01
  4.41834002e+00  2.28018465e+00  1.68420493e+00
  5.10653690e+00  2.95337708e+00  1.45231375e+00
  5.52139162e+00  3.25189335e+00  6.02848492e-01
  4.75825999e+00  3.86582674e+00  5.94835374e-01
  5.58624782e+00  4.41458979e+00  8.05451758e-01
  4.87169820e+00  5.09613271e+00  9.75464389e-01

molecule   90
  9.63031833e-02  2.90318252e+00  4.72237315e+00
  4.12492265e-01  1.93267825e+00  4.76336127e+00
  8.04888480e-02  1.01363035e+00  4.67263882e+00
  9.51612895e-01  1.08133545e+00  4.21458292e+00
  1.08097959e+00  1.98223173e+00  3.81035461e+00
  1.04021432e+00  1.85612091e+00  2.86657963e+00
  3.28407556e-01  1.28639868e+00  3.22925820e+00
  1.30175936e+00  9.17208454e-01  3.27286661e+00

molecule   91
  2.06270093e+00  9.93465398e+00  7.76985318e+00
  2.12587679e+00  9.13162319e+00  7.11528352e+00
  2.08182202e+00  1.00558354e+01  6.71121136e+00
  2.88865239e+00  1.44586656e-01  6.66379793e+00
  3.43060741e+00  5.42183857e-01  5.92451109e+00
  3.25201017e+00  1.81489087e-01  5.01430259e+00
  4.02891338e+00  5.48602980e-01  4.64022177e+00
  4.34496643e+00  1.02921978e+01  4.02257129e+00

molecule   92
  3.92838939e+00  3.32458282e+00  3.51206295e+00
  3.65405657e+00  2.42252200e+00  3.76300325e+00
  3.73390281e+00  2.36134462e+00  4.79473967e+00
  3.91423195e+00  2.82138967e+00  5.65126809e+00
  4.49933786e+00  3.65261798e+00  5.81109233e+00
  5.13728545e+00  2.95344120e+00  5.37625948e+00
  5.95229813e+00  3.34127928e+00  4.91629147e+00
  5.57157346e+00  3.96755210e+00  5.56989892e+00

molecule   93
  1.67844466e+00  4.56520245e+00  1.04257974e+01
  2.19578774e+00  3.79045287e+00  1.00689561e+01
  2.48761883e+00  2.82560365e+00  9.88534921e+00
  1.76646023e+00  2.62567371e+00  7.99111780e-02
  1.60662785e+00  3.50228689e+00  5.95526423e-01
  2.02335049e+00  2.81290150e+00  1.19715334e+00
  2.52764440e+00  1.91127353e+00  1.38895460e+00
  3.31394551e+00  2.35891325e+00  1.81185947e+00

molecule   94
  1.03775314e+01  7.56464774e+00  6.71977883e+00
  9.83725460e+00  8.02157183e+00  7.44451022e+00
  1.04227450e+01  8.81083149e+00  7.65610535e+00
  1.02214761e+01  8.28148035e+00  8.43117617e+00
  9.63212996e+00  8.65474740e+00  9.16638645e+00
  9.55917673e+00  9.52633118e+00  9.61203415e+00
  9.14258527e+00  9.18220640e+00  2.20604419e-02
  1.00181120e+01  9.50100388e+00  3.35930323e-01

molecule   95
  8.70669774e+00  2.81311860e+00  2.30861434e+00
  8.88449736e+00  2.00519274e+00  2.86669621e+00
  9.16592664e+00  2.51276357e+00  3.67946610e+00
  9.58868520e+00  2.61039018e+00  4.56767642e+00
  9.68147159e+00  3.63801495e+00  4.58063512e+00
  1.04539966e+01  3.84039673e+00  5.20676644e+00
  2.99899741e-01  3.84279133e+00  4.26421186e+00
  1.13006681e+00  4.05791256e+00  3.78023929e+00

molecule   96
  3.37154912e+00  4.80253060e+00  1.64453295e+00
  3.81492950e+00  5.49759100e+00  1.06774493e+00
  4.51851266e+00  5.88081162e+00  4.86582225e-01
  5.20771007e+00  5.30535063e+00  2.79475675e-02
  4.78689321e+00  5.07157626e+00  9.62312980e+00
  4.77507306e+00  5.13837328e+00  8.58418435e+00
  5.22173338e+00  4.25147186e+00  8.84131497e+00
  5.50851958e+00  3.33564763e+00  8.91665379e+00

molecule   97
  8.86860414e+00  6.20522895e+00  7.02517843e+00
  9.75299601e+00  6.67140452e+00  7.10697448e+00
  1.01610062e+01  6.71315363e+00  6.18330268e+00
  1.87574326e-01  7.29392675e+00  5.47716017e+00
  1.04534400e+01  7.14001090e+00  4.47107628e+00
  5.83183166e-01  6.75543735e+00  3.76560338e+00
  2.79861525e-01  5.86223332e+00  3.90451246e+00
  9.71250945e+00  5.73360510e+00  3.90295337e+00

molecule   98
  8.81485697e+00  2.84234252e+00  1.17624436e+00
  9.62259289e+00  2.73797427e+00  5.98275451e-01
  1.10191803e-02  3.00447125e+00  1.15531349e+00
  9.87522767e+00  2.66728164e+00  1.87945921e+00
  9.45587004e+00  1.77833651e+00  1.91806449e+00
  9.30312355e+00  9.55725934e-01  1.42038725e+00
  8.93796207e+00  4.90538593e-01  6.18164446e-01
  9.49849826e+00  1.03580820e+01  6.96267357e-02

molecule   99
  7.90048716e+00  2.29275182e-01  3.52801416e-01
  7.08701009e+00  1.01428552e+01  2.52345266e-01
  6.38465704e+00  3.97561283e-01  1.36897857e-01
  6.80824461e+00  5.50485954e-01  9.69948597e+00
  7.14542496e+00  1.21294191e+00  9.02790636e+00
  7.93923407e+00  1.79336276e+00  9.02118632e+00
  8.00025368e+00  1.45212971e+00  9.95021737e+00
  8.64006698e+00  1.81108867e+00  1.67070408e-01
