BOUNDARY

cubic     1.0000000e+01

MOLECULES

species    0
nMolecule  800

molecule   0
  3.74397446e+00  6.29414033e+00  9.09155711e+00

molecule   1
  1.38641130e-01  5.44531599e+00  9.01057207e+00

molecule   2
  1.12371254e+00  4.88435528e+00  7.14087506e+00

molecule   3
  5.62884362e+00  9.60559896e+00  4.31199744e+00

molecule   4
  8.94771600e+00  8.26011440e+00  7.28213586e+00

molecule   5
  8.14150822e+00  1.02457024e+00  8.84331267e+00

molecule   6
  4.53941800e+00  7.59746118e+00  4.27444512e-01

molecule   7
  2.92757583e-02  5.89290390e+00  2.00305673e-02

molecule   8
  7.18242217e+00  6.74321258e+00  6.35107109e+00

molecule   9
  7.85586282e+00  9.07498209e+00  2.69224859e+00

molecule   10
  2.73601576e+00  9.96783976e+00  7.86534276e+00

molecule   11
  2.71561032e+00  6.09015772e+00  8.07331543e+00

molecule   12
  9.55060163e+00  9.02986346e+00  3.75710937e+00

molecule   13
  3.16045583e+00  3.00568145e+00  1.66001639e+00

molecule   14
  1.32566283e+00  9.06034723e+00  7.02249646e+00

molecule   15
  3.45072359e+00  2.34437560e+00  9.65315350e-01

molecule   16
  4.50311311e+00  5.60728458e+00  5.35393557e+00

molecule   17
  9.93528969e+00  1.06322527e+00  4.55672459e+00

molecule   18
  2.51674382e+00  5.77960290e+00  9.44172245e+00

molecule   19
  4.41723562e+00  1.91687163e+00  9.03118055e+00

molecule   20
  8.80383749e+00  6.01495449e+00  9.46062630e+00

molecule   21
  1.30660338e+00  7.69688514e+00  4.42803897e+00

molecule   22
  1.90890581e+00  1.42845810e+00  7.93280208e+00

molecule   23
  2.34559817e+00  6.23079528e+00  4.68661450e-01

molecule   24
  9.73670342e+00  5.27120785e+00  6.06263037e+00

molecule   25
  8.24080767e+00  5.95543369e-01  7.88949618e+00

molecule   26
  1.49924889e+00  9.59126175e-01  5.83443108e+00

molecule   27
  8.35586843e+00  6.27110637e+00  3.24850288e+00

molecule   28
  9.03723327e+00  3.07514393e+00  5.84949255e+00

molecule   29
  9.49991935e-01  5.21983223e+00  9.56038670e+00

molecule   30
  7.86470298e+00  1.49087999e+00  4.81601762e+00

molecule   31
  8.50779875e+00  3.20965876e+00  7.74932188e+00

molecule   32
  3.56108886e+00  6.09138166e+00  3.33352578e+00

molecule   33
  6.02192248e+00  7.18441422e+00  8.69321952e+00

molecule   34
  6.45049531e+00  9.41947099e+00  6.18544800e+00

molecule   35
  2.99737983e+00  5.60368033e+00  5.34316183e+00

molecule   36
  3.87993324e+00  2.68698737e+00  7.52965430e+00

molecule   37
  6.40418463e-01  2.02910888e+00  6.06843118e+00

molecule   38
  8.46544374e+00  2.15475235e+00  1.40534107e+00

molecule   39
  7.32980832e+00  9.88154804e+00  7.25244683e+00

molecule   40
  1.22408050e+00  7.46340891e+00  5.54510995e+00

molecule   41
  2.84084958e+00  2.69665920e+00  7.09695229e+00

molecule   42
  9.08918317e+00  1.01567078e+00  5.01380348e+00

molecule   43
  5.20635511e+00  5.06276454e+00  3.93605701e+00

molecule   44
  7.31438497e+00  2.18027450e+00  9.88403693e+00

molecule   45
  6.25214451e+00  6.80857127e+00  6.12598912e+00

molecule   46
  6.81419541e-01  5.68757555e+00  7.84305839e+00

molecule   47
  5.52402227e+00  6.94411952e+00  3.19627851e-01

molecule   48
  3.78929435e+00  1.22067234e+00  2.75785620e+00

molecule   49
  6.22746936e-01  5.76732269e+00  5.66544230e+00

molecule   50
  8.69375214e+00  8.68239740e+00  1.56613545e+00

molecule   51
  1.85273496e+00  8.26663384e+00  2.65834110e+00

molecule   52
  9.94676274e+00  6.60846269e+00  5.66714701e+00

molecule   53
  2.57755259e+00  6.00823678e+00  3.52126310e+00

molecule   54
  9.04009436e+00  5.32185435e+00  7.30110993e+00

molecule   55
  4.12244848e+00  1.53794888e+00  7.94364292e-01

molecule   56
  1.05062554e+00  2.57408149e+00  9.21516295e+00

molecule   57
  9.71462318e+00  5.55745494e-02  4.10128399e+00

molecule   58
  7.80162889e+00  8.39581651e+00  5.30621085e+00

molecule   59
  3.05456717e-01  1.49873114e+00  2.41967815e+00

molecule   60
  3.77291473e+00  1.11225403e+00  9.23385637e+00

molecule   61
  9.24459985e+00  8.78159777e+00  5.07161806e+00

molecule   62
  7.00597602e+00  3.57780630e+00  8.90118748e+00

molecule   63
  2.33512492e+00  3.91283186e+00  3.89391662e+00

molecule   64
  3.95970650e+00  7.90839145e+00  3.23218688e+00

molecule   65
  5.71867582e+00  1.29183206e-01  7.15450514e+00

molecule   66
  8.95719277e+00  6.93745764e+00  9.78992994e+00

molecule   67
  3.64658120e+00  9.34353757e+00  7.10690728e-02

molecule   68
  5.75947599e+00  9.28740032e+00  8.87264627e-01

molecule   69
  7.83179843e+00  2.69264796e+00  4.07112274e+00

molecule   70
  9.95725955e+00  4.44407010e+00  9.08306516e+00

molecule   71
  5.23468686e+00  7.06406092e+00  6.45289344e+00

molecule   72
  1.43755827e+00  7.35799381e+00  4.48881685e-01

molecule   73
  2.86005910e+00  1.50068511e+00  8.91411623e+00

molecule   74
  9.85892160e+00  6.47200680e+00  9.24356442e+00

molecule   75
  3.62184823e+00  6.18212189e+00  7.18577039e+00

molecule   76
  6.90678411e+00  3.93082890e+00  6.28189942e+00

molecule   77
  1.93649523e+00  3.99753270e+00  9.58192717e+00

molecule   78
  7.99291000e-01  4.75915071e+00  3.05857900e+00

molecule   79
  9.68556818e+00  3.84744788e+00  9.79437410e+00

molecule   80
  5.12703277e+00  5.16050281e-01  6.13367669e+00

molecule   81
  1.51157667e+00  7.29651476e+00  6.60090518e+00

molecule   82
  8.05279552e+00  2.48385633e-01  5.91753857e+00

molecule   83
  3.30264680e+00  3.18344355e+00  6.23429960e+00

molecule   84
  3.46003444e+00  1.91430472e+00  4.30043422e+00

molecule   85
  9.62069739e+00  8.23571088e+00  6.33294051e+00

molecule   86
  1.19734127e+00  5.90448503e-01  9.56274492e+00

molecule   87
  6.05671835e+00  8.19116544e+00  3.17071045e-01

molecule   88
  7.82305473e+00  6.51776431e+00  9.52745584e+00

molecule   89
  3.88761171e+00  5.07924289e+00  7.98316051e-01

molecule   90
  5.51049940e+00  4.22307490e+00  3.07736013e+00

molecule   91
  7.24769402e+00  1.37856310e+00  7.92562567e+00

molecule   92
  2.54010915e+00  7.57503753e+00  9.71610650e+00

molecule   93
  5.98200259e+00  8.80559651e+00  3.49464422e+00

molecule   94
  7.87469766e-03  7.25836062e+00  9.83171317e+00

molecule   95
  6.70414707e-01  9.52138593e+00  2.08429185e+00

molecule   96
  6.11176749e+00  6.07799685e+00  7.91209484e+00

molecule   97
  6.49623095e+00  5.30581239e+00  8.92287473e+00

molecule   98
  4.20924726e+00  8.49774735e+00  7.36080345e-02

molecule   99
  7.18039910e+00  5.23249988e+00  3.99329261e+00

molecule   100
  9.77106717e+00  7.71962257e+00  5.29847882e+00

molecule   101
  9.85091987e+00  2.74776241e+00  6.47283275e+00

molecule   102
  9.60307418e-01  8.87541960e-01  8.24945156e+00

molecule   103
  7.04243510e+00  1.23914016e+00  9.60729241e+00

molecule   104
  4.51949215e+00  2.71220203e+00  1.54906757e+00

molecule   105
  6.30530605e+00  7.75595589e+00  6.71537405e+00

molecule   106
  3.23463707e-01  8.06207358e+00  4.44393020e+00

molecule   107
  8.16103505e+00  9.48378066e+00  9.74348289e+00

molecule   108
  7.24021375e-01  8.76011267e-02  4.19626949e+00

molecule   109
  9.03020596e+00  4.24582008e+00  8.21953691e+00

molecule   110
  9.33113219e+00  1.22905939e+00  9.95208345e+00

molecule   111
  4.83819088e+00  1.19328386e-01  1.13072177e+00

molecule   112
  5.17354808e+00  8.12181793e+00  3.66902426e+00

molecule   113
  2.09459662e+00  3.41301845e+00  8.76350704e+00

molecule   114
  2.17229498e+00  6.71575765e+00  7.19702724e+00

molecule   115
  3.13560216e+00  8.91306337e+00  7.90440208e+00

molecule   116
  2.61590740e+00  3.99594021e+00  1.86550778e+00

molecule   117
  4.61178673e-01  8.41164815e+00  5.36740340e+00

molecule   118
  5.03448743e+00  4.60209581e+00  8.86753875e-02

molecule   119
  4.59927271e+00  1.34377045e+00  4.74385249e+00

molecule   120
  3.08853814e+00  2.90035484e+00  4.31409072e+00

molecule   121
  1.81825461e+00  1.37448149e+00  8.84937140e-01

molecule   122
  8.67257171e-02  2.90126280e-01  6.18807051e+00

molecule   123
  1.39445385e+00  8.84698011e+00  1.73721005e+00

molecule   124
  2.54452740e+00  6.22593795e+00  6.23204092e+00

molecule   125
  3.15403673e+00  5.16925173e+00  6.21297081e+00

molecule   126
  6.84434288e-01  6.95274576e+00  4.84640380e+00

molecule   127
  1.54305300e+00  8.32732846e+00  9.88782122e+00

molecule   128
  6.54641756e+00  7.25911531e+00  1.31365027e+00

molecule   129
  5.75599270e+00  1.61553331e+00  9.19928072e-01

molecule   130
  8.43666232e+00  1.17833274e+00  5.87539993e+00

molecule   131
  7.95837251e-01  1.87408735e+00  1.45137383e+00

molecule   132
  6.09986527e-02  3.09819115e+00  3.88713814e+00

molecule   133
  3.99181335e-01  1.99385842e+00  9.84448473e+00

molecule   134
  4.11634139e+00  9.70784279e+00  1.79666299e+00

molecule   135
  9.11676670e-01  6.38882510e+00  9.17355501e+00

molecule   136
  1.18180502e-01  1.59296287e+00  6.89612275e+00

molecule   137
  7.67509276e+00  7.69609984e+00  4.55279017e+00

molecule   138
  4.98402622e+00  1.24245860e+00  8.13710805e+00

molecule   139
  8.89860886e+00  5.90847941e+00  5.13625360e+00

molecule   140
  8.63258686e-01  5.07485734e+00  4.76816510e+00

molecule   141
  7.62672024e+00  4.19441774e+00  1.70968537e+00

molecule   142
  8.81176142e+00  1.63887450e+00  7.81547033e+00

molecule   143
  1.07635729e+00  9.97012380e+00  6.21617202e+00

molecule   144
  2.73380386e+00  4.53389165e+00  9.31896394e+00

molecule   145
  4.08541010e+00  3.84458868e+00  6.13187406e+00

molecule   146
  8.03658165e+00  8.33473225e+00  8.64099096e+00

molecule   147
  7.99518836e+00  6.63009445e+00  1.18050797e+00

molecule   148
  6.93027834e+00  8.36801939e+00  6.09904303e+00

molecule   149
  5.31894549e+00  7.94627747e-01  4.00078738e+00

molecule   150
  5.02046291e+00  1.06148974e+00  1.31013300e+00

molecule   151
  8.54783941e+00  8.33913308e+00  2.91463001e+00

molecule   152
  4.57898575e+00  5.65037538e+00  9.09763056e+00

molecule   153
  2.79000315e-02  2.50535255e-01  9.31355005e-01

molecule   154
  7.04388476e+00  4.07841341e+00  7.31970411e+00

molecule   155
  4.90907606e+00  2.27711048e+00  6.71010554e-01

molecule   156
  6.02710005e+00  3.60279611e+00  7.76681419e+00

molecule   157
  9.98042886e-01  7.46222669e+00  9.37861509e+00

molecule   158
  4.07572662e+00  8.87382005e+00  8.18041335e+00

molecule   159
  4.28690585e+00  5.37811784e+00  4.42108457e+00

molecule   160
  7.05655814e+00  9.16360751e+00  2.08613646e+00

molecule   161
  9.24362047e+00  6.83507799e+00  7.18280606e-01

molecule   162
  2.77883744e+00  7.86858737e+00  7.90135620e+00

molecule   163
  5.31958082e-01  6.25955769e+00  2.39018874e+00

molecule   164
  7.18904169e+00  1.60478790e-01  2.61986179e+00

molecule   165
  5.98346332e+00  1.52214477e+00  9.85710105e+00

molecule   166
  1.76297376e-01  5.86255117e+00  6.96691471e+00

molecule   167
  3.43101084e+00  9.72259491e+00  3.98943144e+00

molecule   168
  7.05979684e+00  7.90542115e+00  5.84686980e-01

molecule   169
  5.69931595e+00  6.00049672e+00  5.69193826e+00

molecule   170
  4.93204950e+00  2.35522447e-01  3.09221635e+00

molecule   171
  3.27741339e+00  1.10595071e+00  5.74048361e+00

molecule   172
  9.04946554e+00  8.74520915e-01  2.93827321e+00

molecule   173
  8.42031185e+00  4.11790139e+00  3.69859704e+00

molecule   174
  7.25031242e+00  9.01243966e+00  2.30583211e-01

molecule   175
  9.88735450e-01  5.01534747e+00  8.57153652e+00

molecule   176
  8.13827672e+00  7.61734579e+00  7.87817093e+00

molecule   177
  8.94667598e+00  8.99017543e+00  6.04958746e-01

molecule   178
  2.97231619e+00  5.99556296e+00  1.47832717e+00

molecule   179
  2.05003879e-01  3.75581798e+00  1.53624640e+00

molecule   180
  7.59715409e+00  4.36468070e+00  3.06976958e+00

molecule   181
  5.67379659e+00  5.67157021e+00  8.10690815e-01

molecule   182
  4.57716306e+00  6.81495136e+00  8.74455433e+00

molecule   183
  5.20229448e-01  4.34132888e+00  4.19750205e+00

molecule   184
  1.54637777e+00  9.27188533e+00  3.20972309e-01

molecule   185
  2.63223252e+00  9.73266907e+00  5.80400540e-01

molecule   186
  3.91865501e+00  3.80528219e+00  7.80128885e+00

molecule   187
  7.17421029e+00  4.51135627e+00  8.25604486e+00

molecule   188
  4.31482318e+00  7.07167935e+00  9.61628727e+00

molecule   189
  5.90682163e+00  1.43997220e+00  4.56085326e+00

molecule   190
  7.93830136e+00  7.38363535e+00  5.45345078e+00

molecule   191
  5.74417624e+00  8.76741787e+00  2.14579212e+00

molecule   192
  3.69252507e+00  4.79403321e+00  5.41557603e+00

molecule   193
  5.99564854e+00  4.46321024e+00  6.06871746e-01

molecule   194
  7.55297958e+00  1.69920188e+00  1.59468535e+00

molecule   195
  8.91234849e-01  1.77574059e+00  7.78808300e+00

molecule   196
  6.72753291e+00  2.67413803e+00  9.04197252e+00

molecule   197
  9.72586745e+00  3.37375136e+00  5.05648156e+00

molecule   198
  8.62531773e+00  5.66272832e-01  3.80419071e+00

molecule   199
  7.43012226e+00  1.15645738e+00  6.79078469e+00

molecule   200
  6.14616697e+00  7.63420339e+00  3.22314793e+00

molecule   201
  4.39823051e+00  3.63187239e+00  9.88646852e+00

molecule   202
  2.12659820e+00  9.08451539e+00  7.68364253e+00

molecule   203
  9.95065088e+00  6.96377110e+00  4.09107428e+00

molecule   204
  8.44140279e+00  1.95632854e+00  3.52286015e+00

molecule   205
  4.27259992e-01  7.21627217e+00  6.24782123e+00

molecule   206
  4.09818306e+00  3.11350279e+00  3.55651167e+00

molecule   207
  6.57050153e-01  7.91804930e-01  7.13327563e+00

molecule   208
  9.20549028e+00  7.09817610e+00  8.72827950e+00

molecule   209
  4.10323795e+00  5.43169429e+00  6.55336994e+00

molecule   210
  6.35783883e+00  3.82184628e-01  6.34159715e+00

molecule   211
  1.18759503e+00  1.55326287e+00  6.81008802e+00

molecule   212
  9.97411455e+00  2.29809667e+00  1.85076094e+00

molecule   213
  8.26745210e+00  3.65536009e+00  2.51624749e+00

molecule   214
  5.19720954e+00  9.16994527e+00  6.29618929e+00

molecule   215
  4.91609382e+00  1.53088472e+00  8.41967643e-02

molecule   216
  6.83302307e+00  9.11967190e+00  5.11534228e+00

molecule   217
  2.93207218e+00  3.12475842e+00  2.70712631e+00

molecule   218
  1.65802247e+00  4.88722672e+00  2.59339711e-01

molecule   219
  3.35791120e+00  2.87767049e+00  1.51712815e-01

molecule   220
  7.93771474e+00  5.44533942e-01  4.72189150e+00

molecule   221
  2.17827607e+00  7.12064934e+00  5.48689823e+00

molecule   222
  6.51960237e+00  1.62058879e+00  6.40495543e+00

molecule   223
  1.96737845e-01  1.03103751e+00  9.39968190e+00

molecule   224
  3.93641491e+00  1.88913736e+00  5.24236034e+00

molecule   225
  7.95187163e+00  5.95584070e+00  2.13784126e+00

molecule   226
  8.03137485e+00  5.33954661e+00  3.37000110e+00

molecule   227
  8.42731706e+00  6.11422804e+00  7.51109341e+00

molecule   228
  5.94917774e+00  4.42187172e+00  5.86631765e+00

molecule   229
  8.04700221e+00  8.22598683e+00  6.39981385e+00

molecule   230
  1.68220810e-01  1.38544992e+00  8.55970404e-01

molecule   231
  1.65482200e-01  3.93868483e+00  3.26643241e+00

molecule   232
  9.35042161e+00  9.87947617e+00  8.69708433e+00

molecule   233
  2.31629261e+00  9.17765067e+00  3.09186611e+00

molecule   234
  9.89337609e+00  8.71550582e+00  1.75746949e+00

molecule   235
  8.65182584e+00  4.79729753e+00  1.09638284e+00

molecule   236
  3.35638234e-02  8.20170225e+00  3.30570950e+00

molecule   237
  3.46835186e+00  4.20432114e+00  7.35501188e-02

molecule   238
  2.70693755e+00  5.01745863e+00  1.95227492e+00

molecule   239
  9.18021182e+00  5.18306656e+00  3.90067700e+00

molecule   240
  3.87943040e+00  1.43608550e+00  8.19849344e+00

molecule   241
  1.99355921e+00  8.20915127e+00  3.89935100e+00

molecule   242
  5.11117586e+00  4.20769893e+00  7.81271819e+00

molecule   243
  7.90443682e+00  6.80944481e+00  8.53982882e+00

molecule   244
  2.65192870e+00  5.37314957e+00  4.31885928e+00

molecule   245
  3.01598884e+00  1.85883667e+00  6.37776192e+00

molecule   246
  7.32575312e+00  1.96846464e-01  8.28782637e+00

molecule   247
  6.63553147e-01  2.99337310e+00  5.82566930e+00

molecule   248
  1.86516177e+00  9.00004708e-01  4.12079160e+00

molecule   249
  2.24794581e+00  5.68187643e+00  7.19209492e+00

molecule   250
  9.44198299e+00  4.03577722e+00  5.85938883e+00

molecule   251
  4.27789538e+00  4.08398314e+00  7.97642204e-01

molecule   252
  3.43269076e+00  8.89049042e+00  9.18923411e+00

molecule   253
  2.07912697e+00  4.08323849e+00  6.34003367e+00

molecule   254
  2.33843168e+00  2.94086614e+00  3.58129987e+00

molecule   255
  9.23041764e+00  7.04920980e+00  7.36026584e+00

molecule   256
  6.89216809e+00  1.80158267e+00  8.43637043e-01

molecule   257
  8.84870075e+00  6.10354937e-01  8.78983999e-01

molecule   258
  1.80334063e+00  5.02929321e+00  3.47622134e+00

molecule   259
  4.16253730e+00  9.95244303e+00  6.17355804e+00

molecule   260
  6.17463390e+00  5.36018452e+00  9.98830930e+00

molecule   261
  9.04097354e+00  6.07862795e+00  6.31881111e+00

molecule   262
  4.28953342e+00  8.75343275e+00  7.09232458e+00

molecule   263
  8.24881647e+00  9.25093618e+00  5.33497242e+00

molecule   264
  7.78420667e+00  1.21065532e+00  3.64837871e+00

molecule   265
  4.36516269e+00  4.33654229e+00  4.78586601e+00

molecule   266
  5.42155690e+00  5.64695471e+00  8.65038266e+00

molecule   267
  1.52138147e+00  9.73976470e-02  3.58578712e+00

molecule   268
  6.45194459e+00  6.44842871e+00  4.21762877e-01

molecule   269
  2.30422910e+00  6.07288681e+00  2.25195475e+00

molecule   270
  7.06568750e+00  4.59653997e+00  5.52384009e+00

molecule   271
  4.04796378e+00  3.41863724e+00  1.94977291e+00

molecule   272
  7.14883500e+00  6.58691058e+00  5.41448056e+00

molecule   273
  2.94439045e+00  1.57172452e+00  1.03593905e-01

molecule   274
  1.83863705e+00  6.86912459e+00  4.50330471e+00

molecule   275
  4.55630659e+00  6.42898047e+00  6.95246456e+00

molecule   276
  6.66767935e+00  4.32499501e+00  3.38052584e+00

molecule   277
  4.63179019e-01  3.62051443e+00  5.77974010e-01

molecule   278
  1.86554406e+00  9.63655195e+00  5.54542074e+00

molecule   279
  3.05620427e+00  2.39658018e+00  5.21091988e+00

molecule   280
  7.44568850e+00  3.49784371e+00  3.71348316e+00

molecule   281
  8.82918388e+00  3.28408725e+00  6.79396470e+00

molecule   282
  5.27084936e+00  7.48813722e+00  9.43203746e+00

molecule   283
  1.32192661e+00  3.87628785e+00  3.67672114e+00

molecule   284
  5.98472881e+00  7.81455555e+00  2.13644843e+00

molecule   285
  7.15102230e+00  6.51482876e+00  1.79955762e+00

molecule   286
  4.15847260e+00  4.78616973e+00  7.39993398e+00

molecule   287
  3.49136306e+00  9.05639197e+00  3.23941258e+00

molecule   288
  4.44263028e+00  9.40754342e+00  8.97624139e+00

molecule   289
  1.43176042e+00  8.48727744e+00  6.14777230e+00

molecule   290
  9.86921418e+00  8.30019523e+00  9.16995995e+00

molecule   291
  8.27333108e-01  2.15901477e+00  4.49627572e+00

molecule   292
  1.36386702e+00  1.53883174e-01  2.53029676e+00

molecule   293
  9.78467202e+00  8.15482317e+00  9.17001982e-01

molecule   294
  6.84034992e+00  6.99461099e+00  7.51819223e+00

molecule   295
  8.65269274e+00  7.78458146e+00  4.80162260e+00

molecule   296
  6.39117072e+00  2.85023463e+00  6.42968704e+00

molecule   297
  2.38607255e+00  4.18353103e+00  2.85868611e+00

molecule   298
  4.19417989e+00  9.92058612e+00  5.07637176e+00

molecule   299
  5.94392468e+00  3.42630480e+00  8.87392979e+00

molecule   300
  3.13603794e+00  8.63344545e+00  8.72586823e-01

molecule   301
  7.78689578e+00  5.39931357e+00  5.12978724e-01

molecule   302
  2.71521365e+00  8.28779223e+00  8.99820055e+00

molecule   303
  9.23516602e+00  5.22640213e+00  8.55906469e+00

molecule   304
  5.99439917e+00  7.53567712e+00  7.62306741e+00

molecule   305
  6.62347486e+00  2.80976416e+00  1.33016324e+00

molecule   306
  7.20366355e-01  3.72303349e+00  2.47081884e+00

molecule   307
  8.43544813e+00  5.98329724e+00  8.49869794e+00

molecule   308
  2.23178559e+00  9.15359450e+00  6.49296116e+00

molecule   309
  8.37881804e+00  4.95267232e+00  2.40062557e+00

molecule   310
  8.49046868e+00  9.54210392e+00  3.46240718e+00

molecule   311
  6.66255428e+00  9.84690394e+00  4.18011916e+00

molecule   312
  5.81569922e+00  3.23689973e-01  1.71425927e+00

molecule   313
  3.07777760e+00  9.28768312e-01  7.55305651e-01

molecule   314
  7.56161096e-01  8.08774950e+00  1.45778352e+00

molecule   315
  2.78358350e+00  3.59248074e+00  7.47348050e+00

molecule   316
  4.61009209e-01  8.49603140e+00  6.67758047e+00

molecule   317
  3.72303760e+00  7.15668683e+00  8.32243398e+00

molecule   318
  1.21603889e+00  9.80848458e+00  8.91866136e+00

molecule   319
  1.70673901e+00  6.42928948e+00  3.46855546e+00

molecule   320
  7.57766762e+00  5.41811258e+00  8.94025792e+00

molecule   321
  6.32311883e+00  4.55807408e+00  7.00455506e+00

molecule   322
  6.52730965e+00  4.53204624e+00  1.43770618e+00

molecule   323
  1.96960052e+00  8.19841487e+00  7.21941141e+00

molecule   324
  4.85370436e+00  6.07612068e+00  3.59663759e+00

molecule   325
  1.15963350e+00  3.55582295e+00  4.90356857e+00

molecule   326
  4.64756686e+00  2.01684965e+00  2.34889680e+00

molecule   327
  4.88111590e-01  9.73431682e+00  7.01163925e+00

molecule   328
  5.97362237e+00  2.98585398e+00  4.59259086e+00

molecule   329
  8.93476680e+00  7.80773652e+00  6.96275917e-01

molecule   330
  6.41028168e+00  6.57898965e+00  2.67567697e+00

molecule   331
  8.87242724e+00  3.38385865e+00  4.33446538e+00

molecule   332
  8.60042499e+00  4.12885261e+00  9.36156230e+00

molecule   333
  5.93204657e+00  8.47013769e+00  6.14424399e+00

molecule   334
  1.72863693e+00  4.95156431e+00  2.39747111e+00

molecule   335
  8.46975398e+00  2.19236996e+00  8.66066259e+00

molecule   336
  2.05816872e+00  3.71651582e-01  6.58294831e+00

molecule   337
  2.58428298e-01  7.22294942e+00  3.14384210e+00

molecule   338
  3.87635231e+00  4.77590819e+00  1.94594955e+00

molecule   339
  8.18494541e+00  6.58163093e+00  5.95630734e+00

molecule   340
  4.60268502e+00  9.51743326e+00  3.39816772e-02

molecule   341
  1.92279563e+00  2.35356985e+00  7.21528576e+00

molecule   342
  4.20665872e-01  7.27653884e+00  8.68776247e-01

molecule   343
  4.78031052e+00  3.03015356e+00  9.08136908e+00

molecule   344
  9.57940836e+00  4.04139108e+00  7.28881574e+00

molecule   345
  3.67692933e+00  6.51157345e+00  2.06103619e+00

molecule   346
  2.96138482e+00  4.86640902e+00  3.44876454e+00

molecule   347
  9.39432963e+00  5.48500139e-01  1.85555915e+00

molecule   348
  3.36393600e-01  1.86832337e+00  8.72722878e+00

molecule   349
  8.41453399e+00  2.57362607e+00  4.89310075e+00

molecule   350
  1.75234189e+00  1.53077067e+00  4.87793934e+00

molecule   351
  9.95311810e+00  2.39085365e-02  7.76278373e+00

molecule   352
  3.30847882e+00  9.59587424e-01  1.81987366e+00

molecule   353
  4.35088613e+00  7.04378208e+00  2.75072793e+00

molecule   354
  6.55379011e+00  2.04574986e+00  8.25896689e+00

molecule   355
  7.54618767e+00  9.39250804e+00  4.36711353e+00

molecule   356
  1.49486528e+00  2.41818461e+00  5.28064391e+00

molecule   357
  3.82337248e+00  3.46390974e+00  4.54127450e+00

molecule   358
  9.44159265e+00  6.86796145e+00  2.38959713e+00

molecule   359
  6.34555176e+00  9.34009327e+00  7.35550695e+00

molecule   360
  1.75273268e+00  3.47441648e+00  1.62959275e+00

molecule   361
  7.96327139e+00  3.89819484e+00  8.27851482e+00

molecule   362
  5.15234196e-02  5.88208786e+00  3.32675330e+00

molecule   363
  5.44744752e+00  6.20915888e+00  2.54065924e+00

molecule   364
  1.49484543e+00  8.01298166e+00  8.51200585e+00

molecule   365
  6.96543717e+00  7.38211443e+00  2.17333616e+00

molecule   366
  3.64562762e+00  2.98092629e+00  8.55880284e+00

molecule   367
  6.56471133e+00  4.60314778e-01  7.52782655e+00

molecule   368
  9.31827888e+00  9.98849355e+00  6.75120554e+00

molecule   369
  7.35992873e+00  8.25822514e+00  2.43666099e+00

molecule   370
  9.48113318e+00  3.08018465e+00  7.62859043e+00

molecule   371
  1.40910454e+00  4.46286622e+00  5.47504981e+00

molecule   372
  2.58596165e-01  4.49349255e+00  8.12952244e+00

molecule   373
  4.71373170e+00  9.77043098e+00  7.56203733e+00

molecule   374
  9.51457014e+00  1.82382787e-01  3.54587660e-03

molecule   375
  5.78096318e+00  2.57193065e+00  7.29371844e+00

molecule   376
  8.92588054e+00  6.04648290e+00  1.76980401e+00

molecule   377
  7.77977395e+00  3.42167604e+00  4.95880493e+00

molecule   378
  6.81285496e+00  5.43829394e+00  3.02737889e+00

molecule   379
  5.08194868e+00  9.28331332e+00  3.11956111e+00

molecule   380
  4.16091477e+00  7.41345196e+00  6.66529824e+00

molecule   381
  5.72092138e+00  7.42492927e+00  4.63849745e+00

molecule   382
  8.37807276e+00  7.72209085e+00  3.70162249e+00

molecule   383
  1.31820171e+00  3.47747430e+00  6.59980791e+00

molecule   384
  4.61522656e+00  8.16968002e+00  5.07062693e+00

molecule   385
  6.11021917e+00  9.70795149e+00  2.54881578e+00

molecule   386
  6.88794477e+00  2.50762507e+00  4.76474925e+00

molecule   387
  9.64571890e+00  2.25390096e+00  7.80825787e-01

molecule   388
  4.18722110e+00  9.77625697e+00  2.75424195e+00

molecule   389
  1.24142895e+00  9.79788367e+00  1.33721339e+00

molecule   390
  4.57124376e+00  1.43840691e+00  3.37427843e+00

molecule   391
  6.46157065e+00  8.78535361e-02  9.40383057e+00

molecule   392
  5.63957531e+00  1.39896792e+00  5.94277940e+00

molecule   393
  5.91023452e+00  2.28016583e+00  3.56401872e+00

molecule   394
  3.87100871e+00  3.84618380e+00  9.02278230e+00

molecule   395
  3.88972664e+00  4.82316028e+00  9.34190512e+00

molecule   396
  5.34139542e+00  5.60908042e+00  7.52985439e+00

molecule   397
  3.69100971e+00  2.58479756e+00  2.47582567e+00

molecule   398
  3.64130441e+00  4.48186729e-01  7.84266746e+00

molecule   399
  7.35508519e+00  1.84976011e+00  8.77589006e+00

molecule   400
  8.50599480e+00  7.45578780e+00  1.80095521e+00

molecule   401
  2.09679102e+00  5.12158268e+00  6.04666777e+00

molecule   402
  9.53916070e+00  9.59738214e+00  2.03456077e+00

molecule   403
  9.34848344e+00  3.37286642e+00  8.60429962e+00

molecule   404
  3.34475996e-01  2.58732609e-01  8.80064650e+00

molecule   405
  9.94448422e+00  4.93997181e+00  6.97078640e+00

molecule   406
  6.51289502e+00  7.84413055e+00  5.44235320e+00

molecule   407
  5.67234664e-02  9.35592607e+00  6.04257009e+00

molecule   408
  2.15143879e+00  3.70554889e+00  5.37310557e+00

molecule   409
  5.39379699e+00  2.01030373e-01  8.42338299e+00

molecule   410
  5.20693596e+00  2.32338180e+00  6.40045019e+00

molecule   411
  2.80655513e+00  4.29694600e-01  5.19399780e+00

molecule   412
  2.46094281e+00  3.81931053e-01  1.40373631e+00

molecule   413
  9.36168850e+00  8.39381478e+00  8.24112178e+00

molecule   414
  2.13369886e+00  9.82023732e-01  9.94219111e+00

molecule   415
  9.35236664e+00  7.40773909e-01  8.12634636e+00

molecule   416
  1.91148202e+00  8.42663394e+00  9.16904998e-01

molecule   417
  6.06665932e+00  9.84166073e+00  5.44509405e+00

molecule   418
  3.48886137e+00  7.05840343e+00  7.45893582e+00

molecule   419
  3.18384482e+00  8.81513144e+00  6.56915298e+00

molecule   420
  4.49227482e+00  8.92854535e+00  4.05141393e+00

molecule   421
  9.82906576e+00  1.16767587e+00  3.48836127e+00

molecule   422
  8.84125798e+00  4.83511993e+00  6.42158337e+00

molecule   423
  2.66786840e+00  4.56350315e+00  5.47327738e+00

molecule   424
  4.42311711e+00  5.90854405e+00  2.65012055e+00

molecule   425
  4.04248457e+00  7.30770393e+00  5.00844178e+00

molecule   426
  1.07485954e+00  2.92426740e+00  9.91590065e-01

molecule   427
  1.12673734e+00  9.21880348e+00  4.91554656e+00

molecule   428
  1.29875307e+00  2.50104983e-01  4.94428195e+00

molecule   429
  8.84093131e+00  5.80084267e+00  5.08706637e-01

molecule   430
  7.58265542e+00  4.39278046e+00  9.30323288e+00

molecule   431
  3.13326448e+00  6.75402939e+00  3.61942039e-03

molecule   432
  2.18916416e+00  2.58799025e+00  5.08336415e-01

molecule   433
  9.12891329e+00  9.96553978e+00  5.70779427e+00

molecule   434
  2.48205593e+00  1.47679601e+00  1.55241671e+00

molecule   435
  9.56802028e+00  8.96087323e+00  7.05288899e+00

molecule   436
  9.56437990e+00  3.20853517e+00  1.18347116e+00

molecule   437
  4.36293628e-01  4.07277322e+00  5.40354239e+00

molecule   438
  8.73076964e+00  7.90318476e+00  5.86188709e+00

molecule   439
  6.04640266e-01  2.91548830e+00  7.15749513e+00

molecule   440
  7.32534895e+00  8.82693562e+00  6.88372385e+00

molecule   441
  2.31969812e+00  5.38035453e+00  1.07936722e+00

molecule   442
  6.63691226e+00  8.29769760e+00  7.53635714e+00

molecule   443
  1.13101870e+00  7.03956718e+00  8.34245564e+00

molecule   444
  5.33652470e+00  7.23560371e+00  2.83635073e+00

molecule   445
  9.47369307e+00  4.19561708e+00  4.03400500e+00

molecule   446
  7.48296420e+00  2.90245790e+00  6.10444597e-01

molecule   447
  4.91308821e+00  3.10165155e+00  8.06575600e+00

molecule   448
  9.41881413e+00  2.32088974e+00  9.58360165e+00

molecule   449
  8.78608615e+00  3.45481512e+00  4.92297816e-02

molecule   450
  3.14372456e-01  2.80984689e+00  2.75991775e+00

molecule   451
  4.94493569e+00  8.34106058e+00  2.75156312e+00

molecule   452
  7.68048450e+00  4.49668028e+00  4.58778776e+00

molecule   453
  9.57996714e+00  5.20928387e+00  4.92263572e+00

molecule   454
  1.21586040e+00  1.10179569e+00  2.72458661e+00

molecule   455
  8.55489322e+00  9.14348584e+00  4.35891848e+00

molecule   456
  7.89678422e+00  6.54007555e-01  1.32842629e+00

molecule   457
  4.28803010e+00  8.46172410e-01  5.61469565e+00

molecule   458
  5.12875971e+00  5.44612799e+00  6.23742677e+00

molecule   459
  8.84072570e+00  8.15482564e+00  9.76569253e+00

molecule   460
  2.04129061e+00  9.87900228e+00  9.69551952e+00

molecule   461
  7.30007028e+00  7.72841151e+00  7.00972973e+00

molecule   462
  6.68394621e+00  9.07112375e+00  8.32298290e+00

molecule   463
  9.07514274e+00  2.04463591e+00  4.54080573e+00

molecule   464
  2.38612838e+00  2.29954123e+00  2.38343567e+00

molecule   465
  5.68934336e-01  8.02933222e+00  2.16945047e-01

molecule   466
  1.43068778e+00  2.20701393e+00  2.81692037e+00

molecule   467
  8.73694956e+00  2.76651684e+00  2.37785385e+00

molecule   468
  4.51758686e+00  4.86031607e+00  8.50600697e+00

molecule   469
  9.83953730e+00  2.11449923e+00  3.86866835e+00

molecule   470
  5.11888271e+00  4.20004062e+00  1.36553224e+00

molecule   471
  7.10083876e+00  2.90884086e+00  5.74551891e+00

molecule   472
  8.07296638e+00  3.84840764e+00  6.20850567e+00

molecule   473
  2.07858407e+00  7.15375553e+00  8.09489327e+00

molecule   474
  4.24256966e-02  9.23031783e+00  4.59632814e+00

molecule   475
  2.74447479e+00  2.65748252e+00  8.35648574e+00

molecule   476
  7.56788979e+00  1.48309527e-01  3.74771291e+00

molecule   477
  4.89165872e+00  6.47878948e+00  1.07712290e+00

molecule   478
  2.74145786e+00  7.23885894e+00  6.48632350e+00

molecule   479
  2.41820142e+00  4.12084118e-01  2.41341710e+00

molecule   480
  6.13556951e-01  9.17527748e+00  9.53801019e+00

molecule   481
  2.55132439e+00  1.98818898e+00  3.86253203e+00

molecule   482
  2.40458283e+00  1.19174264e+00  3.15493130e+00

molecule   483
  2.57863651e+00  3.23504536e+00  9.71213280e+00

molecule   484
  5.15580206e+00  1.27865376e+00  6.97469297e+00

molecule   485
  6.21937734e+00  4.37991645e+00  9.18012549e+00

molecule   486
  7.64144235e+00  2.80736867e+00  8.42451638e+00

molecule   487
  3.62389766e+00  7.94682477e+00  6.06473237e+00

molecule   488
  7.80860484e+00  2.41701935e+00  2.20901286e+00

molecule   489
  5.26277926e+00  2.27685534e+00  4.33643545e+00

molecule   490
  7.24721543e+00  3.44232875e+00  2.38729412e+00

molecule   491
  2.90268102e+00  1.16120732e+00  7.89657104e+00

molecule   492
  1.47302059e+00  2.11191425e+00  9.96065073e+00

molecule   493
  1.09139655e+00  2.86209059e+00  3.69909626e+00

molecule   494
  1.62766494e+00  7.62375513e-02  7.81466948e+00

molecule   495
  8.58938545e-01  9.99163683e+00  2.53047085e-01

molecule   496
  1.64456331e+00  1.53012612e+00  9.11152473e+00

molecule   497
  6.56826915e+00  5.33070577e+00  6.23984972e+00

molecule   498
  3.99498080e+00  5.15177958e+00  3.19387839e+00

molecule   499
  2.65121486e+00  5.11061825e+00  1.87912769e-01

molecule   500
  1.70186613e+00  6.69657904e+00  9.55196117e+00

molecule   501
  5.09959363e+00  5.14776323e+00  2.86828126e+00

molecule   502
  5.94738917e+00  6.31655510e+00  9.47451790e+00

molecule   503
  4.04935830e+00  6.46048653e+00  4.17869507e-01

molecule   504
  3.38525561e+00  7.04966537e+00  2.87600386e+00

molecule   505
  7.34702075e+00  8.98430865e+00  9.06645132e+00

molecule   506
  7.54672788e+00  2.55499802e-01  9.28097301e+00

molecule   507
  2.02345835e+00  6.93597075e-01  8.56865552e+00

molecule   508
  2.58481304e+00  3.06077021e-01  3.76018832e+00

molecule   509
  7.11890568e+00  5.90675686e+00  8.03394169e+00

molecule   510
  5.90006699e+00  4.70670145e+00  8.11517509e+00

molecule   511
  7.18077329e-01  8.33381461e+00  2.45875344e+00

molecule   512
  9.37164649e+00  9.84540910e+00  3.11215417e+00

molecule   513
  5.42633992e+00  8.59916729e+00  7.08162517e+00

molecule   514
  5.07508494e+00  4.33988259e-01  4.85560896e+00

molecule   515
  3.30020140e+00  1.03184525e+00  3.60946070e+00

molecule   516
  7.96890596e+00  2.60885241e+00  6.17645027e+00

molecule   517
  2.79284182e+00  4.05223187e+00  8.43484465e+00

molecule   518
  1.51199212e+00  5.92440809e+00  4.32277083e+00

molecule   519
  7.03429916e+00  3.68776679e+00  1.06721439e+00

molecule   520
  4.19538197e+00  3.01360129e+00  5.43918440e+00

molecule   521
  6.91550708e+00  8.62061856e-01  4.19447247e+00

molecule   522
  8.38441218e+00  4.13089075e+00  7.27531993e+00

molecule   523
  3.26638847e-01  9.01120035e+00  8.60255289e-01

molecule   524
  4.16336461e+00  2.28191864e+00  9.93936956e+00

molecule   525
  5.51737040e+00  1.09796762e+00  2.31642955e+00

molecule   526
  7.40406822e+00  6.06910825e+00  7.13906963e+00

molecule   527
  8.10153075e+00  1.41381424e+00  6.20123614e-01

molecule   528
  3.67045982e+00  7.25801690e-01  4.69912642e+00

molecule   529
  9.49357334e+00  4.61752651e+00  2.94630789e+00

molecule   530
  7.96366518e+00  3.13157647e+00  9.59704990e+00

molecule   531
  9.73562725e-01  8.71334485e+00  8.62874684e+00

molecule   532
  7.35428510e+00  1.68107888e+00  5.77536066e+00

molecule   533
  4.26049618e+00  6.75006460e+00  5.86683871e+00

molecule   534
  6.72737955e+00  3.62761653e+00  9.89184912e+00

molecule   535
  2.94224422e+00  9.46502502e+00  4.86149420e+00

molecule   536
  6.52418839e+00  3.26398293e+00  3.49826506e+00

molecule   537
  3.47978738e+00  5.56166846e+00  2.44788802e+00

molecule   538
  8.35374659e+00  6.66880236e-01  6.90620717e+00

molecule   539
  5.56609183e+00  9.61936993e+00  9.25377853e+00

molecule   540
  6.97933192e+00  2.30361621e+00  7.23263152e+00

molecule   541
  4.92648545e+00  5.88144295e+00  9.97891377e+00

molecule   542
  6.19759880e+00  4.99138490e-01  3.45144334e+00

molecule   543
  8.08800910e+00  5.71781621e+00  4.38507234e+00

molecule   544
  9.27587890e+00  1.09820736e+00  6.74117885e+00

molecule   545
  7.18156791e+00  1.30919897e+00  2.82395734e+00

molecule   546
  6.23564583e+00  5.24341669e+00  2.11764227e+00

molecule   547
  6.88897388e+00  5.66917876e+00  4.81105922e+00

molecule   548
  5.58603510e+00  8.34319375e+00  5.09906683e+00

molecule   549
  3.82495649e+00  8.15212108e+00  4.21788548e+00

molecule   550
  6.16549658e-02  7.59269902e+00  7.34809712e+00

molecule   551
  7.03633344e+00  9.94282884e+00  3.88145841e-01

molecule   552
  1.81066292e+00  4.33401082e+00  8.28897097e+00

molecule   553
  1.68588984e+00  2.22853938e+00  8.42217413e+00

molecule   554
  1.30679780e+00  9.11733605e+00  2.81630593e+00

molecule   555
  1.91085385e-01  6.68206671e+00  8.15468481e+00

molecule   556
  2.59596062e+00  8.14869777e+00  5.87031225e+00

molecule   557
  7.41232412e+00  6.42126763e+00  3.01083996e+00

molecule   558
  7.30676637e-01  7.15967514e+00  1.91290441e+00

molecule   559
  1.54909839e+00  5.99956869e+00  8.43685280e+00

molecule   560
  9.17974873e-01  8.03566451e+00  7.68171152e+00

molecule   561
  5.20746714e+00  3.39892636e+00  7.00485486e+00

molecule   562
  6.90212602e+00  4.70986591e+00  1.05679132e-02

molecule   563
  1.93921250e+00  3.15560062e+00  4.53718992e+00

molecule   564
  4.38635742e+00  5.84012540e+00  8.09624525e+00

molecule   565
  3.10278790e+00  9.70224822e+00  8.86912331e+00

molecule   566
  2.40180839e-01  7.66067265e+00  8.45187376e+00

molecule   567
  2.76369989e+00  1.31188730e+00  4.76167856e+00

molecule   568
  6.78750757e+00  9.61638401e-01  1.96378519e+00

molecule   569
  3.46672476e+00  5.51783946e+00  8.52520728e+00

molecule   570
  9.39791993e+00  4.21092642e+00  8.28330223e-01

molecule   571
  6.25135090e+00  9.00277389e+00  9.73484343e+00

molecule   572
  5.61688932e+00  1.98519302e-01  3.85028312e-01

molecule   573
  4.93550493e+00  5.53466316e+00  1.69173985e+00

molecule   574
  6.26265025e+00  4.77707318e+00  4.08447585e+00

molecule   575
  6.05325675e+00  2.20921882e+00  5.47759025e+00

molecule   576
  4.33687572e+00  3.90725653e-01  8.60318146e+00

molecule   577
  6.95481345e+00  6.02105112e+00  9.52434960e+00

molecule   578
  8.81856546e+00  5.02622257e-01  9.34756034e+00

molecule   579
  6.37001493e+00  8.84686271e-01  5.40726589e+00

molecule   580
  7.64782754e+00  4.66070960e+00  6.72124763e+00

molecule   581
  2.83677507e+00  6.86282291e+00  8.72553811e+00

molecule   582
  6.68956270e+00  4.32086604e+00  2.37653663e+00

molecule   583
  4.20864354e+00  2.50227429e+00  4.31873856e+00

molecule   584
  2.96677419e+00  8.70110785e+00  4.10744123e+00

molecule   585
  4.49064203e+00  5.66027261e-01  2.21101604e+00

molecule   586
  1.68808500e+00  8.29548436e+00  5.12719142e+00

molecule   587
  5.07912814e+00  9.20529772e+00  5.12280217e+00

molecule   588
  4.48594095e+00  4.03924299e+00  3.75754572e+00

molecule   589
  1.54646911e+00  8.77157354e-01  1.74536976e+00

molecule   590
  5.06814643e+00  7.21666059e+00  5.43197100e+00

molecule   591
  8.36840303e+00  1.91797203e+00  9.61970052e+00

molecule   592
  9.33482836e+00  1.46259945e+00  8.86981371e+00

molecule   593
  5.53688472e+00  7.74561419e+00  1.10454658e+00

molecule   594
  6.31543691e+00  8.41430049e+00  1.35638274e+00

molecule   595
  1.00932289e+00  3.72039162e+00  8.57196802e+00

molecule   596
  8.51985274e-01  4.48807298e+00  1.58807591e+00

molecule   597
  7.51833945e+00  6.66145937e+00  4.36244632e+00

molecule   598
  5.13951971e+00  4.19199853e+00  8.89195665e+00

molecule   599
  6.46344504e+00  6.60679782e+00  4.60254728e+00

molecule   600
  9.31019568e+00  1.98099832e+00  3.02159363e+00

molecule   601
  8.82734353e-02  5.97118311e+00  4.40574651e+00

molecule   602
  3.99835921e-01  8.63571068e-02  3.14243373e+00

molecule   603
  4.27317327e+00  3.65069348e-01  3.98917415e+00

molecule   604
  8.92149660e+00  1.04753473e-01  4.65454566e+00

molecule   605
  4.55416996e+00  7.95844170e+00  8.86737669e+00

molecule   606
  1.01236502e+00  6.53968555e+00  7.27672639e+00

molecule   607
  8.05397089e+00  4.96853858e+00  7.75012782e+00

molecule   608
  2.51499146e-01  5.09230387e+00  2.20894597e+00

molecule   609
  9.59390144e+00  2.43574955e+00  8.33792180e+00

molecule   610
  1.34459393e+00  3.95746969e+00  7.56836448e-01

molecule   611
  1.37265801e+00  3.21311294e+00  9.62326266e-02

molecule   612
  5.96301791e+00  6.38255343e+00  1.63231489e+00

molecule   613
  8.11230059e+00  5.45681847e+00  6.08384996e+00

molecule   614
  6.68206717e+00  1.96332313e+00  1.98204807e+00

molecule   615
  7.19169438e+00  9.96660357e+00  5.30170406e+00

molecule   616
  5.17576852e+00  8.67796897e+00  9.88548235e+00

molecule   617
  8.28237343e+00  9.72551431e+00  8.65544495e+00

molecule   618
  3.05977273e+00  9.93603029e+00  3.00113030e+00

molecule   619
  5.96408557e+00  6.24801673e+00  6.89547819e+00

molecule   620
  4.29912471e+00  7.82902391e-01  6.83167669e+00

molecule   621
  5.70881670e+00  1.38845114e+00  8.86520323e+00

molecule   622
  1.92401254e+00  9.21758821e+00  4.40669399e+00

molecule   623
  8.40739989e+00  9.35507383e+00  7.00836510e+00

molecule   624
  5.75134122e+00  2.03463457e+00  1.89241315e+00

molecule   625
  2.52782319e+00  4.98554864e+00  8.17539874e+00

molecule   626
  9.28434087e+00  2.08636401e+00  5.74983221e+00

molecule   627
  5.84610098e+00  8.72430616e+00  8.80827507e+00

molecule   628
  9.88955039e-01  1.27018812e+00  3.05319093e-01

molecule   629
  2.26507423e+00  2.86129906e+00  6.08059116e+00

molecule   630
  8.25132474e+00  7.25310216e+00  6.67114486e+00

molecule   631
  9.97303049e-01  2.83684146e+00  2.03518606e+00

molecule   632
  3.97824280e+00  8.80246253e+00  2.38918502e+00

molecule   633
  3.21072053e+00  9.22419046e+00  1.79059482e+00

molecule   634
  1.32767404e+00  6.11796254e+00  4.59578012e-01

molecule   635
  6.66977344e+00  7.13525074e+00  9.70431436e+00

molecule   636
  7.21864109e+00  7.67574019e+00  8.29854005e+00

molecule   637
  1.90355074e+00  9.06794746e+00  8.73473556e+00

molecule   638
  3.55192725e+00  1.58668175e+00  7.27832781e+00

molecule   639
  8.68116459e+00  3.82860154e+00  5.16424818e+00

molecule   640
  2.34412718e+00  4.49070019e+00  7.25600385e+00

molecule   641
  5.82891021e+00  2.92901298e+00  2.75892761e+00

molecule   642
  5.04171764e+00  7.23656456e+00  1.88903856e+00

molecule   643
  9.13365309e+00  6.88074020e+00  5.11969818e+00

molecule   644
  5.82539282e+00  6.73239466e+00  3.80037214e+00

molecule   645
  4.74050716e+00  3.42739538e+00  2.91755035e+00

molecule   646
  7.93687477e+00  7.21587122e+00  2.94335736e+00

molecule   647
  7.54342013e+00  7.70561768e+00  9.28896361e+00

molecule   648
  5.00581189e+00  9.16688268e-01  9.26352979e+00

molecule   649
  3.61354742e+00  7.58968730e+00  2.28909055e-01

molecule   650
  9.08238020e+00  5.74488898e+00  2.69349512e+00

molecule   651
  8.94900777e+00  9.02203857e+00  6.16817162e+00

molecule   652
  2.34910104e-01  6.19963097e+00  1.09570465e+00

molecule   653
  8.88815574e-01  9.63857449e-01  3.68439764e+00

molecule   654
  3.28296895e+00  4.39094457e+00  4.33951802e+00

molecule   655
  2.22346279e+00  2.24430133e+00  9.37968243e+00

molecule   656
  9.69519929e+00  5.28098168e+00  1.17035649e+00

molecule   657
  3.20147934e+00  7.85949134e+00  1.72313398e+00

molecule   658
  2.00361835e+00  1.74757436e+00  6.05010103e+00

molecule   659
  4.09367451e+00  6.34071035e+00  4.10898556e+00

molecule   660
  3.04160612e+00  5.53281959e-01  6.78515664e+00

molecule   661
  6.48036831e+00  7.35778939e-01  8.78176192e-01

molecule   662
  8.99960957e+00  2.03310055e+00  6.82408325e+00

molecule   663
  4.80589982e+00  2.04310090e+00  7.50975533e+00

molecule   664
  3.48200333e+00  2.04544329e+00  3.24648458e+00

molecule   665
  8.58733770e+00  4.80067409e+00  4.91785825e+00

molecule   666
  3.77293962e+00  1.07795189e-01  9.45930983e+00

molecule   667
  7.46919044e+00  8.04305301e+00  3.42512814e+00

molecule   668
  3.51229898e-01  3.09215623e+00  9.65195552e+00

molecule   669
  6.92980012e+00  8.52519351e+00  4.24016529e+00

molecule   670
  6.16418203e+00  2.60748988e+00  1.02877053e-01

molecule   671
  3.88186839e+00  4.20226736e+00  2.98072951e+00

molecule   672
  2.41263596e+00  3.53674753e+00  7.94785473e-01

molecule   673
  7.83916413e+00  9.04638025e+00  7.94387687e+00

molecule   674
  3.18089852e+00  7.02597316e+00  5.61042011e+00

molecule   675
  6.86110053e+00  2.11910707e+00  3.47725070e+00

molecule   676
  3.84504019e+00  1.81106304e+00  1.81346043e+00

molecule   677
  1.49884649e+00  1.90833992e+00  3.85028958e+00

molecule   678
  3.50837114e+00  9.65363002e+00  7.15693809e+00

molecule   679
  8.60351017e+00  2.56999575e+00  4.57797312e-01

molecule   680
  4.99789081e+00  3.40829522e+00  4.74433203e+00

molecule   681
  1.74109394e-01  4.56486888e+00  2.88966897e-01

molecule   682
  3.35865307e+00  3.82995308e+00  5.38775477e+00

molecule   683
  5.15825808e+00  9.57480907e+00  2.20082516e+00

molecule   684
  4.02664982e+00  5.75805001e+00  1.40074290e+00

molecule   685
  7.44840010e+00  5.18597038e+00  1.73318213e+00

molecule   686
  8.45539837e-01  3.97056963e+00  9.50095916e+00

molecule   687
  7.63568821e+00  3.31160377e+00  7.19456034e+00

molecule   688
  6.21140027e+00  3.45336294e+00  5.53030293e+00

molecule   689
  4.36597036e+00  2.85531944e+00  6.65239631e+00

molecule   690
  5.67722975e+00  3.50320937e+00  8.43837066e-03

molecule   691
  5.59068871e+00  2.30733317e+00  9.30926011e+00

molecule   692
  5.01736666e+00  6.32334232e+00  4.85166677e+00

molecule   693
  3.31316398e+00  6.95482104e+00  1.04929816e+00

molecule   694
  8.54220543e+00  5.06169358e+00  9.20017922e+00

molecule   695
  5.21380280e+00  9.15130705e+00  8.01978791e+00

molecule   696
  1.33390198e+00  7.40933702e+00  3.14096936e+00

molecule   697
  9.31775911e+00  7.91545557e+00  4.04090484e+00

molecule   698
  4.77172723e+00  4.65778616e+00  5.63493821e+00

molecule   699
  1.66635672e+00  7.64009328e+00  1.75877688e+00

molecule   700
  9.17921138e+00  4.92676919e+00  9.04242867e-02

molecule   701
  4.81059797e+00  7.20467248e+00  4.23738510e+00

molecule   702
  6.70824073e+00  5.33459176e+00  8.74291121e-01

molecule   703
  7.54488750e-01  9.43665410e+00  7.93445280e+00

molecule   704
  6.52127731e+00  7.66671785e-01  8.65736738e+00

molecule   705
  2.79318882e+00  8.21687183e+00  3.23477103e+00

molecule   706
  1.93239399e+00  6.67612445e+00  1.34887201e+00

molecule   707
  5.47081399e-01  9.09267876e+00  3.44437079e+00

molecule   708
  2.88030035e+00  4.49789987e+00  1.12519048e+00

molecule   709
  2.39305621e+00  1.22303332e+00  6.93712527e+00

molecule   710
  7.44651666e-01  1.29999657e+00  5.15357259e+00

molecule   711
  5.66411831e+00  1.38875514e+00  3.19390197e+00

molecule   712
  5.16207401e+00  3.41766169e+00  5.82307589e+00

molecule   713
  3.71602606e+00  8.98526035e+00  5.58006177e+00

molecule   714
  3.10815416e+00  9.64890133e+00  6.04972932e+00

molecule   715
  7.68531308e+00  7.81027582e+00  1.40800309e+00

molecule   716
  9.94648724e+00  1.98273883e+00  5.02177822e+00

molecule   717
  5.31075981e+00  6.58317417e+00  7.90769423e+00

molecule   718
  8.81626033e+00  9.72016841e+00  1.35805385e+00

molecule   719
  1.56313824e+00  3.34268227e+00  2.71707916e+00

molecule   720
  5.84844835e+00  1.43766552e+00  7.58200437e+00

molecule   721
  7.48222474e+00  9.33118014e+00  6.07900926e+00

molecule   722
  6.74568191e+00  3.79261350e+00  4.43054861e+00

molecule   723
  4.23524453e+00  9.22478493e+00  1.00920789e+00

molecule   724
  9.28965021e+00  1.51237361e+00  1.35284783e+00

molecule   725
  7.09691318e-01  2.77705696e+00  8.18900213e+00

molecule   726
  9.27539581e+00  8.87879966e+00  2.75328582e+00

molecule   727
  7.39142432e+00  6.74499838e+00  4.79249237e-01

molecule   728
  6.76747304e+00  6.62782207e+00  8.71381589e+00

molecule   729
  5.49355089e+00  3.28941998e+00  1.05047365e+00

molecule   730
  3.75923239e-01  3.32254500e-01  5.16218119e+00

molecule   731
  9.84783940e+00  1.62807272e+00  7.88603911e+00

molecule   732
  1.11020536e+00  8.23797085e+00  3.45936495e+00

molecule   733
  8.08741279e+00  4.47880467e-02  2.18296476e+00

molecule   734
  7.76329212e-01  4.74851231e+00  6.25390429e+00

molecule   735
  8.88338180e+00  9.27440098e+00  8.04559936e+00

molecule   736
  9.11287573e+00  7.10558191e+00  3.41364935e+00

molecule   737
  1.93085421e+00  5.71073742e+00  5.21212191e+00

molecule   738
  6.94131719e+00  7.23337937e+00  3.65864825e+00

molecule   739
  2.47267747e+00  7.15000142e+00  3.33376577e+00

molecule   740
  6.56611891e+00  8.14571767e+00  9.10274223e+00

molecule   741
  4.51711939e+00  8.35954473e+00  6.08612967e+00

molecule   742
  2.40048919e-01  3.85994224e+00  6.42533548e+00

molecule   743
  9.21038924e+00  3.50661238e+00  3.26784950e+00

molecule   744
  3.00110779e+00  7.55229587e+00  4.21937226e+00

molecule   745
  4.07447384e+00  7.67170869e+00  2.07674697e+00

molecule   746
  3.44441249e+00  7.58952134e+00  9.24541886e+00

molecule   747
  4.47140876e+00  1.71567826e+00  6.11733207e+00

molecule   748
  8.06453851e+00  2.65814038e-01  3.56568875e-01

molecule   749
  1.78862403e+00  2.24491542e+00  1.52666638e+00

molecule   750
  6.80328695e-01  3.91284043e+00  7.38233152e+00

molecule   751
  4.04265937e-01  5.49314099e-01  2.14868238e+00

molecule   752
  1.59855123e+00  6.68503987e+00  2.49638591e+00

molecule   753
  9.86009696e+00  1.15647176e+00  5.62855687e+00

molecule   754
  4.89229728e+00  2.40624011e+00  3.17230328e+00

molecule   755
  7.62468103e+00  8.82216550e+00  1.25450102e+00

molecule   756
  9.87109486e+00  7.76025291e+00  2.06041339e+00

molecule   757
  5.59229628e+00  2.30155224e+00  8.28893611e+00

molecule   758
  3.48475231e+00  5.76804010e+00  4.00290315e-02

molecule   759
  9.28447353e+00  9.11451787e+00  9.61237129e+00

molecule   760
  3.11541439e+00  8.04129058e+00  5.00541250e+00

molecule   761
  1.35293748e+00  5.87105696e+00  1.57511558e+00

molecule   762
  2.00081141e+00  4.53954175e+00  4.57526343e+00

molecule   763
  3.85871979e+00  1.90466151e-01  7.14290863e-01

molecule   764
  8.57019702e+00  6.82590859e+00  4.20611580e+00

molecule   765
  3.39512223e+00  4.31250423e+00  6.75726258e+00

molecule   766
  1.79826220e+00  4.46690851e+00  1.44172256e+00

molecule   767
  3.83583839e+00  7.96005362e+00  7.70750613e+00

molecule   768
  9.36663005e+00  6.16404934e+00  8.19432035e+00

molecule   769
  8.19143521e+00  3.57954307e+00  1.02930264e+00

molecule   770
  1.95408376e+00  9.56614669e+00  2.09062873e+00

molecule   771
  3.18217124e+00  5.22632946e+00  7.32239215e+00

molecule   772
  6.96639205e+00  5.18227167e+00  7.36424310e+00

molecule   773
  5.70467388e-01  5.38200685e+00  7.20032821e-01

molecule   774
  8.01597587e+00  4.09590936e+00  2.13047119e-01

molecule   775
  2.80748958e+00  6.52406652e+00  4.77900417e+00

molecule   776
  5.12913356e+00  2.57911861e+00  5.25761452e+00

molecule   777
  2.61575011e+00  8.91565739e+00  9.87663673e+00

molecule   778
  5.92073855e+00  3.77119621e+00  1.96084410e+00

molecule   779
  1.73026890e+00  3.33509884e+00  7.67580030e+00

molecule   780
  5.01005284e+00  7.46782193e+00  7.52392297e+00

molecule   781
  8.24256229e+00  1.46328959e+00  2.73321547e+00

molecule   782
  2.52756297e+00  7.64929683e+00  7.37846110e-01

molecule   783
  6.04513723e+00  5.02218086e+00  5.08298847e+00

molecule   784
  4.81682064e+00  8.46703839e+00  1.64038985e+00

molecule   785
  8.27043629e+00  2.96529320e+00  3.29901999e+00

molecule   786
  9.36560041e-01  5.69453931e+00  3.47809867e+00

molecule   787
  9.95198371e+00  9.11051684e+00  8.67583987e+00

molecule   788
  8.02983420e+00  7.64024799e+00  1.69723992e-01

molecule   789
  4.78855574e+00  4.27354869e+00  2.32528392e+00

molecule   790
  5.43947856e+00  3.45318247e+00  3.78425678e+00

molecule   791
  1.38830565e+00  6.18489471e+00  6.10061476e+00

molecule   792
  4.85544314e+00  4.49692778e+00  6.61882798e+00

molecule   793
  3.37114427e+00  2.27142539e+00  9.26321382e+00

molecule   794
  7.95716096e+00  2.25542708e+00  7.13289964e+00

molecule   795
  3.77853583e+00  6.19199832e+00  5.09289813e+00

molecule   796
  9.24944679e+00  4.06652163e+00  1.94269578e+00

molecule   797
  2.72125807e+00  7.03490281e+00  2.08955739e+00

molecule   798
  7.16859849e+00  9.88204641e+00  1.50403216e+00

molecule   799
  2.80651384e+00  5.27269965e-01  9.27400090e+00
