BOUNDARY

orthorhombic     1.04551590e+01  1.04551590e+01  1.04551590e+01

MOLECULES

species    0
nMolecule  100

molecule   0
  2.17745072e+00  1.20573270e-02  8.08236600e+00
  1.95865567e+00  1.59910219e-01  9.03383232e+00
  1.11282588e+00  7.54414214e-02  9.57977416e+00
  5.51939751e-01  1.02996331e+01  8.79733006e+00
  9.40142704e-01  1.63683278e-01  7.91116172e+00
  1.60012549e+00  8.88520947e-01  7.69441398e+00
  1.69931870e+00  1.50610785e-01  7.03509841e+00
  1.10251817e+00  3.72509702e-01  6.28283962e+00

molecule   1
  2.56047396e+00  8.82232223e+00  9.93323230e-01
  2.62052408e+00  8.08390116e+00  1.62935508e+00
  3.41297552e+00  7.65479792e+00  2.01779620e+00
  3.12574790e+00  7.26647001e+00  1.14407842e+00
  3.53485551e+00  8.01595752e+00  6.38288511e-01
  4.29585187e+00  8.33030595e+00  9.60516499e-02
  4.81260060e+00  8.25507525e+00  9.72054091e+00
  5.06249386e+00  7.85186379e+00  8.80169550e+00

molecule   2
  5.99277399e+00  4.46241178e+00  2.22220932e+00
  5.60817131e+00  3.59324516e+00  2.04557211e+00
  5.90081113e+00  3.45332757e+00  1.11390521e+00
  5.40898558e+00  4.29625339e+00  1.26859921e+00
  4.58095036e+00  4.06777378e+00  7.36568251e-01
  3.60811161e+00  4.00322261e+00  6.08948235e-01
  3.38144128e+00  3.19059178e+00  1.15558710e+00
  3.87572841e+00  2.37071338e+00  8.09656775e-01

molecule   3
  5.13073433e+00  5.99895927e+00  1.01544820e+01
  5.27791858e+00  5.44307664e+00  9.31211686e+00
  4.63404429e+00  5.05480187e+00  9.94559650e+00
  5.28743156e+00  4.39311562e+00  1.02531275e+01
  5.81871384e+00  3.72758902e+00  9.76028463e+00
  6.17240811e+00  4.65374492e+00  9.56096283e+00
  6.11099762e+00  5.46610951e+00  1.01790038e+01
  5.44544161e+00  5.41909597e+00  4.82633209e-01

molecule   4
  9.58805456e+00  4.23741991e+00  4.16692485e+00
  8.81457890e+00  3.88259597e+00  4.67661194e+00
  8.88152842e+00  3.88681927e+00  5.65618983e+00
  8.26215635e+00  3.32370019e+00  6.20203683e+00
  7.83698419e+00  2.47921056e+00  6.42265913e+00
  7.95756042e+00  1.45789804e+00  6.38926848e+00
  8.17370555e+00  6.17089942e-01  5.94232315e+00
  8.88824691e+00  7.13530797e-01  6.63656478e+00

molecule   5
  3.61578679e+00  2.82156346e+00  7.39683233e+00
  3.01910841e+00  3.28949757e+00  8.03238981e+00
  2.05958743e+00  3.00177411e+00  8.13713465e+00
  1.39118018e+00  2.28373024e+00  8.36213443e+00
  5.36285025e-01  1.83447600e+00  8.50206365e+00
  3.00759363e-01  1.89297952e+00  7.54293794e+00
  1.27482679e+00  2.01810547e+00  7.29974264e+00
  2.17473111e+00  1.74485446e+00  7.57765154e+00

molecule   6
  7.35413157e+00  4.81065298e-01  8.28416953e+00
  7.02208642e+00  1.33799342e+00  8.63894270e+00
  6.96341246e+00  2.05053403e+00  9.35211674e+00
  6.86686622e+00  2.10793404e+00  1.03107216e+01
  7.47434509e+00  1.35545128e+00  1.01381318e+01
  7.04285140e+00  1.24648291e+00  5.26233136e-01
  7.93722365e+00  1.19829669e+00  9.01267556e-01
  7.86149467e+00  8.19356617e-01  1.83525575e+00

molecule   7
  5.74445678e+00  5.95756798e+00  1.58921757e+00
  6.33504878e+00  6.75321259e+00  1.49421754e+00
  6.82390074e+00  7.62547828e+00  1.28335756e+00
  7.62233072e+00  7.55426202e+00  1.87327462e+00
  7.84818083e+00  6.58431562e+00  2.06901942e+00
  8.35299311e+00  6.51013848e+00  2.95932079e+00
  8.52595296e+00  7.44739951e+00  2.78564759e+00
  7.91379612e+00  7.74906816e+00  3.56139508e+00

molecule   8
  1.03698337e+01  7.08134271e-01  7.84431005e+00
  3.20095323e-01  1.07618368e+00  7.00101644e+00
  1.02927768e+01  4.00860928e-01  6.41433743e+00
  8.48107343e-03  9.84191936e+00  6.39886916e+00
  5.09794422e-01  8.96517348e+00  6.39904218e+00
  1.22282450e+00  8.94119304e+00  7.10859191e+00
  5.24811297e-01  9.64565472e+00  7.35048794e+00
  1.63780033e-01  9.34868707e+00  8.26651216e+00

molecule   9
  2.88907690e+00  7.38528804e+00  1.02172523e+01
  2.69765489e+00  6.64336085e+00  3.67404497e-01
  2.72959453e+00  6.16564750e+00  1.23607466e+00
  2.71424441e+00  5.55918188e+00  1.94903543e+00
  2.62419494e+00  4.61505065e+00  1.65330368e+00
  2.00970646e+00  5.31903630e+00  1.18533199e+00
  1.19190679e+00  5.49687699e+00  1.78015719e+00
  4.30868325e-01  4.93779183e+00  1.62561391e+00

molecule   10
  3.93707132e-01  3.21809249e+00  4.68444631e+00
  1.03969215e+01  2.79578623e+00  5.44917729e+00
  9.69216047e+00  3.48020658e+00  5.18744696e+00
  9.42859558e+00  3.13967643e+00  4.26380984e+00
  1.00834779e+01  2.45142448e+00  4.12775470e+00
  9.76146783e+00  1.50098538e+00  3.95862375e+00
  9.27558443e+00  1.49442355e+00  3.09195491e+00
  1.00434569e+01  2.08905548e+00  3.03180965e+00

molecule   11
  8.70938400e-02  7.48812925e-01  9.81447607e+00
  3.09490728e-05  4.86114968e-01  3.37416995e-01
  9.88144094e+00  1.02297564e+01  1.04428835e+01
  1.01411073e+01  9.46211856e+00  6.04280936e-01
  9.44286010e+00  9.73661436e+00  1.26169175e+00
  8.85174036e+00  1.03021048e+01  7.08053539e-01
  9.19855764e+00  6.28953106e-01  2.02009538e-01
  9.79294987e+00  1.23342127e+00  7.30583130e-01

molecule   12
  6.97513397e-01  1.69395292e+00  4.23003720e-01
  1.02585940e+01  2.04397010e+00  1.54989483e-01
  1.00194391e+01  2.62749694e+00  9.05073930e-01
  1.01201840e+01  3.38255147e+00  1.59208835e+00
  9.91042894e+00  3.60690050e+00  6.58324549e-01
  9.63511103e+00  4.59707143e+00  4.22640559e-01
  9.27302763e+00  5.51863247e+00  1.60028284e-01
  9.61413090e+00  5.76876016e+00  9.71269427e+00

molecule   13
  5.93698865e+00  1.03132188e+01  3.23340112e+00
  5.66285209e+00  9.61655067e+00  3.85514959e+00
  5.33034775e+00  8.94994366e+00  4.50913317e+00
  4.90192389e+00  8.88346106e+00  3.60378945e+00
  4.12653475e+00  9.34789210e+00  3.12410746e+00
  4.06866689e+00  8.33707188e+00  2.92945312e+00
  4.10090156e+00  8.98743326e+00  2.20532843e+00
  3.22913248e+00  9.01974074e+00  1.69781511e+00

molecule   14
  4.52258740e+00  7.93952354e+00  2.03967697e+00
  4.64966871e+00  8.67919571e+00  1.34703186e+00
  4.23393200e+00  9.55285700e+00  1.29631069e+00
  4.29810965e+00  9.88542238e+00  3.06696654e-01
  3.30868674e+00  9.84155875e+00  4.43414371e-01
  3.35389962e+00  3.57761992e-01  5.31065066e-01
  2.91146583e+00  2.23083003e-01  1.01182841e+01
  3.71460035e+00  4.07156690e-01  9.55520467e+00

molecule   15
  9.11846881e+00  4.65299886e+00  2.86522865e+00
  9.27551256e+00  5.12140589e+00  3.74270743e+00
  9.58484070e+00  6.02058839e+00  3.96405480e+00
  9.33988618e+00  6.78151777e+00  3.34076909e+00
  9.47086670e+00  6.06476795e+00  2.65684583e+00
  1.04204495e+01  5.80000302e+00  2.51891911e+00
  9.98199952e+00  4.87436347e+00  2.42968386e+00
  3.30705720e-01  4.78517836e+00  3.02370604e+00

molecule   16
  1.01336645e+01  1.02259728e+01  9.37338196e+00
  9.23814235e+00  9.78002963e+00  9.39872356e+00
  8.87720575e+00  9.61906490e+00  8.43954856e+00
  8.21284237e+00  8.91058195e+00  8.67730677e+00
  7.76192459e+00  9.44231038e+00  9.35867444e+00
  6.91840367e+00  9.98608364e+00  9.07018566e+00
  7.00842704e+00  9.01862309e+00  8.93418794e+00
  7.19864695e+00  8.95594106e+00  7.94521715e+00

molecule   17
  5.97087628e+00  5.78147980e+00  7.73056715e+00
  5.37966994e+00  6.50763932e+00  7.29200431e+00
  5.43783801e+00  7.13734469e+00  8.12913195e+00
  5.73756356e+00  7.63042244e+00  7.31741731e+00
  6.14833239e+00  7.57199270e+00  6.40261088e+00
  7.13792851e+00  7.68801772e+00  6.50213547e+00
  7.42465320e+00  7.92998879e+00  7.44009112e+00
  6.86619053e+00  7.11224348e+00  7.54826482e+00

molecule   18
  4.68678217e+00  5.76632026e+00  8.15417422e+00
  3.96031246e+00  5.65829917e+00  8.81543047e+00
  3.84376906e+00  6.66501069e+00  8.75236150e+00
  3.61531422e+00  6.34481221e+00  9.71732195e+00
  3.95697127e+00  5.62429065e+00  1.03513497e+01
  3.61359965e+00  5.79237192e+00  8.01854884e-01
  4.23363229e+00  5.93440586e+00  1.59592815e+00
  4.67811768e+00  5.11272296e+00  1.13539491e+00

molecule   19
  3.79831019e+00  9.58791949e+00  5.68124481e+00
  3.22335415e+00  1.04255116e+01  5.68148287e+00
  2.91129720e+00  5.65386722e-01  4.99563614e+00
  2.36617751e+00  7.33898947e-01  5.77279305e+00
  2.24432503e+00  1.02683838e+01  5.39643507e+00
  1.33562373e+00  1.02157783e+01  4.94260785e+00
  8.45562232e-01  9.32355749e+00  5.00822492e+00
  1.03496649e+01  9.46859986e+00  5.01258907e+00

molecule   20
  2.28945580e+00  4.29316252e+00  2.62143562e+00
  1.66153524e+00  4.67722734e+00  3.22730418e+00
  1.60603258e+00  3.70414245e+00  3.16382438e+00
  6.87491225e-01  3.42637342e+00  3.09500344e+00
  5.55297950e-01  4.16257364e+00  3.76995800e+00
  1.03385423e-01  4.54404862e+00  4.57462163e+00
  1.08924833e+00  4.47453657e+00  4.73585937e+00
  1.78399803e+00  4.21214867e+00  4.10396056e+00

molecule   21
  6.83997553e+00  4.76092902e+00  6.59026934e+00
  7.37407694e+00  5.33521488e+00  7.18975617e+00
  6.82208122e+00  6.09337036e+00  6.90273338e+00
  6.09139969e+00  5.84525519e+00  6.28201961e+00
  6.11640076e+00  6.66172100e+00  5.73256675e+00
  5.16605987e+00  6.61412798e+00  6.02297751e+00
  4.56588128e+00  7.16638175e+00  5.40833689e+00
  5.21749397e+00  7.58889128e+00  4.75144774e+00

molecule   22
  2.39024535e+00  1.81578263e+00  2.34501682e+00
  3.01875024e+00  1.78451993e+00  3.10626211e+00
  2.29379320e+00  2.14934646e+00  3.75157070e+00
  1.68493941e+00  1.88233013e+00  3.01419330e+00
  1.99482735e+00  1.14686204e+00  3.63544391e+00
  1.22864303e+00  1.15743491e+00  4.24526055e+00
  7.87547617e-01  4.67370947e-01  3.62385957e+00
  1.53261952e+00  1.03196620e+01  3.91493678e+00

molecule   23
  3.06619957e+00  1.47086102e+00  5.66284238e-01
  2.36252388e+00  1.16454459e+00  1.03572223e+01
  2.63541051e+00  2.04463655e+00  9.97050381e+00
  1.60428018e+00  2.06901419e+00  1.00244578e+01
  7.28872467e-01  1.58270603e+00  9.78385002e+00
  1.44742520e+00  9.46551539e-01  1.00799306e+01
  1.46998924e+00  2.18273564e-01  3.10493108e-01
  2.27663934e+00  2.51957928e-01  9.69643125e-01

molecule   24
  1.43267617e+00  9.98843613e+00  8.58800012e+00
  1.25100981e+00  9.03346510e+00  8.76866803e+00
  1.69761541e+00  8.44679673e+00  9.53950402e+00
  2.06599685e+00  7.91391027e+00  8.80903022e+00
  2.44759895e+00  8.83188505e+00  8.55718756e+00
  2.90731923e+00  8.37486166e+00  9.30867372e+00
  3.80342722e+00  8.07016397e+00  9.52917551e+00
  4.42156649e+00  7.29012291e+00  9.67122125e+00

molecule   25
  1.71448020e+00  7.23546344e+00  3.04768388e+00
  1.69492604e+00  7.75910165e+00  3.89180181e+00
  1.72056334e+00  8.68902599e+00  4.26971001e+00
  2.60985796e+00  8.22060869e+00  4.17968654e+00
  2.70359030e+00  8.16632410e+00  3.14455465e+00
  3.20629495e+00  8.94883059e+00  3.52191708e+00
  3.05295006e+00  9.14168378e+00  4.52242363e+00
  2.31504560e+00  9.83267843e+00  4.38300207e+00

molecule   26
  9.38531434e+00  9.40923781e+00  3.35377167e+00
  9.27034207e+00  9.67548768e+00  2.38439555e+00
  8.43890729e+00  9.16606830e+00  2.41729781e+00
  8.17800973e+00  9.64047790e+00  1.57737640e+00
  7.34799566e+00  9.63096222e+00  2.09784280e+00
  6.89295228e+00  8.76185048e+00  2.04680635e+00
  6.19237409e+00  8.45297478e+00  2.67998174e+00
  6.44084869e+00  9.07224820e+00  3.40342142e+00

molecule   27
  6.11273222e+00  9.58339865e+00  7.47604266e+00
  6.41506059e+00  1.00325843e+01  6.63199261e+00
  5.62352056e+00  9.79669339e+00  5.99557870e+00
  4.84467291e+00  9.80008080e+00  5.38603270e+00
  4.20776165e+00  9.40980514e+00  4.71685069e+00
  4.27400557e+00  8.44758476e+00  5.01889141e+00
  3.76165435e+00  8.29681453e+00  4.10995546e+00
  3.51089029e+00  7.53139557e+00  3.52262297e+00

molecule   28
  1.29296441e+00  6.78570071e+00  6.41350080e+00
  7.26089963e-01  7.29302533e+00  5.77286599e+00
  7.96836966e-02  7.98893752e+00  5.42655623e+00
  1.01874416e+01  7.05469189e+00  5.46716168e+00
  2.98047792e-01  6.24987570e+00  5.50580416e+00
  6.94151756e-01  5.39618549e+00  5.10554036e+00
  1.30778936e+00  6.07412583e+00  5.53183297e+00
  9.08668862e-01  5.82905736e+00  6.41947784e+00

molecule   29
  1.14757895e+00  7.85684750e+00  2.20813913e+00
  1.39183788e+00  7.64494709e+00  1.25290287e+00
  2.03905378e+00  7.30528449e+00  1.97460812e+00
  1.96011973e+00  6.72440937e+00  1.23351643e+00
  9.40366372e-01  6.72858995e+00  1.24761772e+00
  6.77050136e-01  6.78369194e+00  2.18311191e+00
  1.01620360e+01  6.65799189e+00  2.11647592e+00
  1.36204670e-02  7.61044216e+00  2.11412519e+00

molecule   30
  2.65288611e+00  9.54910208e+00  7.74948612e+00
  3.09284340e+00  8.62310185e+00  7.60867529e+00
  3.93364833e+00  8.38643766e+00  8.08497277e+00
  3.36217508e+00  7.56897259e+00  8.05998865e+00
  3.74729342e+00  7.68082638e+00  7.15552491e+00
  3.93982061e+00  6.80120683e+00  6.72130924e+00
  4.07371877e+00  6.04100587e+00  6.05245766e+00
  4.55190199e+00  5.73368632e+00  6.89494317e+00

molecule   31
  6.76870403e+00  6.81582733e+00  3.71147807e+00
  6.13842416e+00  6.02494161e+00  3.87409843e+00
  6.68352904e+00  5.76033526e+00  4.64691357e+00
  7.23846307e+00  5.06322938e+00  5.15820710e+00
  7.17467195e+00  4.34330202e+00  4.46183725e+00
  7.67073440e+00  3.66819066e+00  5.02035967e+00
  6.85762206e+00  4.03709815e+00  5.51555693e+00
  7.17598474e+00  3.10159712e+00  5.66319441e+00

molecule   32
  4.08342760e+00  1.01933719e+01  8.19673468e+00
  3.36306928e+00  4.58916754e-01  8.19368554e+00
  2.91717701e+00  9.13463434e-01  8.95974044e+00
  2.35827351e+00  1.71473822e+00  8.74778000e+00
  3.28777212e+00  1.80404697e+00  8.46067755e+00
  3.34960242e+00  2.67581243e+00  8.85412525e+00
  4.25090222e+00  3.01269109e+00  9.01874590e+00
  4.44918149e+00  3.25413625e+00  8.05620183e+00

molecule   33
  1.79583982e+00  5.24335870e+00  6.24620309e+00
  2.00981698e+00  6.06925277e+00  6.85499448e+00
  2.99835177e+00  6.18194490e+00  6.72848735e+00
  3.00591740e+00  5.72699397e+00  5.81322862e+00
  2.72615369e+00  6.67780880e+00  5.88117515e+00
  2.96620319e+00  7.45896070e+00  6.40370282e+00
  2.24511695e+00  6.98933431e+00  6.91562501e+00
  1.43185970e+00  6.69798822e+00  7.44881527e+00

molecule   34
  6.41050876e+00  3.38819752e+00  2.70993707e+00
  6.81251960e+00  3.62944935e+00  3.60495480e+00
  6.97452779e+00  2.79148858e+00  4.17102869e+00
  7.07054856e+00  1.86581918e+00  4.52487401e+00
  7.72317050e+00  1.14475999e+00  4.38954609e+00
  7.22401090e+00  3.73104599e-01  4.00438459e+00
  6.83569280e+00  9.95684926e+00  3.71597847e+00
  7.59923769e+00  9.88230083e+00  3.13345632e+00

molecule   35
  4.41155954e+00  3.43190947e-01  1.43239715e+00
  5.03828045e+00  1.10644743e+00  1.30738098e+00
  5.84216953e+00  7.71508155e-01  1.81764147e+00
  6.36578049e+00  1.54754322e+00  1.57277976e+00
  6.40986520e+00  2.16870918e+00  7.68429539e-01
  6.50062539e+00  2.48026682e+00  1.75803787e+00
  7.13147330e+00  2.93774492e+00  1.14370140e+00
  7.27104715e+00  3.78717148e+00  1.70321181e+00

molecule   36
  5.11937556e-01  1.08155102e+00  1.30146523e+00
  7.69977119e-01  1.23228841e+00  2.27649455e+00
  1.68771935e+00  8.34722756e-01  2.05549276e+00
  1.87968779e+00  1.03742051e+01  1.95559140e+00
  2.33574838e+00  9.50430806e+00  1.83047983e+00
  1.95528752e+00  8.74155746e+00  2.33632946e+00
  1.05581084e+00  9.03762016e+00  2.11763251e+00
  6.45400740e-01  8.38710413e+00  1.42513073e+00

molecule   37
  9.72770184e+00  2.04338163e+00  1.88433562e+00
  9.37316895e+00  1.10921931e+00  2.09331890e+00
  9.27445346e+00  2.14388753e-01  1.70613240e+00
  1.02236161e+01  1.04351998e+01  1.64512900e+00
  7.61026851e-01  1.11861494e-01  1.71364269e+00
  4.52876494e-01  9.92804094e-02  2.66244561e+00
  1.03248099e+01  9.30555717e-01  2.79908885e+00
  9.83080197e+00  1.20530040e-01  3.15352426e+00

molecule   38
  5.18601907e+00  7.72216173e-02  7.32729215e+00
  5.12524934e+00  9.82975317e+00  8.05012411e+00
  4.62056134e+00  9.08895173e+00  8.48420785e+00
  5.24166914e+00  8.56579645e+00  7.96221425e+00
  6.26611112e+00  8.40463027e+00  7.83107155e+00
  6.40375111e+00  8.09303182e+00  8.77880879e+00
  7.19849564e+00  7.96883429e+00  9.36558453e+00
  7.37180637e+00  7.44754463e+00  8.55133058e+00

molecule   39
  5.92654582e+00  4.53727118e+00  7.01754471e+00
  5.51838639e+00  3.96081145e+00  7.72288163e+00
  4.94575187e+00  4.73178323e+00  7.48642604e+00
  4.04623856e+00  5.14454949e+00  7.49419742e+00
  3.61337976e+00  6.06134468e+00  7.57939050e+00
  2.75634664e+00  6.58345555e+00  7.81653817e+00
  2.68899577e+00  6.03920278e+00  8.65115230e+00
  2.84416114e+00  6.92934435e+00  9.10850955e+00

molecule   40
  5.42297450e+00  9.36670220e-01  9.26978073e+00
  4.81387999e+00  2.16801966e-01  8.98234003e+00
  4.54069313e+00  9.93310593e+00  9.64453688e+00
  3.84453713e+00  9.57827502e+00  8.96073264e+00
  2.95392236e+00  1.00529547e+01  9.00871548e+00
  2.33326103e+00  9.54324848e+00  9.61103429e+00
  2.07017843e+00  9.98650844e+00  1.04469671e+01
  1.50878527e+00  9.19847657e+00  1.02814487e+01

molecule   41
  3.11120108e+00  1.65629636e+00  4.38193610e+00
  3.26001823e+00  2.54528586e+00  4.76252120e+00
  3.36421495e+00  3.02749719e+00  5.66434040e+00
  4.22647853e+00  2.94175773e+00  6.15909021e+00
  3.64632814e+00  3.52476136e+00  6.63454576e+00
  3.77550283e+00  3.90459225e+00  7.52365711e+00
  4.63554978e+00  3.85294851e+00  7.02500075e+00
  5.24442575e+00  3.22241838e+00  6.62970464e+00

molecule   42
  7.76670038e+00  2.90846025e+00  2.44300554e+00
  7.41485564e+00  2.04856859e+00  2.45326520e+00
  8.21049982e+00  1.97888706e+00  1.91173079e+00
  8.63610860e+00  2.51585305e+00  1.18695549e+00
  8.19660431e+00  2.39620268e+00  2.44934957e-01
  7.43348736e+00  3.02871675e+00  5.16233567e-02
  7.80297037e+00  2.54143351e+00  9.70478358e+00
  8.32741763e+00  2.90853598e+00  8.97107334e+00

molecule   43
  7.62000344e+00  8.26229382e+00  9.77656826e-01
  7.99379511e+00  7.34443600e+00  8.58846473e-01
  8.94843651e+00  7.57431333e+00  1.02459900e+00
  9.66517114e+00  7.04933905e+00  5.86953120e-01
  8.90289171e+00  6.50205418e+00  2.16902345e-01
  8.35787010e+00  6.79598273e+00  9.85250925e+00
  9.19912010e+00  7.32224376e+00  1.00560954e+01
  9.97541645e+00  7.06283976e+00  9.45378277e+00

molecule   44
  9.97905601e+00  8.61614107e+00  4.04737465e+00
  1.01998263e+01  7.90778607e+00  3.40009572e+00
  2.43661333e-02  6.94430464e+00  3.45991525e+00
  9.92138934e+00  7.15191007e+00  4.28148641e+00
  3.23199333e-02  6.33375263e+00  4.35664640e+00
  9.38209865e-01  6.83208859e+00  4.37215259e+00
  9.31413409e-01  5.85704794e+00  4.10576010e+00
  6.52815290e-01  6.09621832e+00  3.16386781e+00

molecule   45
  9.41862471e-01  5.93479234e+00  1.02653818e+01
  1.68188194e+00  6.53608637e+00  3.86894401e-02
  1.97183961e+00  7.42808537e+00  2.82592996e-01
  1.05465738e+00  7.68466521e+00  1.04204805e+01
  7.98721365e-02  7.67272408e+00  1.02929438e+01
  6.58788792e-01  8.21473073e+00  9.65805224e+00
  1.02852642e+01  8.34615107e+00  9.10054972e+00
  9.96111688e-03  9.06773348e+00  9.78700061e+00

molecule   46
  6.07941078e+00  8.01486864e+00  4.85590169e+00
  6.92234880e+00  8.40875028e+00  4.99880970e+00
  7.23847533e+00  8.84339643e+00  4.15289833e+00
  8.06756814e+00  8.38131493e+00  4.34516573e+00
  8.17323143e+00  9.26993651e+00  3.89321609e+00
  8.69323451e+00  1.00748073e+01  3.65198446e+00
  8.75627964e+00  1.04595163e-01  2.81983650e+00
  8.30161768e+00  9.91556758e-01  3.00378622e+00

molecule   47
  8.02733859e+00  1.02204018e+01  1.01711454e+01
  7.29709084e+00  9.59816262e+00  1.02971942e+01
  7.75919135e+00  8.70486308e+00  2.30597759e-02
  8.21544656e+00  8.22494068e+00  9.73850422e+00
  8.34331150e+00  8.00815484e+00  2.68383760e-01
  8.95241412e+00  8.68656874e+00  6.88228823e-01
  9.21744030e+00  9.31710948e+00  1.03793951e+01
  9.20677577e+00  8.39444917e+00  1.01886200e+01

molecule   48
  8.26973207e+00  6.11317325e+00  8.12410998e+00
  7.51928562e+00  5.45993076e+00  8.20244126e+00
  7.68198948e+00  4.93675928e+00  9.04542073e+00
  6.99561621e+00  4.38816846e+00  8.60296353e+00
  6.84035742e+00  4.13629451e+00  7.62512203e+00
  6.36669065e+00  3.25711516e+00  7.35324940e+00
  7.16799224e+00  3.47621082e+00  6.76150485e+00
  7.66693804e+00  4.18719887e+00  6.22550760e+00

molecule   49
  7.59165042e+00  5.48206410e+00  1.76192177e+00
  6.79426441e+00  4.87643115e+00  1.89260949e+00
  6.10684192e+00  4.97955658e+00  1.19560341e+00
  6.61653756e+00  5.71632560e+00  7.02934195e-01
  7.57220968e+00  5.49999915e+00  5.54739242e-01
  7.18105040e+00  5.83918010e+00  1.01069802e+01
  7.29735672e+00  6.83605054e+00  1.02497146e+01
  7.07475140e+00  7.76869938e+00  7.59505192e-02

molecule   50
  1.53259675e+00  3.27853994e+00  1.90674279e+00
  1.72869587e+00  4.06109426e+00  1.30095676e+00
  2.52011956e+00  3.60799569e+00  8.60522910e-01
  2.68705005e+00  2.68771760e+00  4.62859699e-01
  1.83067493e+00  2.28867562e+00  7.86425335e-01
  2.21995884e+00  2.45827762e+00  1.65838940e+00
  1.32459764e+00  2.27457012e+00  2.03252761e+00
  1.45537465e+00  1.57560932e+00  1.38122944e+00

molecule   51
  9.07868383e+00  1.65076776e+00  9.87921070e+00
  8.31532294e+00  1.62320318e+00  9.23739815e+00
  7.79828153e+00  2.11997524e+00  8.53839989e+00
  7.99618945e+00  1.48518436e+00  7.78896267e+00
  8.95184644e+00  1.28993053e+00  7.74122802e+00
  9.74787598e+00  1.30356712e+00  7.08616612e+00
  9.39228989e+00  2.06749498e+00  6.54755581e+00
  9.07749042e+00  2.64848188e+00  5.81087805e+00

molecule   52
  7.20488988e+00  6.61109061e+00  1.00226182e+00
  8.17831855e+00  6.33104045e+00  1.02448355e+00
  8.38632645e+00  5.34952135e+00  1.12315022e+00
  9.29518729e+00  5.78560462e+00  1.22641680e+00
  9.07197485e+00  5.20626998e+00  2.03960923e+00
  9.32226011e+00  4.26697207e+00  1.66269604e+00
  8.78785991e+00  3.61392924e+00  1.07436853e+00
  8.79153595e+00  3.29511263e+00  1.47444357e-01

molecule   53
  6.38195563e+00  2.99226177e+00  8.53190842e+00
  5.42549078e+00  3.07197678e+00  8.79607839e+00
  5.39650346e+00  2.29941911e+00  9.45922746e+00
  4.74943264e+00  1.58803844e+00  9.73151495e+00
  4.24313694e+00  1.24589700e+00  8.97057692e+00
  4.52953123e+00  6.73016726e-01  8.21474242e+00
  4.26473997e+00  1.56357735e+00  7.73175627e+00
  4.12353832e+00  1.07309225e+00  6.89359674e+00

molecule   54
  6.54952331e+00  1.81294061e+00  6.70673512e+00
  7.14375824e+00  2.29043430e+00  7.41663831e+00
  6.46212604e+00  1.77014247e+00  7.86890448e+00
  6.63932665e+00  9.07091541e-01  7.39268512e+00
  7.25123585e+00  4.13152884e-01  6.71422619e+00
  8.13520553e+00  1.02704143e-02  7.01947988e+00
  8.85269815e+00  1.40111510e-01  7.66681425e+00
  9.70805172e+00  1.03680341e+01  8.20728272e+00

molecule   55
  2.94366723e+00  5.12017978e+00  8.08970114e+00
  3.39393643e+00  4.58991236e+00  8.79417146e+00
  2.88198516e+00  5.02090832e+00  9.55349634e+00
  2.05213550e+00  5.27820654e+00  1.00862664e+01
  2.59855835e+00  4.73547576e+00  2.93949839e-01
  1.63775609e+00  4.58653810e+00  2.33741595e-01
  8.98065625e-01  5.11134727e+00  6.44185285e-01
  7.75038648e-01  4.12941848e+00  6.82199054e-01

molecule   56
  2.94568914e+00  4.49580298e+00  5.54483050e+00
  3.70850886e+00  5.01518782e+00  5.21624077e+00
  3.83576686e+00  4.91745354e+00  6.18943984e+00
  4.76678519e+00  4.59112751e+00  6.31175531e+00
  4.46095401e+00  3.86979430e+00  5.73794388e+00
  4.36345570e+00  3.10967398e+00  5.05896232e+00
  4.01230550e+00  2.20780544e+00  5.31866970e+00
  3.42953592e+00  1.38078247e+00  5.47004903e+00

molecule   57
  1.21658537e-01  3.85841428e+00  1.02528208e+01
  7.20960074e-01  3.49556745e+00  9.57391931e+00
  7.40404205e-01  2.66282684e+00  9.06149663e+00
  1.00529493e+00  3.52577268e+00  8.59514370e+00
  1.20960206e+00  4.40235166e+00  8.23660472e+00
  1.51765018e+00  4.86480168e+00  7.42347875e+00
  1.56762988e+00  5.68060603e+00  7.97608430e+00
  1.92535671e+00  5.05297880e+00  8.71195148e+00

molecule   58
  3.55642884e-01  1.03964545e+01  5.53255180e+00
  9.92795004e+00  3.49695725e-01  5.23435224e+00
  9.88200537e+00  1.35223816e+00  5.33527677e+00
  1.91084845e-01  1.35771724e+00  5.97305642e+00
  5.55077425e-01  2.14552150e+00  6.49664998e+00
  7.01617895e-01  3.08541860e+00  6.29238282e+00
  1.28542578e-01  3.84063463e+00  6.07077064e+00
  9.82846828e+00  3.22367860e+00  6.35631976e+00

molecule   59
  5.92634524e+00  4.67205272e+00  5.01336917e+00
  6.00651694e+00  4.57132560e+00  6.00884533e+00
  6.19720364e+00  3.60118415e+00  6.23434570e+00
  6.42276849e+00  2.60558603e+00  6.20503303e+00
  5.53278686e+00  2.71480169e+00  5.81659544e+00
  5.20478589e+00  2.64403192e+00  4.84447719e+00
  5.22689244e+00  3.16610596e+00  4.02277053e+00
  5.68695881e+00  4.02955966e+00  4.15403291e+00

molecule   60
  5.57910362e+00  7.17580308e+00  3.05230172e-01
  5.17680577e+00  6.40447602e+00  7.56649800e-01
  4.30787858e+00  6.72880690e+00  3.74426757e-01
  4.16658600e+00  7.22311466e+00  1.27509450e+00
  5.13913776e+00  7.37159053e+00  1.25328486e+00
  5.25419295e+00  6.70285853e+00  2.01012495e+00
  5.83463824e+00  6.64180447e+00  2.82682568e+00
  6.55279067e+00  6.06904090e+00  2.48716140e+00

molecule   61
  5.62485537e+00  1.44586680e-01  4.14236750e+00
  5.80896701e+00  9.95514860e+00  4.92996597e+00
  6.71101584e+00  9.74325101e+00  4.66818441e+00
  7.36642553e+00  9.43721129e+00  5.36025954e+00
  7.53325363e+00  9.80962231e+00  6.27313523e+00
  7.64039916e+00  8.78192338e+00  6.11700929e+00
  6.85770747e+00  9.08453456e+00  6.66971207e+00
  5.99759848e+00  8.56332922e+00  6.70731819e+00

molecule   62
  1.00974235e+01  4.59355250e+00  5.61340371e+00
  9.57758474e+00  5.36727547e+00  5.25100742e+00
  9.04703643e+00  4.88580781e+00  5.96131998e+00
  8.09799207e+00  5.12606265e+00  5.75024360e+00
  7.56965475e+00  5.80260621e+00  6.22137763e+00
  7.98234156e+00  6.63195053e+00  5.85699334e+00
  8.76134438e+00  7.28479351e+00  6.00589920e+00
  9.59773012e+00  7.79224408e+00  5.86175960e+00

molecule   63
  1.02816821e+01  7.63745738e+00  6.75410715e+00
  1.04144983e+01  8.23290561e+00  7.52965949e+00
  1.00840138e+01  7.55195026e+00  8.12486369e+00
  2.96748794e-01  7.45593369e+00  8.87041566e+00
  5.77290409e-01  8.22474709e+00  8.28655749e+00
  6.70372489e-01  7.33410834e+00  7.81956569e+00
  1.52479172e+00  7.66025917e+00  7.52743794e+00
  1.91149127e+00  8.10387622e+00  6.72393489e+00

molecule   64
  6.11216502e+00  8.97942823e+00  5.47916902e+00
  5.12465580e+00  8.75891411e+00  5.76016358e+00
  5.14474756e+00  7.75152357e+00  5.90188832e+00
  4.65858959e+00  7.85589005e+00  6.79984948e+00
  4.17487907e+00  8.46036350e+00  6.10627580e+00
  3.59410173e+00  7.75711698e+00  5.59665314e+00
  3.49395873e+00  7.38894318e+00  4.64756894e+00
  3.19316086e+00  6.45522561e+00  4.72536853e+00

molecule   65
  6.09765673e+00  2.48545106e+00  3.88893080e+00
  5.72208713e+00  1.80452264e+00  3.26355196e+00
  5.25853639e+00  1.25053737e+00  3.98154628e+00
  6.00680442e+00  1.06909664e+00  4.62607150e+00
  6.60618822e+00  2.95479236e-01  4.73231928e+00
  7.57117638e+00  1.84730757e-01  4.97218843e+00
  6.78862594e+00  1.03094390e+01  5.58045160e+00
  6.25822234e+00  6.08143677e-01  5.99548523e+00

molecule   66
  2.26795463e-01  2.51566199e+00  1.85198539e+00
  5.07283276e-01  3.07394260e+00  1.10608154e+00
  5.53548146e-01  3.03426904e+00  9.82374314e-02
  1.52845744e+00  3.10745824e+00  1.03414017e+01
  1.63808651e+00  3.96032890e+00  9.83714762e+00
  2.43609269e+00  3.57904058e+00  1.02548622e+01
  2.34048717e+00  3.20942813e+00  9.28334075e+00
  2.05471596e+00  3.99088284e+00  8.75194893e+00

molecule   67
  9.53874432e+00  4.24814414e+00  6.68207142e+00
  9.87614741e+00  3.59159405e+00  7.32682385e+00
  1.59889063e-03  3.26743886e+00  8.10744934e+00
  8.73733041e-03  4.06033694e+00  8.73854556e+00
  9.59903257e+00  4.43535045e+00  8.34575830e+00
  8.98771972e+00  3.68637536e+00  8.22389554e+00
  9.33917500e+00  3.40836955e+00  9.11112003e+00
  9.97058509e+00  3.06455306e+00  9.82097384e+00

molecule   68
  5.04893601e+00  4.10104121e+00  3.14566049e+00
  4.45754686e+00  3.25981405e+00  3.14264500e+00
  3.95341087e+00  2.37783130e+00  3.14732855e+00
  4.19072972e+00  2.79936197e+00  4.03248015e+00
  3.30310710e+00  3.21868440e+00  3.88371206e+00
  3.50535576e+00  3.74876267e+00  4.75875786e+00
  3.94306850e+00  4.51931351e+00  4.37316398e+00
  4.92199503e+00  4.53939517e+00  4.57952872e+00

molecule   69
  6.98368114e+00  2.24117294e-01  3.31736086e-01
  6.44239242e+00  3.72886702e-02  1.16090587e+00
  6.74305186e+00  1.05830797e-02  2.09176718e+00
  7.44902021e+00  3.77345360e-01  2.66388698e+00
  6.54338821e+00  7.30832324e-01  2.97648714e+00
  7.26321433e+00  1.36846582e+00  3.28777220e+00
  7.81898156e+00  2.16897927e+00  3.33157335e+00
  7.07116032e+00  2.75551243e+00  3.09541205e+00

molecule   70
  5.79950154e+00  4.67696198e+00  8.44251474e+00
  4.81289774e+00  4.63294452e+00  8.59507152e+00
  4.87436215e+00  4.04785176e+00  9.34465833e+00
  4.30419891e+00  3.90708808e+00  1.01474521e+01
  3.80069555e+00  3.04824176e+00  1.01439801e+01
  4.50733638e+00  3.10188350e+00  3.68840728e-01
  5.14812237e+00  2.61301526e+00  9.63522248e-01
  5.60098912e+00  3.06949371e+00  2.07812728e-01

molecule   71
  4.10181788e+00  9.64034125e-01  4.84101707e+00
  4.19524208e+00  1.77164484e+00  4.21173501e+00
  4.10218226e+00  1.08615078e+00  3.49545007e+00
  3.86478548e+00  9.45402350e-01  2.56567240e+00
  3.58535323e+00  1.93127537e-02  2.81961046e+00
  3.13373984e+00  9.62378119e+00  2.68954158e+00
  2.32946330e+00  9.27012241e+00  3.16100720e+00
  2.28778963e+00  1.02421519e+01  3.01246408e+00

molecule   72
  2.93146133e+00  4.80691761e+00  7.00434603e+00
  2.71734839e+00  3.89856593e+00  6.69603331e+00
  2.21476968e+00  3.10801353e+00  6.26628337e+00
  1.90824900e+00  2.19331473e+00  6.62137783e+00
  2.50283407e+00  1.91910049e+00  5.85084440e+00
  3.24031322e+00  2.12892700e+00  6.43952923e+00
  3.24514452e+00  1.81656726e+00  7.40103589e+00
  2.70927172e+00  1.15074327e+00  6.81194660e+00

molecule   73
  1.94544703e+00  6.30059791e-01  4.75116671e+00
  1.10526427e+00  8.69151980e-01  5.20867680e+00
  1.38406855e+00  1.58628312e+00  5.87568044e+00
  7.19945337e-01  1.94571685e+00  5.19074554e+00
  1.58419008e+00  2.30030814e+00  4.84546025e+00
  1.37081792e+00  2.96970265e+00  4.07756991e+00
  8.22336907e-01  2.15584806e+00  3.92170082e+00
  6.38623316e-01  1.90724891e+00  2.97843253e+00

molecule   74
  8.34324700e+00  4.28740828e+00  7.01205503e+00
  8.04086463e+00  4.42094812e+00  7.93428861e+00
  7.54383075e+00  3.62488496e+00  8.21050023e+00
  7.94710655e+00  2.84148102e+00  7.76192555e+00
  8.62864902e+00  2.78758355e+00  6.95713660e+00
  9.45061999e+00  2.60376373e+00  7.51332540e+00
  9.82966342e+00  1.85141245e+00  8.09579850e+00
  9.36177813e+00  2.19559083e+00  8.93306745e+00

molecule   75
  1.81336687e+00  3.96159292e+00  7.21489451e+00
  1.02589313e+00  3.39000999e+00  7.25784321e+00
  4.33071449e-01  4.19831190e+00  7.39944443e+00
  1.06168667e+00  4.39842413e+00  6.63920909e+00
  1.24048101e+00  3.89591718e+00  5.75078394e+00
  2.03413553e+00  4.06684596e+00  5.18070265e+00
  1.80637238e+00  5.06402372e+00  5.16921671e+00
  2.47387442e+00  5.56479167e+00  4.64225005e+00

molecule   76
  9.93492779e+00  3.65687935e+00  2.66380544e+00
  9.37775929e+00  2.97520187e+00  3.13104113e+00
  8.72874953e+00  3.57760269e+00  3.59157896e+00
  8.18291269e+00  4.36953510e+00  3.86718832e+00
  7.75864684e+00  5.25552451e+00  4.02420499e+00
  7.69223264e+00  6.13150989e+00  4.48221597e+00
  8.62244661e+00  6.54979602e+00  4.32826765e+00
  8.62599361e+00  5.56486973e+00  4.51058734e+00

molecule   77
  4.37052221e+00  6.85352572e+00  2.43462593e+00
  4.39561994e+00  6.51747657e+00  3.39412257e+00
  4.25064597e+00  5.71456059e+00  2.85653557e+00
  3.45404017e+00  5.23123366e+00  2.58712274e+00
  4.02232673e+00  4.59904882e+00  2.03951183e+00
  4.89142112e+00  4.83752790e+00  2.38193422e+00
  5.13687321e+00  5.28504380e+00  3.20337746e+00
  5.62950319e+00  5.10057952e+00  4.06303593e+00

molecule   78
  4.39137024e+00  3.52970249e-01  6.15171001e+00
  5.01600918e+00  1.11039557e+00  5.93074083e+00
  4.79133471e+00  1.77677717e+00  6.53399765e+00
  4.70616221e+00  2.50506650e+00  7.21564330e+00
  5.55476462e+00  2.62271916e+00  7.76889664e+00
  4.98701980e+00  2.04198607e+00  8.37128129e+00
  5.36097868e+00  1.35303769e+00  7.77307897e+00
  5.76016693e+00  8.83767690e-01  6.97533173e+00

molecule   79
  6.43680195e+00  1.15326591e+00  9.88155492e+00
  5.77113469e+00  1.77945231e+00  1.03198537e+01
  4.92128436e+00  2.34493101e+00  1.03218666e+01
  3.98701249e+00  1.98795234e+00  1.03023751e+01
  4.42970525e+00  1.21591219e+00  2.52380987e-01
  5.03051390e+00  5.56279700e-01  1.03031491e+01
  5.29918144e+00  1.03585871e+01  6.10457901e-01
  5.99120335e+00  5.28835953e-01  2.53276330e-01

molecule   80
  5.94208799e+00  9.56645726e+00  8.74471682e+00
  5.48042438e+00  9.00486825e+00  9.39266412e+00
  6.35789389e+00  8.79980026e+00  9.77438303e+00
  5.86447731e+00  7.88547059e+00  9.85459125e+00
  5.44399499e+00  7.05094671e+00  9.66312994e+00
  6.43333829e+00  6.89924122e+00  9.55366042e+00
  6.29512943e+00  6.57817368e+00  8.57582390e+00
  6.72893763e+00  5.91882688e+00  9.16240480e+00

molecule   81
  9.89313995e+00  4.85246883e+00  9.23980938e+00
  9.04366691e+00  4.82084934e+00  9.83501592e+00
  8.63974545e+00  4.45339332e+00  8.97577122e+00
  8.53192357e+00  3.90427692e+00  9.79637474e+00
  8.32050908e+00  4.38651324e+00  2.31059235e-01
  7.42974953e+00  4.15848410e+00  5.82663544e-01
  6.84553928e+00  3.93169122e+00  1.02799539e+01
  6.75396435e+00  3.20420515e+00  9.53932125e+00

molecule   82
  7.86703133e+00  1.91932352e+00  5.35557775e+00
  8.83706682e+00  1.68751206e+00  5.51340552e+00
  9.25319104e+00  2.22416038e+00  4.78322612e+00
  8.57459690e+00  2.09480862e+00  4.10562535e+00
  8.81027253e+00  1.26688025e+00  4.60804123e+00
  9.34862184e+00  6.03504012e-01  4.08194938e+00
  9.92757207e+00  1.02804263e+01  4.17086298e+00
  4.67429506e-01  1.01856519e+01  4.37724971e+00

molecule   83
  2.96944151e+00  8.67042032e+00  5.55553579e+00
  2.10929106e+00  9.00547565e+00  5.20542835e+00
  1.94783126e+00  9.46248892e+00  6.06198544e+00
  2.50295337e+00  9.15270039e+00  6.77855681e+00
  2.95638586e+00  1.00603213e+01  6.84365751e+00
  3.61083539e+00  2.16130311e-01  7.20927108e+00
  4.04450667e+00  9.79151564e+00  6.98671195e+00
  4.53277803e+00  8.93511086e+00  7.26129903e+00

molecule   84
  9.95911480e+00  6.58588158e+00  8.38263193e+00
  9.36786236e+00  6.67534115e+00  7.61146410e+00
  8.77573071e+00  7.25870931e+00  7.04190740e+00
  8.65464160e+00  6.34272829e+00  6.60217074e+00
  8.41742651e+00  5.41867137e+00  6.87012924e+00
  8.95426727e+00  5.35094692e+00  7.74783185e+00
  9.13228892e+00  5.56460161e+00  8.69453920e+00
  9.97825747e+00  5.50540661e+00  8.17416646e+00

molecule   85
  8.54130580e+00  7.88112808e+00  8.56234241e+00
  9.31047454e+00  8.53143298e+00  8.75739596e+00
  9.63872087e+00  8.79078059e+00  7.87080021e+00
  9.00357046e+00  8.07412099e+00  7.69944792e+00
  8.83513344e+00  8.70080939e+00  6.95133575e+00
  7.95950090e+00  9.22002415e+00  6.95816314e+00
  7.98803969e+00  9.66984982e+00  7.83263543e+00
  7.12493334e+00  9.95258788e+00  7.46499930e+00

molecule   86
  8.99351435e+00  3.50851553e+00  2.25872775e+00
  8.27232003e+00  4.00606432e+00  2.75785520e+00
  8.08110647e+00  4.50650520e+00  1.89248841e+00
  7.54929242e+00  4.77817913e+00  2.68284956e+00
  8.25472998e+00  5.41295994e+00  3.10929956e+00
  7.37275565e+00  5.89127737e+00  3.31861271e+00
  6.60689235e+00  5.29290472e+00  3.13625856e+00
  6.15931233e+00  4.42648135e+00  3.34053049e+00

molecule   87
  1.57063058e+00  6.78882255e+00  8.91671684e+00
  7.81491697e-01  6.43979140e+00  8.37882217e+00
  3.05614938e-01  6.38017089e+00  7.50242277e+00
  4.77332385e-01  5.49817967e+00  7.94957546e+00
  2.68995834e-01  5.32719311e+00  6.99471998e+00
  9.75834486e+00  5.60038807e+00  6.88883334e+00
  9.60013299e+00  6.59440523e+00  6.63858400e+00
  9.39997917e+00  6.37036888e+00  5.67638694e+00

molecule   88
  2.54747562e+00  3.23289794e+00  2.51275994e+00
  3.42915672e+00  3.51368693e+00  2.84950635e+00
  3.78162607e+00  2.92490484e+00  2.12787655e+00
  4.69705729e+00  2.99802340e+00  1.79727522e+00
  5.26015920e+00  2.32336553e+00  2.30249811e+00
  4.35200749e+00  2.02017161e+00  2.13689891e+00
  3.39983867e+00  2.03948659e+00  1.75398533e+00
  3.97717410e+00  1.32169989e+00  1.33759943e+00

molecule   89
  6.24781040e+00  9.50893242e+00  5.33149666e-01
  7.08895211e+00  9.50682671e+00  1.09000143e+00
  6.24121871e+00  9.59351522e+00  1.59566410e+00
  6.29999565e+00  9.56142109e+00  2.56074083e+00
  5.34570224e+00  9.53861458e+00  2.30468057e+00
  5.17854765e+00  8.62677644e+00  2.64971400e+00
  5.30329760e+00  7.83847317e+00  3.17849466e+00
  5.33484557e+00  7.13213412e+00  3.87991064e+00

molecule   90
  3.07796360e+00  1.03957980e-01  1.84685197e+00
  2.64359165e+00  9.47670721e-01  1.66325097e+00
  2.73046463e+00  7.62083067e-01  2.63220128e+00
  2.95962579e+00  5.88768111e-01  3.57979386e+00
  3.13749835e+00  1.00782007e+01  3.69924746e+00
  3.93390055e+00  1.03196236e+01  4.19443702e+00
  4.61146908e+00  2.24023839e-01  3.55801118e+00
  5.20587413e+00  5.12589273e-01  2.81195752e+00

molecule   91
  3.20520613e+00  9.09005983e+00  1.00025656e+01
  2.40120372e+00  8.66881929e+00  1.03839863e+01
  1.62677764e+00  8.43958280e+00  5.43420878e-01
  1.40511313e+00  9.25530456e+00  1.06669533e+00
  4.74236489e-01  9.58834690e+00  1.26186775e+00
  1.02221502e+01  9.05375402e+00  1.75467978e+00
  1.99887850e-01  9.44477036e+00  2.61422886e+00
  2.44548941e-01  9.43195882e+00  3.57493615e+00

molecule   92
  8.97728482e+00  1.02739093e+01  5.78980012e+00
  8.58945824e+00  2.64927275e-01  4.99141156e+00
  8.69883542e+00  9.70456234e+00  4.81620797e+00
  8.81561867e+00  8.76008403e+00  5.19464034e+00
  8.72400242e+00  9.22862062e+00  6.03439324e+00
  9.62016667e+00  8.95102177e+00  5.77219515e+00
  9.82431441e+00  8.89140700e+00  6.76433634e+00
  9.45653016e+00  9.77828364e+00  7.20907900e+00

molecule   93
  8.52278274e+00  8.14373222e+00  1.98554436e+00
  9.38490932e+00  8.52906092e+00  1.68524864e+00
  9.32466861e+00  7.53946066e+00  1.98207590e+00
  9.45643705e+00  8.24435388e+00  2.67929202e+00
  8.92468624e+00  8.36274245e+00  3.50096777e+00
  9.05648353e+00  7.57112284e+00  4.08066817e+00
  8.72413671e+00  7.58235955e+00  5.02740109e+00
  9.62498994e+00  8.04253969e+00  4.89288782e+00

molecule   94
  1.31659640e+00  4.79220133e+00  9.52003218e+00
  5.23512403e-01  4.79015982e+00  1.00929355e+01
  1.03456604e+01  5.28477476e+00  1.98795167e-01
  1.04074918e+01  6.10277381e+00  7.94426419e-01
  1.04135812e+01  6.46759125e+00  1.02734790e+01
  5.72596689e-01  6.54863916e+00  9.49556902e+00
  5.90216677e-01  5.67021280e+00  9.06446572e+00
  1.51467135e+00  5.84457378e+00  9.32515284e+00

molecule   95
  2.64282727e+00  6.93461429e+00  3.56875077e+00
  2.17180650e+00  6.10173974e+00  3.73346579e+00
  1.76396390e+00  5.95095664e+00  2.81362138e+00
  2.68916894e+00  6.32680938e+00  2.56799586e+00
  3.24026488e+00  6.09236551e+00  3.34666648e+00
  2.97051145e+00  5.19184224e+00  3.55411004e+00
  3.71153924e+00  5.43334244e+00  4.08129015e+00
  4.04403530e+00  4.85997128e+00  3.29416311e+00

molecule   96
  1.00437578e+01  1.66002257e+00  9.60442745e+00
  9.98237556e+00  9.31127582e-01  8.90320267e+00
  9.01280489e+00  8.78958533e-01  9.14766126e+00
  8.37963607e+00  5.56944873e-01  8.46001067e+00
  7.81769617e+00  7.31597752e-01  9.26640097e+00
  6.99594965e+00  3.18345545e-01  9.63186341e+00
  6.05124217e+00  7.99795712e-02  9.44636778e+00
  6.24257392e+00  1.27295920e-01  8.50164312e+00

molecule   97
  2.33763675e+00  7.17714465e+00  4.71468725e+00
  1.85496635e+00  7.53346146e+00  5.47204386e+00
  1.19673270e+00  8.31637711e+00  5.57337431e+00
  9.62811880e-01  7.86778674e+00  4.72451341e+00
  7.50672904e-01  8.54598901e+00  3.98226918e+00
  1.40231932e+00  8.51643475e+00  3.24441155e+00
  8.03873181e-01  7.70946778e+00  3.42642006e+00
  4.60354377e-01  8.49663492e+00  2.92921580e+00

molecule   98
  7.71100864e+00  8.57836365e+00  2.98282420e+00
  6.85019984e+00  8.15589185e+00  3.39333609e+00
  6.82856318e+00  7.50295126e+00  2.59391051e+00
  6.04054937e+00  7.61343819e+00  2.02666872e+00
  5.88255079e+00  8.10438318e+00  1.15282030e+00
  6.11561318e+00  8.44255468e+00  2.83641530e-01
  5.25178608e+00  8.92691394e+00  4.27394884e-01
  5.49137072e+00  9.65526377e+00  1.02666617e+01

molecule   99
  7.92737078e+00  7.82993169e+00  5.69387186e+00
  7.45734643e+00  7.19953245e+00  5.09040548e+00
  6.59310826e+00  6.89597609e+00  4.72110129e+00
  5.72524237e+00  6.39985493e+00  4.64402340e+00
  4.93237818e+00  5.88188263e+00  4.30321956e+00
  4.48628776e+00  6.76768410e+00  4.42911331e+00
  4.11211432e+00  6.03028098e+00  5.00698172e+00
  4.86187846e+00  5.63579323e+00  5.53402013e+00
