BOUNDARY

orthorhombic       1.0455159000e+01    1.0455159000e+01    1.0455159000e+01

MOLECULES

species    0
nMolecule  100

molecule  0
    8.3715255471e+00    7.6941918311e+00    7.7755049942e+00
    8.3032229998e+00    8.6917962668e+00    7.7931010875e+00
    8.5043243973e+00    9.6850152822e+00    7.7211766372e+00
    9.2359524690e+00    1.0113124227e+01    8.2350638761e+00
    9.7714573199e+00    9.8863317978e+00    7.3779045813e+00
    9.0197893886e+00    9.8810488952e+00    6.7303653952e+00
    8.7441202599e+00    8.9085160056e+00    6.6067231696e+00
    8.6787520719e+00    9.5110997145e+00    5.8570959440e+00

molecule  1
    7.7814297168e+00    1.0787143299e+00    1.5923998816e+00
    7.1063426049e+00    1.4651768869e+00    9.0729326258e-01
    7.2238826140e+00    9.4062976786e-01    8.4631879927e-02
    7.0376993341e+00    3.7109406321e-01    9.6913453237e+00
    6.4291916838e+00    1.0360347910e+01    1.0287175125e+01
    6.0756960530e+00    7.9380215604e-01    1.0085554456e+01
    6.1375951716e+00    1.4501319331e+00    3.3133714887e-01
    5.6367186642e+00    1.7532162333e+00    9.9740802023e+00

molecule  2
    8.2012927942e+00    8.9749003863e+00    1.6524256205e+00
    8.6651735348e+00    8.1011189882e+00    1.6520015434e+00
    9.2608832527e+00    8.8736746134e+00    1.5644631299e+00
    1.0053977314e+01    8.3068535022e+00    1.4469982657e+00
    1.0420141497e+01    7.5839881717e+00    8.9065316457e-01
    1.0121132320e+01    7.1094899002e+00    8.2850198580e-02
    2.2520199011e-01    7.9481695350e+00    1.0414490518e+01
    6.5750598241e-01    8.4359528978e+00    9.6883784919e+00

molecule  3
    5.9945769934e+00    5.3751650681e+00    3.8543523357e+00
    6.8076926100e+00    4.9475895786e+00    3.5877394522e+00
    7.4427146653e+00    5.1188111582e+00    4.3448352232e+00
    8.1611648899e+00    5.7575999302e+00    4.5991211193e+00
    8.9220794715e+00    6.2941577226e+00    4.9301442811e+00
    9.2982305684e+00    7.1280659138e+00    5.1890869814e+00
    1.0116901706e+01    6.6400298150e+00    5.4477865804e+00
    1.8842320254e-02    6.0342352408e+00    4.7094573045e+00

molecule  4
    4.7370699283e+00    1.5152287630e+00    7.3520859895e+00
    4.9014911647e+00    2.3086531232e+00    7.9345512522e+00
    4.0823172608e+00    2.8465919089e+00    7.8640762317e+00
    3.9403662496e+00    2.3618065228e+00    7.0341579032e+00
    3.5523635972e+00    1.5506182038e+00    6.6143578330e+00
    2.6194782703e+00    1.8524252477e+00    6.7605866433e+00
    2.5694821283e+00    8.5688645607e-01    6.6325295117e+00
    2.4558670161e+00    3.3647982862e-01    7.5176776262e+00

molecule  5
    6.8577328203e+00    2.3101470990e+00    8.9089053026e+00
    6.2592407415e+00    2.8956050828e+00    9.4419935395e+00
    5.4228618088e+00    3.2667873428e+00    9.1730211593e+00
    4.8247982294e+00    3.6097132547e+00    9.9142686581e+00
    4.8485130562e+00    2.6784827131e+00    1.0241033027e+01
    5.3020611478e+00    3.3633385761e+00    4.0344484947e-01
    5.8830403406e+00    3.6696753810e+00    1.0067239429e+01
    6.8441048134e+00    3.5950431152e+00    1.0020054070e+01

molecule  6
    8.5367314164e+00    3.1978258614e+00    2.9923109260e+00
    9.2222016314e+00    3.7977811270e+00    3.3243178224e+00
    1.0142509447e+01    3.4089571990e+00    3.3506220297e+00
    1.0153653895e+01    2.5001152731e+00    3.7800618199e+00
    9.2366238444e+00    2.6201171962e+00    3.4039997412e+00
    9.7211732763e+00    2.2357408362e+00    2.6038384519e+00
    9.7367726897e+00    1.3477697629e+00    3.1130664953e+00
    8.8649990608e+00    1.7452432770e+00    2.8002171994e+00

molecule  7
    1.8370028356e+00    9.3207898607e-01    2.7244140155e+00
    2.8185092135e+00    6.8966100104e-01    2.5558842642e+00
    2.9459472069e+00    1.1087628104e+00    3.3747436010e+00
    2.4140443432e+00    7.0389641621e-01    4.1430450741e+00
    3.3617348535e+00    3.4735380045e-01    4.2589165865e+00
    3.9863750332e+00    1.0053069362e+01    4.3896297205e+00
    4.3011162771e+00    9.4053144296e+00    5.0948054207e+00
    3.3536225570e+00    9.3714853810e+00    5.3072615996e+00

molecule  8
    5.8214340567e+00    7.2047643160e+00    9.4062409179e+00
    6.5449875855e+00    7.5052905403e+00    9.9868627683e+00
    6.7593549960e+00    8.1634140949e+00    1.8859686834e-01
    6.0481904076e+00    8.4568075522e+00    1.0018489098e+01
    6.8803654116e+00    8.8077264467e+00    9.5388024932e+00
    7.3158543473e+00    9.2145906340e+00    8.7618629762e+00
    6.2908557588e+00    9.1551370174e+00    8.7486238539e+00
    6.2258141565e+00    9.5769166159e+00    9.5980821982e+00

molecule  9
    2.9040873844e+00    9.1719391683e+00    1.1161989300e+00
    2.2972645583e+00    8.4818419971e+00    1.3729414840e+00
    1.8960617060e+00    7.5868951802e+00    1.2866175898e+00
    1.6209399598e+00    7.6325166878e+00    3.5145491906e-01
    1.7122685482e+00    8.5101575174e+00    1.0307646424e+01
    1.4823680810e+00    9.3321448586e+00    3.6362769043e-01
    2.0526779438e+00    9.6894153681e+00    1.0040907751e+01
    2.7897669259e+00    9.1424260193e+00    1.0415839868e+01

molecule  10
    9.6341133251e-01    5.2487625649e+00    2.4586109682e+00
    8.0429165395e-01    5.8961796714e+00    1.6716197724e+00
    1.7530993622e-01    5.2749287638e+00    1.1724624216e+00
    1.0132397302e+01    4.3971292939e+00    1.3008186819e+00
    1.0282320520e+01    4.0727449979e+00    4.0330248819e-01
    7.9458724143e-01    3.8658742410e+00    5.2270223462e-01
    1.2325431830e+00    4.0136399233e+00    1.0059679290e+01
    1.9169424628e+00    4.0119994451e+00    3.3630432713e-01

molecule  11
    2.1416038704e+00    8.8132418344e-01    5.2109512380e+00
    2.5782081440e+00    8.3350647499e-03    5.3910302630e+00
    1.8757892196e+00    9.7337240514e+00    5.3457486952e+00
    1.8484528141e+00    1.0394790531e+01    4.5876810658e+00
    2.5399259845e+00    9.8297101946e+00    4.1535958960e+00
    2.1596160940e+00    1.0297420033e+01    3.3381950737e+00
    1.8624039244e+00    9.8859419676e+00    2.4128957611e+00
    2.8553933090e+00    9.7576998825e+00    2.4374425329e+00

molecule  12
    9.9512155823e+00    7.2821290326e+00    3.1186561053e+00
    1.0381437545e+01    7.9260325200e+00    3.7753392200e+00
    8.2214241259e-01    7.5483119688e+00    4.0050716998e+00
    9.1202061414e-01    8.0253574252e+00    3.1792033286e+00
    9.8349659282e-01    7.0270318030e+00    2.8574534379e+00
    6.1735959824e-01    7.7280507748e+00    2.2547656918e+00
    1.2395832818e+00    8.2740570664e+00    1.6787273593e+00
    8.9899529349e-01    8.9196692383e+00    2.3834759399e+00

molecule  13
    5.2327527377e+00    8.8986336533e+00    2.4129201385e+00
    5.0078617785e+00    8.9870328903e+00    1.4602793133e+00
    4.9631962947e+00    9.9529342371e+00    1.2900971879e+00
    5.7682300139e+00    1.0439651428e+01    9.4127231044e-01
    6.6446535632e+00    9.9301648787e+00    1.0582477178e+00
    7.3790369937e+00    9.9288458044e+00    1.6830921846e+00
    6.7083252227e+00    9.4952677853e+00    2.2883851600e+00
    6.1149453408e+00    9.2223951642e+00    1.5129100882e+00

molecule  14
    9.7707805096e+00    7.9243228940e+00    9.3894528501e+00
    9.1815780137e+00    8.5756440762e+00    9.8023965328e+00
    8.7239387461e+00    7.6845007793e+00    9.7827527995e+00
    8.9253628219e+00    7.1482632328e+00    1.5535918361e-01
    9.1526422728e+00    7.9774157220e+00    6.3100098976e-01
    8.1777763284e+00    8.0923679033e+00    8.3528690403e-01
    7.4031491011e+00    8.6544201576e+00    1.1131464747e+00
    6.8737394004e+00    8.5656491088e+00    1.9692336571e+00

molecule  15
    4.7871742383e+00    1.3863945532e+00    9.6822087268e-02
    4.8443047611e+00    1.0332597425e+00    9.6343164555e+00
    4.8244513707e+00    8.4020615827e-01    8.6420864189e+00
    5.3112250626e+00    3.5548804884e-01    7.8711919218e+00
    5.0704775401e+00    9.8367888717e+00    7.9849955341e+00
    5.1823580910e+00    9.1238801371e+00    7.2686485506e+00
    5.2181550862e+00    9.3659802398e+00    6.2899563485e+00
    4.5888330806e+00    9.8770634195e+00    6.8386502366e+00

molecule  16
    9.3300132779e+00    2.3131741104e+00    4.1571563372e-01
    9.7163972204e+00    2.3275308709e+00    1.3513956425e+00
    9.0053841567e+00    2.9504180331e+00    1.0632532548e+00
    8.6051703760e+00    3.7460786316e+00    1.4796738950e+00
    8.1200339184e+00    3.9952473001e+00    2.2944148595e+00
    8.4605621297e+00    4.8878634130e+00    2.2461106217e+00
    8.4101259691e+00    4.8725524740e+00    1.2897222657e+00
    7.5848952052e+00    4.3934549100e+00    1.4349844270e+00

molecule  17
    2.1652903382e+00    8.3748485597e+00    6.5638195268e+00
    2.6558742936e+00    9.2270962168e+00    6.3481206286e+00
    3.1294358392e+00    8.3601230414e+00    6.1105444651e+00
    3.4837751062e+00    7.9393264636e+00    5.2790348943e+00
    3.9218463738e+00    7.7995862790e+00    4.3765627735e+00
    3.7587041532e+00    7.6998911782e+00    3.4211640770e+00
    4.1414131007e+00    6.8814575088e+00    3.0374946898e+00
    4.4265654001e+00    7.0448188138e+00    3.9542545676e+00

molecule  18
    3.9600822886e+00    9.8893167153e-01    2.2689816310e+00
    4.3056591892e+00    4.5673108648e-02    2.2955337340e+00
    4.2807537805e+00    9.6301893352e+00    2.7488051147e+00
    3.9528830134e+00    9.1157028621e+00    1.9767727048e+00
    3.6383575141e+00    1.0045923475e+01    1.7056802419e+00
    3.2302745454e+00    4.7955499912e-01    1.5043507438e+00
    2.3268961741e+00    1.2335253003e-01    1.6453227397e+00
    2.2975963462e+00    1.1002107129e+00    1.5403615974e+00

molecule  19
    9.0977694101e+00    4.0037224024e+00    6.0637648536e-01
    9.4890938099e+00    4.4234376119e+00    1.0226267849e+01
    9.1127169966e+00    5.0031668938e+00    9.4337099703e+00
    8.3323454870e+00    4.3973488522e+00    9.4130350528e+00
    8.1733101994e+00    5.3731969332e+00    9.1376632102e+00
    8.6918463622e+00    6.0549188409e+00    9.5429047871e+00
    7.8738305774e+00    6.5066401195e+00    9.2563655966e+00
    7.6576779122e+00    6.6690300941e+00    8.3013091087e+00

molecule  20
    3.9956950675e+00    5.3958060000e+00    6.3710685934e-01
    3.6741870967e+00    5.6076770755e+00    1.0157938691e+01
    3.8569012068e+00    4.6772346234e+00    1.0017694414e+01
    4.2247211157e+00    4.9857272995e+00    9.1477354146e+00
    3.9497421273e+00    4.9659047818e+00    8.1883081629e+00
    4.1616950107e+00    4.0835980168e+00    7.7362361871e+00
    3.8633373755e+00    4.2543461174e+00    6.7762515864e+00
    3.8919226514e+00    3.3489410294e+00    6.4704894321e+00

molecule  21
    9.5643422102e+00    1.9783870731e-02    5.3941199547e+00
    9.6936494584e+00    1.0204962445e+01    4.4419008633e+00
    1.0233118056e+01    9.7279284926e+00    5.1373636432e+00
    3.2029931935e-01    8.9110971377e+00    5.0955901342e+00
    8.2781050822e-01    8.0385968149e+00    5.2590313474e+00
    1.5664112616e+00    8.6063840313e+00    4.9978923181e+00
    1.8643973861e+00    8.9009226248e+00    4.0684735097e+00
    1.3989560507e+00    9.2671578661e+00    3.2485356073e+00

molecule  22
    1.2947786645e-01    4.4946069621e-01    1.7137107158e+00
    1.0393769647e+01    9.9722578960e+00    1.3606974403e+00
    9.0500182857e-01    9.8149778329e+00    1.6887435598e+00
    4.0730947153e-01    9.0921583696e+00    1.1788771687e+00
    1.0376922017e+01    9.2268344049e+00    2.0867981543e+00
    1.0380666582e+01    8.9155597132e+00    3.0510848733e+00
    9.9284397275e+00    8.8224928939e+00    3.9268848889e+00
    3.0539410494e-01    9.3781980387e+00    4.1120459577e+00

molecule  23
    5.9271291397e+00    4.1004342620e+00    3.4812961724e+00
    6.6674927532e+00    3.4472034210e+00    3.6685045349e+00
    6.7695601392e+00    2.9838955359e+00    2.7979629856e+00
    6.6783424431e+00    2.1103466784e+00    3.2495113372e+00
    7.4544980312e+00    2.7277687875e+00    3.4262695813e+00
    8.2611945467e+00    2.9981162897e+00    3.9494339503e+00
    8.9681161640e+00    2.4601681746e+00    4.3827949944e+00
    8.4164817647e+00    1.9256894392e+00    3.7390490536e+00

molecule  24
    9.7719661547e+00    5.4950635877e+00    6.0035633273e-01
    9.3754550291e+00    5.2462903179e+00    1.5028596525e+00
    9.7549438648e+00    4.7030092886e+00    2.2624731461e+00
    9.6100161955e+00    4.8990903510e+00    3.2118211905e+00
    1.0379593674e+01    5.2574376732e+00    3.7583528265e+00
    1.8080785496e-01    4.3937857814e+00    3.2614873135e+00
    4.5593546694e-01    4.3218048964e+00    4.2319338303e+00
    1.0112930958e+01    3.7325289067e+00    4.2845353392e+00

molecule  25
    8.6040993321e+00    9.8372337234e+00    1.6693207552e+00
    9.4527484319e+00    1.0330582892e+01    1.6629998149e+00
    9.8202116380e+00    3.4150069789e-01    8.5642700560e-01
    9.6712787257e+00    8.7913445145e-01    1.6593281007e+00
    1.0394382064e+01    1.3281966889e+00    2.1897821770e+00
    7.9283836564e-01    8.6884366195e-01    2.4576551968e+00
    1.3026375254e+00    1.2873548697e+00    1.6737926372e+00
    1.1365824390e+00    2.0706890580e+00    2.2636082996e+00

molecule  26
    1.4308409241e+00    5.7678216560e+00    6.8946319745e+00
    1.2184697932e+00    6.7306155046e+00    6.8981295701e+00
    4.5930273418e-01    7.2725269894e+00    6.5529005099e+00
    1.0324018013e+01    7.7594955967e+00    7.1945611047e+00
    6.0278665040e-01    7.7846209158e+00    7.8220749414e+00
    5.2391164377e-01    8.5237541795e+00    8.5045891819e+00
    1.4102624723e+00    8.9864620517e+00    8.6717028485e+00
    2.2709523625e+00    8.8699507929e+00    9.1865474262e+00

molecule  27
    4.1123938208e+00    4.4733897825e+00    3.6224859786e+00
    4.0882190876e+00    5.4251411542e+00    3.3493717245e+00
    4.9722468212e+00    5.8211079862e+00    3.6200938195e+00
    5.0743142657e+00    4.9593903458e+00    3.1832991200e+00
    4.7717721205e+00    4.4884843178e+00    2.3471007408e+00
    4.8317408010e+00    5.5472393016e+00    2.2836398955e+00
    4.5620106096e+00    6.4998582233e+00    1.9332004741e+00
    3.9125351615e+00    5.8429439883e+00    2.3248964087e+00

molecule  28
    9.2221402028e+00    4.3458092557e+00    4.2991468675e+00
    8.4867045358e+00    3.7649926450e+00    4.6120241177e+00
    7.6639002152e+00    4.1509758346e+00    4.1239638403e+00
    8.1679198530e+00    4.1969155158e+00    3.2841755771e+00
    8.5870190123e+00    4.9960443581e+00    3.6388909211e+00
    8.4965644530e+00    6.0027889606e+00    3.6508728615e+00
    9.1486478045e+00    6.2054199346e+00    2.9137688259e+00
    9.0963340281e+00    7.0294204212e+00    2.3128874497e+00

molecule  29
    1.7021638049e+00    8.5178921140e+00    7.6452097183e+00
    1.5182001363e+00    7.6322322375e+00    7.1999412051e+00
    2.4042844179e+00    7.1600554809e+00    7.3047931478e+00
    2.1820992206e+00    7.6096692277e+00    8.2109333211e+00
    1.6729636668e+00    6.8149256493e+00    8.1142601048e+00
    1.7973298617e+00    5.8661630236e+00    7.8170937727e+00
    2.4374085021e+00    5.6238033314e+00    8.5330517131e+00
    3.1406526391e+00    4.9735434522e+00    8.8525962337e+00

molecule  30
    1.5606352120e+00    4.4721099920e+00    2.6705705292e+00
    1.3238619605e+00    4.3163405765e+00    3.7043473734e+00
    1.6514565219e+00    3.4062970900e+00    3.4691215308e+00
    1.5496754628e+00    3.4388334092e+00    4.4756778279e+00
    1.7940670315e+00    3.0794882194e+00    5.4015171312e+00
    2.1657538536e+00    3.4434207505e+00    6.1985714445e+00
    2.7789167155e+00    2.7140238208e+00    6.0186600627e+00
    2.7738363940e+00    2.9257020630e+00    6.9998200858e+00

molecule  31
    9.5059579997e+00    4.7234685209e+00    7.3428524063e+00
    9.4782531050e+00    4.6475646285e+00    8.3634986136e+00
    9.9307374325e+00    3.8105382887e+00    8.0098411823e+00
    1.9838576116e-01    4.0146092187e+00    7.3617327304e+00
    9.8645857631e+00    3.7095352741e+00    6.8778461505e+00
    5.7600109680e-02    4.0924512340e+00    6.2794536027e+00
    6.3964184239e-01    3.2726464553e+00    6.2837349665e+00
    1.3825958853e+00    2.5356873603e+00    6.4344753358e+00

molecule  32
    4.1547559473e+00    7.4811936842e+00    6.8195814564e+00
    4.5359001974e+00    7.3589517013e+00    7.7784694951e+00
    3.5698746475e+00    7.5456975720e+00    7.9865484782e+00
    2.9410459570e+00    8.1844404764e+00    8.4905637064e+00
    2.7953105174e+00    8.5400823681e+00    7.5814122366e+00
    3.0033350165e+00    9.4913978331e+00    7.8400637355e+00
    2.7646713182e+00    9.9812195758e+00    7.0150986283e+00
    2.0557013348e+00    1.0353384228e+01    6.3817476656e+00

molecule  33
    3.1006601218e+00    1.2310615415e+00    7.7027429743e+00
    3.5250250514e+00    1.9626391681e+00    8.2459013463e+00
    2.7267926009e+00    1.6607674689e+00    8.7921964425e+00
    1.7562375879e+00    1.8013786117e+00    8.7525921280e+00
    1.5198792253e+00    8.5915473375e-01    8.5062254267e+00
    6.9323125860e-01    3.0008718791e-01    8.3300410579e+00
    7.6675675856e-01    9.9744488256e+00    8.9636893050e+00
    1.0696495698e+00    1.0001430247e+01    9.8808528379e+00

molecule  34
    5.6839767279e+00    1.0211000096e+01    2.1534637675e+00
    5.6985068478e+00    9.7218271466e+00    3.0622845078e+00
    6.6049459853e+00    9.8870699476e+00    3.4757368431e+00
    7.3568041674e+00    1.0421686395e+01    3.8672228947e+00
    7.5919334656e+00    1.0135404927e+01    2.9174316911e+00
    8.2176477544e+00    9.4130459958e+00    2.6308172693e+00
    8.2189141324e+00    8.6557195849e+00    3.2655441637e+00
    8.9038092023e+00    7.9668833854e+00    3.4633229994e+00

molecule  35
    3.7527845731e+00    8.8658195267e+00    7.0279994989e+00
    3.9847449409e+00    9.0143458272e+00    6.0309734518e+00
    3.6363084028e+00    9.8582302493e+00    6.4341053320e+00
    3.8864461837e+00    1.0329628365e+01    5.5947165780e+00
    3.6602982002e+00    5.2196446493e-01    6.2996980898e+00
    4.1558425197e+00    6.9399115318e-01    7.1101149217e+00
    4.9134716350e+00    5.0528685720e-01    6.5179623303e+00
    5.4971425619e+00    1.0317625988e+01    7.0433744952e+00

molecule  36
    7.2305381936e+00    9.2991400075e-01    3.5395490759e+00
    7.9850354911e+00    1.0128058945e+00    2.9108770401e+00
    7.1992628753e+00    1.4606009015e+00    2.5187501622e+00
    7.5942177663e+00    2.2545441678e+00    2.1594656549e+00
    6.8011113640e+00    1.9766677984e+00    1.7113267360e+00
    5.9568955716e+00    1.5599318028e+00    1.3781574516e+00
    6.2394943588e+00    6.0193919747e-01    1.5919423551e+00
    6.7854238497e+00    4.3363045539e-01    2.4322182643e+00

molecule  37
    4.1561335316e+00    3.5578880385e+00    9.0169663854e+00
    4.8774088151e+00    4.2119018519e+00    8.8238324094e+00
    5.2759146325e+00    4.8874050290e+00    9.4640024136e+00
    5.7567208554e+00    5.5677672196e+00    1.0029878636e+01
    5.5255918980e+00    5.8569481531e+00    9.1029206323e+00
    4.5669589001e+00    6.0344371773e+00    9.4360826555e+00
    4.6700241465e+00    5.3283678158e+00    1.0155400775e+01
    4.8910892228e+00    4.4447694614e+00    3.5447038084e-02

molecule  38
    7.5417067578e+00    3.2435474677e+00    9.2533290210e+00
    7.6052745003e+00    2.9499341552e+00    8.3086237784e+00
    7.7417717662e+00    3.5520202081e+00    7.5279529479e+00
    8.2300531321e+00    4.0180277852e+00    8.2589012928e+00
    8.7730422705e+00    3.3036491670e+00    7.8282174141e+00
    8.8568835727e+00    3.5644438123e+00    6.8899037646e+00
    9.2672117760e+00    3.7579652772e+00    6.0398649690e+00
    9.1440377736e+00    2.8535974279e+00    5.5727051792e+00

molecule  39
    1.5527228521e+00    6.0336291447e-01    1.0018790542e+01
    1.1948763115e+00    1.4655693541e+00    9.6050452779e+00
    4.1547654112e-01    7.8743742218e-01    9.6080525363e+00
    1.0107096679e+01    1.4593967006e+00    9.6981636265e+00
    9.5084554540e+00    1.2585533373e+00    8.9004847014e+00
    1.0155576946e+01    1.0068188364e+00    8.2161490627e+00
    6.0413556052e-01    1.4026110929e+00    8.2403549702e+00
    1.4411030911e+00    1.6161293753e+00    7.7145375457e+00

molecule  40
    7.6363239138e+00    3.3037671547e+00    6.3196741270e+00
    6.7983514448e+00    2.9190522363e+00    5.8888139125e+00
    7.5811534303e+00    2.5091343638e+00    5.4400130821e+00
    7.6622601420e+00    2.2316227771e+00    4.4393162617e+00
    6.7650633690e+00    1.7771420387e+00    4.3670144590e+00
    6.0204617812e+00    2.4462129608e+00    4.5842872519e+00
    6.0758332529e+00    3.4197802232e+00    4.5282750126e+00
    7.0420180487e+00    3.2942525393e+00    4.6092955388e+00

molecule  41
    6.2191079836e+00    2.5619550201e+00    2.1939503268e-01
    7.1359327272e+00    2.7710143530e+00    4.1025650555e-01
    7.5331503961e+00    3.6364165652e+00    7.2966455692e-01
    7.0055972156e+00    3.0586700353e+00    1.3504459371e+00
    6.3763891272e+00    3.7489625935e+00    9.4947478085e-01
    5.5070816983e+00    4.0929681765e+00    1.3190369108e+00
    4.6102492098e+00    3.9129652289e+00    1.0685264340e+00
    4.1134224641e+00    3.5062284494e+00    2.9774327031e-01

molecule  42
    8.9368972796e+00    2.5054276568e+00    6.5944369363e+00
    7.8993741036e+00    2.3200620905e+00    6.5078361231e+00
    8.4100937417e+00    1.9015808771e+00    5.7846522809e+00
    8.1628228901e+00    1.2671246299e+00    6.4588185575e+00
    8.5191451070e+00    7.1421069717e-01    7.1323325261e+00
    8.3677625618e+00    1.1484420454e+00    8.0237378559e+00
    7.9643449290e+00    2.0507623214e+00    7.8932017490e+00
    7.1885925258e+00    1.5537996512e+00    7.5847627695e+00

molecule  43
    5.3044129123e+00    2.4976052477e+00    1.0392022726e+00
    4.3787895131e+00    2.5799795066e+00    7.6236189250e-01
    3.7677475746e+00    3.1586072985e+00    1.3241805419e+00
    2.8546192171e+00    2.7004432973e+00    1.3599063585e+00
    2.2219132145e+00    3.4582195997e+00    1.2625369453e+00
    1.4478547596e+00    3.7393859432e+00    1.9025222802e+00
    1.3995356247e+00    2.8467250291e+00    1.5480125113e+00
    1.7845135328e+00    2.8853998874e+00    2.4714132888e+00

molecule  44
    5.0609780829e-01    6.4566792179e+00    3.7812913309e+00
    1.0016824234e+01    6.2680965855e+00    3.4159336737e+00
    9.9627639833e+00    6.9988923517e+00    4.1126321471e+00
    8.9778613017e+00    7.0011283206e+00    3.9645666152e+00
    8.2314320016e+00    7.4775941876e+00    4.5356074375e+00
    7.8507893345e+00    7.7103898641e+00    5.4207488383e+00
    7.3039190798e+00    6.9530615903e+00    5.7114818685e+00
    6.7537162953e+00    7.6763709786e+00    5.3153875324e+00

molecule  45
    3.9842897439e+00    3.8485056988e+00    4.3791685750e+00
    4.5160366325e+00    4.2629481641e+00    5.1147503860e+00
    4.6574246086e+00    3.5044312093e+00    5.7774993774e+00
    4.8781185851e+00    3.8919606327e+00    6.6789365269e+00
    5.8548141681e+00    3.9259522509e+00    6.3256673114e+00
    5.5609901880e+00    2.9766175903e+00    6.1683040713e+00
    5.3459641133e+00    3.0346675915e+00    7.1342231931e+00
    5.1136364805e+00    3.6491518331e+00    7.9004985713e+00

molecule  46
    6.2909219772e+00    1.0123964362e+01    8.6540156131e+00
    5.3633862891e+00    1.0313219784e+01    8.9898043954e+00
    5.0903246969e+00    9.7169689165e+00    9.7503344073e+00
    5.1699389198e+00    9.4003861044e+00    2.4157086851e-01
    4.5255983265e+00    8.6406662593e+00    5.5102548276e-02
    5.0689588452e+00    7.9794823681e+00    1.0005463973e+01
    5.3645228533e+00    8.3088963047e+00    9.1699839625e+00
    4.9661820927e+00    7.4635112591e+00    8.8650401440e+00

molecule  47
    5.1021054142e+00    5.2418102492e+00    5.4815861963e+00
    4.8701332820e+00    6.1885509540e+00    5.2113974171e+00
    4.2780197784e+00    6.0243029432e+00    4.3951672201e+00
    3.5567887712e+00    5.9345321480e+00    5.1186508813e+00
    3.4967916672e+00    5.0011799536e+00    4.7822720223e+00
    3.7096037969e+00    4.8482367576e+00    5.7599016455e+00
    2.8349090878e+00    4.3949666128e+00    5.5269260852e+00
    2.8748746176e+00    5.2765996852e+00    6.0633114067e+00

molecule  48
    1.0394285696e+01    4.7202021132e+00    9.5459985856e+00
    1.0098005447e+01    3.7842525228e+00    9.3326539956e+00
    9.5319002326e+00    3.3165182682e+00    1.0037677486e+01
    8.5786302109e+00    3.5080017678e+00    9.8567178390e+00
    8.4050993257e+00    2.5824502757e+00    9.5112519082e+00
    7.8648928403e+00    2.0809441335e+00    1.0214378430e+01
    8.2381950950e+00    2.8069629423e+00    3.2808726968e-01
    7.9024149893e+00    2.7265073067e+00    1.2610614567e+00

molecule  49
    4.4986852576e+00    3.1898626426e-01    9.8571700017e-01
    4.6946540377e+00    1.0362659763e+01    1.1204064080e-01
    3.7564091272e+00    9.9510092059e+00    1.0383621151e+01
    3.8334938247e+00    1.0005967099e+01    9.3961056795e+00
    2.8284749214e+00    9.9647280079e+00    9.4367448123e+00
    2.8885162135e+00    1.3886053468e-01    1.0211553511e+01
    2.2334472934e+00    1.0298147943e+01    5.1837528133e-01
    3.1217732579e+00    1.0097289905e+01    9.1025231372e-01

molecule  50
    7.5814604502e+00    8.7646037959e+00    6.8117840104e+00
    7.2612298514e+00    8.6279296339e+00    5.8774908475e+00
    6.9701368554e+00    7.9409178865e+00    6.5651376790e+00
    7.3336013298e+00    7.6309499228e+00    7.4806775777e+00
    7.4454059640e+00    8.2688813614e+00    8.1947596638e+00
    7.4543574310e+00    7.8873576895e+00    9.1106425711e+00
    8.4035442632e+00    7.6516138370e+00    8.7726282578e+00
    9.3615732900e+00    7.6884711996e+00    8.4854960499e+00

molecule  51
    3.6343673188e+00    4.6140847674e+00    2.3966870351e+00
    2.6816858526e+00    4.3704372845e+00    2.2943484560e+00
    2.4296793019e+00    4.8657602078e+00    1.4589512946e+00
    1.5335697820e+00    4.4611409034e+00    1.2526944591e+00
    1.1501512288e+00    4.8364801375e+00    4.0241779042e-01
    1.9785017401e+00    5.3361012997e+00    3.2703336964e-01
    2.9862119872e+00    5.1524588230e+00    5.8912349565e-01
    2.9452698396e+00    4.2234910511e+00    8.7213300534e-01

molecule  52
    1.9916438533e+00    2.2684118702e+00    9.1310552463e-01
    1.5488006735e+00    1.5131310253e+00    3.8010675331e-01
    2.3596776971e+00    1.0788718853e+00    5.1128762086e-02
    2.4495563719e+00    1.8367431603e+00    9.8982756168e+00
    3.1652851562e+00    1.1028889908e+00    9.9086281718e+00
    3.6889617076e+00    1.1704787995e+00    9.1023633080e+00
    3.1915199825e+00    5.4596128045e-01    8.5413973223e+00
    3.9985030684e+00    2.1840640761e-01    8.0599968849e+00

molecule  53
    4.6602798858e+00    8.4021100056e+00    5.1623634103e+00
    4.3301305456e+00    8.7362967609e+00    4.2788943287e+00
    3.7531931588e+00    9.0894669978e+00    3.5438557218e+00
    2.9412303592e+00    8.7773366897e+00    4.0098276124e+00
    2.5458149520e+00    9.1812274110e+00    3.1771635458e+00
    2.2338666365e+00    8.7142654540e+00    2.3401557461e+00
    3.1792414489e+00    8.6277543576e+00    2.3448865251e+00
    3.8640701935e+00    7.8999324886e+00    2.3059443153e+00

molecule  54
    6.3575855527e+00    9.1823654254e+00    3.4975391556e-01
    7.1733384588e+00    9.6415843661e+00    6.6044262160e-03
    7.8524364952e+00    9.5305581632e+00    7.7968119634e-01
    7.8268666651e+00    6.4512203326e-02    8.7190808491e-01
    8.7194565126e+00    3.9935694331e-01    1.0058351723e+00
    8.7785061358e+00    1.3590854961e+00    1.3677914745e+00
    8.2330193573e+00    1.4679448683e+00    5.5304322257e-01
    8.8043561826e+00    1.5856338950e+00    1.0168619618e+01

molecule  55
    7.5417518514e+00    1.4403511506e+00    8.5518112973e+00
    6.7964865785e+00    1.3280899740e+00    9.1878826000e+00
    5.9945344494e+00    8.3492479872e-01    8.9813797480e+00
    6.3547740864e+00    1.3830393654e+00    8.2440943783e+00
    5.4731175996e+00    1.7316539333e+00    8.6121388795e+00
    4.4770058405e+00    1.8390713900e+00    8.9079019959e+00
    3.8317717748e+00    2.5607341065e+00    9.0289339727e+00
    2.9661016580e+00    2.8589237729e+00    9.3856021554e+00

molecule  56
    2.4100158735e+00    1.8780800996e+00    2.2183762204e+00
    3.1044979756e+00    2.3963756315e+00    2.6324109594e+00
    3.7046874621e+00    2.6803991942e+00    3.3282547167e+00
    4.0398762357e+00    3.3838789274e+00    2.7441043299e+00
    3.2215703716e+00    3.4414693468e+00    2.2011930914e+00
    2.6229947169e+00    3.4303395223e+00    3.0060635176e+00
    3.0836615338e+00    3.6879473343e+00    3.8750287038e+00
    2.6670859583e+00    4.3456683599e+00    4.4628516445e+00

molecule  57
    2.4222923512e-01    1.3462977189e+00    1.1816134931e+00
    1.0197971950e+01    1.5306744812e+00    3.1454128132e-01
    6.3270173497e-01    1.2314173986e+00    1.6467056088e-01
    1.0611811177e+00    4.3395580019e-01    5.5561917060e-01
    1.8944998585e-01    1.5298154796e-01    2.6759524185e-01
    5.7379874432e-01    9.6946346442e+00    3.4124396751e-01
    1.6728698100e-01    9.3624080636e+00    9.9218199578e+00
    1.0232308027e+01    1.0121896918e+01    9.5139159993e+00

molecule  58
    9.2285028867e+00    5.5960628114e+00    6.8251345766e+00
    1.0197177719e+01    5.7318390141e+00    6.6305441213e+00
    9.9608085556e+00    5.8336072105e+00    7.6174573173e+00
    1.0337494094e+01    5.5429829486e+00    8.5067356763e+00
    1.9235535611e-01    5.0200877915e+00    7.6924433223e+00
    1.0113585723e+00    5.2502485263e+00    8.2156061665e+00
    1.3134617026e+00    4.5219317021e+00    8.8121298385e+00
    2.0077636404e+00    4.3435477629e+00    8.0973263053e+00

molecule  59
    4.8866539218e+00    2.3493327684e+00    3.0026950300e+00
    5.5685566320e+00    2.0932533292e+00    3.6338469246e+00
    5.2663102622e+00    3.0305257711e+00    3.6936102837e+00
    4.8531308831e+00    3.7982639960e+00    3.2605112795e+00
    5.1812890563e+00    3.8877086951e+00    4.2092412063e+00
    5.3413511270e+00    4.7746348394e+00    4.5759604075e+00
    6.0539469286e+00    4.7567397550e+00    5.3018596544e+00
    6.7936578962e+00    4.3528850667e+00    4.7768965341e+00

molecule  60
    3.6591600322e-01    1.4916821013e+00    7.0613195262e+00
    1.0137000894e+01    8.5905832864e-01    6.7209878198e+00
    9.7465704113e+00    1.4613321666e+00    7.4001780295e+00
    9.1064216711e+00    2.1747002029e+00    7.6448190171e+00
    9.7499335071e+00    2.9058349780e+00    7.4351010171e+00
    1.0109531853e+01    2.3573401761e+00    8.1651532377e+00
    2.0459445718e-01    3.1395219351e+00    8.5329847696e+00
    4.7744993140e-01    4.0923112459e+00    8.3360827794e+00

molecule  61
    1.8904726443e+00    1.0407045540e+01    9.1575329199e+00
    2.3720892513e+00    9.8130589899e+00    8.5101288337e+00
    1.5847988439e+00    9.9525861022e+00    7.9133811593e+00
    1.7676660566e+00    9.6407629000e+00    6.9636123341e+00
    1.0118305068e+00    1.0274090202e+01    6.8744833455e+00
    1.3807291282e-01    4.0606178769e-02    7.3429014254e+00
    1.2358210777e-01    9.5838824052e+00    7.7931733643e+00
    1.0308941844e+01    1.0208594363e+01    8.5672283227e+00

molecule  62
    5.1885991058e+00    5.2978622431e+00    7.9620181278e+00
    5.3511678259e+00    5.1998427156e+00    6.9948583540e+00
    6.2505930511e+00    4.8398460756e+00    6.8854771932e+00
    6.8526081794e+00    4.9438614192e+00    7.6932717287e+00
    6.0529464907e+00    4.7440525021e+00    8.2700926790e+00
    6.9102806727e+00    4.2048869002e+00    8.3583089574e+00
    6.7548888376e+00    4.7068686160e+00    9.1607634269e+00
    6.0355374130e+00    4.0367349135e+00    9.0751505189e+00

molecule  63
    1.3943293055e+00    1.3417130612e+00    3.9101674529e+00
    1.0530666715e+00    2.0325177429e+00    4.4770027137e+00
    1.1500163280e+00    1.3504735188e+00    5.2224696334e+00
    6.1993109000e-01    1.7290549528e+00    6.0081220858e+00
    1.0094219816e+01    1.7880100912e+00    6.0076061417e+00
    9.5091797159e+00    1.1384082829e+00    5.5029800372e+00
    8.9249659535e+00    6.1935611637e-01    6.0983665125e+00
    9.1037886709e+00    1.5441633765e+00    6.4127011807e+00

molecule  64
    5.9298308891e+00    8.4297698292e+00    5.2974040930e+00
    6.2722656993e+00    8.5301615005e+00    4.3280675976e+00
    5.8129598858e+00    9.3974301409e+00    4.1678722764e+00
    5.4569513087e+00    9.5763609409e+00    5.1068333674e+00
    5.0806857935e+00    1.0426765787e+01    4.6651173896e+00
    5.7246845569e+00    2.6797890613e-02    3.9476686470e+00
    6.0510187178e+00    6.6294944411e-01    3.2526250829e+00
    5.6651518755e+00    1.1442922029e+00    4.0412678409e+00

molecule  65
    9.8706055476e+00    2.3568904812e+00    9.2126091047e+00
    4.1545819123e-01    2.2045800735e+00    9.2921482162e+00
    1.1647149129e+00    2.4667865829e+00    9.9120623822e+00
    1.6359537410e+00    3.0174873719e+00    1.5144096088e-01
    2.5714505345e+00    2.7315908172e+00    1.0254574807e+01
    3.3298857514e+00    2.0994003773e+00    1.0330159449e+01
    3.1001811224e+00    1.6705166068e+00    7.2188589648e-01
    3.5153498588e+00    7.8865035694e-01    5.8463776958e-01

molecule  66
    1.1407761629e+00    9.1112834472e+00    5.9514534769e+00
    7.0952058345e-01    9.1916275444e+00    6.8366312556e+00
    1.0335336635e+01    8.7674138573e+00    7.1443315526e+00
    1.0139347805e+01    8.3764395827e+00    6.2485301235e+00
    1.0348732879e+01    9.2974535560e+00    6.1708313848e+00
    1.6118943129e-01    1.0230648486e+01    5.9585860060e+00
    4.5644688136e-01    6.9794678393e-01    6.1794536819e+00
    1.2242524635e+00    9.6930131252e-01    6.8357985477e+00

molecule  67
    9.5698119861e+00    6.8470615893e+00    1.1204894391e+00
    9.9892680013e+00    6.0936945076e+00    1.6484033744e+00
    2.3572906685e-01    6.8281843521e+00    1.7056839019e+00
    4.3123148479e-01    6.5808819484e+00    7.3457400391e-01
    1.3832086495e+00    6.1548234376e+00    5.6913432458e-01
    1.4347110574e+00    5.9483647513e+00    1.0034962048e+01
    2.1510847530e+00    6.2278104769e+00    9.4305242285e+00
    1.5633873885e+00    6.9590398252e+00    9.5613188316e+00

molecule  68
    2.5576370932e+00    7.1974284151e+00    9.2685594605e+00
    3.4822407889e+00    6.9889481785e+00    9.0803561966e+00
    3.3926417538e+00    6.1267713894e+00    8.6226816364e+00
    4.1979539862e+00    6.1089400304e+00    8.0196637831e+00
    4.9917254026e+00    6.4402781112e+00    8.5226472997e+00
    5.7109719957e+00    6.7049614531e+00    7.7926285015e+00
    6.3642548165e+00    7.1718986853e+00    7.2010658042e+00
    7.1694727183e+00    6.7432274823e+00    6.8121906031e+00

molecule  69
    7.2459418766e+00    7.0985763436e+00    7.5529827230e-01
    7.8784805984e+00    6.3449443309e+00    4.2289416167e-01
    8.6453763732e+00    5.7575862312e+00    1.7233450301e-01
    9.5018277649e+00    5.9324205474e+00    1.0179844390e+01
    9.3849541339e+00    6.8138285164e+00    9.7392198087e+00
    9.3612428188e+00    6.5213550346e+00    8.7525624631e+00
    8.8672264910e+00    5.6987078552e+00    8.3306481854e+00
    7.9127230776e+00    5.5442465417e+00    8.0334456685e+00

molecule  70
    6.1665151011e-02    9.9637591743e+00    3.2928229376e+00
    9.8838308491e-01    1.0239720852e+01    2.9517482887e+00
    8.2693231248e-01    1.4807878559e-03    3.9027739432e+00
    1.0422510621e+01    4.1808704035e-01    3.7482653796e+00
    9.6505150109e+00    8.6812013425e-01    4.2159879718e+00
    9.4833715000e+00    1.5747365977e-01    3.5337066174e+00
    8.8559358361e+00    6.8977008224e-01    2.9859455961e+00
    8.4717672833e+00    1.1561740847e-01    2.3268363122e+00

molecule  71
    1.6812478408e-01    2.7032057330e+00    1.7680178083e-02
    4.9190948605e-01    3.1684122540e+00    9.6325938816e+00
    1.4350825178e+00    3.2561182358e+00    9.2912973828e+00
    2.1810526916e+00    3.9215509379e+00    9.3283975505e+00
    3.1851086952e+00    3.8839145611e+00    9.3623871792e+00
    3.1680202658e+00    3.8667037228e+00    1.0305529853e+01
    2.6426572204e+00    4.7011763644e+00    1.0269620875e+01
    1.8921054172e+00    5.1436682935e+00    9.7631406774e+00

molecule  72
    5.1758485225e+00    8.0450941528e+00    7.4630550864e-01
    4.7024042468e+00    7.8728837864e+00    1.6240551804e+00
    3.7984654148e+00    8.0623254583e+00    1.2921339892e+00
    4.1630206595e+00    7.4040212551e+00    6.5773772382e-01
    4.7638252655e+00    6.9578656071e+00    1.0446334724e+01
    5.7045471073e+00    6.9361894765e+00    4.1071936745e-01
    5.6651674879e+00    6.0976623581e+00    9.2586741939e-01
    5.6890399229e+00    5.1356476802e+00    6.4876785486e-01

molecule  73
    5.8717372466e+00    9.9471282140e-01    4.9913733185e+00
    6.0335561946e+00    1.4197855402e+00    5.9117024552e+00
    6.8506924552e+00    1.8893457507e+00    6.2935913978e+00
    6.2493417831e+00    2.5426024074e+00    6.7741603263e+00
    6.1782801131e+00    2.6987265550e+00    7.7846309772e+00
    6.1412119334e+00    3.7086684278e+00    7.6950195644e+00
    6.6945022817e+00    3.6380906998e+00    6.8477584678e+00
    7.0372439505e+00    4.2136667800e+00    6.0854391768e+00

molecule  74
    4.8458001350e+00    7.7650694952e-01    3.4042424292e+00
    4.6813032624e+00    1.0288283909e+01    3.4764171822e+00
    3.7758342909e+00    2.0975239351e-01    3.2696269336e+00
    3.8882437758e+00    1.0336986002e+00    3.7506817703e+00
    4.5647724788e+00    1.6360733102e+00    4.1312747731e+00
    4.3962592705e+00    1.3084034234e+00    5.1079330324e+00
    5.0608940683e+00    1.9452694390e+00    5.5457905397e+00
    4.7823268707e+00    2.2844898337e+00    6.4203687524e+00

molecule  75
    2.8410963222e+00    7.7686044561e+00    2.7951807203e+00
    1.9215110388e+00    7.7061976511e+00    3.1501919061e+00
    2.4740310354e+00    6.9215036966e+00    3.4601039627e+00
    2.0030337048e+00    7.4757147489e+00    4.1323868749e+00
    1.4741053499e+00    7.1322520799e+00    4.8972792906e+00
    1.3653876859e+00    6.1786796031e+00    4.6082250045e+00
    1.9545948443e+00    6.1311803342e+00    3.8192078673e+00
    1.6679913957e+00    6.1262062708e+00    2.8652803206e+00

molecule  76
    4.6020002958e+00    2.8992678207e+00    4.7592120117e+00
    3.7037620287e+00    2.8067112496e+00    4.4267139465e+00
    3.4978969375e+00    2.1051352631e+00    5.0721294481e+00
    3.2863814172e+00    1.1819205630e+00    5.4833913387e+00
    2.4498754832e+00    1.6528352317e+00    5.5803447762e+00
    2.1241509511e+00    2.2344771015e+00    4.8763358927e+00
    2.7572152217e+00    1.6601365505e+00    4.3654872843e+00
    2.3506638177e+00    2.3213860168e+00    3.7263683672e+00

molecule  77
    5.7680923463e+00    3.4061909288e+00    2.6667360730e+00
    5.1597372303e+00    2.9476855464e+00    2.0311082688e+00
    6.0153201665e+00    2.5353564333e+00    2.1221465729e+00
    5.9020484926e+00    1.6748499566e+00    2.7003757190e+00
    5.4487541887e+00    8.6032102842e-01    2.3148586374e+00
    5.2617003435e+00    7.6625467238e-01    1.3655301275e+00
    4.5544227902e+00    1.4831944411e+00    1.1991194499e+00
    4.7082611751e+00    1.9507613794e+00    2.0338476481e+00

molecule  78
    2.6156082540e+00    6.8912427056e+00    4.8313837165e+00
    2.9204127789e+00    6.4602547018e+00    5.7015461723e+00
    2.8904588270e+00    7.3858293390e+00    6.0040251832e+00
    2.2223429828e+00    7.9436516079e+00    5.4718366338e+00
    1.7862360258e+00    7.1957389437e+00    5.9401615881e+00
    2.1437832660e+00    6.4138105664e+00    6.4349225885e+00
    1.6947002780e+00    5.8793755795e+00    5.7245817050e+00
    7.6557483048e-01    6.0858676527e+00    6.0352937738e+00

molecule  79
    9.6192601201e-01    3.9131633865e+00    5.2808363939e+00
    5.6682828934e-01    3.1098232785e+00    4.8555331433e+00
    1.0417909296e+01    2.8266143816e+00    5.6016878098e+00
    1.4301567246e-01    2.1371233340e+00    4.9039472150e+00
    1.7365064107e-01    1.1387154481e+00    4.8661301371e+00
    4.5183846502e-01    1.7841212497e-01    4.9467649301e+00
    8.2851057764e-01    9.7869729402e+00    5.2633252553e+00
    1.3388301392e+00    1.6235005418e-01    5.6041589348e+00

molecule  80
    3.6009107237e+00    8.9435162233e+00    9.2258484275e+00
    4.5843391353e+00    9.1946122791e+00    8.9971498561e+00
    4.5932900437e+00    8.3853959523e+00    8.3327157095e+00
    3.9413403086e+00    7.9028929516e+00    8.8853562228e+00
    4.2693012534e+00    7.3381235671e+00    9.6178623272e+00
    3.7419752228e+00    8.0624479029e+00    1.0113727438e+01
    2.7229145736e+00    8.1256814989e+00    1.0169677285e+01
    2.9939692219e+00    7.5975656988e+00    5.6641918467e-01

molecule  81
    3.2859256261e+00    6.9345648260e+00    1.4171778284e+00
    3.1893022981e+00    6.5929787753e+00    2.3237847394e+00
    2.2551114405e+00    6.8938779602e+00    2.3147395129e+00
    1.4558954210e+00    6.6670442685e+00    1.8613676811e+00
    1.8545953734e+00    5.7988673393e+00    1.5905607293e+00
    2.3859751598e+00    6.5761453716e+00    1.2576616751e+00
    2.3878605067e+00    6.6468508822e+00    2.4495287646e-01
    3.2758926991e+00    6.5842399079e+00    1.0284049460e+01

molecule  82
    2.2726269599e+00    4.2908942567e+00    6.8489031523e+00
    2.7310308209e+00    4.7916660955e+00    7.5126962250e+00
    3.0019142143e+00    3.8367431802e+00    7.5194082429e+00
    2.7726413785e+00    3.1032214523e+00    8.1111849668e+00
    2.1131310770e+00    2.4047368854e+00    7.7254444134e+00
    1.6420968174e+00    3.1118265241e+00    8.2658918177e+00
    1.1567581429e+00    3.3052421103e+00    7.4425401433e+00
    7.9592253316e-01    2.4466090258e+00    7.7847025916e+00

molecule  83
    4.8297099219e+00    9.1135894501e+00    3.4977774728e+00
    5.6314432266e+00    8.5042371444e+00    3.4531663819e+00
    4.8665633566e+00    7.9059613330e+00    3.2732096713e+00
    5.7671908975e+00    7.6123332553e+00    2.8170646038e+00
    5.1953443380e+00    6.7835297416e+00    2.6617194895e+00
    5.6616009615e+00    6.8246562872e+00    3.5513114590e+00
    5.3917268416e+00    7.4568390792e+00    4.3255411705e+00
    5.6446398593e+00    7.3039689679e+00    5.2626560400e+00

molecule  84
    4.2947563510e+00    7.1381156034e+00    5.0907471813e+00
    3.9472503007e+00    6.6298035038e+00    5.9045247015e+00
    3.3089976877e+00    6.7425597097e+00    6.6540120174e+00
    2.9013520676e+00    6.1648338103e+00    7.3488759240e+00
    3.5245719314e+00    5.4341480077e+00    7.0673701743e+00
    4.4280903195e+00    5.3063232176e+00    6.7550393092e+00
    4.4634186980e+00    6.2953417714e+00    6.8191494199e+00
    5.1163818374e+00    6.7683916202e+00    6.2135196953e+00

molecule  85
    8.3048588759e-01    3.4682578153e+00    2.6647938158e+00
    7.9902869946e-01    2.8639781167e+00    3.5027702757e+00
    6.5247467851e-01    1.9067645082e+00    3.2990162902e+00
    2.4168265333e-01    2.4390137085e+00    2.5213041293e+00
    4.7501742146e-01    2.5507988741e+00    1.5831208365e+00
    1.0425726174e+01    3.2429407982e+00    1.0598291828e+00
    1.0253765181e+01    3.4166856545e+00    2.0182654443e+00
    9.2786782832e+00    3.2483278705e+00    2.2173576759e+00

molecule  86
    9.2227339091e+00    7.0937433406e+00    7.6261362798e+00
    8.5182045523e+00    6.3718697757e+00    7.6889283625e+00
    8.4818633341e+00    6.6105488916e+00    6.7332533119e+00
    9.3835813195e+00    6.9986299967e+00    6.4349045257e+00
    8.5586834561e+00    7.5993866494e+00    6.4664887900e+00
    8.8141669520e+00    8.1658463865e+00    5.6748087052e+00
    9.0684779266e+00    8.6035519398e+00    4.8197694466e+00
    9.8671104669e+00    7.9870872214e+00    4.8684275509e+00

molecule  87
    8.1679963428e+00    9.1553734169e-01    3.8839408962e+00
    8.5386932689e+00    1.4634729183e+00    4.6480036620e+00
    7.6562657834e+00    1.2302364052e+00    4.9478794756e+00
    7.7523595639e+00    5.2957762369e-01    5.6265017434e+00
    8.2288373928e+00    1.0234837209e+01    5.2040429097e+00
    7.7750729030e+00    1.0049964416e+01    6.0727021430e+00
    7.1853089260e+00    9.7783979157e+00    5.3017142807e+00
    6.5912808626e+00    1.2214456416e-01    5.2251091976e+00

molecule  88
    9.4802351378e+00    9.2443050773e+00    2.6598101841e+00
    9.0271738538e+00    9.8738264319e+00    3.2239639553e+00
    8.5798979464e+00    1.0185032014e+01    4.0417218103e+00
    8.0980281498e+00    9.4503991152e+00    4.6166995725e+00
    7.5421067086e+00    9.3017967394e+00    3.8073478597e+00
    7.2943642628e+00    8.6094956052e+00    4.5180078924e+00
    7.1237845531e+00    7.7455354857e+00    4.0675361634e+00
    7.3691356297e+00    8.1090943572e+00    3.1480575944e+00

molecule  89
    5.9311823502e+00    2.9918745736e-01    6.1119473410e+00
    6.9095560493e+00    1.2907938316e-01    6.2326359533e+00
    7.0164008091e+00    9.8933614658e-01    6.7100401569e+00
    6.0500090610e+00    1.0026320678e+00    7.0040550349e+00
    6.5739339062e+00    1.3420167375e-01    7.1586261666e+00
    7.3296597924e+00    1.6627512297e-01    7.7688074210e+00
    6.9410213446e+00    3.9343935350e-01    8.6669301014e+00
    7.8701921537e+00    1.0420755400e+01    8.7415073427e+00

molecule  90
    1.0337932820e+01    6.6640541164e+00    7.1439009093e+00
    3.3443790331e-01    6.3197884608e+00    7.9896739383e+00
    1.0132161239e+01    7.0487087473e+00    8.1691442095e+00
    3.7065914788e-01    7.4183970386e+00    8.8007227518e+00
    1.0293388025e+01    6.7784947376e+00    9.3203403939e+00
    6.6039018743e-01    6.2787498162e+00    9.3569042937e+00
    4.4383897054e-01    5.8111678444e+00    1.0201372766e+01
    8.8439257082e-01    5.1632424187e+00    9.6299549826e+00

molecule  91
    7.5833355922e+00    6.1063790127e+00    6.1495141965e+00
    7.0845653969e+00    5.4370226580e+00    6.6294478941e+00
    6.2945117390e+00    5.9115830984e+00    6.9815903003e+00
    5.9592229943e+00    5.5185796022e+00    6.0839441226e+00
    6.3287972208e+00    6.2087892392e+00    5.4851705073e+00
    7.1635879505e+00    5.8675914555e+00    5.0788759183e+00
    7.3707627818e+00    6.6879964629e+00    4.5460133560e+00
    7.8442093027e+00    6.9146898447e+00    3.6499173066e+00

molecule  92
    7.7897951121e+00    7.3521147020e+00    1.0141363698e+01
    7.7640012951e+00    8.3834696199e+00    1.0130194525e+01
    8.3673504453e+00    9.1198776369e+00    1.0347922080e+01
    8.1509977560e+00    9.1423583937e+00    9.4048398076e+00
    8.8420203403e+00    9.0964612552e+00    8.6963152554e+00
    9.8509366933e+00    9.2907852903e+00    8.8103432870e+00
    9.9385132794e+00    8.5319715910e+00    8.1338127913e+00
    9.3900951238e+00    8.4504219894e+00    7.2793448013e+00

molecule  93
    1.0107218042e+01    8.8713948590e+00    1.6779020082e-01
    9.2794583858e+00    9.3056351707e+00    5.5478280476e-01
    9.4523042561e+00    1.0073201221e+01    8.4940837323e-03
    9.4686750877e+00    6.1640186507e-01    1.0384701796e+01
    9.0881040575e+00    5.1746905213e-01    9.4823138334e+00
    8.4774202122e+00    1.0188911704e+01    9.5344978559e+00
    8.0542871426e+00    4.3409316559e-01    1.0119019728e+01
    7.8191213210e+00    1.0529465210e+00    9.3624764198e+00

molecule  94
    6.3416347323e+00    9.5650982916e+00    6.4699400269e+00
    6.1665440915e+00    8.9316821165e+00    7.2617271593e+00
    6.4429086066e+00    8.0872372484e+00    7.6655475537e+00
    5.5523416570e+00    8.1110775163e+00    7.9359748135e+00
    5.0376602003e+00    8.0527625425e+00    7.0598259188e+00
    4.7126691660e+00    8.1449540731e+00    6.0673113193e+00
    5.6165018266e+00    7.7178392519e+00    6.2730362064e+00
    6.1699142567e+00    8.5546758915e+00    6.3156871018e+00

molecule  95
    8.1070844367e+00    4.3293240425e+00    5.7948980606e+00
    8.1977990054e+00    4.8281237521e+00    6.6682035511e+00
    8.4979385350e+00    5.2981721791e+00    5.8341281931e+00
    9.3230153058e+00    4.8062302694e+00    6.1011307159e+00
    9.9819017712e+00    5.3190651618e+00    5.5679929211e+00
    5.0498904116e-02    4.4811344522e+00    5.3567168226e+00
    6.9155145483e-01    4.8526174002e+00    6.0388437506e+00
    9.9840225669e-01    4.1856470462e+00    6.7330054064e+00

molecule  96
    8.5557441786e+00    7.2022845325e+00    1.2847720035e+00
    8.6973284134e+00    6.2821723478e+00    1.6489201477e+00
    7.7341378503e+00    6.2578555814e+00    1.4841860820e+00
    6.9220083698e+00    5.7738244070e+00    1.1409011329e+00
    6.7832031974e+00    4.9633828436e+00    1.7286489041e+00
    6.7180145492e+00    4.2771099203e+00    2.4713773398e+00
    5.8774892894e+00    4.8057218573e+00    2.4808631635e+00
    5.7367272619e+00    5.3785796615e+00    1.7014444107e+00

molecule  97
    2.4614221044e+00    5.6815084465e+00    5.0298754321e+00
    3.0262385799e+00    5.6355943811e+00    4.2129902442e+00
    3.3886136215e+00    6.4129089389e+00    3.6264232782e+00
    2.8058401558e+00    5.6829849147e+00    3.2572506602e+00
    2.0230008687e+00    5.1235745055e+00    3.4453101675e+00
    1.7475361350e+00    5.1857796892e+00    4.4030178958e+00
    9.2583079374e-01    4.9360071532e+00    4.8905444286e+00
    1.7770517382e+00    4.7767439076e+00    5.4143798264e+00

molecule  98
    7.9781019701e+00    7.6195939618e+00    2.3449871726e+00
    7.5639828908e+00    6.7841105141e+00    2.6465119408e+00
    7.0387414904e+00    6.1335392155e+00    3.1597149406e+00
    6.5680970097e+00    7.0344810803e+00    3.1425563738e+00
    6.3940006904e+00    6.3629636396e+00    2.4607119422e+00
    6.8399842091e+00    6.9783365631e+00    1.7783957183e+00
    5.8607172270e+00    6.9688686895e+00    1.7468882635e+00
    5.9437563418e+00    7.8597517570e+00    1.3443771203e+00

molecule  99
    8.0792867050e+00    4.3396694238e+00    5.2036140168e-02
    7.8387485704e+00    5.2273377102e+00    4.5135145818e-01
    7.1836290426e+00    4.7239340756e+00    1.0344923371e+01
    7.1850300937e+00    5.6951435632e+00    1.0119729556e+01
    6.5206388872e+00    6.4269358178e+00    1.0167248235e+01
    6.6528626496e+00    6.4203148876e+00    9.1706816332e+00
    6.5140905651e+00    7.1109843384e+00    8.4681187632e+00
    6.7203991577e+00    6.1916037572e+00    8.0280716225e+00
