    McEnergyAverage{
      interval                             100
      outputFileName                 energyAve
      nSamplePerBlock                       10
    }

Average     5.8175645e+02
Variance    5.8179437e+02
Std Dev     2.4120414e+01

Hierarchichal Error Analysis:
              0              1  7.6275065e-02         100001
              1              2  7.6274390e-02          50000
              2              4  7.6212544e-02          25000
              3              8  7.6165665e-02          12500
              4             16  7.5634610e-02           6250
              5             32  7.5116023e-02           3125
              6             64  7.5381085e-02           1562
              7            128  7.4718778e-02            781
              8            256  7.3712201e-02            390
              9            512  7.3965012e-02            195
             10           1024  7.6966899e-02             97
             11           2048  7.0219062e-02             48
             12           4096  7.5735436e-02             24
             13           8192  7.8249759e-02             12
             14          16384  5.4949485e-02              6
