BoxLengths                10.455159      10.455159      10.455159
nParticle                  800
nSpecies                     1
nMolecule                  100
   4.8590170000   3.6824650000   7.7510740000    0
   4.1365140000   4.2167450000   8.2072390000    0
   4.8790020000   4.8382280000   8.1989000000    0
   5.5292660000   5.4386080000   7.6582660000    0
   5.4945530000   6.4429930000   7.7480580000    0
   6.0962470000   7.0625580000   7.2305410000    0
   5.7382350000   7.8265090000   6.6209520000    0
   6.3277610000   7.6099840000   5.8313460000    0
   0.3146100000   9.9794290000   5.3753860000    0
   9.8976150000   9.5059680000   5.2743130000    0
   9.5484100000   8.5733450000   5.4204740000    0
   8.9595120000   8.6923400000   6.2121900000    0
   9.2670950000   8.4558810000   7.1401470000    0
   8.4655880000   9.0431150000   6.9892250000    0
   8.3094190000   9.8609050000   6.4809920000    0
   8.4101860000  10.3530020000   7.3622270000    0
   0.2347910000  10.1732540000   2.9421110000    0
   9.9895720000   9.5769590000   2.6243560000    0
   0.2486620000   9.1738350000   3.2551130000    0
  10.3391370000   8.5332100000   3.9167410000    0
  10.1896430000   7.6482490000   3.4810300000    0
   9.4432030000   7.9716560000   2.9061410000    0
   8.7342670000   8.2145180000   3.5347740000    0
   8.4144320000   7.5456610000   4.1825800000    0
   9.6884570000   0.4862790000   9.1639280000    0
   9.6754020000   0.6837500000   8.1813830000    0
   9.5486630000   1.6279470000   8.4961700000    0
  10.4462170000   1.8307940000   8.7589380000    0
   9.8194680000   1.8916810000   9.5191560000    0
   9.2565900000   2.1402090000  10.3343050000    0
   8.2472810000   2.1233060000  10.3481500000    0
   7.6906680000   2.2578580000   9.5511290000    0
   9.6370180000   5.1782790000   6.3681430000    0
   9.9951930000   5.8682950000   7.0427090000    0
  10.3376860000   6.5247150000   6.3952410000    0
   0.5731910000   6.9725750000   6.9427980000    0
  10.1285550000   7.0583450000   7.3315690000    0
  10.3779280000   7.9878680000   7.0402190000    0
   0.6573430000   7.9133470000   7.7128040000    0
   1.1360530000   7.9577450000   8.5793420000    0
   3.0890980000   1.3193280000   3.1510220000    0
   3.6318000000   2.1043010000   3.2377090000    0
   4.1364960000   2.9559690000   3.3026590000    0
   4.7474210000   3.3463790000   3.9784250000    0
   4.9675590000   2.3451650000   3.8993030000    0
   5.7950230000   1.8298580000   3.5554570000    0
   5.6082170000   2.7127680000   3.1752600000    0
   5.9193120000   2.7038980000   4.1451890000    0
   7.4874770000   4.4102680000   1.7577230000    0
   6.9682830000   5.0226480000   1.1767020000    0
   6.7361210000   5.5116540000   2.0059810000    0
   6.0901300000   5.9791640000   1.4017530000    0
   6.2517720000   5.5253070000   0.5274750000    0
   5.4486620000   5.1610940000   0.0998730000    0
   5.2851440000   4.9871130000   1.0261130000    0
   5.0404470000   4.0337980000   0.8261750000    0
   1.8222880000   3.6547940000   1.9671870000    0
   1.9785480000   4.0683340000   1.1139840000    0
   2.8817090000   3.8320830000   1.4806970000    0
   2.4375800000   3.0857440000   1.0316230000    0
   2.3870680000   2.3190710000   0.4697300000    0
   2.6382670000   1.4436870000   0.0328000000    0
   3.2382820000   0.9758830000   0.6126120000    0
   3.2524730000   0.0925870000   0.2407180000    0
   6.9552980000   4.6094140000   2.8547850000    0
   6.9617580000   3.7352990000   3.2832430000    0
   7.8960910000   3.8903780000   3.5800660000    0
   8.5515360000   4.2068000000   4.2786890000    0
   8.4079350000   4.0259960000   5.2346500000    0
   7.4247220000   3.9844820000   5.2132970000    0
   6.5210910000   4.0935320000   4.9680400000    0
   6.9027320000   3.3577380000   4.4288290000    0
   1.6180030000   7.1435090000   7.1381630000    0
   2.0453010000   6.9703310000   6.2665820000    0
   1.2088280000   6.9050070000   5.7897680000    0
   1.1073560000   6.7975460000   4.8077810000    0
   1.6640640000   7.4783950000   4.4560180000    0
   0.8633230000   7.7055640000   3.8933880000    0
   1.1678480000   8.6507530000   3.7434790000    0
   0.6827890000   9.2334260000   4.3864070000    0
   2.8210660000   4.9118700000  10.1813660000    0
   2.1211050000   5.1307580000   9.5512720000    0
   2.6476490000   5.9031140000   9.2896560000    0
   3.5265430000   6.0066610000   8.8393150000    0
   4.4649780000   6.2656990000   8.5693250000    0
   4.5735530000   5.8091380000   7.7038670000    0
   4.7084640000   5.7079790000   6.7086270000    0
   4.5151150000   4.8603950000   7.2227100000    0
   4.7849710000   9.0138210000   7.0254640000    0
   4.6564990000   9.9318410000   6.7269310000    0
   5.4593130000  10.2124720000   6.2272550000    0
   5.9259370000   0.0337370000   7.0522860000    0
   6.1323400000   9.5867190000   6.6930530000    0
   6.6346820000  10.3801160000   6.3316910000    0
   7.5193260000   0.0230100000   5.8811700000    0
   7.7035280000  10.0241780000   4.9311040000    0
   4.6050630000   7.7758560000   1.9727010000    0
   4.5279730000   6.8672130000   2.4300560000    0
   4.7938670000   7.4625370000   3.2443380000    0
   4.2407470000   7.0055990000   3.9340910000    0
   3.3060680000   6.7282820000   4.0098480000    0
   2.5653670000   6.0770920000   3.8452210000    0
   2.3627980000   6.0036490000   2.8199550000    0
   2.7402110000   5.1339140000   2.5604890000    0
  10.2519290000   4.7739640000   7.6912410000    0
   0.3857080000   5.0632520000   8.4422440000    0
   0.4349610000   5.9557840000   7.9932490000    0
   0.6041760000   6.9668520000   8.1530790000    0
   0.4423730000   7.1827970000   9.1224100000    0
   0.5615030000   6.1825770000   9.0233560000    0
   1.1963370000   5.4385310000   9.2035270000    0
   0.6334330000   5.7594960000   9.9974500000    0
   6.2453710000   5.9523660000   7.0666690000    0
   6.4091650000   5.0258750000   7.3282720000    0
   7.2674910000   5.5607850000   7.4307290000    0
   6.6967360000   6.1315140000   8.0349250000    0
   7.3495550000   5.7085670000   8.6777360000    0
   7.2095540000   5.6474490000   9.6776790000    0
   6.2662960000   5.3426840000   9.9497290000    0
   6.3230070000   6.2574740000  10.2878010000    0
   9.7424190000   9.4403820000   3.9874990000    0
   9.0710970000   8.7801910000   4.4008770000    0
   8.1700990000   8.5047300000   4.5376450000    0
   8.3255760000   9.2016520000   5.2269110000    0
   7.7607930000   8.5925890000   5.7975680000    0
   6.8072380000   8.5364960000   5.5013100000    0
   7.1112260000   9.3946780000   5.8920600000    0
   7.4161240000   9.3645320000   6.8330700000    0
   1.5980260000   1.5629270000   0.5106040000    0
   1.4309710000   2.4028430000  10.3954500000    0
   1.6079700000   2.4708170000   9.4139540000    0
   2.4602760000   2.7745440000   9.7271820000    0
   2.9549170000   3.2831030000  10.3549930000    0
   3.4149380000   2.7323770000   0.5796510000    0
   3.5400400000   2.9604860000   1.5327460000    0
   4.0084690000   3.7277480000   1.1238740000    0
   4.2925230000   0.4003740000  10.3399490000    0
   4.2078370000   9.9122100000  10.0692240000    0
   3.8523070000   9.0616490000   0.0258310000    0
   3.5920780000   8.1001930000  10.3582440000    0
   2.7810090000   8.1505940000   9.7283610000    0
   2.2918150000   8.2910320000   8.9101340000    0
   2.7623570000   8.9913970000   8.3432220000    0
   3.7227030000   9.1623290000   8.0708810000    0
   6.5835170000   1.9666480000   2.6515370000    0
   6.3404860000   1.5992660000   1.7724550000    0
   5.5803950000   2.0626090000   2.1521170000    0
   4.8176230000   2.7145920000   1.9951660000    0
   4.6741590000   2.0066150000   2.6486270000    0
   4.6635370000   1.4647710000   3.4896400000    0
   4.2046520000   0.5701270000   3.5054550000    0
   5.0239550000   0.4889120000   2.9560400000    0
   2.7935890000   4.0441650000   2.9272300000    0
   3.1674040000   4.0772130000   3.8585570000    0
   3.9450060000   4.0905500000   3.2168120000    0
   3.6614330000   3.7205620000   2.3253770000    0
   3.8019870000   4.6827560000   2.5116110000    0
   4.2360940000   5.0759780000   1.6934100000    0
   4.1209850000   5.8370390000   2.3241100000    0
   3.5023590000   6.6392670000   2.1794930000    0
   7.7252510000   8.1273640000   0.5746600000    0
   8.3783670000   7.6701680000  10.4371480000    0
   8.0540070000   7.3011950000   9.5747180000    0
   7.7242380000   6.6263160000  10.2724270000    0
   8.1220620000   6.2007560000   9.4713880000    0
   8.2382720000   5.4875410000  10.1480090000    0
   7.5050070000   4.9419230000   0.0931800000    0
   6.7677760000   4.3352490000  10.2336180000    0
  10.4230730000  10.2291620000   4.0694240000    0
   0.0068480000   0.6113880000   3.4982840000    0
   0.3461700000   1.4188090000   3.0544850000    0
   0.7154980000   2.0288390000   3.7874740000    0
   0.9037970000   2.6498590000   3.0695270000    0
  10.3811370000   2.6439680000   3.0028730000    0
   0.0495220000   3.2684530000   2.2635470000    0
   0.2491460000   2.3285510000   1.9461780000    0
   4.4971820000   9.2847770000   4.4498140000    0
   4.6617390000   9.1690420000   5.4047210000    0
   5.6443180000   8.9368710000   5.3453870000    0
   5.5436260000   9.8581070000   4.9363840000    0
   6.2106140000   0.1744420000   5.0470020000    0
   7.0367180000   0.3380280000   4.5843680000    0
   6.5005780000   1.0947760000   4.2016780000    0
   7.4400330000   1.0214470000   3.8976800000    0
   2.6055910000   8.1965620000   5.5290910000    0
   3.3774680000   8.8258650000   5.6267480000    0
   3.5970270000   9.7952610000   5.6431460000    0
   4.2676500000   0.0704190000   5.9134260000    0
   3.8490350000   0.2924990000   6.7669340000    0
   4.6626760000   0.3984160000   7.3465800000    0
   4.5322260000   9.9772140000   7.8753710000    0
   4.3494840000   0.4071380000   8.2788080000    0
   2.2566170000   0.1174580000   4.4336950000    0
   3.0563170000  10.0042480000   4.5203580000    0
   3.2789470000   0.4192710000   4.0582940000    0
   3.6904600000   0.7987590000   4.8814270000    0
   3.1267300000   1.5125130000   4.4772930000    0
   4.0382580000   1.9251000000   4.2396710000    0
   4.5869600000   1.4536530000   4.9359410000    0
   5.4918370000   1.8155300000   4.6400260000    0
   1.5096870000   1.1551360000   5.3936410000    0
   0.6993380000   0.7329430000   5.0269720000    0
   0.2926300000   1.5172780000   5.3786960000    0
   0.7050210000   1.2402400000   6.2543120000    0
   0.2040090000   0.4127910000   6.1512870000    0
  10.0494720000   0.3863750000   5.3223590000    0
   9.4838820000  10.2385300000   4.7674000000    0
   8.6948240000   9.7819520000   4.3603080000    0
   0.4309020000   0.7390450000   9.8606860000    0
   0.3969310000   1.5530500000  10.3720080000    0
   0.6908360000   2.0072390000   9.5223610000    0
   1.0516360000   1.2620660000   8.9926460000    0
   1.6851470000   0.5215260000   9.0799060000    0
   2.6893630000   0.8072760000   9.2137820000    0
   2.1149570000   1.5528460000   9.5198910000    0
   3.0728440000   1.8704910000   9.6472990000    0
   4.0748930000   5.0026110000   9.6594140000    0
   4.5115330000   4.3105510000  10.2369820000    0
   4.9407120000   4.0080270000   9.3781670000    0
   5.8447020000   4.4586560000   9.4143750000    0
   5.4569470000   5.3940780000   9.2235910000    0
   6.0565430000   6.1485740000   9.0436790000    0
   5.6939900000   7.0742900000   8.7324430000    0
   6.5458040000   7.1388650000   9.2692340000    0
   7.9652070000   8.9870130000   1.2183300000    0
   8.5411840000   8.8588400000   0.3987400000    0
   8.4502270000   8.6119720000   9.9595070000    0
   9.2452680000   7.9880820000  10.0336260000    0
   9.4880550000   7.0654420000  10.4138200000    0
   8.9229500000   6.6210390000   0.6513390000    0
   7.9535500000   6.6733970000   0.8499170000    0
   7.2602050000   6.0084840000   0.5678830000    0
   1.1429830000  10.3271810000   4.5316650000    0
   0.9330020000   0.6317450000   3.8899810000    0
   1.7041360000   0.0759110000   3.5438360000    0
   1.9919520000   0.6502110000   2.6999470000    0
   1.5178850000  10.2187450000   2.6011520000    0
   0.7994500000   0.4203710000   2.4162200000    0
   0.6891950000  10.1386810000   1.7803640000    0
  10.4398510000   9.4076860000   1.7042390000    0
   4.1410630000   6.8779890000   7.5217330000    0
   4.7919470000   7.3876420000   6.9348070000    0
   5.3326040000   6.9169150000   6.2161720000    0
   5.9748980000   6.1925900000   6.0825520000    0
   5.5413370000   6.5970760000   5.2705020000    0
   6.2559530000   6.9592250000   4.6518410000    0
   5.3427340000   7.1034210000   4.2274590000    0
   5.5994470000   6.4564740000   3.5057860000    0
   5.3859410000   9.0479660000   9.4459860000    0
   4.8420080000   9.8677740000   9.2984910000    0
   5.1265510000   0.3001010000   9.5804110000    0
   5.5456380000   0.2926750000   8.6484490000    0
   5.7343450000   9.7859280000   8.6685850000    0
   6.5116190000   9.8779100000   8.0211420000    0
   7.4791090000  10.0699160000   7.7744960000    0
   7.6635580000   9.1327030000   8.1080580000    0
   3.8493950000   8.1928960000   9.1903530000    0
   4.4910440000   8.1385750000   9.9223260000    0
   4.8264460000   7.7592740000   9.0921570000    0
   4.3824500000   6.8900830000   9.4141300000    0
   5.0536770000   6.2568300000   9.8706670000    0
   5.5709370000   7.1238650000   9.9288220000    0
   6.0857830000   7.9472750000   9.6132370000    0
   6.3354700000   8.6622270000   8.9774140000    0
   1.4829810000   8.5906490000   1.3007760000    0
   1.3341820000   8.9700170000   2.2586200000    0
   1.9860720000   8.5574820000   2.8995600000    0
   2.5532590000   8.5486600000   2.0785200000    0
   2.4547920000   9.4781260000   1.8227310000    0
   2.7886370000   9.3798680000   0.8828520000    0
   3.4453750000   8.6727990000   1.0324870000    0
   2.8421170000   8.0110230000   0.6716020000    0
   5.3055130000   7.9180440000   8.1207650000    0
   6.2850760000   8.0687170000   8.0469360000    0
   6.3690300000   8.9263980000   7.5426330000    0
   6.9843800000   8.1858280000   7.1949970000    0
   7.6330200000   7.9463930000   7.8780110000    0
   7.1499140000   7.1261900000   8.1893590000    0
   7.3257040000   6.6118810000   7.3176550000    0
   7.0810080000   6.3625510000   6.4225990000    0
   4.8337120000   6.7999440000   1.3108880000    0
   3.9332760000   6.8928550000   0.8838130000    0
   3.3509500000   6.9820980000   0.0767340000    0
   3.2441160000   6.9348930000   9.5603860000    0
   2.6950840000   7.0688780000   8.7250680000    0
   3.6513320000   7.2440770000   8.3758140000    0
   4.2480890000   7.8872970000   7.8776980000    0
   3.2918440000   8.0836140000   7.8806730000    0
   7.8905640000   6.8517510000   3.2170030000    0
   7.0079670000   7.2648540000   3.3216430000    0
   6.3249410000   7.3428540000   2.6083510000    0
   5.7335300000   6.6016450000   2.4841270000    0
   6.1681210000   7.0204260000   1.7059670000    0
   5.8590950000   6.6716150000   0.8173830000    0
   6.6331060000   7.3252270000   0.7147670000    0
   7.2667090000   7.5101480000   1.4738940000    0
   9.6974540000   9.5100710000   0.5830790000    0
   8.9898040000   9.2219680000   1.2898770000    0
   9.2804210000   9.9414890000   1.9759890000    0
   8.3628530000  10.2450740000   1.9446030000    0
   8.6488100000   0.7313800000   2.1622370000    0
   9.4627930000   1.0918520000   1.6860210000    0
  10.3880000000   1.1602070000   2.1020470000    0
   9.6282980000   1.3675290000   2.7032830000    0
   8.1168740000   5.0643980000   8.3554140000    0
   7.2257210000   4.6469210000   7.9834860000    0
   7.2550560000   3.6890000000   7.7664030000    0
   8.1543180000   3.3957530000   7.3603190000    0
   7.9191380000   2.6512610000   6.7377210000    0
   7.6718070000   2.0106470000   7.4459880000    0
   8.3961190000   2.4160930000   7.9908060000    0
   8.0158050000   2.8460810000   8.7750290000    0
   9.7606840000   7.9173600000   4.7233430000    0
   0.2909430000   7.6762760000   4.9877580000    0
   0.1211010000   7.0782360000   4.1905020000    0
   0.2640040000   6.1193570000   4.4378110000    0
  10.3271330000   5.3825950000   3.8906450000    0
   9.6126680000   6.0902410000   3.8815050000    0
   9.0254940000   5.2923040000   4.1570450000    0
   8.4368110000   6.1005390000   4.0417000000    0
   9.5162810000   8.6071540000   2.0909930000    0
   0.0398980000   8.4581200000   2.3937240000    0
   0.9696070000   8.1777340000   2.7304000000    0
   1.2124420000   7.2126160000   2.5377860000    0
   0.8853450000   7.6631430000   1.6816630000    0
   0.2547430000   7.2668870000   2.3820400000    0
   0.3426870000   6.3102260000   2.5828680000    0
   0.4643900000   6.2211060000   1.5901730000    0
   8.6610860000   0.3003980000   8.7712130000    0
   8.3097150000   1.1568610000   9.1033560000    0
   7.7483610000   0.8987270000   9.8943300000    0
   8.7122600000   0.9178670000  10.0469680000    0
   8.8474800000   1.1736440000   0.5117680000    0
   9.7291570000   0.9280580000   0.1555270000    0
  10.2767150000   0.1422610000   0.2602640000    0
  10.4547170000   0.1387510000   1.2406360000    0
   0.6608830000   5.2585880000   1.1882670000    0
   0.1068720000   4.5783990000   0.7352720000    0
   0.1490020000   3.8303930000   0.1324340000    0
   0.9385620000   4.2927640000  10.1743540000    0
   0.2176290000   4.6162120000   9.5784990000    0
   0.1813400000   3.8283850000   8.9778980000    0
   9.9030700000   3.6024680000   8.3302780000    0
   8.9798510000   3.2582510000   8.1554390000    0
   3.7814550000   3.9472680000   4.9791140000    0
   2.8719510000   4.3936550000   4.7910620000    0
   3.0537980000   5.3654140000   4.9360590000    0
   2.7565850000   5.0785850000   4.0331830000    0
   1.8981360000   4.8178480000   3.6329240000    0
   1.7687650000   3.9538240000   3.1279450000    0
   1.2061950000   3.5604250000   3.8152510000    0
   0.7046550000   3.7461420000   2.9990570000    0
  10.3196220000   6.6233020000   9.8152050000    0
   0.3127620000   7.0905000000   0.0826150000    0
   0.7493490000   6.3630560000   0.6147790000    0
   1.3583820000   6.7719050000   1.3175110000    0
   1.6014730000   6.0071870000   1.9575320000    0
   1.9743720000   5.0757600000   1.7391820000    0
   2.1166740000   5.1100930000   0.7235710000    0
   2.0206290000   4.3451740000   0.0767080000    0
   7.0306490000   0.8820770000   0.8182530000    0
   5.9994590000   0.9297510000   0.9701640000    0
   6.3617710000   0.8690330000   0.0717550000    0
   5.5319060000   0.3045080000   0.2355310000    0
   5.3104290000   9.8565780000   0.4845960000    0
   4.8309340000   9.0535090000   0.1541650000    0
   5.3867340000   8.3081400000  10.3450460000    0
   5.3244800000   7.8212230000   0.7634090000    0
   2.5879640000  10.2253020000   2.9927230000    0
   3.2833340000   9.6010240000   2.7216410000    0
   4.2278750000   9.9530170000   2.5827840000    0
   4.0451800000   9.7556200000   3.5217400000    0
   3.3922270000   9.1776190000   3.9611820000    0
   2.8289850000   8.9215820000   4.7807320000    0
   2.0993240000   9.5285540000   4.8807630000    0
   2.2176300000   9.1483240000   3.9291220000    0
   0.1368350000   8.6057190000   1.1591760000    0
   0.0032460000   8.1146110000   0.2823250000    0
   0.9097740000   8.0662920000   0.6225200000    0
   1.7928830000   8.3541180000   0.3040880000    0
   1.7337430000   7.3844290000   0.0160870000    0
   1.5316380000   6.5912440000   9.9130280000    0
   2.5112710000   6.5490430000  10.2578400000    0
   1.8765350000   6.0642040000   0.4458200000    0
   2.2717580000   0.8638290000   7.9082070000    0
   2.6982530000   1.6753820000   7.6047510000    0
   2.7283570000   2.6322890000   7.7312250000    0
   3.0543010000   3.5061860000   7.9583230000    0
   3.8067550000   2.9553300000   7.5574340000    0
   3.9036840000   2.7149050000   8.5256210000    0
   4.8751930000   2.6722670000   8.7181900000    0
   5.7437800000   2.1809600000   8.8465560000    0
   5.5022420000   2.3632680000   7.7669530000    0
   4.9779610000   2.6324050000   6.9697150000    0
   4.2997340000   2.0068640000   7.3984820000    0
   3.7768860000   1.1784080000   7.6662980000    0
   3.2330430000   0.5511160000   8.1605980000    0
   2.7133690000  10.1328430000   8.2847070000    0
   2.3219250000   9.6685430000   9.0809070000    0
   3.2240480000   9.9994810000   9.3622370000    0
   8.9416240000   7.0172200000   9.0239640000    1
   8.9775370000   6.9488960000   8.0323170000    1
   8.6813020000   6.7416540000   7.1125580000    1
   8.4713410000   7.6881880000   7.2095890000    1
   8.2097120000   7.7081340000   6.2421890000    1
   7.7691260000   7.7023780000   5.3588190000    1
   7.0509530000   6.9950220000   5.3307190000    1
   7.1634130000   6.6425120000   4.4182570000    1
   9.5524710000  10.3876750000   7.0174060000    1
   9.4291350000   0.6897030000   6.4074970000    1
   9.2739850000  10.2469180000   5.9316680000    1
  10.1485480000   9.9756180000   6.2949500000    1
  10.0778780000   8.9477190000   6.2730330000    1
   0.3598660000   8.8580990000   5.6727010000    1
   1.3200730000   8.8510880000   5.3547500000    1
   1.3336850000   8.3344150000   6.2078320000    1
  10.0649870000   6.6937890000   3.1937650000    1
   9.1432720000   6.9861430000   3.4873960000    1
   9.2273350000   6.1746080000   2.9119940000    1
   8.5217910000   5.4516500000   2.8252860000    1
   7.6358760000   5.5359070000   2.4564130000    1
   8.4238560000   5.3318300000   1.7831000000    1
   9.0044730000   6.1020770000   1.7911180000    1
   8.5585010000   6.8876870000   2.2285590000    1
   6.8954930000   9.7780910000   9.2078360000    1
   6.0250300000  10.0849120000   9.6777780000    1
   6.7252340000  10.3995170000  10.2881790000    1
   7.2401080000   9.7581030000   0.3209210000    1
   6.6415840000   8.9524810000   0.1390770000    1
   6.8881660000   8.0374000000  10.3681160000    1
   7.2523960000   8.0192920000   9.4672030000    1
   7.5263250000   8.9277550000   9.1397050000    1
   4.8778200000   2.7681020000   9.7828490000    1
   4.5480440000   2.2002300000   0.0438330000    1
   4.2183610000   1.4020520000  10.0869340000    1
   4.3794960000   0.8575820000   9.2759230000    1
   4.2838730000   1.6544940000   8.6611860000    1
   5.1693390000   1.5013590000   8.2192990000    1
   5.2181300000   1.2446320000   7.2407560000    1
   4.9335560000   1.6068200000   6.3259120000    1
   8.1271500000   6.6586060000   5.2738410000    1
   7.7874470000   5.8383500000   4.8222690000    1
   8.3276960000   5.0746000000   5.2049670000    1
   7.7818810000   5.3678490000   6.0200600000    1
   7.5234000000   4.3886240000   6.3540240000    1
   8.0192480000   4.9927570000   6.9986590000    1
   8.8198230000   5.4645840000   7.2941490000    1
   8.1598040000   5.9643760000   7.8300400000    1
   1.9089310000   3.9965480000   4.6586200000    1
   1.6907020000   4.9825970000   4.6109500000    1
   1.1629950000   5.6516380000   4.0724900000    1
   1.1303670000   5.4353540000   3.0944870000    1
   0.4006100000   5.1396360000   2.4064940000    1
  10.2303220000   4.5638250000   1.8739340000    1
   9.2526080000   4.6891630000   2.1447010000    1
   9.6890230000   5.1333380000   2.9249880000    1
   8.7007470000   5.2541530000   0.6330210000    1
   9.0760950000   5.9229870000   0.0027270000    1
   9.5104860000   6.0214780000   9.6038340000    1
   9.1767710000   5.1317040000   9.3322500000    1
   9.5998360000   5.0791460000   8.4249850000    1
   8.9744720000   4.2946530000   8.2856340000    1
   8.0583010000   3.8748500000   8.4073020000    1
   7.3734100000   4.2383120000   9.0803110000    1
   3.3240700000   5.9659050000   3.1083490000    1
   4.3105440000   5.9341470000   3.4698060000    1
   4.9316010000   6.0629830000   4.2243710000    1
   4.1208200000   5.4200590000   4.3692530000    1
   3.9526990000   5.0622150000   5.2684530000    1
   4.2915450000   4.9340970000   6.2084260000    1
   4.0521820000   5.8706440000   5.9426650000    1
   4.4709870000   6.7381530000   5.7152650000    1
   5.1928470000  10.1050730000   2.0491360000    1
   4.4619310000   9.5490550000   1.6892090000    1
   4.8977150000   8.7765150000   1.2670850000    1
   5.8716130000   8.6128270000   1.0585140000    1
   6.5653830000   8.3001380000   1.6786360000    1
   6.6287440000   9.2551380000   1.3826010000    1
   7.0948130000  10.1497870000   1.5007500000    1
   6.3565570000  10.1886730000   0.8262590000    1
   1.2808380000   4.2097640000   7.7898920000    1
   1.5006850000   4.1073830000   6.8176800000    1
   2.1134940000   3.7215330000   6.1184050000    1
   1.8616390000   4.5444340000   5.6428910000    1
   0.8580460000   4.5543630000   5.5655590000    1
   0.3456080000   4.6633220000   4.7273740000    1
   0.5053850000   3.7193150000   4.9869360000    1
   1.1660160000   3.6003100000   5.7423160000    1
   3.2796760000   9.0031780000   9.5609120000    1
   2.6476500000   9.4055470000  10.2213480000    1
   2.0952960000   9.8716680000   0.4291590000    1
   2.1851940000   0.0822010000  10.1930870000    1
   1.2444400000  10.4140670000   9.9939370000    1
   0.9211950000   9.9840080000   0.3932410000    1
   1.3879320000   0.0721980000   1.0205730000    1
   2.1124660000   0.0364970000   1.7021290000    1
   6.7490500000   3.6377520000   6.2350390000    1
   6.3992500000   3.4316680000   7.1221960000    1
   6.9744130000   2.7208260000   7.5696160000    1
   6.7460790000   2.1296880000   6.8161850000    1
   7.0653170000   1.1930770000   7.0555180000    1
   7.9530660000   1.3083800000   6.6706100000    1
   8.1630950000   1.0273080000   5.7619490000    1
   8.2657720000   0.5238900000   4.9106400000    1
   4.3305300000   8.2171520000   4.1741540000    1
   3.7118750000   7.6676560000   4.8167120000    1
   2.9189650000   7.1559750000   5.1523210000    1
   2.8227860000   6.4453800000   5.8744180000    1
   2.4146810000   6.2479460000   4.9784280000    1
   1.9631960000   5.8119450000   5.7818040000    1
   1.0647250000   5.7426380000   5.3845830000    1
   0.8189530000   6.0128500000   6.3332750000    1
   4.3538460000   3.2529050000   0.1789180000    1
   3.9296640000   3.5768940000   9.8099720000    1
   3.4446720000   4.2031160000   9.2196000000    1
   2.8923720000   3.3479110000   9.0792500000    1
   2.3958390000   3.8482330000   9.7556890000    1
   1.7820520000   4.3167260000   9.1586140000    1
   1.2124410000   3.4662850000   9.1716000000    1
   0.5507870000   2.8105460000   8.8229110000    1
  10.4274310000   3.2647740000   9.7950470000    1
   9.7775250000   3.9934440000   9.7897250000    1
   8.9889330000   4.5301610000  10.1246420000    1
   8.2539740000   3.9885950000   9.6761920000    1
   8.5420850000   3.0208280000   9.6479880000    1
   8.4423170000   3.0594890000   0.1907590000    1
   9.1485810000   3.0522860000   0.9170640000    1
   8.8601090000   3.9779960000   0.5865240000    1
   7.6179690000   7.6228130000   2.3888460000    1
   8.2300840000   8.2006420000   1.9132660000    1
   8.4917180000   8.9725770000   2.4478730000    1
   8.7942820000   9.6702690000   3.1142610000    1
   7.8543870000   9.3908040000   3.2332410000    1
   7.2767100000   9.2576490000   4.0249310000    1
   7.4500550000   8.5226870000   3.3731720000    1
   7.0931940000   8.1032730000   4.2085360000    1
   2.7707730000   4.7866360000   6.5825010000    1
   3.1298800000   5.6957910000   6.6717430000    1
   3.0121910000   5.6551790000   7.6627000000    1
   3.4839920000   4.8334360000   7.5040740000    1
   2.5087220000   4.6151680000   7.7760040000    1
   2.5446060000   5.3073400000   8.5101410000    1
   2.0101800000   6.1376290000   8.3065110000    1
   1.3944060000   6.2021260000   7.5841180000    1
   8.9900400000   6.1149850000   8.6228760000    1
   9.8076450000   6.1127580000   8.0354900000    1
   9.9548440000   7.0086310000   8.4714510000    1
  10.4173970000   7.9179150000   8.4858430000    1
   9.4573400000   7.9198990000   8.1470270000    1
   8.6609350000   8.5512790000   7.9907990000    1
   8.5162650000   8.2988170000   8.9260730000    1
   9.4749000000   8.5986770000   8.9306520000    1
  10.3558420000   1.4988940000   0.9489610000    1
   9.5400600000   2.0336060000   0.9104260000    1
   8.9161810000   1.9334570000   1.6717080000    1
   9.3153460000   2.6386790000   2.2746190000    1
   8.8162160000   3.0251880000   3.0088990000    1
   9.6912590000   3.2738720000   3.3966850000    1
   8.9968340000   4.0120320000   3.2600870000    1
   8.4818800000   4.2148800000   2.4751710000    1
   3.5967700000   2.7465910000   5.2001910000    1
   3.4035930000   2.9832060000   4.2799160000    1
   2.4978570000   2.5749600000   4.3983970000    1
   1.6404850000   2.6452860000   3.8808850000    1
   2.4412060000   2.7973300000   3.3625520000    1
   2.2166840000   2.3786240000   2.4763230000    1
   3.1839760000   2.1627500000   2.2480230000    1
   3.0014700000   1.6328900000   1.4281810000    1
   7.4744570000   6.2833560000   1.7480430000    1
   6.9927040000   6.5019260000   2.6338220000    1
   6.5289900000   5.7539770000   3.0641050000    1
   6.9636000000   5.2649530000   3.8335650000    1
   7.4691620000   4.6718300000   4.4385390000    1
   6.8994520000   5.2190860000   4.9915660000    1
   6.4914850000   6.0842770000   5.0592020000    1
   5.7835880000   5.6937340000   4.5421860000    1
   2.9561810000   6.8896080000   7.2952870000    1
   2.3314500000   7.5338440000   7.7526290000    1
   2.3748900000   8.0903110000   6.8586410000    1
   3.2401000000   8.5679400000   6.9606920000    1
   4.0974570000   8.6139410000   6.4851220000    1
   4.2070380000   7.6952110000   6.0429290000    1
   3.2924820000   7.5637250000   6.4226690000    1
   3.8619890000   6.7594160000   6.4285000000    1
   2.4374920000   3.7927240000   7.1764990000    1
   3.0891220000   3.2173320000   6.7011290000    1
   3.3767780000   2.2589400000   6.9461090000    1
   3.3886600000   1.2775060000   6.7337520000    1
   2.4879280000   1.2855030000   6.3765920000    1
   2.6130190000   1.1099110000   5.3847310000    1
   2.9152890000   2.0041210000   5.7411340000    1
   3.8725630000   1.8260450000   5.9440760000    1
   9.9233930000   8.8944380000   7.9027640000    1
  10.4140790000   9.7498880000   7.8505570000    1
   0.5333270000  10.2012960000   7.1347730000    1
   0.9018850000   9.4974650000   6.6040060000    1
   0.5206860000   8.8210860000   7.2295050000    1
   1.4273090000   8.5316310000   7.3116090000    1
   1.5088600000   9.2426180000   8.0405630000    1
   1.2915250000   9.9553910000   8.6984270000    1
   1.5556920000   0.8029540000   6.8317100000    1
   1.5072500000  10.3217390000   6.4690300000    1
   1.9921970000   0.0017360000   7.3539160000    1
   2.2490910000   9.4869810000   7.1731560000    1
   2.4057850000   9.1828240000   6.2489050000    1
   3.1112250000   9.7931920000   6.6761940000    1
   3.0308850000   0.1693670000   6.1229920000    1
   2.2789220000  10.2733550000   5.6200260000    1
   4.8366100000   0.5086040000   4.5783620000    1
   4.8785600000  10.0995860000   4.0913080000    1
   5.8161800000  10.2660530000   3.7939760000    1
   6.5189290000   9.7532770000   3.3140750000    1
   6.4697390000   0.0121470000   2.5750680000    1
   5.8437510000   0.3964680000   1.8828800000    1
   5.1395530000   0.2766550000   1.1778330000    1
   4.1311120000   0.0715690000   1.1759420000    1
   4.3829630000   4.9584580000   3.2746680000    1
   4.5259460000   4.4023490000   4.0688530000    1
   5.1809520000   3.9074940000   4.7227630000    1
   5.0611210000   4.8765940000   4.8475370000    1
   5.5152230000   5.1699930000   5.6508480000    1
   6.3954400000   5.0479850000   5.9890650000    1
   5.6111390000   5.0658190000   6.5885050000    1
   5.5030880000   4.3252110000   7.2187530000    1
   8.6040320000   7.4984380000   1.1546760000    1
   9.2315990000   8.2159560000   0.8486890000    1
   9.7400330000   7.5837690000   1.4208070000    1
   9.8145350000   6.7176590000   1.0459460000    1
   9.8532900000   6.5663600000   2.0399540000    1
   9.9799520000   5.6005790000   2.0435030000    1
   9.8370940000   5.5338480000   1.0730690000    1
  10.3035560000   5.6188930000   0.1971910000    1
   4.9082480000   3.6787590000   2.9664890000    1
   5.2333110000   3.7434570000   2.0633860000    1
   6.1828900000   4.0690590000   2.0806880000    1
   5.9612470000   3.8930340000   3.0167980000    1
   6.0633830000   4.6627350000   3.5872650000    1
   5.8548600000   5.0429180000   2.6530570000    1
   5.2364650000   5.5001700000   2.0027380000    1
   4.9084710000   4.6310070000   2.4175680000    1
   7.3804310000   8.6383690000   2.2839520000    1
   6.4919820000   8.4506150000   2.7456030000    1
   6.4011470000   9.3562530000   2.3613470000    1
   5.6278810000   9.5163950000   2.9847030000    1
   5.9956800000   9.0549700000   3.8016670000    1
   5.4907990000   8.1838600000   3.9635830000    1
   6.1187300000   8.1844430000   4.7119200000    1
   5.1900840000   7.8486820000   4.9640380000    1
  10.1814580000   1.0141360000   4.5333290000    1
   9.3513260000   1.2843470000   4.9687140000    1
   9.4948040000   2.0333770000   5.6534030000    1
   9.4360360000   1.9314190000   6.6378940000    1
   8.5953570000   2.1576480000   6.1508300000    1
   8.7245950000   2.3423690000   5.1334790000    1
   7.7665430000   2.1425230000   5.0620980000    1
   7.9136170000   3.0962190000   5.3229910000    1
   0.2742670000   9.1565410000   8.6652030000    1
   0.7830180000   9.4119350000   9.4548280000    1
   1.5736610000   9.0311430000   9.9942190000    1
   1.6508520000   8.0712060000   9.7072160000    1
   0.6904210000   8.3731380000   9.7761210000    1
  10.2140650000   8.1399780000   9.4470380000    1
  10.1356950000   9.1347490000   9.5522970000    1
   0.0304130000   9.6148680000  10.3218280000    1
   7.1362220000   3.1588770000   1.9751000000    1
   7.8212900000   3.1397460000   1.2338750000    1
   8.4835730000   3.2637010000   1.9633770000    1
   9.2219320000   3.8761060000   1.5766390000    1
   9.8470580000   3.8307330000   0.8026860000    1
   9.8198210000   3.0723610000   0.1616730000    1
   9.4890490000   2.9421340000   9.6381320000    1
   9.7631620000   2.7554200000   8.6914340000    1
   0.7420960000   2.3191380000   6.9778180000    1
   0.0636300000   2.4221730000   6.2753950000    1
   0.2368830000   2.6685000000   5.3145190000    1
   0.1217300000   3.4134110000   5.9174070000    1
   9.6589230000   3.1349920000   5.8860100000    1
   9.7450830000   4.0804300000   6.3351760000    1
   8.7562900000   4.0840930000   6.2752060000    1
   8.6474970000   3.1263670000   6.0115730000    1
   5.0639600000   6.0573770000   0.5625320000    1
   4.4363990000   5.3615400000   0.2761150000    1
   3.6286380000   5.6893880000  10.2945840000    1
   3.1258880000   5.7996830000   0.7324540000    1
   2.4959630000   6.1711680000   1.4428050000    1
   3.0232640000   7.0680750000   1.3001510000    1
   3.0292300000   7.7003480000   2.1174460000    1
   2.1782720000   7.6075860000   1.5325750000    1
   3.4423470000   4.1233120000   6.0753230000    1
   4.3969990000   3.9076960000   6.2496210000    1
   4.4514250000   3.1229310000   5.5998630000    1
   5.1097710000   2.3620960000   5.4738810000    1
   5.4947640000   3.1198490000   6.1130380000    1
   5.6788360000   3.8686250000   5.5525930000    1
   6.2461020000   3.0722000000   5.2839600000    1
   6.9810260000   2.7241800000   5.8856720000    1
   9.1861930000   6.7863810000   4.6347350000    1
   8.8640510000   7.6006340000   5.1211960000    1
   9.6472430000   7.2232680000   5.6912680000    1
   9.2976080000   6.4334190000   6.1648460000    1
   8.8385160000   5.9352510000   5.4121370000    1
   9.7922770000   6.0914930000   5.2571000000    1
  10.4327920000   5.3566580000   5.4924830000    1
   9.5793200000   5.0788960000   5.0991140000    1
   7.9045630000   0.9351050000   7.8696550000    1
   8.6761480000   1.3600550000   7.4578770000    1
   9.6700290000   1.3627280000   7.5265520000    1
   0.0860310000   1.6008950000   7.1359520000    1
   0.1967740000   0.7794760000   7.7005800000    1
   0.9581210000   0.2158520000   7.8783210000    1
   0.5892830000   0.2763260000   8.7793720000    1
  10.3703970000  10.0598540000   9.1404510000    1
   0.7696530000   4.0606800000   1.3707210000    1
   0.4902300000   3.1659390000   0.9462690000    1
   1.4400750000   2.9325330000   0.7811270000    1
   1.1076940000   2.7901170000   1.6828880000    1
   0.8474330000   2.0671560000   1.0521990000    1
   0.8995770000   1.1068070000   1.1218210000    1
   1.7923130000   1.0715140000   1.4963830000    1
   1.3665090000   1.4671660000   2.3169790000    1
   3.2246720000   0.0309040000   1.6363710000    1
   3.0713270000   0.6738840000   2.3594390000    1
   4.0617500000   0.8713770000   2.4301800000    1
   4.7888570000   1.1684700000   1.8514720000    1
   4.3753010000   1.9389210000   1.4269390000    1
   4.8084090000   1.2486870000   0.8185410000    1
   5.5217560000   1.5075500000   0.1684200000    1
   5.2520760000   1.5890260000   9.6645910000    1
   7.8462200000   0.1585760000   0.3447550000    1
   8.8350670000   0.2782760000   0.7114230000    1
   9.1565270000   0.0676110000  10.2473290000    1
   8.4640380000   9.7881120000  10.2723950000    1
   9.2295410000   9.6940650000   9.6349140000    1
   8.8483270000   9.3795370000   8.7668790000    1
   8.9509520000   9.6693280000   7.8012960000    1
   9.6021680000  10.0724150000   8.4598500000    1
   1.1267660000   1.7219010000   8.0293910000    1
   1.5477280000   2.5670470000   8.3133240000    1
   1.6062960000   2.9023660000   7.4223280000    1
   2.1909730000   2.5964140000   6.6618330000    1
   1.6028070000   1.9685680000   6.1156000000    1
   2.0081550000   2.5824840000   5.4552840000    1
   1.5571450000   2.0103020000   4.7152400000    1
   1.9876250000   1.2404350000   4.2007410000    1
   0.7457890000   6.7733150000   3.4187390000    1
   1.7442310000   6.9151630000   3.5052040000    1
   2.3122090000   7.2807700000   2.7722700000    1
   2.3572380000   7.7636440000   3.6485440000    1
   3.3458450000   7.8882900000   3.7404150000    1
   3.7464190000   8.3077280000   2.9338400000    1
   3.9069500000   8.6389970000   1.9913910000    1
   4.6693340000   8.6094970000   2.6183950000    1
   7.7934660000   2.7239530000   4.0645750000    1
   6.9136360000   2.7726400000   3.5930450000    1
   6.8187130000   2.1440160000   4.3873160000    1
   7.2500610000   1.3663200000   4.8610700000    1
   6.6580860000   1.7577150000   5.5390010000    1
   5.9864620000   2.1788940000   6.1198970000    1
   6.1375130000   1.1938460000   6.3247550000    1
   5.5369140000   0.7995790000   5.6497070000    1
   9.6078620000   2.9711760000   7.2349620000    1
  10.3430040000   2.7379560000   7.8489740000    1
   0.6794070000   3.2755530000   7.4977700000    1
   0.3348230000   4.0205240000   6.9444820000    1
   0.3322510000   4.9500170000   6.5622400000    1
   1.0015090000   4.9721750000   7.2718120000    1
   1.8630660000   5.1764490000   6.7754460000    1
   2.1257110000   6.1189490000   6.8819510000    1
   6.1191720000   4.2112250000   0.7969150000    1
   7.1052520000   4.0808450000   0.6907080000    1
   7.0050660000   3.0939070000   0.3877350000    1
   7.0295940000   3.1228680000   9.8296080000    1
   6.1672600000   3.3415450000  10.3541590000    1
   6.2333210000   2.4101690000  10.0156750000    1
   5.9737250000   2.3578770000   0.5210450000    1
   5.9954570000   2.7408310000   1.4502000000    1
   9.4122320000   0.1459830000   3.2690510000    1
   8.6784990000   0.5564020000   3.7856340000    1
   8.8475140000   1.4258310000   3.3904120000    1
   8.9138700000   2.0765330000   4.1596570000    1
   9.6699930000   2.6724370000   4.3795750000    1
   0.0806170000   3.1559740000   4.2345760000    1
  10.0831050000   4.0412210000   4.0090170000    1
   9.4972890000   3.9825760000   4.8134010000    1
   6.1705410000   3.9465920000   8.0759410000    1
   6.2842020000   3.5155350000   8.9381490000    1
   6.8523440000   2.6576250000   8.9104420000    1
   7.1202710000   1.7324240000   8.7838100000    1
   6.7717840000   1.3436570000   9.6421250000    1
   6.7473500000   0.4474010000   9.2028880000    1
   7.5522290000   0.1017110000   8.7134870000    1
   6.9059550000   0.6811580000   8.1807740000    1
   7.2589330000  10.4332510000   3.5919770000    1
   7.7068330000   0.0805060000   2.7151570000    1
   7.1632140000   0.6267570000   2.0478090000    1
   7.5043700000   1.2121870000   2.7455910000    1
   7.9431530000   1.9430630000   2.2445490000    1
   8.0193460000   1.3115130000   1.4511890000    1
   7.9529310000   2.1638950000   0.9573850000    1
   7.0425540000   2.1111220000   1.1910580000    1
