BOUNDARY

orthorhombic       1.0455159000e+01    1.0455159000e+01    1.0455159000e+01

MOLECULES

species    0
nMolecule  100

molecule  0
   -3.2408844953e-03    6.3554680523e-02    2.0571071049e+00
    1.0062380515e+01    2.2188863661e-02    2.9857510507e+00
    1.0416662555e+01    9.0189778601e-01    2.8318485626e+00
    6.5451677653e-01    1.5030068885e+00    3.1909323606e+00
    1.5140400042e+00    1.9672289511e+00    3.3929715399e+00
    1.9990998584e+00    2.1773252196e+00    4.2632009759e+00
    2.7376894577e+00    1.8694811608e+00    3.6764389299e+00
    3.3132383924e+00    2.5627977641e+00    4.0598403307e+00

molecule  1
    6.7358361551e+00    3.3040281745e-01    7.3270600399e+00
    6.2404594513e+00    9.9161350868e+00    7.4438533970e+00
    6.1317367518e+00    9.9331590521e+00    6.4274364225e+00
    7.0646895254e+00    9.9293234030e+00    6.7608511341e+00
    6.7365259892e+00    8.9879796251e+00    7.0626665505e+00
    5.8632863067e+00    8.5477045906e+00    7.2148963125e+00
    6.0595783892e+00    7.7758759627e+00    7.8483200232e+00
    5.6039275385e+00    7.3670544270e+00    7.1315519566e+00

molecule  2
    9.2523876675e+00    2.8391140471e+00    2.6716391529e+00
    9.6305525993e+00    2.7016624519e+00    3.5883794441e+00
    9.8782403244e+00    1.9876691582e+00    2.8852456705e+00
    9.4821103391e+00    1.5487171238e+00    2.1129848721e+00
    9.0266650724e+00    1.0677741331e+00    1.4271455096e+00
    8.4731146767e+00    3.3143726427e-01    1.7673120289e+00
    7.8105788026e+00    1.0188499975e+01    2.1944864292e+00
    8.2339190457e+00    9.3010274472e+00    2.1186780422e+00

molecule  3
    9.6531194814e+00   -1.7046915234e-03    9.7836202874e+00
    8.8769868768e+00    9.9992014771e+00    1.0185066683e+01
    8.7492157139e+00    3.1639625197e-01    9.5582783271e+00
    9.0678228707e+00    1.2878164160e+00    9.4923696467e+00
    8.3947848744e+00    1.5982303259e+00    8.8317240648e+00
    8.1671483710e+00    1.8185945999e+00    7.8449559844e+00
    8.5379824691e+00    2.4068954548e+00    7.1297977625e+00
    7.6681926063e+00    1.9365129689e+00    7.0023126227e+00

molecule  4
    4.1349678660e+00    3.6128904455e+00    9.6524500523e+00
    3.6988653419e+00    3.9644312303e+00    8.8385114455e+00
    2.9026442901e+00    4.3850054870e+00    9.2252254229e+00
    2.5038568157e+00    3.5298138275e+00    8.7168819354e+00
    1.7395744822e+00    3.6992740250e+00    8.0720271387e+00
    1.8290586433e+00    4.3604593831e+00    8.8520032978e+00
    1.3622711582e+00    5.2379538463e+00    8.7940322152e+00
    2.1791531888e+00    5.0645012047e+00    8.2163000569e+00

molecule  5
    7.7805435136e-01    6.3880345761e+00    7.3703890756e+00
    1.1458768667e-01    7.0221368841e+00    7.7705763481e+00
    9.9053485646e+00    6.6909197166e+00    8.4375776836e+00
    1.0097545472e+01    7.6536909998e+00    8.7829315040e+00
    9.2674273393e+00    8.2279848786e+00    8.8392265977e+00
    9.7428656545e+00    8.5980465817e+00    7.9962311429e+00
    9.3480622282e+00    9.3531875428e+00    8.5054471266e+00
    8.5079024572e+00    9.1117017334e+00    9.0232518813e+00

molecule  6
    6.6517302836e+00    8.4184883463e+00    3.8553040237e+00
    6.9551971110e+00    9.2490971322e+00    4.2917402395e+00
    6.3729175974e+00    9.7258238494e+00    3.6480250597e+00
    6.2439214966e+00    1.0428946503e+01    2.9909364801e+00
    5.8020485862e+00    1.0050860845e+01    2.1602145161e+00
    5.4259764599e+00    9.5517752759e+00    2.9763736428e+00
    4.6737189543e+00    9.7810282770e+00    3.5831363692e+00
    4.7453705419e+00    8.7632768225e+00    3.6807781116e+00

molecule  7
    7.5530575214e+00    3.0494883812e+00    5.5044278104e+00
    7.9346117493e+00    3.5012545233e+00    6.3342962325e+00
    8.0251941772e+00    3.9127479096e+00    7.2014518354e+00
    8.2295187878e+00    4.7844532278e+00    6.7721070195e+00
    8.6325162439e+00    5.1673420808e+00    7.5851763230e+00
    8.6281613891e+00    5.3670184361e+00    8.5839289050e+00
    9.0904993325e+00    4.5016917101e+00    8.4303688621e+00
    9.8329107450e+00    4.4163064505e+00    7.7268298480e+00

molecule  8
    3.1562571967e+00    3.8332980186e+00    7.9492991417e+00
    3.1088055890e+00    4.7632671007e+00    7.5976292320e+00
    4.0302463590e+00    5.1560936060e+00    7.6488440829e+00
    4.4672464606e+00    5.0840363263e+00    8.5293700640e+00
    5.3734346713e+00    4.7907582134e+00    8.2354320647e+00
    6.3273663490e+00    4.9504314424e+00    8.6086537793e+00
    7.2831133077e+00    5.3955452352e+00    8.6176519768e+00
    7.4239624447e+00    6.3287427333e+00    8.2170304618e+00

molecule  9
    1.4136961485e+00    1.7041057671e+00    1.3317808104e+00
    6.5335130510e-01    1.8217060825e+00    1.9491647591e+00
    8.8124861664e-01    8.6810311097e-01    2.2099955939e+00
    1.6377338500e+00    1.4030782620e+00    2.5577834371e+00
    1.6396513039e+00    2.3614980052e+00    2.2197357492e+00
    1.0310895922e+00    2.9398467468e+00    2.7123096687e+00
    6.2842627073e-01    3.4168164332e+00    1.8828328035e+00
    8.4057885594e-02    2.6087403542e+00    2.2059725781e+00

molecule  10
    3.8505765722e+00    9.8714808241e+00    2.4355717029e+00
    4.4365434193e+00    9.0380851107e+00    2.3401723141e+00
    4.7147161965e+00    9.8423364488e+00    1.7862739142e+00
    4.7424019672e+00    3.7949182160e-01    1.8485643499e+00
    4.6067465799e+00    4.0074797369e-01    2.8370713646e+00
    4.5732188214e+00    1.0074370490e+00    3.6390321908e+00
    4.9551162635e+00    1.9437259557e+00    3.5033971463e+00
    5.2855550774e+00    2.7568934363e+00    3.1396033172e+00

molecule  11
    7.5044098617e+00    3.0636102387e+00    7.1027701075e+00
    6.8957687655e+00    3.2833121569e+00    6.3536210831e+00
    6.5158067950e+00    2.6382837652e+00    5.6330016907e+00
    6.2382011441e+00    3.6369361334e+00    5.6719418309e+00
    5.3775531214e+00    3.9928643441e+00    5.9094971244e+00
    5.2020127410e+00    5.0299179290e+00    5.9814367451e+00
    4.2933808889e+00    4.6390455174e+00    6.1599803949e+00
    4.6791839090e+00    4.0287546874e+00    6.8252585166e+00

molecule  12
    2.8063583025e+00    2.4772571761e+00    5.0828506866e+00
    2.9954836277e+00    1.5870963964e+00    4.7026426361e+00
    3.6516910384e+00    1.7223105477e+00    5.4297938364e+00
    3.7853704433e+00    2.6894470288e+00    5.1994735265e+00
    3.6404373819e+00    3.6434089024e+00    4.9708359957e+00
    3.8093523313e+00    3.6771875610e+00    5.9542557745e+00
    3.2269421844e+00    4.4234595611e+00    5.6719575144e+00
    2.5220843632e+00    4.7468522012e+00    5.0186496124e+00

molecule  13
    2.2729406863e+00    5.9636382069e+00    4.3262227270e+00
    2.1329363801e+00    5.4842422086e+00    3.4966128825e+00
    1.4014612673e+00    5.6203076414e+00    2.7736603660e+00
    2.0827254762e+00    6.3238682440e+00    2.7250834386e+00
    1.9720508743e+00    7.0440699926e+00    1.9893658480e+00
    2.3578410104e+00    6.9528642241e+00    1.0448753831e+00
    1.4349475169e+00    6.5929843783e+00    1.2029461637e+00
    6.6781707997e-01    7.1007337911e+00    8.2092836073e-01

molecule  14
    3.6431624764e+00    6.9500418797e+00    5.0520352505e+00
    2.7014749212e+00    6.6659334434e+00    5.0217777871e+00
    2.5563787337e+00    6.9072848905e+00    5.9712205517e+00
    3.1416087716e+00    7.7167503362e+00    5.8110779101e+00
    3.5508804561e+00    6.9758419557e+00    6.2093194900e+00
    4.4599047710e+00    7.2602566852e+00    5.9796236496e+00
    5.0741836598e+00    8.0455550131e+00    6.0026902623e+00
    5.4730083535e+00    8.4242415660e+00    5.1623662988e+00

molecule  15
    2.3558575069e+00    3.3367310864e+00    7.4280263743e+00
    1.9575377477e+00    2.8322224114e+00    6.6204473384e+00
    1.4207369194e+00    3.6277343644e+00    6.3779129281e+00
    1.5483604059e+00    3.5551024823e+00    5.3974382842e+00
    2.4188600693e+00    3.6584681634e+00    5.8831583280e+00
    3.0351264221e+00    3.4849790373e+00    6.7012421203e+00
    3.7604848017e+00    3.3233254940e+00    7.3647269961e+00
    4.3027832259e+00    2.7458158463e+00    6.7568634335e+00

molecule  16
    7.9234148322e-01    6.0838412042e+00    6.1793639777e+00
    1.5032428794e+00    6.1188845178e+00    5.4967526429e+00
    7.4509213104e-01    6.5072638497e+00    4.9076504806e+00
    4.3373777507e-01    7.1451095573e+00    5.6029153336e+00
    1.0115100060e+01    7.7028454598e+00    5.9474849655e+00
    9.1604480456e+00    7.9350512745e+00    5.8681009861e+00
    9.3186921972e+00    7.8295137097e+00    6.8208272020e+00
    1.0008473980e+01    8.5296159383e+00    6.7490419179e+00

molecule  17
    8.8223236914e+00    6.0969848953e-01    8.5562038465e+00
    8.4825145086e+00    1.0098296086e+01    8.5261650931e+00
    8.3917226187e+00    9.5545571909e+00    7.6400890810e+00
    7.7044326094e+00    1.0259554492e+01    7.6965818690e+00
    7.6544048695e+00    3.3151622818e-01    6.8375528513e+00
    8.4338212164e+00    7.8209539702e-01    7.1563331768e+00
    8.9251448598e+00    1.0384115315e+01    7.1242326939e+00
    9.6304094684e+00    2.0245955274e-01    7.8719108802e+00

molecule  18
    7.1071622365e+00    1.5303880010e+00    5.9457464314e+00
    6.6196022159e+00    2.1005415216e+00    6.5660010470e+00
    5.9432085439e+00    1.4964154479e+00    6.1785431567e+00
    4.9467244030e+00    1.4194210483e+00    6.4220738791e+00
    4.7356334550e+00    6.4354835858e-01    6.9637520067e+00
    5.4433648672e+00    1.1970730913e+00    7.3578701119e+00
    5.8231505160e+00    4.6948630801e-01    6.8075145223e+00
    6.6851344892e+00    4.2378928961e-01    6.3274761537e+00

molecule  19
    5.5447198448e+00    8.7032287931e+00    2.1632369584e-01
    4.5548665707e+00    8.5884599648e+00    3.5410164723e-01
    4.3118867226e+00    9.0097009578e+00    1.2000256286e+00
    4.9883082556e+00    9.5343391200e+00    7.3400349859e-01
    5.4095191078e+00    9.7175494352e+00    1.0295842077e+01
    6.3334051894e+00    9.8188358564e+00    1.0090977204e+01
    7.1378669733e+00    9.3451331218e+00    1.0264464346e+01
    7.6053524108e+00    1.0213312984e+01    1.0371154425e+01

molecule  20
    9.4665662459e+00    3.3576053985e+00    4.6759586316e+00
    9.0463951214e+00    4.1915705187e+00    4.9322087422e+00
    9.5733386288e+00    5.0020761525e+00    5.0629541243e+00
    9.9037542855e+00    5.8672651744e+00    4.7297347485e+00
    9.9753373170e+00    6.7930839052e+00    5.1450171553e+00
    1.0379775612e+01    7.5252932366e+00    4.6723586218e+00
    9.9109236931e+00    7.6605151131e+00    3.8597556610e+00
    9.3739723660e+00    7.9943922788e+00    4.5678579675e+00

molecule  21
    1.9945237214e+00    4.2953010925e+00    4.0985232197e+00
    2.4216095257e+00    3.4743951642e+00    4.4856516630e+00
    3.2593640457e+00    3.6391451019e+00    3.9960523042e+00
    4.1133694104e+00    3.9427447009e+00    3.5530837261e+00
    4.0356694687e+00    4.7073074859e+00    2.8578726637e+00
    3.0788631353e+00    4.9866592021e+00    2.9672588201e+00
    2.9561132202e+00    3.9816976102e+00    2.9242058254e+00
    2.3894288132e+00    3.2316103255e+00    3.2935544659e+00

molecule  22
    9.8931936160e+00    3.5163077853e+00    9.1548840721e+00
    1.0339784989e+01    2.6495359867e+00    8.9648840924e+00
    7.2348330717e-01    2.8851534862e+00    9.4559027067e+00
    5.9771812072e-01    3.2258796101e+00    8.5306275471e+00
    6.6132472714e-01    4.0000431442e+00    9.1239780146e+00
    1.0344331200e+01    4.1605041937e+00    8.5671764878e+00
    7.3018456943e-01    4.1842487242e+00    8.0951560601e+00
    3.1715807774e-01    4.0320803923e+00    7.1790087400e+00

molecule  23
    6.2640238356e+00    3.7689470884e+00    2.2044024449e+00
    5.5737936327e+00    4.4556693287e+00    2.3174265709e+00
    5.3424566096e+00    4.3243261030e+00    3.2618750357e+00
    5.8866277609e+00    4.7132317386e+00    3.9954230656e+00
    6.6387240670e+00    5.3745700597e+00    3.9911306392e+00
    6.4178511721e+00    6.3027680602e+00    4.3301680645e+00
    6.2185373608e+00    5.9127988664e+00    5.2459858531e+00
    5.6271349914e+00    5.1696265545e+00    5.0184614737e+00

molecule  24
    6.6552323657e+00    6.8428945920e+00    8.0603903249e+00
    5.9336951448e+00    6.9741335707e+00    8.7305415053e+00
    5.0359354148e+00    6.5471093540e+00    8.5157901703e+00
    4.6078777479e+00    6.0588793697e+00    9.3041339347e+00
    3.7171253526e+00    5.9191492788e+00    9.7056482714e+00
    2.7553121756e+00    5.8110811044e+00    9.6466696394e+00
    1.7437781575e+00    5.9615930953e+00    9.5566584857e+00
    2.0969327926e+00    5.0904993398e+00    9.9081490273e+00

molecule  25
    9.0724180468e+00    4.1987765659e+00    9.7271247645e+00
    9.9371144602e+00    4.6730464178e+00    9.5333958537e+00
    3.6861198268e-01    4.9853978159e+00    9.1667078464e+00
    1.0400155976e+01    5.5621018642e+00    9.8542345565e+00
    6.0028653919e-01    6.2059299083e+00    9.3720955189e+00
    1.3221434636e+00    6.4233541895e+00    8.6899005387e+00
    2.2848630948e+00    6.3016330438e+00    8.3648436036e+00
    3.2690326699e+00    6.0440374280e+00    8.4354429454e+00

molecule  26
    8.4724700223e+00    4.8080398323e+00    5.7022820141e+00
    7.6720209533e+00    4.3185319232e+00    5.3119943156e+00
    7.0902954592e+00    4.3313979333e+00    6.1563696580e+00
    6.1753747721e+00    4.7068160683e+00    6.3227620258e+00
    5.5234604801e+00    4.6667037096e+00    7.0853844690e+00
    6.4516592006e+00    4.3507752097e+00    7.2783595948e+00
    5.9169897460e+00    3.7433230189e+00    6.7273069012e+00
    6.5092284233e+00    3.3177367516e+00    7.4091137650e+00

molecule  27
    9.4187004501e+00    9.4583550337e+00    7.3750466651e+00
    1.0413816080e+01    9.7188890057e+00    7.3331000951e+00
    6.0747478225e-01    8.9391775192e+00    7.2030037834e+00
    4.7976290597e-01    8.0097477685e+00    6.8596745525e+00
    1.0806405422e+00    7.4446072368e+00    7.3715481442e+00
    9.9495208149e-01    7.4193355924e+00    8.3400752669e+00
    3.7695077949e-01    8.2374322290e+00    8.2177823678e+00
    2.0151929950e-01    9.2323106223e+00    8.2926367721e+00

molecule  28
    1.0087485410e+01    3.7964163579e+00    3.7725740091e+00
    1.0246773453e+01    4.1698240692e+00    4.6969271019e+00
    7.2744584848e-01    4.3485010551e+00    4.3532649308e+00
    1.2091890168e+00    3.4369607186e+00    4.3447552205e+00
    6.9144488540e-01    3.5452296235e+00    3.5167854465e+00
    7.8808855715e-02    3.7947259836e+00    2.7706699781e+00
    8.6352662324e-01    4.3059500836e+00    2.3673768493e+00
    1.2153749891e+00    4.4094831553e+00    3.3319388794e+00

molecule  29
    1.3035552716e-01    2.4909203076e+00    3.3262290766e+00
    6.5583411066e-01    2.7292355542e+00    4.1760286895e+00
    1.4392052239e-02    3.0324077197e+00    4.8439531778e+00
    9.9148767038e+00    2.2281839439e+00    4.9543380439e+00
    2.0119218279e-01    1.6705108029e+00    4.5215047225e+00
    1.5958724977e-01    7.9878066907e-01    4.9491045579e+00
    1.0287134416e+01    9.4857612481e-01    3.9837463453e+00
    9.5918353052e+00    9.5624706465e-01    3.3456776408e+00

molecule  30
    8.8570928016e+00    7.6413142581e+00    1.6820428818e+00
    8.5103596540e+00    6.8402215950e+00    2.1280948813e+00
    9.4678876448e+00    6.6702704110e+00    2.0343683922e+00
    1.0384794173e+01    6.3161479552e+00    2.2098164466e+00
    7.4778523006e-01    6.8311827964e+00    1.9614736269e+00
    4.6625530434e-01    7.3809699109e+00    2.7145313254e+00
    1.8019939994e-01    8.2980005622e+00    2.8915206537e+00
    9.7724212646e+00    8.6751404865e+00    3.1584015051e+00

molecule  31
    5.6838728411e+00    7.0419565204e+00    1.1212428231e+00
    5.6678372686e+00    5.9947526209e+00    1.0466661417e+00
    6.4436046761e+00    6.0284203516e+00    1.6981966490e+00
    7.3913527860e+00    5.9823822800e+00    1.5053879604e+00
    8.3869291351e+00    5.7478552043e+00    1.5311083753e+00
    8.3227302036e+00    4.8293006192e+00    1.1661618080e+00
    7.6147859290e+00    5.2696237474e+00    5.7905945588e-01
    6.6774753701e+00    5.5142889337e+00    7.7692234017e-01

molecule  32
    2.9374880825e+00    7.7635118930e+00    9.4606779631e+00
    2.6931046816e+00    6.7987855726e+00    9.3192816207e+00
    3.6226539780e+00    7.0481943126e+00    8.9974675539e+00
    3.9434454725e+00    7.1201974968e+00    9.9322392501e+00
    4.5814850991e+00    7.5019309860e+00    8.9525608319e-02
    5.2926578510e+00    7.4900281844e+00    9.8533812968e+00
    4.5277817319e+00    7.9255597495e+00    9.4095130825e+00
    3.7621782677e+00    8.2408377177e+00    9.8989402972e+00

molecule  33
    4.2351869749e+00    6.1466908668e+00    6.5370138600e+00
    3.7670597520e+00    6.6622636958e+00    7.2835385410e+00
    3.2818022289e+00    5.8100662672e+00    7.0908127549e+00
    3.4532745941e+00    5.3251293039e+00    6.2829248144e+00
    2.6593949392e+00    5.8589299504e+00    5.9820176548e+00
    3.1248309228e+00    5.7702696403e+00    5.1147944003e+00
    3.8013722809e+00    5.0342293947e+00    5.0574215668e+00
    4.2778372477e+00    5.9413120365e+00    5.1755677870e+00

molecule  34
    1.6592904078e+00    9.1153380947e+00    3.4327427490e+00
    2.5504458342e+00    8.6644059155e+00    3.2924939419e+00
    2.7032274633e+00    7.9289999256e+00    4.0108056050e+00
    2.0006700810e+00    7.2957833322e+00    4.3295824202e+00
    1.3270061482e+00    6.8503594783e+00    3.7774708267e+00
    4.2965983395e-01    7.3393062825e+00    3.7657589467e+00
    1.0285064733e+01    6.5207548275e+00    3.8138490191e+00
    9.8478733946e+00    7.0991161042e+00    3.0586571583e+00

molecule  35
    1.3967815289e+00    8.7683364116e+00    9.6607575542e+00
    9.0563009792e-01    7.9823512270e+00    9.3001027232e+00
    1.0433484435e+01    8.1750707076e+00    9.7043421561e+00
    2.6659011500e-01    9.1057728098e+00    9.9162108355e+00
    9.7340879109e+00    9.1273372425e+00    9.8336331923e+00
    9.3431895270e+00    8.7551130660e+00    2.1620366172e-01
    8.7707019970e+00    7.9837763255e+00    2.2854447795e-02
    8.3758800020e+00    8.9277137697e+00    1.0265783300e+01

molecule  36
    7.0508685009e+00    5.5076355516e+00    6.1857273721e+00
    7.2793341210e+00    5.7123843075e+00    5.2054490736e+00
    6.8988604267e+00    6.6515105149e+00    5.3534060086e+00
    7.5783805591e+00    7.3432814237e+00    5.2315205335e+00
    7.8231497986e+00    7.6756432263e+00    4.3165534507e+00
    7.6683149308e+00    8.5626196583e+00    3.8681306966e+00
    7.7023808004e+00    7.7782588746e+00    3.2832678744e+00
    6.8812638371e+00    7.3401696734e+00    3.6407966777e+00

molecule  37
    4.7603520925e+00    4.5006855627e+00    9.7957841117e+00
    5.1894769005e+00    4.7558254830e+00    2.2500843422e-01
    4.8082613038e+00    5.6906311742e+00    1.3348865548e-01
    5.3781534095e+00    6.4757960716e+00    1.5350514601e-01
    6.1035479448e+00    6.2044640415e+00    9.9397502519e+00
    6.4239125603e+00    6.1554709325e+00    8.9844724305e+00
    5.5374211180e+00    5.7054339540e+00    8.9024462956e+00
    5.5582089301e+00    5.9025446922e+00    7.9032954864e+00

molecule  38
    3.9178553145e+00    2.3394744732e+00    2.1325311924e-01
    3.8038582595e+00    2.4062603806e+00    9.6574247041e+00
    3.3300470516e+00    2.6269567368e+00    8.8371513675e+00
    4.3415407165e+00    2.6237678534e+00    8.7093897870e+00
    3.9733920608e+00    1.9156633629e+00    8.0952274911e+00
    4.3934376424e+00    1.8100724094e+00    7.1704230236e+00
    3.9467479200e+00    1.1245329590e+00    6.5917951970e+00
    4.2962579411e+00    8.3500010199e-01    5.6880852183e+00

molecule  39
    9.6462070038e+00    1.3924581715e+00    2.1300877348e-01
    1.0217276987e+01    5.4474157742e-01    3.1495573175e-01
    1.1208014669e-02    1.0219824627e+01    9.1208715507e-01
    9.6510006421e+00    4.3263278315e-02    1.3775814687e+00
    9.2369318989e+00    9.6038873239e+00    1.2849041161e+00
    8.7866302182e+00    8.7266166389e+00    1.3718868046e+00
    7.8256245422e+00    8.5275707204e+00    1.2377275992e+00
    7.5855534964e+00    7.9563926491e+00    2.0126016459e+00

molecule  40
    1.8652634354e+00    9.3715065205e+00    6.8523679126e+00
    2.7943399998e+00    9.2431413924e+00    7.2468999674e+00
    3.6993614558e+00    9.5406409248e+00    6.8427330092e+00
    3.0161894672e+00    9.9472536720e+00    6.2408910531e+00
    2.3470880750e+00    1.4274917787e-01    6.5846035792e+00
    1.9644714094e+00    1.0179181311e+00    6.7280069641e+00
    2.6232136992e+00    1.7149407124e+00    6.6079868208e+00
    3.2942203880e+00    2.2838697099e+00    7.0910801674e+00

molecule  41
    2.9102477338e+00    7.8410376114e+00    7.5412808443e+00
    2.0804043704e+00    7.8110099586e+00    8.0723872020e+00
    1.8192060115e+00    8.2121858902e+00    7.1894168700e+00
    1.7165027455e+00    9.0389510909e+00    7.7656915651e+00
    1.1703119556e+00    9.8254826440e+00    7.9482677101e+00
    1.1819627098e+00    9.1086416167e+00    8.6276109778e+00
    8.9469368345e-01    9.7149098889e+00    9.3754854455e+00
    2.9535851316e-01    5.8936770042e-02    9.4452627634e+00

molecule  42
    3.5047914968e+00    3.4980863184e+00    3.3193401992e-02
    2.7255031578e+00    2.9330603885e+00    3.2000598504e-01
    1.9361618048e+00    2.2957341138e+00    4.0784975897e-01
    1.1118674360e+00    2.7341837759e+00    4.6414074006e-02
    1.7716761915e+00    3.4503513343e+00    2.7517204485e-01
    1.7071008103e+00    4.4643770748e+00    2.3352001000e-01
    1.3543445256e+00    4.3183866375e+00    9.7252228852e+00
    8.7542845053e-01    5.0371494664e+00    1.0149392129e+01

molecule  43
    9.7405475025e+00    7.7976087940e+00    1.3569891881e-02
    1.0318721676e+01    7.0618067871e+00    1.0223888445e+01
    9.8245214882e+00    6.4821674076e+00    9.6061212325e+00
    9.2097881519e+00    7.2700117521e+00    9.6317466299e+00
    8.8447198643e+00    6.6837403591e+00    1.0336075581e+01
    8.2717731041e+00    5.8821042791e+00    1.0200764487e+01
    8.9168152999e+00    5.1189531501e+00    1.0174101898e+01
    8.5098549405e+00    4.3542731153e+00    1.3602648264e-01

molecule  44
    5.9998086776e+00    3.9717106369e+00    8.7569845425e+00
    6.6841807241e+00    3.5368137434e+00    9.3200697566e+00
    6.8983911396e+00    3.7232801103e+00    8.3831727888e+00
    7.4072734348e+00    4.5512993689e+00    8.2155956478e+00
    7.8941533246e+00    3.6672463606e+00    8.3057893082e+00
    8.4325924224e+00    2.8585372600e+00    8.5848743155e+00
    7.4809225492e+00    2.7418238763e+00    8.5217724051e+00
    6.9554955330e+00    2.3961417377e+00    7.7628187468e+00

molecule  45
    1.2111440418e-01    9.3676354348e+00    3.6437083453e+00
    1.0203560682e+01    8.8406525115e+00    4.4350252830e+00
    9.5696900335e+00    8.8231427248e+00    5.1879344757e+00
    9.0961839709e+00    9.2218209160e+00    4.3997145252e+00
    8.2284670910e+00    9.6794909781e+00    4.2479804334e+00
    8.0093191406e+00    9.9912471619e+00    3.3406396928e+00
    7.2831085116e+00    9.5585787317e+00    2.8009062066e+00
    7.1790588855e+00    8.5878745443e+00    2.8955582594e+00

molecule  46
    2.2532194229e+00    9.5769039704e+00    1.0304743815e+01
    2.7080331764e+00    9.6348131564e+00    9.3781987797e+00
    2.6410908784e+00    8.7050398790e+00    9.7676777323e+00
    2.0860279894e+00    8.4072484357e+00    9.0024211746e+00
    2.8085811225e+00    8.8589501153e+00    8.5585956220e+00
    3.7217256649e+00    8.4981281985e+00    8.8591008949e+00
    4.2807383677e+00    9.3169652167e+00    8.9842930008e+00
    3.8017567151e+00    9.2468795746e+00    8.0934921037e+00

molecule  47
    1.2730079946e+00    1.7347837598e+00    7.0022390307e+00
    1.4139287909e+00    9.7251029223e-01    7.6523814449e+00
    1.0153775278e+00    3.4802320689e-01    8.3318292259e+00
    1.1389470893e-01    6.4238750639e-01    7.9850747036e+00
    5.1309989557e-01    1.0565135478e+00    7.1745271024e+00
    1.0348440478e+01    1.6072568162e+00    6.6745823932e+00
    3.3838613827e-01    2.0540711169e+00    5.8896558009e+00
    1.1783845501e+00    1.5071535705e+00    5.9900890414e+00

molecule  48
    2.7961680946e+00    1.1190680319e+00    8.1868503041e+00
    2.7892686916e+00    9.6970875644e-01    9.1752442869e+00
    3.5708503897e+00    1.4142706200e+00    9.5372363923e+00
    4.0205868451e+00    5.4385673328e-01    9.7769223674e+00
    3.6459293132e+00    1.0081757654e+01    9.6593118566e+00
    4.1166464295e+00    9.5198148432e+00    1.0359656706e+01
    4.0188867346e+00    9.9083698569e+00    8.3444431104e-01
    3.5771753409e+00    5.6244331868e-02    1.4548864192e+00

molecule  49
    9.2811035852e+00    5.5837189832e+00    1.9247127826e+00
    9.1099394787e+00    5.5479601031e+00    8.9581561691e-01
    9.7141035890e+00    6.1672566402e+00    3.9723883805e-01
    9.4753394988e+00    7.0065974108e+00    9.1269311200e-01
    8.4647359567e+00    7.0896244530e+00    8.8987176401e-01
    7.6111254689e+00    7.0911874019e+00    1.3886163580e+00
    7.3516357380e+00    7.6729487263e+00    5.9302147383e-01
    7.6322962937e+00    7.9682778382e+00    1.0116341546e+01

molecule  50
    2.6874347298e+00    1.9724521377e+00    1.0188995953e+01
    3.1144886186e+00    1.3582316899e+00    4.5498594473e-01
    4.0189946461e+00    9.9569441091e-01    2.8610688776e-01
    3.9585800521e+00    1.2489032213e+00    1.2666594910e+00
    4.4329674031e+00    2.0977880597e+00    1.1346388760e+00
    4.6773361297e+00    2.7561707594e+00    1.8601698652e+00
    5.2518946394e+00    3.5820474893e+00    1.7157204338e+00
    4.6493020112e+00    3.7438955916e+00    2.5080015424e+00

molecule  51
    9.9726676291e+00    6.6781632748e+00    6.6181216027e+00
    9.1586026960e+00    6.4592755200e+00    6.1512303500e+00
    8.5240384086e+00    6.2312112147e+00    5.4123861761e+00
    8.1382531678e+00    6.5697216302e+00    4.5416992245e+00
    9.0949659342e+00    6.7067408612e+00    4.3949632858e+00
    8.5008367624e+00    7.1641428638e+00    3.7263753593e+00
    8.9301703321e+00    7.7673683761e+00    3.0094158079e+00
    8.5031978773e+00    8.6558552694e+00    3.2063242958e+00

molecule  52
    4.9785584581e+00    7.7086777105e+00    3.5557146699e+00
    4.1095912794e+00    7.6783838974e+00    3.0826344071e+00
    4.6643569318e+00    8.0539818217e+00    2.3723428595e+00
    5.2152779394e+00    8.0380412022e+00    1.5442150270e+00
    5.7332113758e+00    8.8365347178e+00    1.3554616421e+00
    6.3079101323e+00    8.3487136117e+00    7.8328356682e-01
    6.7727843647e+00    8.3842614354e+00    1.7261187513e+00
    6.5700761493e+00    9.3749679124e+00    1.9454501692e+00

molecule  53
    2.9795430529e+00    2.1119290508e+00    1.2174923637e+00
    3.5514815565e+00    2.9432355478e+00    1.3616791067e+00
    3.4525979644e+00    3.9310359552e+00    1.5506893296e+00
    4.2242253012e+00    4.1482719577e+00    1.0376241306e+00
    3.8803296041e+00    4.5846194307e+00    2.3382449013e-01
    3.0244258445e+00    5.0564131856e+00    4.8075256870e-01
    3.8870793756e+00    5.5995203457e+00    4.8652055911e-01
    4.4312951852e+00    6.3901442358e+00    9.3349608533e-01

molecule  54
    1.0837579563e+00    9.2300500941e+00    4.9014098448e+00
    1.2349595054e+00    9.0090712292e+00    5.8388122827e+00
    4.9639342420e-01    8.5443558668e+00    5.3660204924e+00
    9.2072110079e-01    8.2724013511e+00    4.5400139559e+00
    1.3516515479e+00    7.8171422782e+00    3.7002535652e+00
    2.1143978379e+00    7.5855498499e+00    3.0751470542e+00
    2.6891510662e+00    6.8552547439e+00    3.4871968353e+00
    3.2788094618e+00    6.0726918944e+00    3.4206048229e+00

molecule  55
    2.1668596482e+00    3.1537399986e-01    7.8193384141e+00
    2.0265383925e+00    3.1851690990e-01    8.8230275743e+00
    1.7711470434e+00    1.0363567770e+01    9.6968952210e+00
    2.6381671814e+00    1.5399830344e-01    1.0067768149e+01
    2.8647988184e+00    2.0242952805e-01    5.9986333190e-01
    2.6110642573e+00    9.7542321577e+00    8.0865375477e-01
    1.8353862303e+00    1.0296254646e+01    5.2776745838e-01
    1.8649588933e+00    8.3145334231e-01    7.7604684671e-01

molecule  56
    5.2005914224e+00    2.0272614715e+00    8.0200627989e+00
    5.2282049629e+00    1.8928867848e+00    9.0057805258e+00
    4.7188277319e+00    2.1891962739e+00    9.8503029628e+00
    5.2184383705e+00    1.4090583321e+00    1.0325076620e+01
    5.2292524898e+00    8.1386999991e-01    9.4930785093e+00
    4.4434028377e+00    9.4724541954e-01    8.8865263111e+00
    4.3248847748e+00    3.2906132919e-01    8.1733079786e+00
    3.4852003903e+00    1.7353480188e-01    8.6513518823e+00

molecule  57
    6.8211842999e+00    1.2907728294e+00    7.9875966187e+00
    6.4784884433e+00    1.8311685854e+00    8.7542294507e+00
    6.3745296684e+00    2.8047216524e+00    8.6406858455e+00
    5.3941558846e+00    2.9797562525e+00    8.7198316046e+00
    4.9532895782e+00    3.8330133285e+00    8.7725040174e+00
    4.5079352247e+00    3.9294353509e+00    7.8615760147e+00
    5.5233689422e+00    3.7696021613e+00    7.8103569678e+00
    5.1428847597e+00    3.0695661291e+00    7.1691345560e+00

molecule  58
    3.3044534706e+00    7.9915666165e+00    5.7061237814e-01
    3.4261686075e+00    8.9794642743e+00    5.6644509800e-01
    3.2135779733e+00    8.6961733552e+00    1.4899001293e+00
    2.9832943054e+00    9.1683103199e+00    2.3432048686e+00
    3.6610192452e+00    8.8220630984e+00    3.0114840034e+00
    3.1709861023e+00    8.1179197780e+00    2.5375524414e+00
    2.4439761180e+00    8.1104043205e+00    1.9031422119e+00
    2.2029847829e+00    8.7853612079e+00    1.2060821339e+00

molecule  59
    4.9550372121e-01    2.0949157854e+00    6.0694390014e-01
    3.1966349284e-02    2.7624579089e+00    1.1419721867e+00
    9.9246130855e+00    2.3859468457e+00    4.4103049053e-01
    9.5796168282e+00    2.2175344644e+00    1.3661034636e+00
    9.5358275706e+00    3.1633303226e+00    1.1499353886e+00
    9.9851326068e+00    3.4710948831e+00    2.9554643301e-01
    1.0447011798e+01    3.6849242061e+00    9.9417983395e+00
    1.0343382538e+01    2.7055357895e+00    1.0007848203e+01

molecule  60
    7.6775143688e+00    2.2216559410e+00    9.4616665258e+00
    6.9424038505e+00    1.5656144420e+00    9.5747894437e+00
    5.9640031996e+00    1.7419943539e+00    9.7000982700e+00
    6.1634416783e+00    2.6933369841e+00    9.8754516899e+00
    5.2541734533e+00    3.1318682275e+00    9.9728904474e+00
    5.7851469982e+00    3.9727886297e+00    9.9841805120e+00
    6.3236851016e+00    4.7750635052e+00    1.0278758165e+01
    6.9096421146e+00    5.2457472002e+00    9.6083892043e+00

molecule  61
    5.4264246148e+00    3.8410570208e-01    3.7638171789e+00
    6.3133179714e+00    2.7806969800e-01    4.3206660405e+00
    6.3970722954e+00    1.0254045381e+01    5.1688414081e+00
    5.8296311268e+00    5.0817645352e-01    5.6253705881e+00
    5.7494959070e+00    1.1801378009e+00    4.8776582228e+00
    6.1484780740e+00    1.2903341039e+00    3.9519371273e+00
    6.8816031471e+00    8.4441804828e-01    3.4863476457e+00
    7.2857358904e+00    1.9602463621e-01    4.1806633485e+00

molecule  62
    1.9325474982e+00    6.2379631197e+00    6.6579848001e+00
    2.4567914108e+00    7.0047326016e+00    6.9988866308e+00
    1.6436346082e+00    7.3968720141e+00    6.4788169290e+00
    1.3678659947e+00    7.6363459737e+00    5.5757182591e+00
    2.0718842677e+00    8.1848195774e+00    5.9667655086e+00
    2.4956465687e+00    8.3341860937e+00    5.1359433820e+00
    2.4537552328e+00    9.3198504398e+00    5.3508740402e+00
    3.4686153855e+00    9.2752310534e+00    5.2399349293e+00

molecule  63
    8.3121375621e+00    4.2535523376e-02    6.7982183856e-01
    9.1591296938e+00    4.8579540518e-01    4.8861764197e-01
    8.6165872400e+00    1.0744846270e+00    1.0333687756e+01
    8.4105290321e+00    1.9961449214e+00    1.0069211795e+01
    8.1367481910e+00    2.0014154365e+00    6.0366248891e-01
    7.2590510810e+00    2.4153938289e+00    8.3512745622e-01
    6.9131634801e+00    1.7630251567e+00    1.2891697606e-01
    7.6581499636e+00    1.0972529751e+00    2.9749864705e-01

molecule  64
    3.7583586264e-01    9.4925254283e+00    2.6321094473e+00
    1.1802670206e+00    9.0245320870e+00    2.3997053113e+00
    1.9088283411e+00    9.6108281205e+00    2.1519364730e+00
    1.7827863882e+00    1.2636751347e-01    1.8292002123e+00
    9.6349498180e-01    9.9579423223e+00    1.7881936033e+00
    1.0198159577e+00    1.6942394523e-01    1.0112080548e+00
    6.5425189942e-01    1.0456752655e+00    8.0725434704e-01
    1.0376175169e+01    1.2398576961e+00    1.4992684340e+00

molecule  65
    9.3612946139e+00    2.3462904654e+00    8.0978484802e+00
    9.5056321538e+00    1.3682729596e+00    8.0992770166e+00
    9.9224056977e+00    9.8911398204e-01    8.9736299357e+00
    1.0045542804e+01    1.7317096442e+00    9.6871110858e+00
    9.3610963523e+00    2.4333150977e+00    9.9250253093e+00
    8.7959743548e+00    3.1241415369e+00    9.5013364335e+00
    7.9482524062e+00    3.1344771647e+00    1.0059569356e+01
    8.7371149147e+00    3.0362246541e+00    1.7316737347e-01

molecule  66
    8.9313394765e-01    5.7296958331e+00    4.1824532771e+00
    4.0612892894e-01    5.6910861687e+00    3.3529417020e+00
    1.7847732559e-01    4.9805844687e+00    2.7515477639e+00
    3.5515630098e-01    5.0578434871e+00    1.7488630365e+00
    1.3481896651e+00    5.0508600373e+00    1.8631404664e+00
    2.0501832662e+00    4.7522801338e+00    1.2543857638e+00
    2.3420301007e+00    4.0131002668e+00    1.9001903317e+00
    1.4052712662e+00    3.9840572879e+00    1.5961609801e+00

molecule  67
    7.2324680543e+00    5.4535989736e+00    7.3941710755e+00
    7.2376747871e+00    6.3750721943e+00    7.0097762100e+00
    6.3238926004e+00    6.0581769193e+00    7.2350990120e+00
    5.4725569924e+00    5.8750133182e+00    6.7681496434e+00
    6.0102373183e+00    6.6187293380e+00    6.3703713561e+00
    6.6639486560e+00    7.3603658724e+00    6.4348922489e+00
    7.6651997706e+00    7.3135365137e+00    6.2851579107e+00
    8.2981186691e+00    7.9208698569e+00    6.7079528125e+00

molecule  68
    8.1888216199e+00    8.8285564984e+00    4.8929692907e+00
    8.0319434743e+00    9.7235221705e+00    5.2872993717e+00
    7.3568955457e+00    9.4093655451e+00    5.9372981178e+00
    7.4488880142e+00    1.0414219402e+01    5.8018422174e+00
    8.4151088021e+00    8.6533911409e-02    6.0419731745e+00
    8.4089369308e+00    9.6996069439e+00    6.5981121588e+00
    8.9810130608e+00    8.8727724476e+00    6.5723451835e+00
    8.4056282458e+00    8.6142200597e+00    5.8389650828e+00

molecule  69
    5.7694274087e+00    9.4292741014e+00    4.6641628498e+00
    6.4349588854e+00    8.8915434988e+00    5.0907893380e+00
    6.4979637965e+00    8.1856132704e+00    5.7681007868e+00
    5.9674316028e+00    9.0100933029e+00    5.9238634222e+00
    5.1010863081e+00    9.3885667155e+00    5.5936824603e+00
    4.5099986643e+00    9.1980198622e+00    4.8436505950e+00
    3.7320323884e+00    8.7766925911e+00    4.3209160362e+00
    2.8049845402e+00    9.0243570925e+00    4.2528998205e+00

molecule  70
    6.2516382257e+00    7.3793514338e+00    4.7762973300e+00
    5.6894164377e+00    7.3306145569e+00    5.5523023468e+00
    5.1329508616e+00    6.5382926437e+00    5.3865643616e+00
    4.8639574166e+00    7.2874667835e+00    4.8407709124e+00
    4.0777919343e+00    7.7907033054e+00    4.4930379056e+00
    3.8864989130e+00    8.2930980661e+00    5.3363173382e+00
    3.8110011976e+00    8.5477475503e+00    6.2973518788e+00
    3.7025618493e+00    8.4790233925e+00    7.2787175788e+00

molecule  71
    2.9145497609e+00    3.0105211475e+00    2.3772201101e+00
    3.7885583986e+00    3.1508588169e+00    2.8380034352e+00
    4.3429005002e+00    2.9279698736e+00    3.6578625944e+00
    4.5627139501e+00    3.4270566563e+00    4.4575797547e+00
    4.6691817123e+00    2.4039444159e+00    4.4835047708e+00
    5.6053249172e+00    2.7498827671e+00    4.7472385869e+00
    5.4425213923e+00    2.1869404092e+00    5.5918302282e+00
    4.9745912913e+00    2.9864924216e+00    6.0543779549e+00

molecule  72
    2.6376537632e-02    9.7723970995e+00    6.2933874650e+00
    9.5298553559e+00    9.9343269533e+00    6.1303806285e+00
    9.0636804187e+00    9.8805538748e+00    5.2515341276e+00
    8.4986877457e+00    2.3269405681e-01    5.0112872320e+00
    8.4367144915e+00    5.7762594848e-01    4.0834569349e+00
    9.1675529753e+00    1.0430933333e+01    4.2081563912e+00
    9.2083470921e+00    9.9148940655e+00    3.3201622709e+00
    9.3958171886e+00    9.3614112972e+00    2.5381991644e+00

molecule  73
    7.5280848089e+00    3.9232488206e-01    8.9914854401e+00
    7.8509936482e+00    9.9564863440e+00    9.2971064283e+00
    7.3092496017e+00    9.1076073641e+00    9.2039495456e+00
    7.5782627188e+00    9.3628649012e+00    8.3031964230e+00
    6.6518958802e+00    9.7554333860e+00    8.3499434390e+00
    6.5434316294e+00    8.7636546734e+00    8.2192470099e+00
    7.0857717858e+00    8.0060297456e+00    7.8405556015e+00
    7.7596280998e+00    8.5337601336e+00    7.4490262654e+00

molecule  74
    4.4242617821e+00    1.8591170492e+00    2.4362372742e+00
    3.7304782628e+00    2.0353055105e+00    3.1750297062e+00
    3.4055599372e+00    1.9893597608e+00    2.2477122079e+00
    2.8592235930e+00    1.2607615383e+00    2.6762949803e+00
    3.5016611118e+00    6.6582550458e-01    2.2795148176e+00
    3.6521772898e+00    6.6607140494e-01    3.2470111062e+00
    3.5513388682e+00    6.9746230028e-01    4.2305042125e+00
    3.8545675222e+00    1.6305427448e+00    4.0761165881e+00

molecule  75
    9.9151454259e+00    2.3936759554e+00    7.1955056439e+00
    1.5172153060e-01    3.0284281531e+00    7.5074821811e+00
    5.1791007043e-01    2.1610608065e+00    7.7773704171e+00
    1.1207281295e+00    2.8841931064e+00    7.3853417122e+00
    5.0903352530e-01    3.0241122277e+00    6.5962920915e+00
    1.0123289288e+01    2.9123085502e+00    6.0199270776e+00
    9.8366474524e+00    3.4110508100e+00    6.8656925595e+00
    8.9726740842e+00    3.3271465262e+00    7.3643692257e+00

molecule  76
    1.0319262705e+00    1.0078512536e+01    3.0635040633e+00
    6.3988304229e-01    2.4572688777e-01    3.7600552929e+00
    1.1278614757e+00    3.2826907084e-01    4.6773195083e+00
    1.6873961738e+00    1.0240801895e+01    3.9979037625e+00
    2.1176218995e+00    4.7452414451e-01    3.3526622967e+00
    2.7030483768e+00    1.0299598358e+01    2.8063384953e+00
    3.2085333364e+00    9.7524873408e+00    3.4935569445e+00
    3.8856011431e+00    9.8559605109e+00    4.2134005767e+00

molecule  77
    5.2270779471e+00    6.3955960337e+00    2.5681542909e+00
    4.6001666101e+00    6.8604396446e+00    1.9143979233e+00
    3.8329964964e+00    6.7026373370e+00    2.5229823249e+00
    3.9840147472e+00    5.6837041596e+00    2.5053050363e+00
    4.0141861842e+00    5.7722023466e+00    1.5176639924e+00
    3.1242913160e+00    6.0569531964e+00    1.8483004887e+00
    2.6162032916e+00    5.1948104024e+00    2.0500051255e+00
    2.2443065289e+00    5.8219052209e+00    1.3267064783e+00

molecule  78
    7.6777941431e+00    6.2252421030e-01    2.9422626158e+00
    7.7388606997e+00    1.5650180005e+00    2.7585167279e+00
    8.6464985970e+00    1.3135853149e+00    2.9836156134e+00
    8.5770600391e+00    2.1463458368e+00    2.4217319781e+00
    8.3175708692e+00    2.6112996989e+00    3.3001307823e+00
    8.6729278654e+00    3.2888606714e+00    3.9709303995e+00
    9.1421120675e+00    3.8562440929e+00    3.2846203099e+00
    9.7772427527e+00    4.5904961406e+00    3.1359987496e+00

molecule  79
    6.5541827968e+00    7.7933840052e+00    1.0250462666e+01
    6.6510653813e+00    6.9320770797e+00    2.6921167951e-01
    7.5097101343e+00    6.3863392511e+00    3.3469205448e-01
    7.3262455812e+00    6.2744128628e+00    9.8183567628e+00
    7.9157799320e+00    6.8712868210e+00    9.3203037113e+00
    8.3282145236e+00    7.7595438034e+00    9.3484171692e+00
    8.8388685775e+00    7.2782661797e+00    8.6569610859e+00
    8.9829106434e+00    6.3468292401e+00    9.0623816627e+00

molecule  80
    4.1578058894e+00    7.4783776227e+00    7.8742848346e+00
    5.0107323128e+00    7.7647450285e+00    8.2807365695e+00
    5.7063287206e+00    8.2498854705e+00    8.8852040897e+00
    5.3460399660e+00    8.8933948826e+00    9.5566429214e+00
    6.3346816456e+00    8.8826587593e+00    9.5151265153e+00
    6.7276282457e+00    8.1373615941e+00    9.0499578873e+00
    7.5992498108e+00    8.2545160816e+00    8.6265942019e+00
    7.8460332278e+00    7.3433548999e+00    8.3915875759e+00

molecule  81
    6.6478701958e+00    4.7793041527e+00    4.9593888933e+00
    7.0892225979e+00    4.4379144379e+00    4.0971149128e+00
    8.0510251780e+00    4.7690894337e+00    4.1798783495e+00
    8.4217027389e+00    5.6751914978e+00    3.9653045557e+00
    9.1740185858e+00    4.9620114818e+00    3.8795116047e+00
    1.0146101028e+01    5.1769232319e+00    3.9211916349e+00
    9.5654595930e+00    5.9033015513e+00    3.4142291985e+00
    8.7788887747e+00    6.4406092817e+00    3.1115673914e+00

molecule  82
    4.5424133179e+00    4.9419586740e+00    4.3216933363e+00
    4.5457715344e+00    4.2474816101e+00    5.0326403874e+00
    5.4528160926e+00    3.8735810458e+00    4.7826754951e+00
    5.5956929910e+00    3.4261643884e+00    3.8723919941e+00
    6.4431537056e+00    3.7311057176e+00    3.5120058414e+00
    6.5777065182e+00    2.7709810918e+00    3.5204417012e+00
    6.9735651629e+00    2.4583641409e+00    4.3660664538e+00
    6.8194298820e+00    3.4114779842e+00    4.5117699543e+00

molecule  83
    1.2808020368e+00    6.1103092435e+00    1.9379364280e-01
    6.1323621285e-01    5.7120236307e+00    8.0546237714e-01
    1.0170719732e+01    5.3917199545e+00    7.5247717360e-01
    9.8045314541e+00    4.6729792067e+00    1.8849383536e-01
    2.7834702736e-01    4.4886585906e+00    4.4388585182e-01
    8.6251512632e-01    3.7015920839e+00    6.0014955372e-01
    1.2803724679e+00    3.0150018594e+00    1.1931854943e+00
    2.2601405968e+00    3.0875240000e+00    1.3641971448e+00

molecule  84
    4.1828590166e+00    7.6964448359e+00    1.2815662345e+00
    3.3556772502e+00    7.0283756298e+00    1.2913702043e+00
    3.0517541401e+00    6.4754597215e+00    4.9567557248e-01
    2.1963356189e+00    6.8133382432e+00    2.0889849817e-02
    2.2616939678e+00    7.8178365793e+00    1.0452229832e+01
    1.8697108099e+00    8.7315528820e+00    1.6999227956e-01
    1.2745899840e+00    9.4577359714e+00    5.1545363883e-01
    8.4084724033e-01    1.0177542534e+01    1.0416558131e+01

molecule  85
    2.1181442062e+00    1.8998911532e+00    5.6934228748e+00
    1.3680172942e+00    2.2910072026e+00    5.1235752310e+00
    1.1221018520e+00    1.3616950983e+00    4.8220123267e+00
    2.0376828899e+00    1.0064029902e+00    4.6655409605e+00
    2.2491543052e+00    8.6820375854e-01    5.6619221005e+00
    2.1769731495e+00    1.0375060207e+01    5.3013654571e+00
    2.7597552822e+00    1.0196761676e+01    4.5170960963e+00
    3.5318830117e+00   -7.5095583699e-03    5.1590947063e+00

molecule  86
    8.0163431101e+00    2.7311827055e+00    4.5234832432e+00
    8.7130214063e+00    2.7904980837e+00    5.2812267247e+00
    8.8576891765e+00    3.1936680473e+00    6.2165613418e+00
    8.5787788500e+00    2.2354919585e+00    6.1170822081e+00
    8.2289493284e+00    1.3371442246e+00    6.3832501136e+00
    8.4743259422e+00    1.3254539812e+00    5.4273411802e+00
    7.7362642528e+00    1.6327160566e+00    4.7642047015e+00
    7.4960131123e+00    1.7698444707e+00    3.8002136587e+00

molecule  87
    2.3749521699e+00    9.8523086917e+00    8.0646323751e+00
    3.2972092732e+00    1.0074693252e+01    7.8478097293e+00
    3.7626492228e+00    2.7592912118e-01    7.2995119525e+00
    4.5173944891e+00    1.0061492842e+01    7.2767130349e+00
    5.0667623879e+00    1.0141103170e+01    6.4544708317e+00
    4.1601881053e+00    1.0166791856e+01    6.0606022374e+00
    4.7736752248e+00    1.0359892703e+01    5.3253204634e+00
    4.6313864317e+00    2.0225270355e-01    4.3383418107e+00

molecule  88
    1.9859313132e+00    2.5980464809e+00    9.4213262898e+00
    2.1780258291e+00    2.4827290805e+00    8.3855204825e+00
    1.7789275701e+00    1.5774600949e+00    8.5257505714e+00
    2.0218732455e+00    1.5970534685e+00    9.5336454642e+00
    1.3051584859e+00    9.1887483484e-01    9.4972051779e+00
    1.3532391244e+00    1.3326836344e+00    1.0409473601e+01
    5.8623911786e-01    1.7654119674e+00    9.9652266485e+00
    6.5153035732e-01    1.8025422712e+00    8.9446164001e+00

molecule  89
    8.7382478098e+00    8.1356823311e+00    7.7732137067e+00
    9.3016637614e+00    7.2876813283e+00    7.7256640422e+00
    8.8050502557e+00    6.4444778582e+00    7.7723779326e+00
    8.5528599363e+00    5.9667585535e+00    6.9535953562e+00
    9.3995641034e+00    5.5394279011e+00    7.0959265103e+00
    9.2311369712e+00    5.3781022013e+00    6.0719282927e+00
    1.0199574793e+01    5.1543321687e+00    5.9839528761e+00
    2.4389285036e-01    5.4597873012e+00    5.2047456926e+00

molecule  90
    6.1984531445e+00    6.6299180633e+00    3.2187825317e+00
    6.8019048619e+00    5.8907039413e+00    2.9358228078e+00
    7.7441181464e+00    5.4514964237e+00    3.1208112753e+00
    7.6362395802e+00    6.2456245432e+00    3.6752799697e+00
    7.6783268183e+00    6.6370220520e+00    2.7286605395e+00
    6.9262527612e+00    7.3302131086e+00    2.4923390921e+00
    6.0640986219e+00    7.8082689052e+00    2.2197070527e+00
    6.5106708926e+00    7.0750135267e+00    1.6768750771e+00

molecule  91
    7.9218764632e+00    9.3988712473e+00    7.5884595702e-01
    7.5203533125e+00    1.0207359419e+01    1.2283444049e+00
    6.7191130107e+00    9.7382844486e+00    8.7388762346e-01
    6.6213555501e+00    2.2162555657e-01    1.3223394382e+00
    6.8691668793e+00    7.9081162974e-01    2.1025918461e+00
    5.8864019496e+00    6.2621023006e-01    2.3019942514e+00
    5.2375183860e+00    1.2674780179e+00    2.7315772332e+00
    6.1042207300e+00    1.7172716453e+00    2.9208377256e+00

molecule  92
    4.9261235789e+00    2.0866625594e-01    1.0145345160e+01
    5.2319704527e+00    2.7114694672e-01    6.3757291908e-01
    5.9800095873e+00    3.9771488845e-01    9.6452296692e-03
    6.4457044009e+00    2.8735691792e-01    9.6268221832e+00
    5.9796180203e+00    6.8626852603e-01    8.8522512462e+00
    5.8767974251e+00    5.0593394552e-01    7.8871804214e+00
    5.2938782553e+00    1.0180790992e+01    8.1653699209e+00
    5.6473169726e+00    9.9378055903e+00    9.0794450419e+00

molecule  93
    1.0364783289e+01    9.0232409641e+00    1.6968247546e+00
    1.0014000438e+01    8.1089251265e+00    2.0768880435e+00
    1.0384686533e+01    7.3291764128e+00    1.6066271049e+00
    3.8431300434e-01    8.0792239086e+00    1.1655418232e+00
    1.0364279070e+00    7.8527155804e+00    1.8158135294e+00
    1.3971048018e+00    7.9789726912e+00    8.9835089353e-01
    8.5247631633e-01    7.9278574083e+00    8.5177817095e-02
    1.0012315731e+00    7.0756038580e+00    1.0052061052e+01

molecule  94
    4.9057394343e+00    5.3054730208e+00    1.2855482470e+00
    4.9499789541e+00    5.3105183254e+00    2.3233731435e+00
    4.8354240869e+00    5.4297431856e+00    3.3384553078e+00
    5.5672529989e+00    6.0488542450e+00    3.7089922605e+00
    5.1501548282e+00    5.9969375985e+00    4.5872928111e+00
    4.3163870069e+00    6.0671533840e+00    4.0519615212e+00
    3.6823734948e+00    5.3233259838e+00    3.9898235126e+00
    2.9657226478e+00    4.6395719218e+00    3.8813596152e+00

molecule  95
    5.9981520107e+00    5.1863230679e+00    3.0214384473e+00
    6.8632871794e+00    4.6785939926e+00    2.8485630990e+00
    7.3828620182e+00    4.9966260969e+00    2.0666070782e+00
    7.7404665300e+00    4.1455728499e+00    2.3896193712e+00
    7.6086585230e+00    3.6638585052e+00    3.2345216136e+00
    7.3416634068e+00    2.7719976107e+00    2.8239858977e+00
    6.3676629806e+00    2.7615862958e+00    2.4944116359e+00
    5.6466494628e+00    2.4927241974e+00    1.8889172944e+00

molecule  96
    6.0627039875e+00    3.8400974388e+00    1.0921697966e+00
    6.0336840016e+00    2.8566839038e+00    8.3411112036e-01
    5.0934040349e+00    2.6052266175e+00    6.1978450158e-01
    5.6799884402e+00    1.8295056518e+00    6.0353727458e-01
    5.8390498578e+00    1.2375899128e+00    1.3725515946e+00
    6.7965256351e+00    1.4241040747e+00    1.2044192590e+00
    7.2517098084e+00    2.0275373780e+00    1.8527507517e+00
    7.8338309836e+00    1.2298505218e+00    1.6611075526e+00

molecule  97
    9.6869657186e+00    9.3955405924e-01    5.2437510667e+00
    9.5782015082e+00    1.6683498369e+00    5.9366691044e+00
    9.2788591578e+00    1.3352018589e+00    6.8252461553e+00
    9.7224169920e+00    4.6608271679e-01    6.9308733376e+00
    1.0281515360e+01    4.4710103023e-01    6.0848041821e+00
    6.7759500381e-01    1.7017352724e-01    6.5039813478e+00
    5.1546324113e-01    1.0299166806e+01    5.6043069206e+00
    1.0369486836e+01    1.0018574744e+01    4.8808217498e+00

molecule  98
    6.7559606636e-01    4.1683116363e+00    6.0574852423e+00
    1.4730750198e+00    4.6609127184e+00    5.8465975364e+00
    2.0974642848e+00    4.9959195122e+00    6.5618295580e+00
    1.3052069854e+00    4.5260390568e+00    6.9978103538e+00
    1.5737213177e+00    5.3595847183e+00    7.4441752857e+00
    5.6918555863e-01    5.3284878940e+00    7.1939757432e+00
    1.0076592249e-01    5.3087670924e+00    8.0993303047e+00
    9.6001537606e+00    5.5519840793e+00    8.1904310233e+00

molecule  99
    9.7691320314e+00    4.6910815899e+00    1.6590029925e+00
    9.7838200962e+00    3.7723010634e+00    2.0232565269e+00
    8.8038211595e+00    3.7927012368e+00    2.0082284828e+00
    8.0698903671e+00    3.1144149941e+00    2.0986431587e+00
    7.3636882162e+00    3.5244025885e+00    1.5413456094e+00
    8.2553410740e+00    3.4311261576e+00    1.1195013083e+00
    7.5464659328e+00    3.5676708910e+00    4.1232221694e-01
    6.7843007366e+00    3.8707408582e+00    1.0295027430e+01
