BOUNDARY

orthorhombic       1.0455159000e+01    1.0455159000e+01    1.0455159000e+01

MOLECULES

species    0
nMolecule  100

molecule  0
    1.0737715261e-01    9.8904569130e-01    3.3892727372e+00
    9.8141333438e+00    9.1124769539e-01    4.0504369626e+00
    9.8108468536e+00    1.7991646120e+00    4.5605491891e+00
    9.1025240357e+00    1.5691896305e+00    5.1983829899e+00
    8.1801951744e+00    1.9289320108e+00    5.4776698220e+00
    8.0306603448e+00    2.8997439497e+00    5.4162955855e+00
    7.1759124902e+00    2.3686182961e+00    5.4648046330e+00
    7.6660030770e+00    2.3215765125e+00    6.3179272517e+00

molecule  1
    1.5102632516e+00    5.7490291181e+00    5.3109512952e+00
    1.7088362854e+00    4.9518968156e+00    5.9070912212e+00
    1.0169057832e+00    5.3809323730e+00    6.5050367944e+00
    5.4017064721e-01    6.2633209298e+00    6.3302900312e+00
    6.9170085977e-01    6.9444124005e+00    7.0747435239e+00
    1.0355785964e+01    6.4231627188e+00    7.3296862537e+00
    1.0149383097e+01    7.1971160275e+00    6.7849192771e+00
    9.8245808430e+00    7.8748684883e+00    6.1471730654e+00

molecule  2
    3.2163987140e+00    2.3161529887e+00    4.9282991037e+00
    3.5032634147e+00    1.5863243871e+00    4.3721072798e+00
    4.2112089651e+00    1.4623444313e+00    5.0938698206e+00
    3.3009412447e+00    1.3627055037e+00    5.4905841695e+00
    3.3946356885e+00    3.9016766935e-01    5.2601303475e+00
    3.6218671409e+00    1.0002313191e+01    4.8706440654e+00
    4.3201816464e+00    9.4397039827e+00    5.3335012190e+00
    3.9806901560e+00    8.7649726763e+00    5.9677821481e+00

molecule  3
    7.5077271879e+00    6.9338053733e+00    9.4872848521e+00
    6.5342281162e+00    6.9156960732e+00    9.6335648622e+00
    6.8632706751e+00    6.1383057451e+00    9.1086273149e+00
    6.1060437066e+00    6.1370293030e+00    8.4591437117e+00
    5.7444022343e+00    5.2430770028e+00    8.4003255453e+00
    5.0152525268e+00    5.2170780534e+00    7.7008673905e+00
    5.2809048391e+00    6.1794158627e+00    7.8510235605e+00
    4.5008983347e+00    6.8125574519e+00    7.7647643924e+00

molecule  4
    2.4975108194e+00    2.4949254056e+00    3.5980288991e+00
    2.2365896096e+00    2.2842769471e+00    4.5731097142e+00
    1.4098568457e+00    2.7983539489e+00    4.2955257007e+00
    1.9059245150e+00    3.4805160059e+00    4.8074480240e+00
    2.5355665230e+00    4.2838348356e+00    4.8459878856e+00
    3.3570541370e+00    4.1882471431e+00    4.3119004282e+00
    3.9655134677e+00    4.4325623259e+00    3.5861671244e+00
    4.6278036922e+00    5.0387279805e+00    3.2630883421e+00

molecule  5
    8.5835771108e+00    8.2504262210e+00    8.4240808727e-01
    8.8860886208e+00    9.0460595643e+00    1.3564241356e+00
    9.6566294011e+00    8.4180486629e+00    1.2619687334e+00
    1.3638715224e-01    8.3153152992e+00    1.4909185809e+00
    1.0329765545e+01    8.6824363588e+00    5.7693467007e-01
    7.4335186144e-01    9.2256944596e+00    3.0525165520e-01
    8.2684131382e-01    9.0623799142e+00    9.7659604313e+00
    1.6080954472e+00    9.5001515470e+00    1.0207259419e+01

molecule  6
    6.0454335935e+00    6.9743607110e+00    7.8483626154e+00
    5.3531182045e+00    7.5548304297e+00    7.4505171624e+00
    5.0658200538e+00    8.4530466899e+00    7.7058493112e+00
    4.9600323704e+00    8.4964003581e+00    6.7173202640e+00
    5.5120085370e+00    9.2846360369e+00    6.9083580292e+00
    6.0739297526e+00    8.9756980171e+00    6.1071165146e+00
    5.6493454846e+00    9.7534926788e+00    5.6636507174e+00
    5.5671978001e+00    1.0111780335e+01    4.7237757507e+00

molecule  7
    1.0071338148e+01    4.3807863348e+00    8.0794964490e+00
    9.6791974936e+00    4.5339363035e+00    8.9808843720e+00
    8.9501028344e+00    4.9700470579e+00    8.5206954315e+00
    8.6315247652e+00    5.5068510496e+00    7.7548744993e+00
    7.9519610313e+00    4.8069594516e+00    7.4416415196e+00
    7.3182883943e+00    5.5790070421e+00    7.5817004250e+00
    7.7459374354e+00    5.9693438683e+00    8.4057915226e+00
    7.1817612530e+00    6.7084720389e+00    8.0785217282e+00

molecule  8
    4.5241907818e+00    1.2223721428e+00    4.2289668967e+00
    4.4412226578e+00    2.1908401420e+00    4.0503927464e+00
    4.2296174213e+00    3.1500980497e+00    4.0753667118e+00
    5.1031478629e+00    3.1815735868e+00    4.5716302371e+00
    5.2181251329e+00    2.7521562602e+00    3.6698303429e+00
    5.5861295855e+00    2.8428861017e+00    2.7537748269e+00
    6.2952504304e+00    2.2723809810e+00    3.1963930333e+00
    7.2208266249e+00    1.9380363660e+00    3.1901933233e+00

molecule  9
    1.5173138248e+00    1.5616563651e-01    9.6852808182e+00
    1.7016389127e+00    1.0862648442e+00    9.2687767488e+00
    2.0107050269e+00    1.6482595396e+00    8.5302493556e+00
    2.3199033271e+00    9.8137873724e-01    7.9529202696e+00
    1.7878320412e+00    1.2980303193e+00    7.1636827313e+00
    2.3008399705e+00    1.1229174902e+00    6.3703492371e+00
    2.7380059884e+00    2.0222010247e-01    6.2231675128e+00
    2.2001873360e+00    9.8221123231e+00    6.2298615446e+00

molecule  10
    1.0305005153e+01    1.7129711621e-01    4.8549569017e+00
    9.5366022127e+00    1.0110697780e+01    5.1110564873e+00
    9.9052118307e+00    2.0583812470e-01    5.8182268299e+00
    2.9655088414e-01    6.5468245316e-01    5.9554174851e+00
    5.2960008417e-01    1.1714452255e+00    5.1172458547e+00
    4.2122248475e-01    2.1334887233e+00    4.7535640893e+00
    1.2309309525e+00    2.4803086441e+00    5.3052516068e+00
    6.1151745101e-01    3.2761557000e+00    5.1454940838e+00

molecule  11
    2.1976615417e+00    4.4027089365e+00    8.3058098842e+00
    2.4003313971e+00    3.8831161560e+00    7.4595972237e+00
    1.6873756858e+00    3.2586670324e+00    7.8541792336e+00
    2.2695432363e+00    2.6546902690e+00    7.3759825453e+00
    2.7098679274e+00    1.9485422788e+00    6.7928338620e+00
    3.5787725470e+00    1.5301503802e+00    6.4766790926e+00
    3.7354701390e+00    5.7388912263e-01    6.3182255392e+00
    4.1197386593e+00    7.2419706708e-01    7.2134660370e+00

molecule  12
    2.9989962506e+00    7.6841272833e-01    2.4636212311e+00
    2.1735621269e+00    4.3155282166e-01    2.9033398739e+00
    1.5376549980e+00    3.2486612313e-01    3.6706172041e+00
    1.2579327108e+00    1.2729015364e+00    3.4471160872e+00
    2.0948847041e+00    1.5293531953e+00    3.9541582782e+00
    1.5163456895e+00    1.0874541522e+00    4.6499894726e+00
    1.5569185440e+00    1.1688906188e+00    5.6404381867e+00
    1.6646333337e+00    1.9578586966e+00    6.2546398953e+00

molecule  13
    8.5137521364e+00    2.0624059404e+00    8.4117410094e+00
    8.7224241314e+00    2.9825674269e+00    8.3029654569e+00
    8.3059091992e+00    2.8226265213e+00    7.4008938814e+00
    8.2947922733e+00    3.2043707085e+00    6.4630448872e+00
    8.1166297768e+00    4.1806367648e+00    6.4148675298e+00
    8.1482074546e+00    4.2984992479e+00    5.4389590583e+00
    8.9903094186e+00    3.9247346354e+00    5.7810273057e+00
    9.4589749555e+00    3.7862633322e+00    4.8979038434e+00

molecule  14
    4.5176029650e+00    4.7915121702e+00    5.9565428135e+00
    4.8379980336e+00    5.6088765819e+00    6.4937928292e+00
    3.8877410427e+00    5.8320473499e+00    6.7207009070e+00
    3.8309915544e+00    5.9318266946e+00    5.7259402726e+00
    3.4591615258e+00    6.5216765747e+00    5.0319825881e+00
    2.6236660005e+00    7.0999318279e+00    5.1939315184e+00
    2.5781131455e+00    6.8325337055e+00    6.1228779673e+00
    2.9121625749e+00    7.5855288142e+00    6.7047595073e+00

molecule  15
    5.5450072507e+00    2.0893171915e+00    6.7781095221e+00
    5.6584564212e+00    2.9681823901e+00    6.3456547278e+00
    5.1690665849e+00    3.0519594363e+00    7.2180733333e+00
    5.8806985858e+00    2.6086579163e+00    7.7988970658e+00
    6.8595065955e+00    2.5930177913e+00    7.7761923600e+00
    7.6728727483e+00    2.8009107478e+00    8.3859098509e+00
    6.7524332341e+00    3.2032789754e+00    8.5817944689e+00
    6.9733514314e+00    2.7940003410e+00    9.5012427293e+00

molecule  16
    3.1144391556e+00    9.6474178911e+00    3.4229823001e+00
    3.7114007015e+00    1.0325659442e+01    3.7637221167e+00
    3.2260791174e+00    7.0838268628e-01    3.4931907417e+00
    2.8458663795e+00    3.6483016278e-01    4.3215161079e+00
    2.4908526825e+00    8.4671165842e-01    5.1487805209e+00
    2.3101119437e+00    1.0351928749e+01    5.3156700999e+00
    2.2020419947e+00    9.6115563598e+00    4.6856612653e+00
    2.2486563364e+00    9.9573863170e+00    3.7598037306e+00

molecule  17
    7.3873966904e+00    6.8238322628e+00    6.1027528544e+00
    7.3849763873e+00    5.8130118175e+00    6.2907187851e+00
    8.2758182955e+00    5.6780742612e+00    6.6874167696e+00
    8.4576882959e+00    6.4692967432e+00    6.1457027489e+00
    9.4054479446e+00    6.6419148270e+00    6.3078481878e+00
    9.5759997254e+00    5.7905614518e+00    6.7600557401e+00
    9.6584908591e+00    4.9061286267e+00    7.2680457568e+00
    9.0852422274e+00    4.1491022630e+00    6.9682222541e+00

molecule  18
    9.9039985156e+00    2.0813904859e+00    9.5245956284e+00
    9.3433198770e+00    2.7991000837e+00    9.0828555614e+00
    9.0045435609e+00    3.7363916597e+00    9.2793398659e+00
    8.2441876893e+00    3.0832245096e+00    9.2815325333e+00
    7.4446642516e+00    3.7053860481e+00    9.1672654887e+00
    8.1985830165e+00    4.4052867166e+00    9.0147136057e+00
    8.4119348219e+00    4.3569545716e+00    9.9830777443e+00
    7.4329337634e+00    4.5337557578e+00    9.8391584770e+00

molecule  19
    6.5588798688e+00    9.7171673714e+00    3.6720021752e+00
    7.5322477661e+00    9.7958444903e+00    3.7506774424e+00
    7.4997572397e+00    9.1932469737e+00    2.9676190280e+00
    8.2168259491e+00    9.0392688158e+00    3.6564096397e+00
    9.2185618937e+00    8.9868499174e+00    3.7769566398e+00
    1.0089108084e+01    9.1301705306e+00    3.3161252028e+00
    1.0152692759e+01    8.4248514307e+00    2.6190960236e+00
    4.6836306371e-02    9.3475453753e+00    2.4238763147e+00

molecule  20
    1.9788148461e+00    6.7604703072e+00    2.3425638131e+00
    2.5654499195e+00    7.5054634589e+00    2.2164198292e+00
    2.9533786635e+00    6.7242674670e+00    2.7320258902e+00
    2.6526853096e+00    6.0557603144e+00    2.0925029776e+00
    2.3372464322e+00    5.7051988187e+00    3.0333346066e+00
    1.5606476042e+00    5.2088345083e+00    2.7163328630e+00
    6.3953530477e-01    5.6187241038e+00    2.7655092793e+00
    1.3485081956e+00    6.1622465816e+00    3.0621242505e+00

molecule  21
    7.5705280466e+00    1.8141422557e+00    7.2750764402e+00
    7.6109330293e+00    8.9026515837e-01    6.8432848800e+00
    8.2204581356e+00    1.0169732991e+00    7.6177673667e+00
    8.0805988220e+00    6.2871906148e-01    8.4978303931e+00
    7.9519479454e+00    2.9389884529e-01    9.4155653606e+00
    8.6818190598e+00    1.0392817293e+01    9.9932233561e+00
    8.2797811128e+00    9.6911980626e+00    7.6754274949e-02
    7.3289907929e+00    9.7945207598e+00    5.3456186408e-02

molecule  22
    6.2299420844e+00    1.0599717875e+00    9.5495940336e+00
    5.4193522438e+00    1.5392148207e+00    9.9203052196e+00
    5.1561261296e+00    6.5001680954e-01    9.5262664697e+00
    5.8806481310e+00    2.3862610018e-01    8.9828060003e+00
    5.3532828930e+00    1.0078671003e+00    8.6139003861e+00
    5.2120360069e+00    1.9480925464e+00    8.8846872962e+00
    4.2441750655e+00    2.2113054109e+00    8.6408996784e+00
    4.8735399145e+00    2.9101230638e+00    8.3085772517e+00

molecule  23
    7.8643212241e+00    9.4972724803e+00    1.0651993417e+00
    8.5930882561e+00    1.0152467797e+01    1.1723050697e+00
    9.3186134905e+00    2.8812551493e-01    1.3885871279e+00
    8.7259383350e+00    1.0918480022e+00    1.1860253213e+00
    7.7959710946e+00    1.3989800742e+00    1.0421020127e+00
    7.7039945891e+00    2.3546139357e+00    1.2887733872e+00
    7.3213154770e+00    2.6354354593e+00    4.0762895690e-01
    6.3572253792e+00    2.4284798267e+00    6.1767217113e-01

molecule  24
    5.8146282737e+00    3.8637458453e+00    5.3791236501e-01
    6.8157819873e+00    3.9868183367e+00    5.5716810247e-01
    6.5427550348e+00    3.5327676172e+00    1.0151084472e+01
    7.4950932777e+00    3.6104616491e+00    1.0373458466e+01
    8.3698055773e+00    3.0532304395e+00    3.5120207406e-02
    8.2268761270e+00    2.1141278394e+00    6.2142709998e-02
    8.8575232368e+00    1.4155907479e+00    2.1319553637e-01
    8.2926210775e+00    1.2162171815e+00    9.9039036940e+00

molecule  25
    8.1979104333e+00    8.3549699184e+00    2.7524242966e+00
    7.3588588881e+00    8.0127118315e+00    3.2089478776e+00
    6.5484487325e+00    7.8465649808e+00    2.6832691650e+00
    5.6306316954e+00    7.4556122031e+00    2.9262194404e+00
    4.7849272748e+00    6.9409252725e+00    2.7061128203e+00
    4.6280675684e+00    7.9074423298e+00    2.9487614903e+00
    4.1139467369e+00    7.5547442907e+00    2.1449253615e+00
    3.4345705242e+00    8.2280730586e+00    1.8190546636e+00

molecule  26
    8.4050102872e+00    9.3989286404e+00    7.2286431129e+00
    8.1825403493e+00    8.4493192345e+00    7.4463286355e+00
    7.5115457937e+00    7.8224762531e+00    7.8661434843e+00
    6.7777781554e+00    7.4628154340e+00    7.2506561568e+00
    6.0870604873e+00    8.1855041894e+00    7.0672142648e+00
    6.3467546876e+00    7.9690723808e+00    7.9960196053e+00
    6.9028593471e+00    7.7758086722e+00    8.8106956214e+00
    7.6015412675e+00    8.4529093063e+00    8.7077068695e+00

molecule  27
    6.0686518371e+00    9.4641216513e+00    9.2507426236e+00
    5.2415713748e+00    9.3840867508e+00    9.8003429277e+00
    4.8053683552e+00    9.2504951087e+00    2.1135379626e-01
    4.0490355144e+00    9.2781857028e+00    9.9608111995e+00
    3.3089854914e+00    9.5069204487e+00    8.6839815101e-02
    2.7928994671e+00    9.0508301625e+00    8.3233192583e-01
    3.6540878197e+00    9.4174178012e+00    1.2489470937e+00
    4.4167367473e+00    9.9546977174e+00    9.1686401488e-01

molecule  28
    2.0671214741e+00    8.0789549695e+00    7.6078945139e+00
    1.2998389604e+00    7.5732259323e+00    7.9629756567e+00
    2.1173416011e+00    6.9726179079e+00    7.9139993344e+00
    2.1440557837e+00    5.9987788306e+00    8.1118410157e+00
    1.4738220626e+00    6.3094942030e+00    7.5203118838e+00
    1.9264692692e+00    5.8611813576e+00    6.8003799016e+00
    1.5101401158e+00    6.7474707831e+00    6.5371464270e+00
    1.5175915006e+00    6.9473811183e+00    5.5573110752e+00

molecule  29
    2.1745001751e+00    6.9366062688e+00    3.4802964004e+00
    1.5441860223e+00    7.6786243809e+00    3.6475968597e+00
    1.2167208690e+00    6.7987949510e+00    3.9246921787e+00
    7.5736980692e-01    6.2721128111e+00    4.6355032566e+00
    1.4245013306e+00    5.7320502343e+00    4.1410629763e+00
    6.4047737376e-01    5.1545786888e+00    3.9495826753e+00
    1.0314844832e+01    4.7127903120e+00    3.4938485428e+00
    1.0224285827e+01    5.7357758698e+00    3.3966733398e+00

molecule  30
    2.0059785947e+00    1.9113463815e+00    5.1619861737e-01
    2.5445343279e+00    2.7206931211e+00    3.5647331372e-01
    1.7176984353e+00    3.2797112888e+00    3.5954085318e-01
    7.4628735075e-01    3.4967469976e+00    6.1575119341e-01
    1.0256816633e+01    3.7227998969e+00    9.3631427029e-01
    1.0279113739e+01    2.6911808675e+00    8.5366876539e-01
    1.0276456562e+01    2.8815364488e+00    1.0290859789e+01
    9.3097940921e+00    2.6408100705e+00    1.0341139983e+01

molecule  31
    6.1872706350e+00    6.5088697902e+00    1.5739761127e-01
    5.6509805714e+00    6.3155413043e+00    9.7713821409e+00
    5.8906967923e+00    5.4356091217e+00    9.4119613336e+00
    6.7710259498e+00    5.2579874619e+00    9.7948194310e+00
    7.6509186125e+00    5.5695583567e+00    9.5087181921e+00
    7.1595134904e+00    5.1156089220e+00    8.7433885849e+00
    6.6374245603e+00    4.3410028719e+00    9.1536699048e+00
    6.2690209051e+00    4.1521443923e+00    8.2671652112e+00

molecule  32
    2.5324445904e-01    7.5154497020e-01    1.2055278405e+00
    1.2596225927e+00    1.0686816153e+00    1.3231633705e+00
    1.0486354724e+00    1.7533777771e+00    6.1925357566e-01
    9.6622107969e-01    9.3229611899e-01    2.7406304696e-02
    3.7974458758e-02    6.4548202142e-01    1.0212216811e+01
    9.7463150333e+00    8.4811795378e-01    4.3507629086e-01
    9.4103174981e+00    6.4504313334e-01    9.9619375734e+00
    9.1428344676e+00    1.1785872778e+00    9.1240068406e+00

molecule  33
    3.3389002117e+00    1.9334291564e+00    1.0256653871e+00
    3.4950081279e+00    2.2275756447e+00    1.9408660283e+00
    2.9285981644e+00    1.9091730652e+00    2.6911466908e+00
    3.5020086237e+00    2.6641723434e+00    2.9967620374e+00
    4.5136229892e+00    2.6350367983e+00    2.9666827113e+00
    4.6224141050e+00    1.9584572247e+00    2.2563633412e+00
    4.1219940680e+00    1.6779576219e+00    3.0566135406e+00
    4.5508690974e+00    8.0432672640e-01    3.0672605809e+00

molecule  34
    4.2155843077e+00    2.2383230043e+00    7.3903592033e-01
    4.2305478876e+00    2.7842718227e+00    1.5444966424e+00
    3.4233115315e+00    3.2666335750e+00    1.1490840667e+00
    2.4532747184e+00    3.5448871993e+00    1.2451742257e+00
    2.6086886688e+00    2.5793378596e+00    1.4305635564e+00
    1.8312929602e+00    2.8927962376e+00    1.9586876081e+00
    1.6203207673e+00    2.1135326399e+00    2.5794898911e+00
    1.7751573786e+00    1.1986972394e+00    2.2038046084e+00

molecule  35
    7.8694376550e+00    4.1657952968e+00    8.5797270983e-01
    8.0226534240e+00    3.6105505455e+00    1.6738462393e+00
    8.8082622750e+00    3.1980878656e+00    2.1503854988e+00
    9.7257453443e+00    3.0335205294e+00    1.7881233823e+00
    9.6922617197e+00    3.9914247705e+00    2.1001530608e+00
    9.4150255286e+00    4.6354298800e+00    2.7529292482e+00
    8.8497461577e+00    3.9452019166e+00    3.1040021685e+00
    8.0181648805e+00    4.1289289066e+00    2.5214364480e+00

molecule  36
    9.1575730303e+00    3.7508830870e+00    1.0403435796e+01
    9.1691113709e+00    3.5396123066e+00    9.0668536648e-01
    8.7064019099e+00    2.6204047109e+00    1.0357243287e+00
    9.5294336031e+00    2.1180092835e+00    1.2296302282e+00
    9.0416988506e+00    1.6526849380e+00    1.9373675125e+00
    9.3856616831e+00    1.9786196107e+00    2.8457853512e+00
    1.0182282260e+01    2.5672660979e+00    2.6123619872e+00
    1.0345402711e+01    2.0419629447e+00    3.4462240358e+00

molecule  37
    9.4180014153e+00    6.1397628584e+00    2.5316233263e+00
    8.7407910322e+00    6.4898847534e+00    3.1403647325e+00
    7.9641083139e+00    5.8531158978e+00    3.0918509751e+00
    8.0800837757e+00    5.7616381551e+00    4.0961260115e+00
    7.7483177344e+00    4.8348316945e+00    3.9879915288e+00
    8.7432583466e+00    4.7250387461e+00    4.0064710379e+00
    8.9505213242e+00    5.0932839546e+00    4.9093539117e+00
    8.9464426708e+00    6.0958669771e+00    5.0331924241e+00

molecule  38
    5.6349550749e+00    4.5607875443e+00    5.5018477641e+00
    5.4441852930e+00    5.2175658193e+00    4.8028690661e+00
    4.7102187430e+00    5.5918960571e+00    5.3099797648e+00
    4.0101563293e+00    5.6669183338e+00    4.6125190544e+00
    4.3312397585e+00    6.0959736503e+00    3.7869923065e+00
    3.3351575039e+00    5.8767695529e+00    3.7351931508e+00
    3.1696440027e+00    6.8762664426e+00    3.7658729740e+00
    3.5678210144e+00    7.7959040553e+00    3.6189308209e+00

molecule  39
    1.6247165149e+00    1.9184010031e+00    9.9513460518e+00
    6.7045512189e-01    2.1117785861e+00    1.0124726044e+01
    1.1234105929e+00    2.8562655068e+00    9.6632893100e+00
    1.5963882854e+00    3.5070295810e+00    9.0866422271e+00
    2.1240651376e+00    2.9203849851e+00    9.6264294585e+00
    2.5984154958e+00    3.7393048035e+00    9.3367508172e+00
    3.5770381407e+00    3.8410230130e+00    9.0081700494e+00
    3.6218024726e+00    4.8446884520e+00    9.0997398764e+00

molecule  40
    6.5969561482e+00    9.4186183974e+00    4.7304405726e+00
    6.9454006906e+00    8.7041063997e+00    4.0679138932e+00
    6.1430735335e+00    8.1713852441e+00    3.8140915132e+00
    6.5536066530e+00    7.3070244289e+00    4.0296366812e+00
    5.9140929365e+00    6.5971462002e+00    3.6891494098e+00
    5.0515975326e+00    6.9797912954e+00    4.0386402600e+00
    4.2519541188e+00    6.8139467332e+00    4.5927935497e+00
    4.7278913315e+00    7.6986623176e+00    4.8575465164e+00

molecule  41
    5.4449928502e+00    2.5579077926e+00    5.3253725191e+00
    6.2662974362e+00    3.0634546533e+00    5.0239102665e+00
    7.1317108478e+00    3.3456263742e+00    5.4292244707e+00
    7.0157550934e+00    3.9673730756e+00    4.6263065101e+00
    7.1558259045e+00    4.9240165962e+00    4.9100031287e+00
    7.5041132803e+00    5.8540220640e+00    5.0713797425e+00
    6.9292053536e+00    6.3340619088e+00    4.3799986717e+00
    7.7936589634e+00    6.6644044616e+00    4.0926107178e+00

molecule  42
    7.0497073234e+00    6.8148737446e+00    1.7954316563e+00
    6.3655254427e+00    6.1492533957e+00    1.5809430251e+00
    5.7717758926e+00    6.5236952195e+00    2.2021404960e+00
    6.5024349732e+00    6.7942663007e+00    2.8195685273e+00
    6.5637550959e+00    5.8025994514e+00    2.6167441093e+00
    6.7850580842e+00    5.0177049522e+00    2.0078286736e+00
    6.6949315916e+00    5.2332728451e+00    9.9628931271e-01
    7.1894841542e+00    5.5881966505e+00    2.2785786294e-01

molecule  43
    1.7174029343e-01    5.1148921896e+00    1.6711149128e+00
    9.7184051698e+00    5.4171913294e+00    1.8557501647e+00
    9.3293972695e+00    4.7017775952e+00    1.2784261629e+00
    1.0033316569e+01    4.6221924989e+00    6.6254335159e-01
    3.5913339217e-01    4.4802022098e+00    5.4069037725e-02
    8.6407430443e-01    4.9395418596e+00    8.0197442545e-01
    1.3486540591e+00    5.0152707270e+00    1.6808796096e+00
    1.3276151745e+00    6.0033632757e+00    1.8990341858e+00

molecule  44
    9.6065413934e+00    2.9977203282e+00    5.7470626936e+00
    8.9087874137e+00    2.8961444649e+00    5.0571441963e+00
    8.2855412524e+00    3.5296815807e+00    4.5956865561e+00
    8.0424047537e+00    2.6314148066e+00    4.2180071957e+00
    7.9697099442e+00    3.3269195956e+00    3.5314355162e+00
    8.1531271938e+00    2.4472941384e+00    3.0754230948e+00
    8.1300993041e+00    1.4520914297e+00    3.0626926587e+00
    8.8070294837e+00    1.2387499453e+00    3.7616726089e+00

molecule  45
    9.6026549555e+00    8.5492154563e+00    9.7971568261e+00
    9.2875032368e+00    8.8156367921e+00    2.1687164046e-01
    9.9236950154e+00    9.4061799214e+00    1.0213767333e+01
    1.0141404411e+01    9.9934153514e+00    9.4304367653e+00
    9.5795780307e+00    9.3031146982e+00    8.9407032768e+00
    9.4506938574e+00    9.0368342798e+00    7.9643731906e+00
    8.6677080258e+00    8.8956252752e+00    8.5442600632e+00
    8.7501050494e+00    8.1379777428e+00    9.1991144298e+00

molecule  46
    3.7440170329e+00    6.8509285319e+00    6.9719375488e+00
    4.6151251324e+00    6.8499548740e+00    6.4764021518e+00
    4.1946738684e+00    7.0127930646e+00    5.5678843819e+00
    5.1614973426e+00    6.7055281335e+00    5.5144532831e+00
    5.7626817453e+00    6.2185403049e+00    4.8575617511e+00
    5.7932605853e+00    5.7827486608e+00    5.7336988285e+00
    6.3877767135e+00    5.1480258753e+00    6.1573678535e+00
    6.9259147190e+00    4.7191466946e+00    6.8523877577e+00

molecule  47
    9.2381293401e+00    5.8269696566e+00    3.8232766834e+00
    9.8813403359e+00    5.3607046646e+00    4.4617579167e+00
    1.0114676820e+01    6.3012799870e+00    4.4117868844e+00
    1.0305981422e+01    5.8742106623e+00    5.3111224700e+00
    2.8282100405e-01    5.0660895668e+00    4.9763704773e+00
    3.0355209611e-01    4.2642871523e+00    5.5578397040e+00
    1.2283038457e-01    5.0252712518e+00    6.2047433439e+00
    9.6853024463e+00    4.9204188342e+00    5.7785441095e+00

molecule  48
    3.3920568897e+00    9.2345607425e+00    2.3165769960e+00
    4.2916665451e+00    9.0690940362e+00    2.6763723773e+00
    3.9960912896e+00    9.2261651263e+00    3.6271197259e+00
    4.4429914551e+00    8.4799678465e+00    4.2167903369e+00
    3.8658934667e+00    8.2860258882e+00    4.9962162154e+00
    3.1541531846e+00    8.8934659187e+00    4.5905181026e+00
    2.8522633120e+00    7.9567064138e+00    4.4807587887e+00
    1.9775730258e+00    7.4548005828e+00    4.5558408655e+00

molecule  49
    2.5348007004e+00    9.6815832418e-01    7.7877566534e-01
    2.5697352028e+00    1.0423775261e+01    6.1679233146e-01
    1.9118837578e+00    1.4139475355e-01    1.3178258256e+00
    2.5374917607e+00    1.0254268218e+01    2.0259370983e+00
    3.4284803735e+00    1.0442339496e+01    1.7256926762e+00
    3.6183267056e+00    3.0721530701e-01    8.2985808717e-01
    3.4819415061e+00    1.0460621853e+00    1.4792022672e+00
    4.4738484876e+00    9.5560539239e-01    1.5035527863e+00

molecule  50
    6.6947498998e+00    7.1477706284e+00    5.0020808450e+00
    5.8977930995e+00    7.7093083219e+00    5.0850104514e+00
    5.5337336365e+00    8.5240354472e+00    4.5878262012e+00
    5.4331093313e+00    9.2819022422e+00    3.9285958969e+00
    4.8287197968e+00    1.0046739369e+01    3.8105537284e+00
    5.4793809882e+00    3.3280451395e-01    3.8639468595e+00
    6.3682175343e+00    3.5876117094e-01    4.3080039758e+00
    6.9683938589e+00    1.0302902401e+01    4.9408279351e+00

molecule  51
    2.1803685794e+00    6.3615823493e+00    4.7460785540e+00
    2.6006533805e+00    5.8259714731e+00    5.4820088925e+00
    2.7412724770e+00    5.0964830773e+00    6.1140990204e+00
    3.3906485430e+00    4.5258020327e+00    5.5820821216e+00
    3.9466111793e+00    3.8015825457e+00    5.1781266146e+00
    4.9138946991e+00    3.6930195295e+00    5.4696501360e+00
    4.4327695386e+00    3.0304400599e+00    6.0553070532e+00
    4.7279123577e+00    2.0925619455e+00    5.8305156904e+00

molecule  52
    8.5525671777e+00    7.6067901267e+00    3.9098757653e+00
    8.0329059102e+00    7.1524484503e+00    3.1704512141e+00
    7.6058754468e+00    7.4553858607e+00    2.2508311664e+00
    7.5620907894e+00    8.4084021480e+00    1.8867557744e+00
    6.9748547795e+00    9.2389022544e+00    1.8092031379e+00
    7.6984160780e+00    9.9198336079e+00    2.0397407016e+00
    7.5876659307e+00    1.5760450182e-01    1.3577202242e+00
    7.9634541090e+00    3.6647157683e-01    4.9608158347e-01

molecule  53
    6.7560203722e-01    7.9684047756e+00    7.2226575817e+00
    2.8707226640e-01    8.5176148331e+00    6.4983268288e+00
    1.0140736447e+01    8.1801327026e+00    7.1966603777e+00
    2.3525997276e-01    8.8854030136e+00    7.6426815178e+00
    1.0108080500e+01    8.3686894112e+00    8.2451706122e+00
    8.5270326308e-02    8.6646535807e+00    9.0915330461e+00
    6.6713438466e-01    8.0772071882e+00    9.6748767801e+00
    4.3539911809e-01    7.3207357364e+00    1.0259945065e+01

molecule  54
    3.2914790635e+00    8.6818127174e+00    8.4770323337e+00
    4.0632484751e+00    8.3625179832e+00    9.0223599652e+00
    4.9071612336e+00    8.3635721893e+00    9.5558213802e+00
    5.8890172458e+00    8.2061950729e+00    9.3798180914e+00
    5.2607980612e+00    7.9186480003e+00    8.6514656414e+00
    5.4349740281e+00    7.2465445673e+00    9.3571424067e+00
    4.7931309311e+00    6.5711624120e+00    8.9932249021e+00
    4.1399337230e+00    7.3579710919e+00    8.8786877917e+00

molecule  55
    5.2852941867e+00    7.6272956586e+00    6.0140858445e+00
    5.7291682929e+00    6.8660204199e+00    6.4584210558e+00
    6.4010116269e+00    6.5986175756e+00    5.8237319678e+00
    6.5472059229e+00    6.1333796945e+00    6.7180315142e+00
    6.2237261354e+00    5.4838820654e+00    7.3543701179e+00
    5.7118677795e+00    4.6079525518e+00    7.4761322428e+00
    5.8567066112e+00    4.3426908381e+00    6.5544323452e+00
    6.3991074932e+00    3.7869131543e+00    7.1858213800e+00

molecule  56
    3.3734114880e+00    7.4519214883e+00    9.9901384697e+00
    2.6471993420e+00    7.5411980891e+00    1.9985643133e-01
    1.8608980813e+00    7.7288422179e+00    1.0022232724e+01
    1.6461241061e+00    8.4646355578e+00    9.3827086490e+00
    2.3884625972e+00    8.2898962099e+00    8.7906770200e+00
    1.7897696949e+00    7.5419684144e+00    9.0046697672e+00
    1.9077115854e+00    6.7231779210e+00    9.5531691641e+00
    1.6674122545e+00    6.6357270871e+00    5.3412051094e-02

molecule  57
    1.0382182906e+01    6.4044730181e+00    9.9226629165e+00
    5.1480112682e-01    6.3726740123e+00    9.1197195532e+00
    3.1279752107e-01    5.7350880767e+00    8.4099084295e+00
    2.7849029651e-01    6.6936636777e+00    8.2408782105e+00
    1.3691864881e-01    7.5827645164e+00    8.7197882932e+00
    9.8032826121e+00    7.6525758752e+00    9.3052485433e+00
    9.2066424016e+00    7.6917131575e+00    8.4902592377e+00
    9.8275947797e+00    7.0848770455e+00    8.0159963324e+00

molecule  58
    5.1663423129e+00    5.8599475171e+00    2.9422784594e+00
    4.7786464950e+00    5.2406838866e+00    2.2337274268e+00
    5.7169449075e+00    4.9579771538e+00    2.5111168048e+00
    5.4064164231e+00    4.6942136113e+00    1.5812448815e+00
    4.7635443220e+00    4.0305125276e+00    1.2751319520e+00
    3.9170385888e+00    3.8526485220e+00    1.7342774299e+00
    4.2762873048e+00    4.3414667490e+00    2.5241444197e+00
    5.1650645466e+00    3.8935693340e+00    2.8490107328e+00

molecule  59
    2.9219626012e+00    9.2434620645e+00    9.4334645417e+00
    3.6682309307e+00    9.6867019303e+00    8.9759697778e+00
    2.7938924301e+00    9.7344294240e+00    8.5809813460e+00
    1.8165676187e+00    9.4665138246e+00    8.4696843910e+00
    2.3189001622e+00    9.1190065422e+00    7.7201936518e+00
    1.7133423782e+00    9.2191350661e+00    6.9058543646e+00
    2.1940774761e+00    1.0012580778e+01    7.2671052171e+00
    3.1265394651e+00    1.0379316554e+01    7.2800061808e+00

molecule  60
    4.3691410739e+00    7.1901188445e+00    9.9533209170e+00
    5.2140026083e+00    7.3040626597e+00    1.0431893623e+01
    5.9061576576e+00    7.5744495749e+00    6.7021683129e-01
    6.5804213516e+00    8.2117846542e+00    1.0464063345e+00
    7.5552284461e+00    8.4517693182e+00    9.1448044074e-01
    7.8787284358e+00    7.5416476234e+00    8.1868528139e-01
    7.6928198889e+00    6.5699180694e+00    8.7698670066e-01
    8.1088635157e+00    6.8654308610e+00    2.4219362905e-02

molecule  61
    9.8130243783e+00    8.9300989814e-01    2.1350160609e+00
    1.0165405322e+01    1.7510768306e+00    1.8621281262e+00
    4.0694697685e-01    1.6481291173e+00    2.5884647679e+00
    9.2129414762e-01    1.8693522244e+00    1.7777057033e+00
    9.6810676993e-01    2.7150850887e+00    1.2221045524e+00
    4.8453416364e-01    3.4674547275e+00    1.6116552193e+00
    7.3088790415e-01    2.7279096580e+00    2.2959097710e+00
    9.7945301039e-01    2.4365399435e+00    3.2273129342e+00

molecule  62
    9.9935129684e+00    3.3060770342e+00    3.7588815138e+00
    1.0148518909e+01    2.9587244954e+00    4.7085404455e+00
    4.1621338827e-01    3.0169251790e+00    4.0409056833e+00
    4.4978178387e-01    4.0359608314e+00    4.1725010855e+00
    8.0521571259e-01    3.7725450271e+00    3.2980553007e+00
    1.0280100605e-01    3.8291268702e+00    2.5810989207e+00
    1.0999524591e+00    3.7782851795e+00    2.3323234178e+00
    1.4456444863e+00    3.6978057092e+00    1.4141020188e+00

molecule  63
    9.6217682034e+00    6.3230533186e+00    8.7954719164e+00
    8.6777069056e+00    6.3967449996e+00    8.9490255487e+00
    8.9761620219e+00    6.6958419612e+00    9.8866339866e+00
    8.9419159664e+00    7.6811819001e+00    1.0186722154e+01
    9.6174987199e+00    7.6048949444e+00    4.4586382856e-01
    9.7512888696e+00    7.0925755778e+00    1.2602325239e+00
    8.8085808897e+00    7.1647279774e+00    1.5499569907e+00
    9.0121573365e+00    6.2493313494e+00    1.1977717191e+00

molecule  64
    5.8560346142e+00    1.0372867208e+01    6.6636330594e+00
    6.5881859914e+00    1.9466770664e-01    6.0326374325e+00
    6.2539670270e+00    8.8977501811e-01    5.4223561082e+00
    5.5658998781e+00    1.1768518757e+00    4.7388392739e+00
    6.2219162677e+00    1.9277666318e+00    4.8610230991e+00
    6.7534550780e+00    1.5072801148e+00    4.0679579576e+00
    6.1174620356e+00    1.0629892287e+00    3.4789044272e+00
    5.3652198018e+00    1.6024443509e+00    3.8320962179e+00

molecule  65
    1.6948420566e+00    8.1223098105e+00    2.4458977610e+00
    8.8233316365e-01    8.6917158351e+00    2.4679094693e+00
    1.4325390107e+00    9.4821655028e+00    2.2454696697e+00
    1.7177891246e+00    9.1431498896e+00    1.3238402288e+00
    1.3288775750e+00    8.2645269933e+00    1.2205090814e+00
    1.9138483543e+00    8.4888306337e+00    4.1032199453e-01
    2.4112279026e+00    8.2001825146e+00    1.1899652860e+00
    2.3972791739e+00    8.6703372260e+00    2.1340464076e+00

molecule  66
    4.8514144412e+00    4.6269177152e-01    5.2112800764e+00
    5.0984187690e+00    4.7038800853e-01    6.1984189367e+00
    4.6271266246e+00    1.0070486190e+01    6.2419615094e+00
    4.5956203285e+00    9.9427057438e+00    7.2678212981e+00
    4.8437890101e+00    9.5800170441e+00    8.1586886625e+00
    4.5059079091e+00    9.4355893550e-02    8.2698467277e+00
    4.8001598132e+00    1.0027005659e+01    9.0469488151e+00
    4.6405645331e+00    1.0255387239e+01    9.9668473641e+00

molecule  67
    8.3392167087e-01    3.8839739824e+00    9.7662994134e+00
    1.7431453147e+00    4.2590869653e+00    9.8919642587e+00
    2.3876306295e+00    5.0253463252e+00    1.0017176530e+01
    1.4288870363e+00    5.3244611884e+00    9.9655446909e+00
    6.1100476853e-01    5.6538384417e+00    1.0425042922e+01
    1.1074691922e+00    6.0010759498e+00    7.6499086404e-01
    2.1321587188e+00    6.1666193750e+00    8.4259017938e-01
    2.4103672332e+00    6.9993146129e+00    1.2797524480e+00

molecule  68
    9.2784846985e+00    8.2645572145e+00    4.9157903638e+00
    9.9773391556e+00    7.6853199334e+00    4.4921290919e+00
    9.2116273336e+00    7.1158395061e+00    4.7626374856e+00
    1.0033541230e+01    6.9793799372e+00    5.3068581502e+00
    4.0642434831e-01    7.3820944467e+00    5.5282451274e+00
    6.0335723917e-01    7.5897359278e+00    4.5795932139e+00
    8.3367963532e-01    8.4578147307e+00    4.9688906904e+00
    1.0814144258e+00    8.1664817645e+00    5.9070697967e+00

molecule  69
    1.0322416715e+01    3.5700889409e+00    9.3350386719e+00
    3.3472970847e-01    2.8056166284e+00    8.8842073225e+00
    1.0156070493e+01    2.9001052779e+00    8.1191161094e+00
    9.5019779593e+00    3.4644859381e+00    7.6258116227e+00
    8.7781287028e+00    3.9595419720e+00    8.0875190490e+00
    7.7742003736e+00    4.0496804221e+00    8.1589697213e+00
    7.5239541744e+00    3.7403205027e+00    7.2172988625e+00
    6.9687745342e+00    3.1183762780e+00    6.7012349144e+00

molecule  70
    1.0066169839e+01    9.8768581879e+00    8.1556135508e+00
    9.4785991927e+00    1.0436666698e+01    8.6853097204e+00
    8.7040343006e+00    3.1441809411e-02    8.0223740124e+00
    9.5508225781e+00    1.9241857964e-01    7.5571065198e+00
    8.7946423767e+00    1.0428891906e+01    6.9952092969e+00
    7.9342330471e+00    1.0171490841e+01    6.4777335658e+00
    8.4893772657e+00    9.7010255145e+00    5.8002687371e+00
    7.5137290574e+00    9.5105635868e+00    5.7445821942e+00

molecule  71
    1.3212406305e+00    8.8128713756e+00    7.8876785409e+00
    1.1611761527e+00    9.7524312029e+00    7.5161833703e+00
    2.9650410913e-01    1.0114998883e+01    7.2058592169e+00
    1.0118372188e+01    9.7831236444e+00    6.5156182186e+00
    9.5582874409e+00    9.0700642972e+00    6.1050633633e+00
    9.0679984266e+00    8.4223489837e+00    6.6659039583e+00
    9.3310112186e+00    7.6485140950e+00    7.1797769749e+00
    8.6707061221e+00    7.5026966429e+00    6.4519896022e+00

molecule  72
    6.6569534839e+00    1.0422441380e+01    9.9799763349e+00
    7.1752888281e+00    9.8807416069e+00    9.3171628478e+00
    7.0337558009e+00    2.0858897626e-01    8.6933339018e+00
    6.4192594612e+00    9.5046968463e-01    8.5135042697e+00
    6.8516335835e+00    7.9431611522e-01    7.6221469156e+00
    6.2172966940e+00    1.5369945073e+00    7.6271991668e+00
    6.1490253517e+00    1.2875716541e+00    6.6548196478e+00
    6.6744054256e+00    2.1192414420e+00    6.7739043024e+00

molecule  73
    8.6876252310e-01    7.2017264427e+00    1.3461596661e+00
    1.7262024125e-01    6.5147509647e+00    1.2080768258e+00
    1.0275854791e+01    6.5990352098e+00    2.1292410739e+00
    6.0700227212e-01    7.0735819692e+00    2.6382186969e+00
    1.0369374852e+01    6.9952839652e+00    3.3656620083e+00
    9.4227970603e+00    7.0484715879e+00    3.7095978215e+00
    9.5995398240e+00    7.8141827997e+00    3.1478023508e+00
    9.3617709970e+00    8.0032002493e+00    2.1915160417e+00

molecule  74
    1.3485418982e+00    3.4999475580e-01    6.6946538298e+00
    8.2959331539e-01    1.1703562937e+00    6.6476186276e+00
    7.2625851396e-01    2.0174243714e+00    6.1766495974e+00
    1.1076397918e+00    2.8130706533e+00    6.7096480035e+00
    3.8465361623e-01    2.2935632212e+00    7.1793845102e+00
    1.0208003814e+01    1.5455610369e+00    7.2174788138e+00
    2.1929344287e-01    1.8154798909e+00    8.0685567209e+00
    5.9074935875e-01    1.0051495603e+00    7.6355185506e+00

molecule  75
    3.4516781859e+00    8.1476385481e+00    4.8295593490e-01
    4.1842244831e+00    8.0078710510e+00    1.1236027751e+00
    5.1011748781e+00    7.6842143458e+00    1.3360430029e+00
    4.4826340928e+00    6.8780031200e+00    1.1210766552e+00
    4.2429033167e+00    5.9473003200e+00    1.1762116851e+00
    4.8739299733e+00    5.3308742911e+00    6.5880643581e-01
    5.7726347043e+00    5.6415448492e+00    7.8269927706e-01
    5.1856045686e+00    5.9015636906e+00    1.5544975702e+00

molecule  76
    3.5233193607e+00    2.1234635007e+00    9.3645673851e+00
    3.2645177846e+00    2.9868256394e+00    9.7552177679e+00
    3.9129893682e+00    3.0283343398e+00    3.3501305216e-02
    4.5353598914e+00    3.8203046181e+00    1.7919036767e-01
    4.0551335516e+00    4.6958495494e+00    3.0632075853e-01
    3.1195604911e+00    4.2648773883e+00    3.8032410700e-01
    2.6735360245e+00    4.9209032321e+00    1.0106608273e+00
    2.9801764355e+00    5.3795927106e+00    1.8870524787e-01

molecule  77
    5.1861220221e+00    2.4105705480e+00    3.6663189123e-01
    5.5110149287e+00    2.3315080095e+00    1.3193903164e+00
    5.8644228368e+00    1.4589160832e+00    1.6248336051e+00
    6.7449263311e+00    1.0831499849e+00    1.3118542406e+00
    6.7489058620e+00    1.5721444562e+00    2.1991864246e+00
    6.8020737747e+00    2.5078925714e+00    1.9159738933e+00
    6.6220161363e+00    3.2734933834e+00    1.2891910000e+00
    7.0398162558e+00    4.1233991409e+00    1.5246968862e+00

molecule  78
    4.6132392466e+00    4.8446282986e+00    8.5781963366e+00
    4.6178734654e+00    5.6115662469e+00    9.2190414964e+00
    4.9007020605e+00    4.9898719719e+00    9.9207957793e+00
    5.5782983252e+00    4.3243056223e+00    9.6020761105e+00
    5.1825794282e+00    3.8364795462e+00    8.8330230393e+00
    5.1791593676e+00    3.1319924112e+00    9.5778841993e+00
    4.4659376304e+00    2.4511432348e+00    9.6827740199e+00
    4.3710609327e+00    1.5642539907e+00    1.0049417353e+01

molecule  79
    6.7185792592e+00    2.9173480081e+00    3.9011949959e+00
    6.0381096315e+00    3.6582958438e+00    3.8728535184e+00
    5.7584248816e+00    4.6147077971e+00    4.0380891311e+00
    6.1954281099e+00    5.4571587010e+00    4.0912327543e+00
    6.5117950695e+00    4.8383454627e+00    3.3614181193e+00
    7.0910739723e+00    4.0749866144e+00    3.1666157337e+00
    6.8365102059e+00    3.3478727042e+00    2.5337938538e+00
    6.0167041345e+00    3.6840860119e+00    2.1383873207e+00

molecule  80
    3.2037063983e+00    8.5541588698e+00    3.0768505956e+00
    2.3799394908e+00    8.3637897532e+00    3.5924431309e+00
    1.6969773815e+00    8.6245028834e+00    4.2537391684e+00
    8.2356770740e-01    8.5990202636e+00    3.6688347308e+00
    7.0824096948e-01    9.6082481160e+00    3.6095368821e+00
    6.5074306178e-01    1.0098268511e+01    2.7986482204e+00
    5.5954614219e-01    4.4553462211e-01    2.2266694015e+00
    8.1590073817e-01    1.0379200992e+01    1.4225083506e+00

molecule  81
    1.0410822443e+01    5.0683370243e+00    9.7274893569e+00
    9.8435181124e+00    5.6154884733e+00    1.0378232548e+01
    9.1495946552e+00    5.2844565565e+00    9.7576599879e+00
    8.5396471107e+00    5.3971725443e+00    1.0879942347e-01
    8.0456905825e+00    5.4042535962e+00    9.9827082372e-01
    7.5855596083e+00    5.7656905841e+00    1.7709295328e+00
    8.5468338615e+00    5.5333684724e+00    1.9862419331e+00
    8.2584114209e+00    6.4564635060e+00    2.0530780119e+00

molecule  82
    5.7432844329e-01    3.5458741405e+00    7.5984005982e+00
    7.9740242558e-01    3.9344970615e+00    8.5193511358e+00
    9.5965365546e-01    4.7677623987e+00    9.0690876926e+00
    1.3270490577e+00    5.6704560478e+00    8.9713912766e+00
    2.3062921838e+00    5.7539047542e+00    9.1340762654e+00
    3.1901952753e+00    5.7508641657e+00    9.4705005942e+00
    2.8924670385e+00    6.4463645368e+00    1.0161982402e+01
    3.0442873158e+00    6.8528284004e+00    9.2283026083e+00

molecule  83
    7.9276537811e+00    7.0483169963e+00    5.1590713161e+00
    7.6479427738e+00    7.9459283080e+00    5.5424398700e+00
    6.7759175951e+00    8.0417326493e+00    5.9883792923e+00
    7.0817169928e+00    8.6781871454e+00    6.6715071660e+00
    7.6975481240e+00    7.8802189780e+00    6.7117203938e+00
    7.9153955294e+00    7.0043176121e+00    7.1071027463e+00
    8.8260297913e+00    6.5917345968e+00    7.3051725198e+00
    8.4254232601e+00    7.1982807235e+00    8.0557261977e+00

molecule  84
    1.9866621039e+00    4.7503108490e+00    7.0189935832e+00
    2.9400753100e+00    4.8273192387e+00    7.1666056702e+00
    3.7765844673e+00    4.2187361908e+00    6.9263310860e+00
    4.5476913604e+00    4.3511733476e+00    7.5588938087e+00
    3.9952231601e+00    5.1464448279e+00    7.6464868856e+00
    3.5704232314e+00    4.3376035600e+00    8.0645652177e+00
    3.0645161014e+00    5.2073845927e+00    8.2424850324e+00
    3.7262232288e+00    5.9610393596e+00    8.4289899849e+00

molecule  85
    3.3428679468e+00    7.3664887832e-01    8.3191152213e+00
    3.4925323396e+00    1.0609868876e+00    9.2537227955e+00
    2.7594060767e+00    3.5144235082e-01    9.0857916894e+00
    3.2627369801e+00    1.0277672334e+01    9.8078496947e+00
    3.1073171990e+00    6.0700876729e-01    1.0368135726e+01
    2.2026766751e+00    9.9545079162e-01    1.0202324077e+01
    2.5823009906e+00    1.6430057982e+00    9.5446586887e+00
    3.0414168932e+00    1.6653421714e+00    1.0422872922e+01

molecule  86
    2.5903880416e+00    2.7329788956e+00    8.3954899078e+00
    3.3683698674e+00    2.3644949075e+00    7.9410847693e+00
    3.9383799006e+00    1.5521921618e+00    7.7709251618e+00
    4.1528549981e+00    2.3811287164e+00    7.2188516029e+00
    3.8119285304e+00    3.2501694165e+00    7.5579747904e+00
    3.1990983217e+00    2.9722191215e+00    6.8218649331e+00
    3.4072107342e+00    2.6665834702e+00    5.9092101880e+00
    3.1066071046e+00    3.6093222337e+00    5.9101837045e+00

molecule  87
    8.6430981234e+00    9.0684323297e+00    9.6671449563e+00
    7.8972636692e+00    8.5521912833e+00    1.0070084145e+01
    7.1058058859e+00    8.0281398679e+00    9.9141152473e+00
    6.9349394610e+00    8.6784269014e+00    1.5314180271e-01
    6.5093218566e+00    9.3637933818e+00    7.4242249824e-01
    5.9461961923e+00    8.8044457299e+00    1.4473252425e-01
    5.3946820715e+00    8.8343176958e+00    9.7293539264e-01
    4.7808474767e+00    8.6142699496e+00    1.7876432489e+00

molecule  88
    1.2875729309e+00    1.2981652927e-01    5.4964047976e+00
    1.1738951678e+00    9.6339698621e+00    5.2348536632e+00
    2.7771194531e-01    9.8160187467e+00    5.5154534542e+00
    4.1015593835e-01    9.3407874137e+00    4.6252864330e+00
    9.8482167750e+00    9.3961473525e+00    4.5410261156e+00
    8.8815224024e+00    9.2217649198e+00    4.7837924318e+00
    8.3366598567e+00    8.4467305895e+00    4.5022886099e+00
    7.5135151765e+00    7.8593942885e+00    4.3532265960e+00

molecule  89
    5.1234359885e+00    1.0292690366e+01    1.5408879492e+00
    5.6351333884e+00    1.2783486781e-01    2.3581930219e+00
    6.5443587080e+00    5.1906804823e-01    2.2487278320e+00
    6.9385451897e+00    3.6870605473e-01    3.2302387493e+00
    7.6277925359e+00    6.3348161803e-01    3.8967481687e+00
    7.9589708320e+00    1.3884521995e+00    4.3794225830e+00
    7.9739215226e+00    7.0218269647e-01    5.1085483830e+00
    7.2613077513e+00    1.1229122058e+00    5.6874004356e+00

molecule  90
    7.4965415156e+00    1.0090480906e+01    7.8499360138e+00
    7.1989305915e+00    9.1576471530e+00    7.6458150942e+00
    6.5350426702e+00    9.5857107856e+00    7.0412205846e+00
    6.2711117692e+00    9.0337882434e+00    7.8337811811e+00
    5.8574194724e+00    9.9471414873e+00    7.9090444978e+00
    5.4211219235e+00    3.6310764866e-01    7.5950804393e+00
    5.1072760399e+00    1.1991205787e+00    7.1189412846e+00
    4.9736965551e+00    1.8162829562e+00    7.8862591978e+00

molecule  91
    9.4328212059e+00    6.6287075964e-01    6.7056838406e+00
    8.6668005570e+00    1.2069492565e+00    6.2693589144e+00
    9.0914964984e+00    1.6419108602e+00    7.0829612916e+00
    9.5318550758e+00    2.1054260717e+00    7.8214086655e+00
    9.5599977109e+00    1.1354862393e+00    8.0513612101e+00
    1.0242904114e+01    1.0558383960e+00    8.7897164757e+00
    6.7856905358e-01    1.3843541581e+00    9.0672396240e+00
    1.0970491261e+00    2.2379550829e+00    8.8509279414e+00

molecule  92
    2.3546984564e+00    2.9573696852e+00    6.1991945258e+00
    1.4914052574e+00    3.4354738654e+00    5.9453204138e+00
    1.0302773960e+00    4.2060954929e+00    6.3288388019e+00
    2.9195869255e-01    3.5306820215e+00    6.2487981076e+00
    9.8666156921e+00    3.5175432448e+00    6.6543633741e+00
    9.2968319492e+00    2.7438963561e+00    6.9323215612e+00
    1.0015298677e+01    2.2234719108e+00    6.4377120234e+00
    1.0192159482e+01    1.5806779333e+00    5.6727251111e+00

molecule  93
    3.5174877835e+00    1.0228639901e+01    2.6517707260e+00
    4.4809974815e+00    1.0198090146e+01    2.7242904297e+00
    5.3194795344e+00    9.7193476984e+00    2.9918057640e+00
    5.3988035874e+00    8.7571542230e+00    2.7376384132e+00
    6.0644469207e+00    8.7913787098e+00    2.0310286384e+00
    6.2914394231e+00    9.7144313488e+00    2.4373237131e+00
    6.3311576338e+00    1.0117735050e+01    1.5097891363e+00
    5.8474542800e+00    1.0271834669e+01    6.6995222245e-01

molecule  94
    2.0070027665e+00    7.8965387167e+00    6.1751639767e+00
    2.8495803704e+00    8.4045334503e+00    6.0769609051e+00
    2.9966855680e+00    9.3302137526e+00    5.7102530795e+00
    3.0907878578e+00    9.4089274806e+00    6.7047926402e+00
    3.5489070838e+00    9.1423528233e+00    7.5629747461e+00
    3.5769577765e+00    8.2699207100e+00    7.0929829054e+00
    3.8853234516e+00    7.6734127433e+00    7.8034437157e+00
    3.1546681451e+00    6.9926317269e+00    7.8283665840e+00

molecule  95
    4.6278331541e+00    6.0496515923e+00    1.0357918101e+01
    3.7144724387e+00    6.2083918832e+00    2.1259100883e-01
    3.4389359221e+00    6.9743894261e+00    8.1668243915e-01
    3.5909893248e+00    6.6371142527e+00    1.7456130673e+00
    4.2483898674e+00    6.1293944208e+00    2.3032055117e+00
    3.6007450277e+00    5.4232240895e+00    2.6985458375e+00
    2.9530533156e+00    4.9486504597e+00    3.3048450267e+00
    2.7887529106e+00    5.2342262996e+00    4.2544717111e+00

molecule  96
    3.5044493265e+00    4.9875091770e+00    1.4746930872e+00
    3.0447451533e+00    4.4259164352e+00    2.1331535934e+00
    2.0889630723e+00    4.2070466211e+00    2.3203287881e+00
    2.6732558458e+00    3.4399822038e+00    2.2154291406e+00
    2.0650175225e+00    3.2506192031e+00    2.9968204447e+00
    2.4233734335e+00    4.0724250916e+00    3.4576028078e+00
    1.8065658778e+00    4.4619809011e+00    4.1683381616e+00
    1.1529997831e+00    4.6512498582e+00    4.9378476926e+00

molecule  97
    9.7512116897e+00    9.8067641168e+00    1.4668143752e+00
    9.5425593384e+00    9.9068900056e+00    4.9998404632e-01
    3.0509273088e-02    1.0240889686e+01    8.0923979124e-01
    9.4869354870e-01    1.0290244567e+01    4.1444698074e-01
    6.4522115954e-01    1.0179089003e+01    9.9549951736e+00
    1.0129514366e+00    9.8991772433e+00    9.0587679676e+00
    6.1458968499e-01    1.0374469089e+01    8.2873388447e+00
    1.5389285815e+00    2.5472779250e-01    8.2841076325e+00

molecule  98
    9.3413911299e+00    9.0933733285e+00    2.5209326453e+00
    8.6762393504e+00    9.7711376409e+00    2.2219754112e+00
    8.3769823370e+00    2.8943568631e-01    2.2596396630e+00
    9.1418601871e+00    4.7583472561e-01    2.8480174757e+00
    8.3035217238e+00    8.5896190459e-02    3.2599505800e+00
    8.6834221724e+00    2.2555011390e-01    4.2109511781e+00
    9.3270623493e+00    1.0244669992e+01    3.5699519335e+00
    1.0024685319e+01    1.0352183484e+01    2.8408537513e+00

molecule  99
    4.8724744460e+00    6.8649152455e-01    2.7540566333e-01
    5.4317893005e+00    1.3736345426e+00    7.2226103847e-01
    6.2040793499e+00    7.6152490716e-01    4.8901755510e-01
    6.9626036273e+00    9.6466773212e-01    1.0312147149e+01
    7.2873115897e+00    1.8298214493e+00    9.9187579138e+00
    6.3617806602e+00    2.0862979188e+00    9.6871510847e+00
    6.8646113427e+00    1.8033264699e+00    8.8333996057e+00
    7.7759256119e+00    1.4099616589e+00    9.0186169005e+00
