BOUNDARY

orthorhombic     1.04551590e+01  1.04551590e+01  1.04551590e+01

MOLECULES

species    0
nMolecule  100

molecule   0
  2.12705712e-02  7.50465064e+00  5.33063733e+00
  4.75519097e-01  6.80833332e+00  5.87779948e+00
  1.02432267e+01  6.12409007e+00  5.55320237e+00
  1.60229913e-02  5.16887176e+00  5.35542825e+00
  9.47558289e+00  5.29506208e+00  5.27749698e+00
  8.58984357e+00  4.91817981e+00  5.57530682e+00
  8.73678017e+00  5.09652501e+00  6.53783777e+00
  7.97424371e+00  4.43409027e+00  6.40267049e+00

molecule   1
  1.00112022e+01  1.94577915e+00  7.39582850e+00
  1.00526474e+01  1.27965674e+00  8.11321265e+00
  1.63479720e-01  2.06949985e+00  8.18806846e+00
  1.83731061e-01  2.85173437e+00  7.61292276e+00
  9.37873878e-01  3.45872087e+00  7.44123819e+00
  9.34502887e-01  4.43891139e+00  7.69464843e+00
  2.47202495e-02  4.71772059e+00  7.35615050e+00
  5.20426302e-01  5.14831798e+00  6.61609797e+00

molecule   2
  8.18166777e+00  3.28902912e+00  2.56060759e+00
  8.98185863e+00  3.40436895e+00  3.12817790e+00
  9.14005344e+00  2.82064283e+00  2.33976108e+00
  9.28638006e+00  1.83145194e+00  2.45304164e+00
  9.11369639e+00  2.06589316e+00  1.49830983e+00
  1.00121656e+01  2.17587536e+00  1.05189105e+00
  9.56703781e+00  3.00423744e+00  8.88425182e-01
  1.01357788e+01  3.60991243e+00  4.49428309e-01

molecule   3
  2.60094659e+00  5.88060607e+00  5.57256159e+00
  2.48234681e+00  5.90257826e+00  4.61869266e+00
  1.76959600e+00  5.33806861e+00  4.17580359e+00
  1.85408356e+00  4.85581613e+00  4.99377965e+00
  2.24873461e+00  3.95185665e+00  4.88273449e+00
  1.56249373e+00  3.22390301e+00  4.90167967e+00
  1.43441442e+00  3.14848137e+00  5.92139779e+00
  1.72273754e+00  3.62515711e+00  6.69946893e+00

molecule   4
  7.11546590e+00  2.52018104e+00  6.27970079e+00
  6.46271767e+00  2.34448668e+00  7.06022281e+00
  7.38245030e+00  2.72893005e+00  7.25757558e+00
  7.80599240e+00  3.41240946e+00  6.74469109e+00
  8.80163032e+00  3.33143731e+00  6.84994864e+00
  9.66369593e+00  3.86571633e+00  7.17347046e+00
  1.00153889e+01  4.21802403e+00  6.34042018e+00
  9.83903913e+00  3.24644684e+00  6.43410237e+00

molecule   5
  9.02079561e+00  9.85408589e+00  9.72369839e+00
  8.06614110e+00  1.01325245e+01  9.72327272e+00
  7.39548597e+00  1.02980713e+01  8.97057850e+00
  6.43636711e+00  1.03194007e+01  8.71591481e+00
  6.08930113e+00  1.04489862e+01  7.72142034e+00
  7.04143449e+00  2.91662144e-01  7.66245903e+00
  6.61738291e+00  1.23603949e+00  7.57481755e+00
  7.54109949e+00  1.45079305e+00  7.31334860e+00

molecule   6
  2.39431623e+00  9.54734748e-01  9.52674234e+00
  2.78108108e+00  1.49766894e+00  1.01828733e+01
  2.07373891e+00  8.92102531e-01  5.10131202e-02
  2.14720516e+00  1.03575380e+01  1.03715522e+01
  1.53638674e+00  2.20148410e-01  9.70147418e+00
  1.27652037e+00  2.71227462e-01  1.87677729e-01
  9.00996856e-01  1.19346119e+00  4.16163098e-02
  1.49081943e-01  1.02354873e+00  9.87924266e+00

molecule   7
  6.95160048e+00  6.51346994e+00  4.93450017e+00
  6.74223792e+00  6.95916760e+00  4.04690110e+00
  6.45587362e+00  7.19208881e+00  3.10142710e+00
  5.74520144e+00  7.67663848e+00  3.63989649e+00
  4.87647463e+00  8.01197618e+00  3.85235795e+00
  4.07174387e+00  8.59499124e+00  3.92696178e+00
  4.69711593e+00  9.31670735e+00  4.32591339e+00
  5.61489840e+00  9.51508437e+00  4.67693781e+00

molecule   8
  9.31616491e+00  6.27160760e+00  8.78751750e+00
  9.05655046e+00  5.44095927e+00  8.29771009e+00
  8.22276235e+00  5.98391842e+00  8.20552149e+00
  8.38101538e+00  6.94382299e+00  8.21645424e+00
  8.57487949e+00  6.82498974e+00  7.27301421e+00
  9.03688502e+00  6.09904956e+00  6.87324274e+00
  9.99430188e+00  6.36237971e+00  6.92119734e+00
  9.95115306e+00  5.44123668e+00  6.39738483e+00

molecule   9
  4.56158196e+00  8.48039583e-02  8.62412935e+00
  4.97334265e+00  9.68439090e+00  8.26744476e+00
  5.94955897e+00  9.38788595e+00  8.09408536e+00
  6.63414245e+00  8.68029211e+00  8.20333951e+00
  6.12931736e+00  8.13865414e+00  7.56478518e+00
  6.83912038e+00  8.43502474e+00  6.89812533e+00
  7.55656533e+00  8.58983350e+00  7.56373103e+00
  7.73178340e+00  7.68736136e+00  8.04942132e+00

molecule   10
  8.30523577e+00  9.14938453e+00  4.01296765e+00
  8.49905773e+00  9.49382613e+00  3.16556376e+00
  7.94470897e+00  9.61681712e+00  2.37945810e+00
  7.00499415e+00  9.26043565e+00  2.44057391e+00
  6.88048031e+00  9.54526444e+00  3.39445164e+00
  5.93081993e+00  9.61290665e+00  3.62692909e+00
  5.28545593e+00  8.93335884e+00  3.33408205e+00
  5.44320092e+00  8.18506653e+00  2.67941006e+00

molecule   11
  7.78573958e+00  8.58992239e+00  5.93523889e+00
  7.62132872e+00  9.24404151e+00  6.69864126e+00
  6.79857877e+00  9.32856612e+00  6.20272611e+00
  6.36732478e+00  9.37049408e+00  7.06274912e+00
  5.61739636e+00  1.00007155e+01  6.77110838e+00
  4.67783050e+00  1.02674961e+01  7.07297056e+00
  5.01621433e+00  5.83708448e-01  7.68764342e+00
  5.47604233e+00  6.01740396e-01  8.61269785e+00

molecule   12
  8.72864401e+00  7.84696204e+00  1.50108747e+00
  8.99459952e+00  6.97931199e+00  1.02584072e+00
  8.33943941e+00  6.64406240e+00  3.51671837e-01
  8.65113854e+00  6.65263834e+00  9.83998882e+00
  8.38477627e+00  7.43061357e+00  9.21448761e+00
  7.56710753e+00  6.94567301e+00  8.89461837e+00
  7.55835386e+00  5.98622965e+00  9.22148850e+00
  7.21219001e+00  6.25311573e+00  1.01019308e+01

molecule   13
  2.57214091e+00  3.25421714e+00  3.66919115e+00
  2.18668001e+00  4.15331912e+00  3.38917979e+00
  3.10541514e+00  4.35222657e+00  3.83306568e+00
  4.10070546e+00  4.34542526e+00  3.73343189e+00
  3.60668493e+00  5.02154643e+00  3.16003774e+00
  2.80149171e+00  5.25996145e+00  3.59481344e+00
  2.04661103e+00  5.10248311e+00  2.93637434e+00
  1.88192356e+00  5.69965161e+00  2.17713678e+00

molecule   14
  2.80896767e+00  3.50688934e+00  5.70387200e+00
  2.59321942e+00  2.60112148e+00  5.34852376e+00
  2.90801829e+00  1.95280994e+00  4.60826902e+00
  3.61660075e+00  2.08599794e+00  5.26817869e+00
  3.77163234e+00  1.16683216e+00  5.03781039e+00
  4.59481816e+00  1.13980194e+00  5.61737078e+00
  5.08542625e+00  3.01441812e-01  5.46433722e+00
  5.01723622e+00  7.09017189e-01  6.37730699e+00

molecule   15
  9.22155422e-01  7.25966352e-01  3.37894829e+00
  1.48036281e+00  2.85032797e-01  2.65215014e+00
  2.35259877e+00  1.03501461e+01  2.34768588e+00
  1.70170488e+00  9.70394540e+00  2.74744818e+00
  2.41092086e+00  9.43599017e+00  3.38435851e+00
  3.33458562e+00  9.56811462e+00  3.66814275e+00
  3.43553195e+00  9.17526884e+00  2.76989911e+00
  4.33213611e+00  8.83397826e+00  2.46844528e+00

molecule   16
  1.53707540e-01  6.67008788e+00  8.10056298e+00
  3.92406175e-01  7.12606926e+00  7.20647998e+00
  8.16787429e-01  7.94433683e+00  6.83396935e+00
  2.67557247e-01  8.70774121e+00  7.10035177e+00
  1.00963386e+01  9.30285827e+00  7.65554015e+00
  1.03850506e+01  1.02312080e+01  7.86899126e+00
  9.45082727e+00  7.32031520e-03  8.15125428e+00
  9.64239481e+00  9.65811883e+00  8.66995301e+00

molecule   17
  6.10055339e+00  7.03905739e+00  7.29445082e+00
  6.63070170e+00  6.91876184e+00  8.08401261e+00
  6.53547276e+00  6.35364241e+00  8.93966004e+00
  5.95612657e+00  5.52330759e+00  8.91898911e+00
  5.62537440e+00  4.72530971e+00  9.43057587e+00
  6.09023661e+00  4.06302698e+00  8.83228690e+00
  5.68481084e+00  4.78899864e+00  8.27579729e+00
  4.90721378e+00  5.30656875e+00  8.65259917e+00

molecule   18
  6.83297018e+00  5.08984522e-01  7.11909017e-01
  6.54380582e+00  1.32919064e+00  3.56604224e-01
  5.84242173e+00  1.93411127e+00  6.42761800e-01
  5.56843797e+00  2.86685388e+00  5.27396975e-01
  5.66587931e+00  3.43236000e+00  1.34435856e+00
  5.98210838e+00  4.41748948e+00  1.27184645e+00
  6.00825711e+00  4.93388598e+00  3.93012414e-01
  5.89100615e+00  3.94993617e+00  3.31618415e-01

molecule   19
  4.31604179e+00  1.77738900e-01  5.89497303e-02
  3.90144847e+00  8.75960201e-01  6.82422132e-01
  4.45675789e+00  1.41677118e+00  1.31074508e+00
  3.68304068e+00  1.20341722e+00  1.87052216e+00
  3.13874782e+00  1.31548644e+00  1.07210522e+00
  2.73301507e+00  4.73986549e-01  9.58755231e-01
  1.92481060e+00  1.00248518e-01  1.39116697e+00
  9.23280066e-01  7.72670799e-03  1.52983037e+00

molecule   20
  3.36857862e+00  3.90509363e+00  2.87360547e+00
  2.59249665e+00  3.30588968e+00  2.60951226e+00
  1.60898275e+00  3.22089668e+00  2.33265509e+00
  1.72435598e+00  2.32337942e+00  2.77600400e+00
  1.94584457e+00  1.54436395e+00  3.43380343e+00
  2.76160697e+00  1.34272442e+00  2.88801579e+00
  2.91260262e+00  2.19443043e+00  3.40833620e+00
  2.11747341e+00  2.40887086e+00  4.00174041e+00

molecule   21
  9.39584499e-01  1.00100466e+00  6.84593972e+00
  3.18238398e-01  6.95516694e-01  7.62741785e+00
  1.06239575e+00  6.20192780e-02  7.76187358e+00
  1.42362443e+00  9.64174821e+00  7.63237892e+00
  1.27240064e+00  9.16737696e+00  8.45033356e+00
  2.17916590e+00  8.83499780e+00  8.17517268e+00
  2.35008373e+00  9.31668929e+00  9.04822033e+00
  2.06581222e+00  1.01406778e+01  8.55603384e+00

molecule   22
  1.02374123e+01  6.59189369e+00  9.08654648e+00
  6.69920047e-01  6.77443277e+00  9.50735063e+00
  1.45923259e+00  7.14477951e+00  8.99283700e+00
  9.37736058e-01  7.31161772e+00  8.15898825e+00
  1.56678243e+00  8.03437151e+00  8.48127989e+00
  1.49500540e+00  8.23538258e+00  9.47209081e+00
  2.29063533e+00  7.62599622e+00  9.38186854e+00
  2.41169670e+00  7.48127918e+00  8.40008706e+00

molecule   23
  4.08324828e+00  4.10110269e+00  6.09183417e+00
  3.29490928e+00  4.24786352e+00  6.64373798e+00
  2.96131348e+00  4.51725155e+00  5.70448640e+00
  2.30040148e+00  5.00191604e+00  6.30944298e+00
  3.21092773e+00  5.40620387e+00  6.46141837e+00
  2.64671417e+00  6.16920465e+00  6.82788515e+00
  3.28774473e+00  6.93055742e+00  6.96001661e+00
  2.47617131e+00  6.92241386e+00  7.51516905e+00

molecule   24
  8.21910454e+00  1.45163602e+00  2.94035980e+00
  8.85454626e+00  9.13789103e-01  2.38028831e+00
  9.73025199e+00  4.33644558e-01  2.40799830e+00
  9.85336471e+00  3.80073757e-01  3.41750106e+00
  1.56520668e-01  1.01913507e+01  3.28929807e+00
  7.57133586e-01  9.51374253e+00  3.71944569e+00
  1.03801197e+01  9.69900035e+00  4.21991188e+00
  5.27480900e-01  1.00518975e+01  4.89744190e+00

molecule   25
  8.90804732e+00  9.16081365e+00  4.90865578e+00
  9.82737966e+00  8.95359100e+00  4.63016889e+00
  9.11647112e+00  8.38849410e+00  4.23068277e+00
  9.81875036e+00  7.76984159e+00  4.09512003e+00
  9.85081409e+00  8.04316571e+00  3.13367198e+00
  5.15408192e-04  8.71317292e+00  3.50323714e+00
  9.56863885e+00  9.06290202e+00  3.09513928e+00
  9.42076602e+00  9.82304458e+00  3.73160948e+00

molecule   26
  9.44008158e+00  1.00990167e+00  9.60946085e-01
  8.51043704e+00  7.09644379e-01  1.04722140e+00
  7.84070755e+00  1.24141324e+00  1.60640532e+00
  8.09137547e+00  2.02370433e+00  1.06680600e+00
  8.26352224e+00  2.92566240e+00  8.05464115e-01
  7.95949952e+00  2.45254492e+00  1.04062194e+01
  8.68477371e+00  2.16905966e+00  9.72565334e+00
  9.06089975e+00  2.29287438e+00  1.75445836e-01

molecule   27
  4.45373309e+00  6.90241729e+00  6.32968144e+00
  4.15325540e+00  7.82697021e+00  6.33516653e+00
  4.87241939e+00  8.48878714e+00  6.36409252e+00
  4.31473570e+00  9.25699097e+00  6.40080301e+00
  5.17896269e+00  9.46732043e+00  5.89737357e+00
  5.82225761e+00  8.91976378e+00  6.40202932e+00
  6.20275684e+00  8.12212403e+00  6.03438237e+00
  5.59877794e+00  7.77812484e+00  6.72411313e+00

molecule   28
  5.39743919e+00  8.93890113e+00  1.99421450e+00
  5.89424350e+00  8.87811045e+00  1.15784514e+00
  6.30449612e+00  9.59012514e+00  1.67968744e+00
  6.20826489e+00  1.44510539e-01  1.50918661e+00
  5.59091810e+00  1.00138411e+01  1.03474514e+00
  4.77533598e+00  9.51292034e+00  1.28218475e+00
  3.93612621e+00  9.54282947e+00  1.78025939e+00
  3.61440346e+00  1.02252974e+01  1.15318975e+00

molecule   29
  5.72787090e-01  7.47616868e+00  3.37143767e+00
  3.45715165e-01  7.98482117e+00  2.56074196e+00
  6.22898106e-01  8.46529020e+00  1.71414675e+00
  3.97968845e-01  9.42980894e+00  1.63002572e+00
  1.01792181e+01  9.79382392e+00  2.31701489e+00
  3.72944558e-01  9.10232494e+00  2.65778214e+00
  1.18100548e+00  8.67905382e+00  3.11811530e+00
  2.13401416e+00  8.50395623e+00  2.87006697e+00

molecule   30
  9.40964993e+00  2.15111439e+00  5.31546142e+00
  9.31085432e+00  2.59956667e+00  4.48798680e+00
  8.92855840e+00  2.26788722e+00  3.58420028e+00
  9.17429030e+00  1.30347104e+00  3.74288975e+00
  1.00110225e+01  1.71907341e+00  4.18262943e+00
  1.09511317e-01  8.53418237e-01  4.20420531e+00
  4.89701219e-02  1.32011507e+00  3.33320698e+00
  4.97445784e-01  1.10290616e+00  2.46575367e+00

molecule   31
  2.80889825e+00  1.01595748e+01  9.57387006e+00
  3.47227534e+00  4.44068873e-01  9.58376730e+00
  2.94340111e+00  4.85025074e-01  8.71988944e+00
  3.75862688e+00  1.07821103e+00  8.56441325e+00
  4.01246632e+00  1.90378546e+00  9.06391253e+00
  3.60958447e+00  2.82063846e+00  8.84975119e+00
  4.36960114e+00  2.98041984e+00  8.19040081e+00
  5.14701242e+00  2.49875623e+00  8.52235033e+00

molecule   32
  1.92605269e+00  1.08946712e+00  5.55347433e+00
  1.50325120e+00  1.43474356e+00  4.69137441e+00
  2.41802263e+00  1.06179338e+00  4.65000270e+00
  3.05384496e+00  1.06937701e+00  3.89719843e+00
  3.65435906e+00  1.86148420e+00  3.92112034e+00
  3.84893850e+00  1.68576733e+00  2.95181762e+00
  4.07554347e+00  2.51205878e+00  2.49288628e+00
  4.84215177e+00  2.58976343e+00  3.15792781e+00

molecule   33
  8.78313632e+00  8.12201003e+00  2.99213886e+00
  9.15172114e+00  7.33372436e+00  2.46643154e+00
  9.83806966e+00  6.59587739e+00  2.58831815e+00
  1.04043603e+01  5.99701718e+00  2.00200136e+00
  5.05421006e-01  6.21718809e+00  2.79172193e+00
  1.14536489e+00  6.94578031e+00  2.60636032e+00
  9.81987273e-01  7.07805264e+00  1.62303758e+00
  3.31008825e-03  7.12458833e+00  1.84848320e+00

molecule   34
  4.30371959e-01  9.70409085e+00  3.63231680e-01
  8.62626070e-01  8.78512246e+00  1.25118790e-01
  1.52548924e+00  9.24773105e+00  9.95458194e+00
  2.49585777e+00  9.15033732e+00  1.01961941e+01
  1.79764230e+00  9.32322940e+00  4.23859053e-01
  2.55050893e+00  9.19842770e+00  1.04799714e+00
  2.06825421e+00  8.34727502e+00  1.01674425e+00
  1.66097364e+00  8.54026844e+00  1.92414248e+00

molecule   35
  9.90502095e+00  4.26928657e-02  1.18755525e+00
  1.10242039e-02  8.03791073e-01  1.47295472e+00
  1.04312040e+01  6.52982202e-01  4.57715161e-01
  8.86791585e-02  1.63614801e+00  3.27321198e-01
  6.72160544e-01  2.38630208e+00  6.49906055e-01
  1.36697889e+00  1.81338062e+00  1.14108500e+00
  2.01846680e+00  1.61467820e+00  1.88724602e+00
  2.67958935e+00  2.31561972e+00  2.19904094e+00

molecule   36
  9.39840131e+00  2.51241677e+00  9.11022417e+00
  9.82280322e+00  2.89053658e+00  9.91520709e+00
  9.94097802e+00  1.88072979e+00  9.93030222e+00
  4.88675660e-01  1.95503124e+00  9.90187748e+00
  1.58354664e-02  2.37233094e+00  9.15064779e+00
  9.75928785e-01  2.76165173e+00  9.18227368e+00
  6.54386063e-01  3.64988649e+00  9.45636959e+00
  6.97186997e-01  2.93307614e+00  1.01129214e+01

molecule   37
  8.21815078e-01  5.86155434e+00  5.39273288e+00
  1.56971360e+00  6.05598776e+00  6.00148277e+00
  1.29492554e+00  6.67911788e+00  6.72922191e+00
  2.10543644e+00  7.19009261e+00  6.62086724e+00
  2.10061688e+00  7.57086275e+00  5.69466080e+00
  2.77812120e+00  8.27033334e+00  5.49672165e+00
  1.94242466e+00  8.33733871e+00  4.92460037e+00
  1.36200559e+00  9.18799529e+00  4.75567398e+00

molecule   38
  6.67001890e+00  5.92949866e+00  2.08382557e+00
  6.07585644e+00  5.98720376e+00  1.29136156e+00
  6.06065575e+00  5.17745140e+00  1.87022771e+00
  6.83376150e+00  5.24481398e+00  1.15473273e+00
  6.83039414e+00  4.38330907e+00  7.01667049e-01
  6.90846722e+00  3.58162440e+00  1.31094504e+00
  6.41284977e+00  2.67335315e+00  1.31930620e+00
  6.56097949e+00  2.88582339e+00  2.30074318e+00

molecule   39
  1.38984639e+00  1.92850349e+00  6.40714392e+00
  1.00068333e+00  1.85143103e+00  5.47533128e+00
  1.72463718e-01  1.37245278e+00  5.42631331e+00
  3.09893967e-01  6.56807088e-01  6.05271738e+00
  1.70067093e-01  1.02374990e+01  6.51769682e+00
  4.97410186e-01  9.44099743e+00  6.00576477e+00
  2.79302787e-01  8.57969398e+00  5.50695545e+00
  1.16425783e+00  8.57351627e+00  5.91270665e+00

molecule   40
  1.60116460e+00  3.50096096e-02  6.49956190e+00
  2.43720111e+00  9.92583540e+00  6.43456692e+00
  2.42951695e+00  9.77529486e+00  7.40202751e+00
  3.14152509e+00  1.02723734e+01  7.89350721e+00
  3.39530273e+00  9.50313607e+00  7.29742806e+00
  4.12417807e+00  9.26569485e+00  7.91835233e+00
  3.70901453e+00  9.54710309e+00  8.80629906e+00
  3.31034426e+00  9.22782893e+00  9.63800452e+00

molecule   41
  5.74286918e+00  4.55875090e-01  2.02796791e-01
  4.95406589e+00  1.04477173e+00  4.11153737e-01
  4.63195168e+00  1.97038824e+00  2.03825326e-01
  4.29652301e+00  2.56129575e+00  9.91527499e+00
  5.05702409e+00  1.88103912e+00  9.71821165e+00
  4.64691687e+00  1.02464644e+00  9.53073100e+00
  3.99005162e+00  1.48794340e+00  1.00841752e+01
  3.55987620e+00  2.13246685e+00  2.39434522e-01

molecule   42
  7.43289063e+00  4.98112530e+00  3.44616912e+00
  8.32332837e+00  4.73987511e+00  3.05764669e+00
  8.44164016e+00  5.64450796e+00  3.46262935e+00
  9.28125233e+00  6.14299879e+00  3.73180216e+00
  9.66912253e+00  5.64007066e+00  2.95007951e+00
  1.36584402e-01  5.29268739e+00  2.98561398e+00
  1.01811488e+00  5.35486785e+00  2.44997947e+00
  1.63302280e+00  4.73209131e+00  1.98850827e+00

molecule   43
  5.01274602e+00  4.28193801e+00  2.89575897e+00
  5.82074885e+00  3.89120701e+00  2.39418798e+00
  6.71001384e+00  3.81134919e+00  2.89446742e+00
  7.61856284e+00  3.86926596e+00  3.33101431e+00
  8.20745348e+00  3.33740962e+00  3.90169444e+00
  9.05366424e+00  3.73677811e+00  4.18514113e+00
  8.39294193e+00  3.93613107e+00  4.95325896e+00
  8.72615484e+00  3.89750823e+00  5.93958963e+00

molecule   44
  7.22766298e+00  5.08320179e+00  1.04249179e+01
  7.32466690e+00  4.96615701e+00  9.40928853e+00
  8.00062838e+00  4.77432273e+00  8.71776369e+00
  8.60024103e+00  4.29360524e+00  8.05074478e+00
  9.35640213e+00  4.46576247e+00  8.69674673e+00
  8.94632254e+00  3.69487522e+00  9.12105759e+00
  9.95201881e+00  3.65689671e+00  9.29808623e+00
  1.00785253e+01  3.31596638e+00  8.41473502e+00

molecule   45
  3.67105290e+00  1.04528322e+01  4.07266974e+00
  3.14768679e+00  8.23701238e-02  3.18424080e+00
  2.40097294e+00  6.85499872e-02  3.78077625e+00
  1.49637074e+00  1.00574614e+01  3.95468348e+00
  1.76735058e+00  1.03783880e+01  4.89624753e+00
  2.45516584e+00  9.74915270e+00  5.28090862e+00
  3.03815432e+00  4.83893544e-02  5.07734385e+00
  4.05141811e+00  9.30190007e-02  5.05402239e+00

molecule   46
  5.85968619e+00  5.43992110e+00  7.20596161e+00
  6.39100903e+00  4.86837641e+00  6.58512534e+00
  5.75555195e+00  4.86815055e+00  5.78689332e+00
  5.25769612e+00  4.12021905e+00  6.20313298e+00
  5.79967454e+00  3.68327353e+00  6.96393005e+00
  5.39797600e+00  3.54816884e+00  7.89108553e+00
  4.77730091e+00  4.26470462e+00  8.06877686e+00
  4.94004123e+00  4.67361837e+00  7.15941645e+00

molecule   47
  2.63142477e+00  7.30804931e+00  4.77408746e+00
  3.27937043e+00  6.72547703e+00  4.17336284e+00
  2.99115356e+00  6.39767118e+00  3.22722435e+00
  3.81720231e+00  6.20994764e+00  2.75167885e+00
  4.52618732e+00  6.23448684e+00  3.42970003e+00
  3.78796356e+00  5.76585855e+00  3.83765058e+00
  4.36637594e+00  5.67866697e+00  4.66133003e+00
  4.53419919e+00  5.15769093e+00  5.49086287e+00

molecule   48
  2.94902751e+00  5.89666435e+00  2.26402317e+00
  2.31340482e+00  6.64301677e+00  2.18788047e+00
  2.09306763e+00  7.35427425e+00  2.87515233e+00
  2.20389965e+00  7.06784856e+00  3.86079286e+00
  1.93175608e+00  6.22655143e+00  3.43364434e+00
  1.24872602e+00  6.33240174e+00  4.16518907e+00
  1.40292980e+00  7.25118382e+00  4.43440706e+00
  1.48346010e+00  6.80889622e+00  5.33010888e+00

molecule   49
  4.28249472e+00  3.31841854e+00  6.90766059e+00
  5.13246487e+00  3.09722729e+00  6.44051311e+00
  5.27067384e+00  2.65643392e+00  5.56858314e+00
  5.63629508e+00  1.99993436e+00  6.19697082e+00
  6.48509083e+00  1.75228398e+00  5.77252413e+00
  5.82345264e+00  1.14708995e+00  5.33519620e+00
  6.08662184e+00  3.39073244e-01  5.85401608e+00
  6.61588919e+00  7.75618443e-01  6.54956892e+00

molecule   50
  6.02313276e+00  7.36586329e+00  1.00317794e+01
  6.33073204e+00  7.89883878e+00  3.62815323e-01
  6.08410984e+00  8.73633874e+00  1.03607497e+01
  6.36528281e+00  9.19736299e+00  9.53171650e+00
  7.23852226e+00  9.18896264e+00  1.00137028e+01
  7.13034530e+00  8.76449523e+00  4.37187355e-01
  7.05504487e+00  9.71787106e+00  8.60907216e-01
  7.50516860e+00  1.03534766e+01  2.48398070e-01

molecule   51
  9.71897572e+00  7.06000459e+00  6.20637829e+00
  9.68683140e+00  8.04990328e+00  6.45881028e+00
  9.88311292e+00  7.88501916e+00  7.42694840e+00
  8.93710070e+00  7.97484770e+00  7.61157925e+00
  8.71124120e+00  8.48024615e+00  8.42902326e+00
  9.59837032e+00  8.46482139e+00  8.80567655e+00
  9.76743711e+00  7.55553571e+00  8.43009779e+00
  9.54993275e+00  6.91921349e+00  7.68650985e+00

molecule   52
  1.06841730e-01  6.62066808e+00  3.84199554e+00
  9.73041341e+00  6.71162820e+00  4.44540152e+00
  9.20034326e+00  6.30543043e+00  5.17332461e+00
  8.44645595e+00  6.41044694e+00  4.55935072e+00
  7.56587536e+00  6.29737522e+00  4.07617053e+00
  7.52713675e+00  5.95240994e+00  3.15239604e+00
  6.48943513e+00  6.04112426e+00  3.09982418e+00
  5.79700660e+00  6.39840935e+00  2.40231919e+00

molecule   53
  9.53953268e-01  3.55939527e+00  8.42822892e+00
  2.48116229e-01  4.27271204e+00  8.41581490e+00
  5.84649824e-01  4.86009602e+00  9.16772831e+00
  3.12597745e-02  4.37288879e+00  9.84748701e+00
  5.19288610e-01  4.37900208e+00  2.49069611e-01
  1.38914863e+00  4.35930183e+00  1.03336886e+01
  1.47414201e+00  3.65862530e+00  5.47675725e-01
  1.70564295e+00  2.90996613e+00  1.03597398e+01

molecule   54
  1.01197624e+01  3.36318458e+00  3.42574841e+00
  1.01699199e+01  2.38423917e+00  3.23043942e+00
  3.46027931e-02  2.64658678e+00  4.11426346e+00
  6.97359744e-01  1.95120997e+00  4.26894928e+00
  9.50152306e-01  2.48843806e+00  3.45226327e+00
  4.91182570e-01  3.12146717e+00  2.81706067e+00
  8.73374030e-01  3.91181868e+00  2.33347865e+00
  1.04088351e+01  4.21473845e+00  2.53061189e+00

molecule   55
  8.57713536e+00  2.88773295e-01  5.53670529e+00
  8.96983100e+00  2.07062751e-01  4.64842427e+00
  8.86474676e+00  1.10690677e+00  5.05239470e+00
  8.24673562e+00  1.59534627e+00  4.48696955e+00
  7.77276979e+00  2.14668086e+00  3.77095266e+00
  7.38432554e+00  2.86772586e+00  4.33277732e+00
  7.60469204e+00  2.34672752e+00  5.08587203e+00
  6.92677006e+00  1.85810234e+00  4.57267926e+00

molecule   56
  4.89227171e+00  7.47403184e+00  8.62236668e+00
  5.15525528e+00  7.72144915e+00  9.53911688e+00
  5.53621915e+00  8.48085185e+00  9.05372851e+00
  4.66610234e+00  8.87257979e+00  8.79091612e+00
  4.87149426e+00  9.00006387e+00  9.77396984e+00
  4.37032331e+00  9.93002245e+00  9.71675180e+00
  5.14361487e+00  1.00561105e+01  1.03047128e+01
  6.12799256e+00  9.88661147e+00  4.58288036e-02

molecule   57
  1.00541809e+01  8.22042272e+00  1.73937067e+00
  9.22195094e+00  8.55218581e+00  2.16546811e+00
  8.41985199e+00  8.78367415e+00  1.62389228e+00
  7.73125135e+00  8.45619864e+00  2.26199418e+00
  7.18905417e+00  8.80482474e+00  1.49615450e+00
  6.77827393e+00  7.90054686e+00  1.34825501e+00
  6.18236012e+00  7.72441718e+00  2.09392749e+00
  5.60096371e+00  7.71699373e+00  1.29282895e+00

molecule   58
  6.45827532e+00  3.86787125e+00  9.81486191e+00
  5.81854312e+00  3.09088680e+00  9.89769691e+00
  5.89977114e+00  2.34590328e+00  9.25807952e+00
  6.77506055e+00  2.70885173e+00  9.02461785e+00
  6.78430513e+00  2.38730229e+00  9.99671058e+00
  7.07949864e+00  3.24591404e+00  8.36930812e-03
  7.75432957e+00  3.33674972e+00  9.71181066e+00
  8.71520932e+00  3.28965542e+00  1.00746876e+01

molecule   59
  8.35089988e+00  5.06738330e+00  4.48341034e+00
  9.18985557e+00  4.86689847e+00  4.06030209e+00
  9.72555296e+00  4.26705465e+00  3.38608993e+00
  9.24008907e+00  4.40090792e+00  2.50210372e+00
  9.58839872e+00  3.95699497e+00  1.67743735e+00
  1.01233928e+01  3.16155455e+00  1.98421372e+00
  5.71577157e-01  2.71224768e+00  1.84154250e+00
  4.20856158e-01  1.75892014e+00  1.59703684e+00

molecule   60
  1.48934334e-01  4.73583743e+00  1.38540378e+00
  9.96904340e+00  5.11577618e+00  6.99153594e-01
  2.90322021e-01  5.72616654e+00  8.93653415e-01
  8.05948409e-02  5.40736136e+00  1.04090008e+01
  9.27089046e-01  5.96702227e+00  1.02406406e+01
  1.41747495e+00  5.32929197e+00  3.74862917e-01
  1.63497535e+00  5.75666888e+00  1.24435262e+00
  1.29285384e+00  6.47832697e+00  6.72028104e-01

molecule   61
  7.25712411e+00  4.01738009e+00  5.89958599e+00
  6.62083361e+00  3.39607906e+00  6.34152408e+00
  6.61871753e+00  3.08255648e+00  5.40790907e+00
  5.80782263e+00  3.65552839e+00  5.41501691e+00
  6.44767290e+00  4.34259919e+00  5.06775815e+00
  7.31955776e+00  4.10538422e+00  4.59642059e+00
  7.05943177e+00  5.05771236e+00  4.53881173e+00
  7.63600332e+00  5.62055523e+00  5.14618672e+00

molecule   62
  2.59727465e-01  8.82387626e+00  8.54788533e+00
  3.49365671e-01  9.78010200e+00  8.86406467e+00
  1.02822757e+01  9.41853203e+00  9.62394393e+00
  1.95673929e-01  8.49214228e+00  9.76122925e+00
  1.02615765e+01  8.34265034e+00  2.19652745e-01
  9.46345137e+00  7.99383231e+00  6.94091176e-01
  9.01020826e+00  7.77654612e+00  1.03248841e+01
  8.75603953e+00  8.67826853e+00  9.94208524e+00

molecule   63
  2.96649688e+00  8.47042615e+00  7.53316642e+00
  3.70744308e+00  7.88984977e+00  7.28287427e+00
  4.27439621e+00  8.13297405e+00  8.07579378e+00
  4.09302004e+00  8.02365454e+00  9.02245217e+00
  3.45496365e+00  8.62217366e+00  8.53571480e+00
  3.34128813e+00  7.60465483e+00  8.56761707e+00
  3.99965720e+00  7.07562187e+00  8.07066690e+00
  4.82441721e+00  7.35501344e+00  7.59283521e+00

molecule   64
  6.15602137e+00  1.01151211e+01  2.68246081e+00
  7.08690282e+00  1.02911102e+01  2.20333764e+00
  7.24989071e+00  3.90377040e-01  3.04990087e+00
  6.58609651e+00  7.74839950e-01  2.44195146e+00
  6.94127943e+00  1.52617154e+00  3.02034818e+00
  7.01090781e+00  1.78193203e+00  2.07459302e+00
  7.42746644e+00  2.66865301e+00  1.81767754e+00
  7.58468672e+00  2.33017535e+00  2.76496463e+00

molecule   65
  1.00522646e+01  5.44271874e+00  4.18909262e+00
  1.02285605e+01  4.45502760e+00  4.31876504e+00
  9.93937888e+00  3.72536218e+00  4.90116058e+00
  9.41883732e+00  3.16242517e+00  5.56050098e+00
  8.45233537e+00  3.02381681e+00  5.52707027e+00
  8.58926533e+00  2.09697225e+00  5.84403217e+00
  8.47410552e+00  1.52236508e+00  6.70319412e+00
  7.86242519e+00  8.22773758e-01  6.38776453e+00

molecule   66
  1.83845685e+00  2.66122153e+00  7.00621712e+00
  2.30488665e+00  3.35073840e+00  7.64202596e+00
  3.29508152e+00  3.33009710e+00  7.52430201e+00
  3.76802203e+00  4.18296999e+00  7.65276059e+00
  3.87779318e+00  5.04085074e+00  7.21333353e+00
  3.90144083e+00  5.70038974e+00  7.96192801e+00
  4.81018650e+00  6.06677171e+00  7.85854362e+00
  4.86453064e+00  5.60866950e+00  6.96565726e+00

molecule   67
  5.73453791e+00  6.12871085e+00  6.49220175e+00
  6.69231209e+00  6.42605487e+00  6.34990429e+00
  5.94201131e+00  7.08353843e+00  6.15337911e+00
  6.76319030e+00  7.32798095e+00  6.61077284e+00
  7.63388912e+00  7.75265022e+00  6.87905281e+00
  7.41574623e+00  6.89786591e+00  7.41991269e+00
  7.70011187e+00  6.26793412e+00  6.68593589e+00
  8.26162203e+00  6.63565467e+00  5.94816136e+00

molecule   68
  8.30238612e+00  4.45056787e+00  2.02398335e+00
  7.47428419e+00  3.91078885e+00  2.18751443e+00
  7.12453080e+00  4.87986365e+00  2.18693781e+00
  7.71094557e+00  5.66670799e+00  1.96664352e+00
  8.24889549e+00  6.42802612e+00  1.58908700e+00
  8.06199796e+00  7.28835655e+00  2.07714405e+00
  7.87555431e+00  7.07096199e+00  3.03686985e+00
  8.09794208e+00  7.83714481e+00  3.64169804e+00

molecule   69
  4.84584747e+00  9.89334142e+00  2.47321747e+00
  4.25443739e+00  9.78878690e+00  3.26158417e+00
  4.76438277e+00  1.03124585e+01  3.89327728e+00
  5.26593518e+00  6.33318666e-01  4.28242823e+00
  5.50755374e+00  2.98443785e-01  3.32291294e+00
  5.75321551e+00  1.23916320e+00  3.23180399e+00
  5.78609757e+00  1.35463037e+00  2.23467994e+00
  6.42152752e+00  1.19203513e+00  1.48771328e+00

molecule   70
  3.22683915e+00  7.34804139e+00  5.95800300e+00
  3.45769044e+00  6.35962765e+00  6.04409142e+00
  3.51925094e+00  6.36931835e+00  5.05831625e+00
  4.27012696e+00  6.75369325e+00  4.46542474e+00
  4.17525517e+00  7.54655117e+00  5.10451788e+00
  5.09130936e+00  7.63002187e+00  5.53249179e+00
  6.00840687e+00  7.52000666e+00  5.04464826e+00
  5.42108677e+00  7.02935636e+00  4.40347688e+00

molecule   71
  1.80396031e+00  7.93721550e+00  7.27022464e+00
  1.35720540e+00  8.77354203e+00  6.97387652e+00
  2.08379424e+00  8.99532042e+00  6.37301163e+00
  3.04739821e+00  9.01721886e+00  6.41365227e+00
  3.37695338e+00  9.37405580e+00  5.54192811e+00
  4.09328878e+00  8.72058802e+00  5.53440095e+00
  4.99563491e+00  8.57861995e+00  5.09443764e+00
  5.74747258e+00  8.44059268e+00  4.51102438e+00

molecule   72
  9.48925080e-01  7.47800095e+00  1.56309304e-02
  1.01058159e+00  7.92109838e+00  8.73442851e-01
  1.87414890e+00  7.40439820e+00  8.92681635e-01
  2.86384976e+00  7.43395043e+00  1.00493330e+00
  3.52240966e+00  7.93140153e+00  4.10436425e-01
  3.70833814e+00  7.63211598e+00  9.96225001e+00
  2.83178746e+00  8.03808654e+00  1.01257492e+01
  1.84652529e+00  7.94286214e+00  1.04230412e+01

molecule   73
  8.54231099e+00  5.58509061e+00  9.39922090e+00
  8.31703853e+00  4.85792901e+00  1.00853196e+01
  9.29643786e+00  4.82457068e+00  9.83696215e+00
  9.25539914e+00  4.12251795e+00  6.77529763e-02
  8.88637555e+00  4.57178558e+00  8.92782311e-01
  7.94936342e+00  4.18437472e+00  8.80682920e-01
  7.99617273e+00  5.12341950e+00  1.13341421e+00
  7.53971836e+00  5.91445644e+00  8.59259863e-01

molecule   74
  5.26275790e+00  2.38821676e+00  7.18143726e+00
  5.53828648e+00  1.52919580e+00  7.63933340e+00
  4.62421556e+00  1.51380407e+00  8.03290286e+00
  3.97528782e+00  2.20878457e+00  7.70513004e+00
  4.25554727e+00  1.56819533e+00  7.01846498e+00
  4.23228402e+00  2.25720502e+00  6.24754974e+00
  3.95164519e+00  3.02045954e+00  5.70554978e+00
  3.84390800e+00  2.86410113e+00  4.74835755e+00

molecule   75
  9.13014223e-01  2.08832112e+00  7.42717212e+00
  4.17652244e-01  2.39979406e+00  6.60621671e+00
  1.65728586e-01  2.60401997e+00  5.68423452e+00
  5.20700379e-01  3.29945201e+00  5.00323434e+00
  7.27801059e-01  3.52233937e+00  4.04485924e+00
  1.49115419e+00  4.18967479e+00  4.30409038e+00
  1.19554671e+00  4.54248109e+00  3.45629341e+00
  7.79338598e-01  5.22344920e+00  4.01876439e+00

molecule   76
  4.66512639e+00  3.53894714e-01  1.25249658e+00
  4.16432350e+00  3.96570216e-01  2.08443361e+00
  4.90669532e+00  7.92939384e-01  2.63467139e+00
  4.30053586e+00  7.47894627e-01  3.45667637e+00
  4.57197231e+00  1.48840957e+00  4.01935442e+00
  4.68417100e+00  2.11882336e+00  4.76336384e+00
  5.45932783e+00  2.05254292e+00  4.14283876e+00
  6.02374627e+00  2.75534623e+00  4.60406878e+00

molecule   77
  2.09147966e+00  2.79429046e-01  7.55056893e+00
  2.28195221e+00  1.11785973e+00  8.03512189e+00
  2.56136319e+00  2.00968453e+00  7.80905516e+00
  2.96546478e+00  2.36018655e+00  7.01936077e+00
  2.40931437e+00  1.62533037e+00  6.59833070e+00
  2.83274463e+00  8.05088634e-01  6.21576088e+00
  3.58532112e+00  1.44095428e+00  6.29449324e+00
  3.89544217e+00  4.82323553e-01  6.32906878e+00

molecule   78
  3.99972875e+00  5.67384147e+00  5.83056995e-01
  3.66679699e+00  4.80129536e+00  3.33022660e-01
  3.87343040e+00  3.87803095e+00  5.74515578e-01
  3.16171383e+00  3.29914111e+00  1.69385955e-01
  2.55452388e+00  3.65703111e+00  9.97374126e+00
  1.89186913e+00  3.50923448e+00  9.26721859e+00
  2.17536455e+00  2.78633055e+00  8.60405037e+00
  2.43164264e+00  1.83266499e+00  8.79467048e+00

molecule   79
  7.30677658e+00  5.27342173e+00  6.19300171e+00
  7.42174034e+00  5.29598952e+00  7.20542383e+00
  7.09889541e+00  5.67700862e+00  8.09987840e+00
  7.03109227e+00  4.67475489e+00  8.30363611e+00
  6.35831497e+00  4.47892876e+00  7.58551293e+00
  7.18392268e+00  3.92449465e+00  7.45834824e+00
  6.57206888e+00  3.25259571e+00  7.86346418e+00
  7.37635625e+00  3.44023789e+00  8.51805657e+00

molecule   80
  4.85323950e+00  6.28056107e+00  5.36404946e+00
  5.80740183e+00  5.85001133e+00  5.48583345e+00
  6.08591575e+00  5.23708668e+00  4.76641348e+00
  5.99142194e+00  6.13766412e+00  4.26926502e+00
  5.48162345e+00  6.47392408e+00  3.47660444e+00
  5.19334827e+00  7.17416729e+00  2.83312787e+00
  4.70406636e+00  6.86847492e+00  2.04775551e+00
  4.57751323e+00  7.89904285e+00  2.04772334e+00

molecule   81
  1.40265576e+00  1.77421008e+00  8.68336823e+00
  1.14356873e+00  1.16154752e+00  9.43540282e+00
  9.07315249e-01  5.03404131e-01  8.72581089e+00
  6.49063726e-02  2.45520783e-01  9.22585710e+00
  4.17188366e-01  6.31121417e-02  1.01392853e+01
  9.91667276e+00  1.03036541e+01  1.00044938e+01
  9.75397592e+00  9.80391221e+00  4.40261635e-01
  9.61866680e+00  9.36153588e+00  1.31944579e+00

molecule   82
  9.93606627e+00  1.01261939e+01  5.05259400e+00
  9.73457053e+00  6.15279069e-01  5.35224387e+00
  9.59978501e+00  1.19091722e+00  6.10743432e+00
  9.88456581e+00  6.67819783e-01  6.89343443e+00
  8.98598482e+00  3.34626954e-01  6.57079671e+00
  8.73354861e+00  1.03868812e+01  7.48662457e+00
  8.09926710e+00  6.68342722e-01  7.68257169e+00
  8.34392097e+00  1.59128562e+00  7.90907596e+00

molecule   83
  5.74703419e+00  6.93958268e-01  9.60124973e+00
  6.70704513e+00  7.51242599e-01  9.55204747e+00
  6.69677936e+00  1.02851194e+00  8.61983854e+00
  6.36885729e+00  1.92910941e+00  8.34107771e+00
  7.39898858e+00  2.01801305e+00  8.22768403e+00
  7.41109205e+00  1.72114888e+00  9.18228821e+00
  7.84816023e+00  8.27427686e-01  9.16548111e+00
  8.48041689e+00  1.48176031e-01  8.73685974e+00

molecule   84
  1.67990509e+00  2.90143828e+00  1.24249269e+00
  2.13336253e+00  3.72958215e+00  1.51189823e+00
  3.06218991e+00  3.67969854e+00  1.18713707e+00
  2.88232556e+00  4.26834129e+00  2.00992910e+00
  3.36110021e+00  4.77213863e+00  1.34288639e+00
  2.49351515e+00  5.20278020e+00  1.40900042e+00
  2.38394478e+00  5.61262067e+00  5.12307847e-01
  2.63694755e+00  4.99664746e+00  1.02152330e+01

molecule   85
  9.00680743e+00  8.84568307e+00  5.79647496e+00
  9.38094683e+00  8.10238177e+00  5.23745002e+00
  8.55259524e+00  7.77861056e+00  5.62901085e+00
  7.85208747e+00  7.44251418e+00  4.99385697e+00
  7.04720693e+00  7.91373060e+00  5.47424790e+00
  6.86102190e+00  8.72610566e+00  4.90697540e+00
  7.25608006e+00  8.49945719e+00  4.01382062e+00
  7.86830336e+00  8.50840731e+00  4.76408847e+00

molecule   86
  9.90842191e+00  9.23159428e+00  6.16499699e+00
  9.30378382e+00  9.98327031e+00  5.77076646e+00
  8.58253468e+00  9.58222018e+00  6.32262457e+00
  8.83311097e+00  8.74075797e+00  6.77376433e+00
  8.42793966e+00  9.35086828e+00  7.41887812e+00
  8.11004708e+00  9.49310827e+00  8.32768924e+00
  7.23744752e+00  9.61425393e+00  7.84991092e+00
  7.18310273e+00  9.22710303e+00  8.73164019e+00

molecule   87
  1.00825551e+01  7.26294648e+00  1.04506516e+01
  1.00978108e+01  6.65181180e+00  8.06100840e-01
  2.22030577e-01  6.56282999e+00  2.19299525e-02
  9.86656896e+00  6.09771142e+00  1.00433399e+01
  9.21352798e+00  5.93507452e+00  3.22969085e-01
  9.30883733e+00  5.94882796e+00  1.33463095e+00
  8.93776562e+00  5.36400678e+00  2.02277928e+00
  8.82687579e+00  6.17060930e+00  2.59699738e+00

molecule   88
  1.64217033e+00  1.87135315e+00  1.01186592e+01
  2.16818290e+00  1.99889774e+00  5.37404016e-01
  2.63481281e+00  2.56332411e+00  1.18598068e+00
  3.52166403e+00  2.87362490e+00  1.50406301e+00
  4.41900161e+00  2.91360784e+00  9.98129404e-01
  4.43391938e+00  3.55049816e+00  1.72764158e+00
  4.49764375e+00  4.50893922e+00  1.45435763e+00
  4.88051426e+00  4.45897139e+00  5.04701119e-01

molecule   89
  6.74641145e+00  6.94578525e+00  8.69208651e-01
  6.96745076e+00  7.24583728e+00  1.04012498e+01
  7.54078906e+00  7.62699873e+00  6.08451096e-01
  8.10401824e+00  8.40971419e+00  6.12734231e-01
  8.85823232e+00  9.09102441e+00  5.91555109e-01
  8.19074862e+00  9.74729479e+00  9.21766691e-01
  8.72952950e+00  1.01955386e+01  1.60430794e+00
  8.72884858e+00  1.02356169e+01  2.59487398e+00

molecule   90
  2.80679673e+00  3.76787485e+00  8.49839166e+00
  1.96752518e+00  4.19710588e+00  8.13783050e+00
  2.42330518e+00  4.54830130e+00  7.28876907e+00
  2.62831712e+00  5.46164759e+00  7.61030822e+00
  2.42715377e+00  6.10027385e+00  8.42786409e+00
  1.55621647e+00  5.75680733e+00  8.79477966e+00
  2.04464573e+00  5.08556291e+00  9.30907335e+00
  2.92499576e+00  4.59924931e+00  9.27176936e+00

molecule   91
  4.70601242e+00  4.11488212e+00  5.21139636e+00
  5.24226618e+00  4.56025961e+00  4.47338479e+00
  5.59016543e+00  5.26966347e+00  3.84238603e+00
  6.36000030e+00  4.85588225e+00  3.29528400e+00
  5.92265445e+00  4.15655484e+00  3.89877559e+00
  5.28506981e+00  3.43632074e+00  3.66839914e+00
  4.31064277e+00  3.27152298e+00  3.76796121e+00
  4.77093151e+00  3.20636052e+00  4.69961106e+00

molecule   92
  4.95130257e+00  3.63535159e+00  9.35564313e+00
  4.03108579e+00  3.88681631e+00  9.50058782e+00
  4.46003278e+00  4.69935563e+00  9.92502865e+00
  4.80354414e+00  5.50774735e+00  1.04287701e+01
  5.13740078e+00  5.48885311e+00  9.17844983e-01
  4.82660307e+00  5.97178533e+00  1.70518588e+00
  4.93244056e+00  5.70516184e+00  2.64472261e+00
  4.16956641e+00  5.11650191e+00  2.28018331e+00

molecule   93
  9.49627300e+00  5.03475362e+00  7.42821020e+00
  1.01870809e+01  5.38063814e+00  8.00267881e+00
  5.12048559e-01  5.76113964e+00  8.52887809e+00
  8.84134377e-01  6.00643260e+00  7.63491628e+00
  1.54933305e+00  5.55310213e+00  7.02910916e+00
  1.42477521e+00  4.62282834e+00  6.65087834e+00
  1.04243135e+00  4.85630951e+00  5.76658629e+00
  4.65667661e-01  4.03970736e+00  5.88911863e+00

molecule   94
  7.58180206e+00  7.89907156e+00  9.86686607e+00
  6.79224415e+00  8.23323540e+00  9.37380628e+00
  6.73452215e+00  7.74598986e+00  8.55954668e+00
  5.91289198e+00  7.20919227e+00  8.81538832e+00
  5.20811765e+00  6.51768193e+00  8.77933204e+00
  5.19573923e+00  6.33475774e+00  9.77160621e+00
  5.84954841e+00  6.03911699e+00  3.98591220e-02
  6.27795816e+00  5.39215704e+00  9.93738461e+00

molecule   95
  3.42696931e+00  6.36046521e+00  8.77160141e+00
  3.77976225e+00  6.48370598e+00  9.63075026e+00
  3.46620926e+00  6.54278410e+00  1.14673625e-01
  2.56773156e+00  7.01789431e+00  4.29759152e-02
  2.37291391e+00  6.45315621e+00  9.66938531e+00
  2.91774930e+00  5.63374734e+00  9.47161069e+00
  3.81431507e+00  5.29488897e+00  9.57033003e+00
  3.82611535e+00  4.71095813e+00  8.72577922e+00

molecule   96
  8.35203089e+00  4.85258626e-01  3.31611080e+00
  8.14071437e+00  1.02818440e+01  4.05438451e+00
  7.82772127e+00  9.77484932e+00  4.81935130e+00
  7.45978455e+00  1.83499961e-01  5.18221965e+00
  7.09062736e+00  1.02218984e+01  5.97069674e+00
  6.81583464e+00  9.81955048e+00  5.03135472e+00
  6.81447309e+00  1.04526579e+01  4.30917598e+00
  7.43945208e+00  7.80787929e-01  4.19431241e+00

molecule   97
  3.19144175e+00  9.96599213e+00  1.59825850e-01
  3.63759807e+00  9.12210166e+00  4.96540810e-01
  4.00954835e+00  8.59268968e+00  1.02062604e+01
  4.53911997e+00  8.66544863e+00  6.14296549e-01
  5.20914401e+00  8.13321957e+00  2.10386218e-01
  4.52778788e+00  7.41599357e+00  3.50340710e-01
  4.00804245e+00  6.97966886e+00  1.08683706e+00
  3.78326637e+00  6.07300359e+00  1.48886957e+00

molecule   98
  3.91267184e+00  7.25536625e+00  3.40343832e+00
  3.40836632e+00  7.83356110e+00  4.04703418e+00
  3.24703403e+00  8.75635518e+00  4.44374622e+00
  2.71743055e+00  8.37636121e+00  3.63629092e+00
  3.29247093e+00  7.94176856e+00  2.97669836e+00
  2.87062437e+00  7.75429047e+00  2.05193491e+00
  3.33123077e+00  8.59400058e+00  1.80985602e+00
  2.61636514e+00  9.21126988e+00  2.12644264e+00

molecule   99
  9.32581173e+00  2.28316281e+00  8.09347078e+00
  8.54585077e+00  2.82356535e+00  7.91968649e+00
  8.46939461e+00  2.34798670e+00  8.77272425e+00
  8.94179414e+00  1.44347001e+00  8.88625674e+00
  9.53256349e+00  8.50956814e-01  9.44624975e+00
  9.19251735e+00  1.01757714e+00  1.03719471e+01
  8.23185421e+00  1.14938280e+00  1.01866746e+01
  7.59823517e+00  1.26913322e+00  4.16994176e-01
