BOUNDARY

cubic     9.0000000e+00

MOLECULES

species    0
nMolecule  100

molecule   0
  7.91028586e+00  5.49984308e+00  2.25117493e-01
  6.99929400e+00  6.10757029e+00  8.27003125e+00
  6.23553164e+00  6.24605354e+00  7.92908499e+00
  7.36099611e+00  5.82042852e+00  6.91702347e+00
  6.26980553e+00  5.18292549e+00  7.33474564e+00
  5.24406208e+00  5.24501932e+00  7.47005364e+00
  3.82963525e+00  4.41307597e+00  9.05163474e-02
  4.02079709e+00  5.12173684e+00  8.25197704e+00

molecule   1
  3.26472264e+00  2.35342430e-01  1.50725794e+00
  1.52588934e+00  9.43567464e-01  4.54407834e-01
  4.43305911e-01  8.14896693e+00  8.84639687e-01
  7.92366178e+00  7.19360025e+00  1.11609007e+00
  8.48850510e+00  7.52161935e+00  8.96320951e+00
  7.85957043e+00  8.05454638e+00  8.41602338e+00
  7.37641468e+00  8.78766244e+00  8.21811750e+00
  7.97139187e+00  8.03003038e+00  7.48971861e+00

molecule   2
  1.53053176e+00  6.56654883e+00  9.98404359e-01
  5.47303636e-01  5.99740155e+00  1.18966768e+00
  1.88226484e+00  5.57004359e+00  8.35015715e-01
  1.27525865e+00  5.85782976e+00  8.48698159e+00
  1.62367328e+00  5.77811692e+00  8.99067859e+00
  6.24313148e-01  5.57669107e+00  3.72616282e-01
  1.53321822e+00  5.24008167e+00  6.29950155e-01
  1.33637603e+00  5.28380964e+00  1.76290848e+00

molecule   3
  4.23358583e+00  1.56368925e-01  4.01691606e+00
  4.46395713e+00  1.31728470e+00  2.76638380e+00
  4.25752109e+00  8.93672687e+00  1.74972442e+00
  3.83164288e+00  8.96108664e+00  1.21342000e+00
  3.57823898e+00  7.87718996e+00  1.80893155e+00
  3.97426937e+00  7.38627814e+00  8.75946057e-01
  3.95026379e+00  8.03651325e+00  8.43647680e+00
  4.00480902e+00  7.95344520e+00  5.10851645e-01

molecule   4
  4.35340722e+00  8.70431206e+00  6.38692065e+00
  4.99473694e+00  8.37628123e+00  6.25072702e+00
  4.78363854e+00  7.59941262e+00  6.12817025e+00
  6.25611695e+00  7.27793063e+00  4.60501765e+00
  5.17268750e+00  8.10896620e+00  5.41520523e+00
  6.46293861e+00  7.65609192e+00  3.82305273e+00
  4.79429574e+00  1.55343875e-01  3.88562453e+00
  4.56846699e+00  8.85822564e+00  5.46319690e+00

molecule   5
  2.79187874e+00  1.89724021e+00  2.21154813e+00
  2.53158759e+00  1.36537005e+00  3.31690681e+00
  2.29929305e+00  8.90006572e+00  3.18844500e+00
  3.30127881e+00  1.28865519e+00  3.06724818e+00
  2.97564633e+00  2.10617593e+00  3.19309592e+00
  2.59097788e+00  3.12519339e+00  2.76019399e+00
  3.52617220e+00  2.72422672e+00  2.79141866e+00
  2.12835578e+00  1.38436084e+00  3.91156324e+00

molecule   6
  6.12282709e-01  2.19720992e+00  6.63304744e+00
  8.02594223e+00  2.71876700e+00  8.93243699e+00
  7.86300336e+00  1.95535092e+00  8.27847146e+00
  8.98531515e+00  1.75475456e+00  7.55580468e+00
  7.90420138e+00  1.24424440e+00  7.50266191e+00
  8.08148235e+00  4.38947720e-02  6.39947374e+00
  7.23633054e+00  7.65702407e+00  6.83043227e+00
  7.66207728e+00  6.12084042e+00  6.36635164e+00

molecule   7
  1.45551818e+00  7.26093386e+00  8.20408372e+00
  1.74338390e+00  7.04658179e+00  7.89917799e+00
  5.41861018e-01  7.15272620e+00  6.81295783e-01
  8.98278969e+00  6.97203047e+00  9.16103625e-01
  7.78405449e+00  5.40989575e+00  1.28271094e+00
  7.67191156e+00  6.60217885e+00  2.33373281e+00
  1.46028688e-01  8.47333754e+00  2.76238051e+00
  7.99799001e+00  8.73983994e+00  3.03473099e+00

molecule   8
  5.15053286e+00  8.68040948e-01  4.64154851e+00
  4.92810602e+00  3.30840397e-01  6.38635076e+00
  4.61515074e+00  4.91470461e-01  6.82047452e+00
  4.13481659e+00  1.29604028e+00  7.38730650e+00
  3.04874744e+00  1.06748374e+00  7.03901642e+00
  2.07419786e+00  1.14884931e+00  6.37648736e+00
  3.38989571e+00  1.60645531e+00  5.89046269e+00
  5.78963620e+00  1.03955648e+00  4.54834528e+00

molecule   9
  8.92671023e+00  4.45819000e+00  7.77222989e+00
  7.92394587e+00  3.53139719e+00  6.97378157e+00
  8.52561591e+00  5.78726692e+00  7.63220938e+00
  2.18205950e-01  6.15192389e+00  8.42630404e+00
  9.33582870e-01  7.11664035e+00  8.54291844e+00
  1.68295979e+00  5.63555258e+00  8.29848855e+00
  6.66837373e-01  4.85587023e+00  7.70024430e+00
  1.43704045e+00  4.00430903e+00  6.27671769e+00

molecule   10
  3.58848119e+00  1.97956557e+00  6.35575999e+00
  4.45979049e+00  1.53000883e+00  6.22973912e+00
  3.52207463e+00  2.27562749e+00  5.38462509e+00
  4.89320851e+00  2.23355891e+00  5.39875578e+00
  5.68505254e+00  3.12122984e+00  5.78274337e+00
  5.65429953e+00  2.54364999e+00  6.38577651e+00
  6.30749787e+00  2.13991828e+00  6.52267364e+00
  5.42806894e+00  2.25180134e+00  8.07774117e+00

molecule   11
  3.61203659e+00  1.66787749e+00  4.80807350e+00
  4.04449076e+00  2.01712935e+00  5.61090647e+00
  4.67888323e+00  3.02857541e+00  7.44398014e+00
  6.13351155e+00  3.03121355e+00  6.84301553e+00
  7.37929386e+00  4.63731282e+00  8.64543730e+00
  8.97375742e+00  4.67570096e+00  8.94116527e+00
  8.25750956e+00  4.22748649e+00  6.19942692e-01
  2.28727595e-01  3.89843793e+00  1.35481807e+00

molecule   12
  5.63642318e+00  6.42782058e+00  7.30556223e-01
  6.57440815e+00  5.39530363e+00  8.88902668e+00
  7.03407615e+00  5.01367598e+00  6.81474563e+00
  7.22383529e+00  5.36835150e+00  5.16557249e+00
  8.30264949e+00  5.43836084e+00  5.82267896e+00
  7.74037947e+00  4.23201860e+00  5.28841853e+00
  7.43549298e+00  5.97672281e+00  5.67180947e+00
  8.62349649e+00  6.06890025e+00  5.11839342e+00

molecule   13
  7.74801737e+00  6.10552188e+00  7.91692926e+00
  7.99506908e+00  4.54972417e+00  7.39096172e+00
  7.00101023e+00  5.11741408e+00  7.79022227e+00
  6.78885758e+00  5.30982386e+00  5.68267497e+00
  6.82586066e+00  6.13915153e+00  5.70085819e+00
  6.76600196e+00  6.07472722e+00  6.01137740e+00
  6.29162171e+00  6.55565116e+00  6.84236248e+00
  6.02752553e+00  6.36249485e+00  7.39088519e+00

molecule   14
  5.91967485e+00  5.54744377e+00  1.31408800e+00
  7.09603176e+00  4.68813058e+00  6.72496218e-01
  5.43769122e+00  5.08475511e+00  7.97451055e-01
  4.90414414e+00  4.68435645e+00  1.00965084e+00
  4.77007858e+00  4.56079965e+00  2.54944166e+00
  6.32374258e+00  4.32662848e+00  3.02711883e+00
  7.03524011e+00  5.10757145e+00  3.01325106e+00
  8.12455969e+00  5.35755235e+00  3.73354351e+00

molecule   15
  3.86427139e+00  2.59053241e+00  5.78145433e-01
  4.01218033e+00  2.01067060e+00  3.00953905e-01
  4.32375949e+00  3.02234141e+00  8.86451497e+00
  4.69792487e+00  3.13363060e+00  8.76087630e+00
  4.23185417e+00  3.75175580e+00  3.72333808e-01
  4.00956391e+00  3.67203479e+00  8.11460700e+00
  4.23618268e+00  4.23641402e+00  8.47142915e+00
  3.80238448e+00  3.51217937e+00  8.38505283e+00

molecule   16
  6.71675422e+00  2.75524329e+00  7.58952706e+00
  8.18550263e+00  2.49915335e+00  6.33033060e-01
  7.06662669e+00  2.52248331e+00  8.61362549e+00
  5.93553176e+00  2.21575313e+00  7.44972736e+00
  7.27322379e+00  1.93530492e+00  5.88437425e+00
  7.61428171e+00  2.77991549e+00  5.45818600e+00
  8.00089355e+00  1.92566025e+00  4.79682307e+00
  8.74999593e+00  1.11421040e+00  4.31588492e+00

molecule   17
  3.02866548e+00  4.46573964e+00  3.54521694e+00
  3.47374596e+00  4.96572578e+00  5.12246643e+00
  3.36559431e+00  3.43954233e+00  4.54991477e+00
  3.12613702e+00  4.01031359e+00  6.03420143e+00
  4.50325071e+00  3.14804807e+00  6.21681591e+00
  4.22643547e+00  3.54150783e+00  6.70857224e+00
  3.88270321e+00  2.31351154e+00  7.14053406e+00
  4.72879285e+00  2.57224024e+00  6.73138093e+00

molecule   18
  7.69221582e-01  2.54112363e+00  8.05755228e+00
  4.23314164e-01  3.37829577e+00  7.55859270e+00
  1.81653331e+00  2.14667176e+00  7.47911419e+00
  2.19306006e+00  3.13196085e+00  8.02801996e+00
  1.42479261e+00  3.21974333e+00  6.42566395e+00
  1.00549086e+00  3.68865785e+00  6.45538516e+00
  1.73587476e+00  3.48776704e+00  7.17971373e+00
  4.81377896e-01  2.66687923e+00  4.56061877e+00

molecule   19
  8.71788992e+00  2.58627756e+00  3.52157448e-01
  6.68734137e+00  3.96656540e+00  1.58766943e+00
  8.06430372e+00  4.38730333e+00  1.39236381e+00
  7.47878862e+00  4.93855620e+00  1.98317121e+00
  7.55209385e+00  4.38276098e+00  2.96917748e+00
  7.96890189e+00  5.77414818e+00  3.61863279e+00
  2.37991517e-01  5.89513553e+00  4.09040459e+00
  5.17374329e-01  5.61583440e+00  2.16497358e+00

molecule   20
  2.85681062e+00  7.54151344e+00  3.32973673e+00
  9.28926022e-01  7.94570613e+00  3.72052933e+00
  1.48290557e+00  8.95411980e+00  5.07540599e+00
  1.96070921e+00  8.40108817e+00  5.07044731e+00
  1.36668750e+00  7.72958053e+00  5.69924994e+00
  8.41562992e-01  8.78242769e+00  5.77306964e+00
  8.82091300e+00  7.65781383e+00  6.99608314e+00
  1.34092748e-01  7.58558145e-01  7.63543209e+00

molecule   21
  5.42206865e+00  2.13051069e+00  5.40927786e+00
  4.86030472e+00  3.03095577e+00  5.40424794e+00
  6.08034842e+00  2.79915594e+00  5.93220131e+00
  6.74351278e+00  3.18922050e+00  5.38187298e+00
  6.11332129e+00  2.52945250e+00  4.39691032e+00
  5.42293975e+00  3.66886924e+00  4.27059553e+00
  5.93961374e+00  3.92348199e+00  4.59289146e+00
  6.06943636e+00  2.16114080e+00  3.73228272e+00

molecule   22
  8.34500685e+00  7.82125485e+00  8.40059229e+00
  6.80560936e+00  7.95856710e+00  8.92702979e+00
  5.56889196e+00  7.62349831e+00  7.57431815e+00
  6.34732419e+00  2.82485251e-01  7.97236308e+00
  6.14851771e+00  6.30239106e-01  8.21499882e+00
  6.82759191e+00  1.67328727e+00  7.11453864e+00
  6.16280180e+00  4.35312371e+00  6.49053258e+00
  4.56540087e+00  3.45469063e+00  5.68679250e+00

molecule   23
  8.38137799e+00  7.54572113e+00  7.59139276e+00
  6.75097990e+00  8.41650205e+00  8.18771994e+00
  7.70377338e+00  7.69734174e+00  8.41131735e+00
  3.53674016e-01  7.73182564e+00  8.10579651e+00
  1.10751860e-01  7.10771032e+00  8.95873107e+00
  8.29960906e-01  8.97387087e+00  8.13717065e+00
  1.38308735e+00  8.50593405e+00  7.20561023e+00
  1.03017269e+00  6.94270468e+00  6.70005220e+00

molecule   24
  7.16387647e+00  6.22714599e-01  2.84671880e+00
  5.74125605e+00  8.46501485e+00  4.64291335e+00
  5.91002003e+00  8.76529860e+00  5.11864450e+00
  6.39088701e+00  6.87305280e+00  5.28580592e+00
  7.25586534e+00  8.08422210e+00  4.81673142e+00
  7.08731182e+00  8.38372506e+00  2.64521626e+00
  8.60344033e+00  6.86382187e+00  4.22442580e+00
  8.31051625e+00  6.45459907e+00  3.60705433e+00

molecule   25
  4.75293931e+00  8.34075512e+00  5.52413033e+00
  3.87050224e+00  7.71416487e+00  5.28822739e+00
  4.39528223e+00  6.42510315e+00  5.83708340e+00
  5.03908172e+00  7.02814049e+00  4.70820427e+00
  5.40116713e+00  6.68263283e+00  4.21319698e+00
  4.12749543e+00  7.00487076e+00  4.00682629e+00
  3.42769294e+00  6.42724315e+00  4.57702019e+00
  3.10403014e+00  7.37495005e+00  4.65027556e+00

molecule   26
  3.81853289e+00  3.55183272e+00  5.72242731e+00
  4.73341907e+00  2.68434754e+00  3.42285237e+00
  5.48603932e+00  2.31388768e+00  2.71499488e+00
  5.90758823e+00  2.91239953e+00  3.61102711e+00
  5.44758222e+00  2.57492183e+00  3.54941988e+00
  3.89614611e+00  1.92843470e+00  4.28046802e+00
  4.38722361e+00  1.11190683e+00  4.24559026e+00
  3.54529839e+00  3.11582213e-01  3.49326450e+00

molecule   27
  7.61496831e+00  5.30423332e+00  2.91577262e+00
  8.04240953e+00  3.25843718e+00  3.47152046e+00
  7.42742052e+00  4.56365952e+00  4.24550814e+00
  7.54481924e+00  3.94165456e+00  3.81738221e+00
  6.30798123e+00  4.71628105e+00  3.40102471e+00
  4.26565817e+00  3.98135881e+00  2.67815592e+00
  4.31217972e+00  5.51470335e+00  1.73183164e+00
  4.11210529e+00  4.84011733e+00  2.58067769e+00

molecule   28
  6.16622184e+00  6.61436198e-01  2.44546848e+00
  5.73257223e+00  8.77638592e+00  3.00731074e+00
  5.99401200e+00  2.67993830e-01  1.31072017e+00
  5.17251472e+00  7.84713744e+00  4.71335397e-01
  5.30409555e+00  8.79039754e+00  4.29863009e-01
  5.10228439e+00  5.02343328e-01  8.96394100e+00
  4.81124191e+00  8.43505837e+00  8.61516319e+00
  4.51571198e+00  8.30171402e+00  7.57181347e+00

molecule   29
  9.85349831e-01  6.00811446e+00  2.92372932e+00
  7.89543491e-01  5.33899981e+00  2.99295504e+00
  2.08633786e+00  5.71188762e+00  2.27561161e+00
  2.50065136e+00  5.67305581e+00  3.15536838e+00
  3.18856281e+00  5.45158423e+00  3.76832058e+00
  4.04490010e+00  4.50237129e+00  3.67402282e+00
  3.31276021e+00  4.75962703e+00  4.37774840e+00
  3.46986967e+00  3.84627165e+00  4.21191904e+00

molecule   30
  1.54551287e+00  2.64948192e+00  3.24951494e+00
  2.25372143e+00  3.90641764e+00  3.96888075e+00
  2.50327967e+00  4.29838944e+00  2.67799070e+00
  3.18684322e+00  3.94554483e+00  2.58961700e+00
  2.27895180e+00  5.38506609e+00  1.87795620e+00
  3.09359683e+00  7.15120010e+00  7.39250241e-01
  3.55507343e+00  6.52196500e+00  1.19434098e-01
  3.31057073e+00  5.67595968e+00  8.53092722e+00

molecule   31
  3.66451021e-01  6.40265067e+00  5.81323328e+00
  1.07643540e+00  6.97470212e+00  5.45436420e+00
  2.58479030e+00  5.52146056e+00  5.38894656e+00
  3.47175463e+00  5.67679805e+00  5.45624352e+00
  2.21721732e+00  6.28276447e+00  5.68065211e+00
  2.01167264e+00  6.04067300e+00  6.37218636e+00
  2.87444292e+00  6.72409278e+00  7.22155374e+00
  3.83123100e+00  6.26440037e+00  7.26310698e+00

molecule   32
  3.21528944e+00  7.63087030e+00  1.59813436e+00
  2.26386432e+00  7.87685899e+00  1.00968862e+00
  2.28716701e+00  8.59923552e+00  1.07636176e+00
  2.53772356e+00  7.61441668e+00  8.91712159e+00
  1.68601096e+00  7.48752396e+00  8.68504545e+00
  1.87837778e+00  2.55569088e-01  6.92726825e+00
  1.91284208e+00  7.83663657e+00  7.12487825e+00
  9.35129268e-01  7.80116605e+00  5.31562999e-02

molecule   33
  5.56639889e+00  7.38720165e+00  6.49540036e+00
  5.14658848e+00  7.07790276e+00  7.04059635e+00
  4.89340562e+00  7.60822861e+00  7.58722931e+00
  4.76886815e+00  7.65732504e+00  6.78154370e+00
  2.87930289e+00  7.24603838e+00  6.92263422e+00
  2.08962107e+00  7.30079853e+00  6.35557501e+00
  1.60545469e+00  6.81106279e+00  6.78626818e+00
  1.63807458e+00  8.06337113e+00  7.54120310e+00

molecule   34
  7.15474994e-01  8.46939501e+00  7.82576382e+00
  1.90033176e-01  9.29210417e-01  6.05942465e+00
  7.72295294e+00  8.94189422e+00  7.15859492e+00
  8.61209003e+00  8.50457942e-01  7.38512810e+00
  8.15810544e+00  8.19135182e-01  6.72693419e+00
  7.43291723e+00  5.39436380e-01  5.74454404e+00
  6.75280480e+00  9.96585497e-01  6.05621232e+00
  7.79624624e+00  1.28216148e+00  6.70625404e+00

molecule   35
  4.50504266e-01  1.34571755e+00  7.23788624e+00
  1.03407541e+00  1.83086809e+00  7.11350454e+00
  1.44226059e+00  2.04926711e+00  6.85979814e+00
  1.55171806e+00  1.38651803e+00  6.54354992e+00
  2.01831363e-01  8.62345421e+00  6.55176252e+00
  8.69011053e+00  8.61979848e+00  6.86043831e+00
  7.64492102e+00  7.81060433e+00  6.64955750e+00
  7.87420309e+00  7.96681819e+00  6.31867269e+00

molecule   36
  3.83727192e+00  6.23850978e+00  4.71578603e+00
  2.78636110e+00  6.56647290e+00  2.83675403e+00
  2.94004600e+00  8.34495486e+00  2.63946013e+00
  1.94882716e+00  8.26640020e+00  1.95409200e+00
  1.75409076e+00  7.16907732e+00  1.34039058e+00
  1.07321996e+00  7.16707551e+00  1.42532003e+00
  1.32149110e+00  6.70437481e+00  2.55077173e-01
  1.27222251e+00  7.56452860e+00  1.02659519e+00

molecule   37
  8.10454642e+00  4.48286681e+00  4.90114374e+00
  8.40566871e+00  4.75039178e+00  3.42650810e+00
  8.84448491e+00  3.32570878e+00  2.91276172e+00
  1.48462660e-01  3.21610668e+00  4.07567187e+00
  4.17389844e-02  3.17155018e+00  2.92822771e+00
  2.10911485e-01  3.43094672e+00  3.55668643e+00
  5.71042304e-01  4.50604134e+00  4.25750314e+00
  3.85470648e-01  4.40127192e+00  3.05040936e+00

molecule   38
  7.65048930e+00  2.25973654e+00  1.57745452e+00
  8.92724036e+00  2.11557539e+00  1.92184377e+00
  8.20608521e+00  1.18657906e+00  2.21502596e+00
  6.83472954e+00  1.35190072e+00  1.44268210e+00
  7.01877728e+00  3.40683675e-01  6.75261485e-01
  7.87670188e+00  1.05298162e+00  7.60916093e-01
  7.51997950e+00  7.24826241e-01  9.44441892e-01
  7.38320336e+00  7.99975127e+00  1.06164262e+00

molecule   39
  4.20938590e+00  1.00526830e+00  5.79909827e+00
  2.65500537e+00  1.47975318e+00  4.55611743e+00
  1.84092069e+00  8.98194747e+00  2.81422555e+00
  2.31687248e+00  9.88423196e-01  2.18537238e+00
  6.62329834e-01  2.39672047e+00  1.54556232e+00
  1.20721852e+00  3.55843904e+00  1.98027002e+00
  7.00255647e-01  1.87153350e+00  1.41555696e-01
  2.12676819e-01  9.55197378e-01  8.23979753e+00

molecule   40
  2.24524838e+00  6.49711960e+00  1.10877905e+00
  3.21475245e+00  5.31561517e+00  9.84082282e-01
  3.11868779e+00  5.07909721e+00  1.57773366e+00
  3.17856314e+00  5.55483611e+00  2.36098536e+00
  3.27377886e+00  4.94290401e+00  2.91829821e+00
  2.55070640e+00  5.01074578e+00  2.63215882e+00
  1.72128165e+00  4.69270833e+00  3.33975595e+00
  8.98099119e+00  5.70469678e+00  3.53073260e+00

molecule   41
  7.68845546e+00  3.81514813e+00  7.88708884e+00
  8.87191463e+00  3.84717780e+00  8.04270481e+00
  6.71964501e+00  4.59349551e+00  7.99838526e+00
  6.11039754e+00  3.57258433e+00  7.33941208e+00
  5.17764259e+00  3.33245898e+00  7.00413718e+00
  3.63395895e+00  4.42920612e+00  7.98729124e+00
  3.31713287e+00  4.01543145e+00  7.23254683e+00
  3.42091441e+00  2.51094184e+00  8.15505898e+00

molecule   42
  2.64808818e+00  8.16141239e+00  2.21279045e+00
  2.47694386e+00  7.25711884e+00  1.82759567e+00
  1.68472766e+00  2.40699895e-01  8.38514823e-01
  1.02525285e+00  1.63095148e+00  1.91051036e+00
  8.56461412e+00  8.65871153e+00  2.18834348e+00
  7.74085793e+00  2.80345574e-01  2.05390608e+00
  6.31246887e+00  5.91852074e-02  2.20523433e+00
  5.61408126e+00  2.61043673e-01  2.28774505e+00

molecule   43
  2.30550804e+00  1.63765206e+00  5.52265185e+00
  2.69279035e+00  1.49020262e+00  4.69166138e+00
  4.31247021e+00  8.85900200e-01  4.98914107e+00
  4.33942653e+00  2.76314248e+00  5.61718302e+00
  3.91087916e+00  3.51175808e+00  4.90949314e+00
  2.52212322e+00  4.36058679e+00  4.83225663e+00
  2.62210672e+00  5.29124459e+00  4.61521350e+00
  2.56400019e+00  5.92854362e+00  4.43288489e+00

molecule   44
  1.66882310e+00  1.80957839e+00  4.85619095e+00
  1.47439160e+00  2.07052339e+00  5.22353548e+00
  1.88749092e+00  1.61573234e+00  5.63427478e+00
  2.27082675e+00  1.05540331e+00  5.79366635e+00
  2.62151004e+00  3.49290291e+00  4.85217133e+00
  2.21599757e+00  2.61601827e+00  4.64996505e+00
  1.98777470e+00  2.65409614e+00  4.02735305e+00
  1.38012911e+00  6.18203881e-01  4.88121994e+00

molecule   45
  1.02989269e+00  6.09637011e+00  4.24789596e+00
  1.92570524e+00  5.28264168e+00  4.62403284e+00
  1.79912194e+00  4.58732002e+00  5.80271721e+00
  8.63041018e-01  3.19623679e+00  6.42793293e+00
  7.70719692e-01  4.03431372e+00  6.16196975e+00
  2.07764380e+00  3.62175808e+00  6.12222630e+00
  3.09289301e+00  4.45812262e+00  5.58447680e+00
  3.29966398e+00  4.97736427e+00  4.31264629e+00

molecule   46
  8.83447758e+00  1.41736778e+00  2.55452840e-01
  7.75296468e+00  1.98057188e+00  2.34689288e+00
  7.14543904e+00  2.22487494e+00  1.60688949e+00
  7.12865827e+00  3.04734596e+00  1.54024778e+00
  7.37337272e+00  3.48557826e+00  8.51279794e+00
  8.73051024e+00  2.87125262e+00  8.21900181e+00
  2.46574025e-01  2.94681479e+00  7.51572987e+00
  8.09212162e-02  2.86056271e+00  6.99298468e+00

molecule   47
  6.52420213e+00  4.66477995e-01  6.85649424e+00
  6.80826719e+00  8.96015930e+00  5.14034348e+00
  5.57029231e+00  1.28033632e+00  5.52173522e+00
  6.16958428e+00  8.23720248e-01  5.22548405e+00
  4.84081357e+00  8.99082270e+00  4.62052161e+00
  4.91966942e+00  6.72476528e-01  4.17129748e+00
  4.82995564e+00  1.94372694e+00  4.62726306e+00
  5.45807660e+00  3.06501842e+00  4.96100298e+00

molecule   48
  3.34198432e+00  8.38830673e+00  3.68787350e+00
  3.76814035e+00  8.61166503e+00  5.44105907e+00
  3.32508006e+00  7.94643530e+00  4.41431397e+00
  2.41439728e+00  8.40824872e+00  5.01183764e+00
  3.03227656e+00  8.50823833e+00  5.88283731e+00
  3.25411742e+00  7.32742663e+00  5.72106123e+00
  2.50915431e+00  8.60451694e+00  7.09977401e+00
  1.88047763e+00  7.50733507e+00  5.21747484e+00

molecule   49
  6.70012500e-01  1.15740468e+00  4.36371021e+00
  2.81208256e+00  9.31777473e-01  4.07812062e+00
  3.87892116e+00  4.82665994e-01  4.52831249e+00
  3.61906650e+00  8.99884672e+00  4.46849689e+00
  2.86284372e+00  8.02463910e-01  4.34720913e+00
  2.39432879e+00  3.93156353e-01  3.86866467e+00
  2.80095695e+00  1.06146830e+00  5.48214088e+00
  2.75860297e+00  9.25970407e-02  5.02680334e+00

molecule   50
  3.55635463e+00  6.39917154e+00  3.14962888e+00
  3.25658851e+00  6.74599326e+00  2.28204536e+00
  3.80862858e+00  6.38128581e+00  1.02027486e+00
  4.38258816e+00  4.70799317e+00  9.70026247e-01
  4.12098000e+00  3.92711832e+00  4.88203464e-01
  4.24345528e+00  5.27607991e+00  9.04898890e-01
  5.12491627e+00  5.29943337e+00  2.38815042e+00
  5.60365277e+00  5.15092896e+00  3.51629867e+00

molecule   51
  5.86328419e-01  1.83843331e+00  5.78417597e+00
  8.49493896e+00  2.55437576e+00  5.68397446e+00
  7.53208890e+00  3.79389681e+00  5.16339292e+00
  7.12396031e+00  2.86383166e+00  4.51979221e+00
  7.78712021e+00  2.20529729e+00  3.86315088e+00
  7.54966413e+00  1.25446858e+00  5.11390231e+00
  7.42103224e+00  1.45100018e+00  5.54973087e+00
  8.32820160e+00  3.17980146e+00  5.69009206e+00

molecule   52
  2.88884375e+00  1.47911487e+00  7.94474085e+00
  3.70805867e+00  1.14530793e+00  8.71642205e+00
  3.52667826e+00  8.76104621e+00  8.68925525e+00
  4.20205409e+00  2.59329888e-01  8.73755291e+00
  5.92414956e+00  8.64592310e+00  8.48550908e+00
  5.35589486e+00  6.42561187e-02  8.44792867e+00
  4.90998230e+00  8.69593279e+00  7.51198492e+00
  4.06710395e+00  1.91286126e-01  7.37584148e+00

molecule   53
  5.42492187e+00  5.96348222e-01  5.68767457e+00
  4.40147153e+00  1.42575144e+00  5.32038612e+00
  4.65060100e+00  1.68852560e+00  7.11040056e+00
  2.92368442e+00  1.45605753e+00  6.56076033e+00
  3.25064948e+00  7.28031194e-01  5.70986217e+00
  2.29535600e+00  5.81705875e-02  6.18903674e+00
  3.82301682e+00  1.20219692e+00  6.52890553e+00
  2.32454218e+00  1.12109071e+00  8.08536427e+00

molecule   54
  4.43460657e+00  2.59747005e+00  4.46749160e+00
  3.78063995e+00  3.35390631e+00  3.85028198e+00
  4.47455095e+00  3.39000993e+00  4.38146158e+00
  3.93575527e+00  2.12073183e+00  4.53476192e+00
  3.22330172e+00  3.22761277e+00  3.19933357e+00
  2.54369628e+00  3.34993297e+00  3.77471673e+00
  2.17954056e+00  9.43802977e-01  4.92281396e+00
  2.60675568e+00  2.12385493e-02  4.57187643e+00

molecule   55
  7.22213166e+00  7.32909994e+00  5.94534444e+00
  6.46131675e+00  8.92551669e+00  4.01251118e+00
  7.46726447e+00  8.70293442e+00  3.38043001e+00
  7.71456167e+00  1.19159057e+00  3.15733244e+00
  8.13240552e+00  2.77528094e+00  2.30645881e+00
  7.68515554e+00  3.92446490e+00  2.90287317e+00
  7.46821588e+00  2.53571485e+00  2.98290732e+00
  5.47028212e+00  2.62532250e+00  1.74954516e+00

molecule   56
  5.91560778e+00  4.12174182e+00  5.57576167e+00
  6.56706004e+00  3.50010736e+00  5.59285217e+00
  7.13475993e+00  4.39562277e+00  6.10037671e+00
  5.85183547e+00  5.50450014e+00  5.88221608e+00
  5.34708607e+00  5.39086363e+00  5.65489884e+00
  5.27002571e+00  5.29164834e+00  6.38801341e+00
  5.25303769e+00  4.40712632e+00  6.95027166e+00
  5.68200494e+00  3.79990200e+00  8.22384261e+00

molecule   57
  2.87730747e+00  6.11252622e+00  2.83347760e+00
  7.06577555e-01  4.42423599e+00  1.92554688e+00
  8.76483986e+00  4.77137988e+00  8.09487888e-01
  7.12133106e+00  6.15557663e+00  3.10578632e-01
  7.12597125e+00  7.34163759e+00  8.96625535e+00
  6.95006828e+00  6.86368036e+00  1.37056786e+00
  7.01190910e+00  6.16567363e+00  5.70207139e-01
  6.22814150e+00  7.33517289e+00  7.30900533e+00

molecule   58
  8.25816938e-02  6.46275080e+00  2.94571186e+00
  7.97751144e+00  7.02524835e+00  2.42935748e+00
  8.59061498e+00  6.81363643e+00  1.78818951e+00
  8.00357439e+00  6.40552033e+00  1.79235014e+00
  6.94543012e+00  7.79318171e+00  1.79464828e+00
  8.17429680e+00  8.75992527e+00  1.48934833e+00
  8.85130560e+00  7.75589159e+00  1.51814467e+00
  4.02273210e-01  8.34392720e+00  2.50613903e+00

molecule   59
  8.46903920e+00  1.23541180e+00  9.27715331e-01
  8.97900746e+00  8.97220894e+00  1.75361247e+00
  8.82773147e+00  5.44277747e-01  2.05797208e+00
  8.78395220e+00  1.12919919e+00  2.50369965e+00
  8.38021212e+00  8.86504997e-01  3.17496433e+00
  6.48480693e+00  8.65699108e+00  3.13603824e+00
  6.67029869e+00  5.99647659e-01  4.40187032e+00
  6.89585537e+00  1.59903097e+00  4.63640945e+00

molecule   60
  3.51866516e+00  4.02062234e+00  3.59105048e+00
  2.95962522e+00  2.59231539e+00  3.90406069e+00
  2.15827686e+00  2.86936725e+00  3.48596707e+00
  1.43967292e+00  2.56773341e+00  2.37644936e+00
  2.05907838e+00  1.75115301e+00  2.14546315e+00
  1.58575899e+00  2.02853995e+00  1.78215693e+00
  6.75090381e-01  2.08843002e+00  7.17190097e-01
  8.20348132e+00  7.64248599e-01  1.33533177e+00

molecule   61
  8.35309538e+00  4.68597551e+00  5.95804435e+00
  8.21521928e+00  4.06412182e+00  4.35443358e+00
  8.08259118e+00  5.00367633e+00  4.67320513e+00
  6.73562237e+00  4.39010321e+00  4.09083147e+00
  5.90067928e+00  4.47531113e+00  4.59426726e+00
  5.38195091e+00  4.60152748e+00  3.99241134e+00
  5.97465865e+00  4.56479157e+00  5.41740209e+00
  4.61472288e+00  4.48896180e+00  5.64148240e+00

molecule   62
  4.31361749e+00  7.67199300e-01  2.78919942e+00
  3.86491576e+00  1.59325838e+00  2.86629782e+00
  4.06481771e+00  8.93020755e+00  3.08881377e+00
  5.86995714e+00  8.27980444e+00  2.73099790e+00
  5.55063538e+00  7.91939554e+00  3.15727948e+00
  5.44230321e+00  6.98320647e+00  1.97653426e+00
  6.01501232e+00  7.37064820e+00  1.71839376e+00
  6.27161888e+00  6.83178527e+00  1.59637956e+00

molecule   63
  3.36395775e+00  3.39151320e+00  6.58458627e+00
  2.95853800e+00  2.99425781e+00  6.49250658e+00
  2.77363390e+00  3.42724580e+00  5.91098912e+00
  2.50118034e+00  3.26081131e+00  6.68124331e+00
  2.51050582e+00  2.66226317e+00  7.53311614e+00
  2.03569590e+00  2.30115566e+00  8.68467319e+00
  2.40296535e+00  2.63108256e+00  9.70838064e-01
  2.58373853e+00  1.35784337e+00  7.99250952e-01

molecule   64
  6.81804424e+00  2.46359575e+00  3.77017085e-01
  7.68569391e+00  2.85107048e+00  2.12277396e-01
  7.66071787e+00  1.50887301e+00  1.13565733e-01
  7.85785132e+00  1.51681568e+00  3.19942676e-01
  2.38287911e-01  2.22119800e-01  1.04527510e+00
  7.79248601e+00  1.74830447e-01  8.97192459e+00
  6.94727025e+00  3.27798179e-01  8.28166104e+00
  7.19287953e+00  1.10905613e+00  8.05308025e+00

molecule   65
  8.99275576e+00  6.80003253e+00  7.11791418e+00
  1.39159162e+00  7.62110112e+00  6.82819411e+00
  3.89849477e-01  7.37781970e+00  7.35342765e+00
  8.63995773e-01  7.92443216e+00  8.05745144e+00
  1.21917737e+00  1.40394886e-01  8.27229097e+00
  7.56502744e-01  8.89243468e+00  1.30434326e-01
  5.61984314e-01  8.58708498e+00  1.43177509e+00
  4.53014703e-01  7.67501241e+00  1.45437880e+00

molecule   66
  2.83750285e+00  7.45785216e+00  8.02095981e+00
  2.39244247e+00  7.40985734e+00  8.53721933e+00
  8.92399287e+00  7.75610570e+00  4.45401824e-01
  8.21459927e+00  8.01576944e+00  4.04142071e-01
  8.47436441e+00  7.61315928e+00  1.25774963e+00
  8.60746543e+00  6.06078666e+00  8.65961226e-01
  8.43429041e+00  4.81795440e+00  3.07985269e-01
  8.15870953e+00  4.46228144e+00  8.96781492e+00

molecule   67
  4.66792000e-03  4.15104583e+00  2.20173206e+00
  7.73289041e-02  4.19410357e+00  1.86569926e+00
  8.35874102e+00  3.93712048e+00  1.34581773e+00
  7.70925884e+00  2.83433817e+00  9.33489764e-01
  7.73577345e+00  3.46116711e+00  6.73741489e-01
  7.13810251e+00  3.67344625e+00  4.43344176e-01
  6.31635149e+00  4.09290938e+00  1.78316543e-01
  6.92840081e+00  5.51435510e+00  2.05485302e+00

molecule   68
  8.22522046e+00  5.67848790e+00  3.05163127e+00
  7.62971553e+00  4.34071787e+00  1.96135332e+00
  8.53668651e+00  4.27426114e+00  2.73342322e+00
  1.52036808e-02  3.35674788e+00  2.01915799e+00
  8.87723832e+00  2.46076792e+00  2.04769772e+00
  3.98470232e-01  2.22828407e+00  8.98105277e+00
  8.01235184e+00  1.71197758e+00  8.56167296e+00
  8.29661674e+00  8.99121899e-01  8.47327228e+00

molecule   69
  4.46585136e+00  3.88162752e+00  4.98614206e+00
  4.29052260e+00  4.97692412e+00  4.16151038e+00
  4.37182804e+00  4.45785605e+00  3.05621633e+00
  3.77579533e+00  5.81399351e+00  2.89593806e+00
  2.03705277e+00  7.08899988e+00  3.01140655e+00
  2.83107406e+00  7.74109582e+00  3.42512266e+00
  2.21102076e+00  7.87426841e+00  2.76730777e+00
  2.91633766e+00  1.92235207e-01  2.48649123e+00

molecule   70
  6.12321410e+00  6.13679868e+00  3.86271439e+00
  6.83742201e+00  6.27235637e+00  4.18683819e+00
  7.66914181e+00  7.50840349e+00  3.84596476e+00
  7.64401059e+00  8.47706198e+00  4.05594706e+00
  7.62627750e+00  6.83615348e+00  3.45424575e+00
  7.74660817e+00  7.73076058e+00  3.49437195e+00
  8.81869857e+00  6.91954481e+00  2.61395465e+00
  3.42264037e-01  6.93068845e+00  1.53836863e+00

molecule   71
  1.08596899e+00  4.91606741e+00  8.80913205e-01
  2.67925156e-01  4.39343293e+00  7.95092985e+00
  7.15376566e-02  6.15805769e+00  7.65602078e+00
  8.01408541e-01  6.44482314e+00  1.07950305e-02
  2.50514698e+00  5.80523787e+00  8.13695715e+00
  2.56845434e+00  6.78710341e+00  7.31165982e+00
  2.19622140e+00  7.43406993e+00  5.54104129e+00
  2.27581273e+00  7.94159437e+00  6.32727216e+00

molecule   72
  3.62123541e+00  4.14047177e+00  3.30183133e-01
  5.02881236e+00  3.67577079e+00  8.38170424e-01
  4.33982328e+00  2.47781419e+00  1.28949282e+00
  4.34567630e+00  2.90968285e+00  1.73177995e+00
  4.89506374e+00  2.06733797e+00  1.71112213e+00
  4.13475644e+00  1.53965601e+00  1.56545202e+00
  4.39462031e+00  7.09771011e-01  2.12264780e+00
  5.16357870e+00  8.88541280e+00  2.01063327e+00

molecule   73
  3.14640069e+00  5.04030429e+00  9.23546950e-02
  2.18249752e+00  4.10139961e+00  2.23771956e-01
  2.35866956e+00  4.91880956e+00  9.32483168e-01
  2.57838901e+00  4.20412754e+00  1.48925579e+00
  3.35371805e+00  3.39734334e+00  1.37862706e+00
  3.77918760e+00  3.29393553e+00  6.42663321e-01
  4.11241215e+00  3.53763809e+00  1.85413749e+00
  3.62968028e+00  4.48808172e+00  1.10114786e+00

molecule   74
  1.18167713e+00  1.73468547e+00  3.36007059e+00
  5.04072937e-01  1.53857720e+00  3.69540952e+00
  1.08780476e+00  8.63775930e+00  3.46842934e+00
  1.58291461e+00  7.51354239e+00  4.57961688e+00
  1.11639232e+00  6.18583361e+00  4.80950387e+00
  2.12923516e+00  6.39297511e+00  4.81747235e+00
  3.27189144e+00  7.19057472e+00  3.77922013e+00
  2.62641626e+00  7.29824766e+00  3.68967328e+00

molecule   75
  5.91964110e+00  4.41309326e+00  1.30099890e+00
  6.43594846e+00  4.84946402e+00  7.45223034e-01
  5.15349440e+00  4.72711185e+00  8.54050486e+00
  5.60913870e+00  3.84032893e+00  8.99118691e+00
  4.59918434e+00  5.17254180e+00  8.97230539e+00
  3.08496427e+00  4.47260099e+00  1.93736433e+00
  2.04404181e+00  4.90252835e+00  2.89071909e+00
  2.85891318e+00  3.05371405e+00  3.12797705e+00

molecule   76
  6.98274705e+00  6.01831848e+00  3.20763047e+00
  5.98421163e+00  6.01787861e+00  2.52587995e+00
  4.58707830e+00  6.42070499e+00  4.27874381e+00
  5.19143502e+00  5.62278475e+00  4.89027356e+00
  4.77919401e+00  5.64276430e+00  4.50745638e+00
  6.00361469e+00  5.49080704e+00  4.60920147e+00
  5.25702924e+00  5.88194793e+00  4.55197783e+00
  5.30441231e+00  3.89794901e+00  6.49244976e+00

molecule   77
  2.08112352e+00  8.46272971e+00  8.79097733e+00
  2.18478160e+00  9.72274342e-01  8.37989427e+00
  2.80336527e+00  8.56644076e-01  8.91086641e+00
  2.01355780e+00  1.37745355e+00  5.88143731e-02
  2.75148268e+00  1.47203640e+00  7.35150430e+00
  2.18445425e+00  1.52965106e+00  8.24409101e+00
  1.97293111e+00  1.27960817e+00  7.29503370e+00
  2.43851499e+00  3.46891546e-01  7.49377398e+00

molecule   78
  4.89372404e+00  6.43530628e+00  2.61311454e-01
  3.85038198e+00  7.15308941e+00  5.42297437e-01
  3.20639414e+00  7.96581501e+00  6.94945922e-01
  4.77479011e+00  7.90306185e+00  1.63964812e+00
  5.48082900e+00  8.16151875e+00  1.86278803e+00
  5.57428891e+00  3.10520204e-01  1.43056741e+00
  6.95351194e+00  7.97649819e-01  9.59890975e-01
  7.36564038e+00  1.87491321e+00  8.79888611e+00

molecule   79
  6.77322038e+00  2.69559351e+00  8.84254674e+00
  7.02604213e+00  2.14846189e+00  1.22988399e+00
  6.50485314e+00  2.37464050e+00  2.51811450e+00
  6.87899042e+00  3.36338136e+00  3.71275052e+00
  5.61153554e+00  4.03363419e+00  3.22517292e+00
  5.53081607e+00  3.82658428e+00  1.41637094e+00
  6.20793035e+00  2.82451542e+00  1.86724911e+00
  6.86962364e+00  1.03913301e+00  1.98338356e+00

molecule   80
  2.70433306e+00  6.30076336e+00  1.84134670e+00
  3.24908670e+00  5.91857679e+00  2.08547922e+00
  3.55105471e+00  4.14707605e+00  1.80525483e+00
  5.81783470e+00  3.53720212e+00  2.09921514e+00
  5.72173357e+00  2.76090179e+00  2.79568083e+00
  5.33163911e+00  1.60871597e+00  3.25929871e+00
  4.66030827e+00  1.80820994e+00  2.45071835e+00
  4.94036824e+00  9.94972150e-01  1.71222563e+00

molecule   81
  3.85698451e+00  7.14042479e+00  5.52050965e+00
  2.89963656e+00  5.92797353e+00  5.87664348e+00
  4.14532986e+00  6.69305420e+00  6.70678797e+00
  3.14335542e+00  5.95812492e+00  7.89049518e+00
  2.63320318e+00  5.33162207e+00  8.88207859e+00
  2.37720172e+00  6.19016110e+00  7.65850076e+00
  3.95774737e+00  7.33976696e+00  7.92827672e+00
  3.43643052e+00  7.07432005e+00  5.89372969e+00

molecule   82
  7.57177126e+00  8.13901983e+00  2.00025412e+00
  7.34204809e+00  1.03463062e+00  1.96029378e+00
  6.46596003e+00  1.94024846e+00  3.01541358e+00
  6.83061783e+00  1.25403532e-01  2.68730571e+00
  7.59538084e+00  8.01543619e+00  1.23629858e+00
  7.60255265e+00  6.23917672e+00  1.19314932e+00
  7.45319181e+00  5.75783405e+00  8.78905701e+00
  8.41645983e+00  5.47348103e+00  8.36213080e+00

molecule   83
  6.81005258e+00  5.11072596e+00  1.56739825e+00
  6.07553138e+00  4.57576378e+00  2.25112724e+00
  4.84361934e+00  6.67537685e+00  1.86025893e+00
  4.22942592e+00  8.30885803e+00  2.25461709e+00
  4.98804374e+00  6.46903695e+00  3.18075644e+00
  3.80037693e+00  5.61241281e+00  3.43765240e+00
  4.46326278e+00  6.46162494e+00  2.76969753e+00
  4.01699154e+00  6.97647260e+00  2.91166337e+00

molecule   84
  1.21002768e+00  2.56443452e-01  1.35957993e+00
  8.98410321e+00  5.42982681e-03  8.97477566e+00
  8.94215500e+00  4.41493238e-01  3.24399859e-01
  8.08353828e+00  7.04871369e-01  8.87192109e+00
  7.44480427e+00  8.58310334e+00  5.46704958e-01
  8.48264026e+00  8.44113351e+00  3.88255909e-01
  1.05174256e+00  7.14394220e+00  7.82261636e+00
  1.19194664e-01  4.23359584e+00  7.04877679e+00

molecule   85
  6.10477334e-01  4.57910196e+00  9.04901324e-01
  1.43426877e+00  4.38541234e+00  8.33681963e+00
  7.66360756e-01  3.51511921e+00  4.84416942e-01
  1.76103301e+00  3.28327448e+00  8.48636436e+00
  8.77940089e+00  3.21670519e+00  8.11422287e+00
  8.15124231e+00  3.51803748e+00  7.78493786e+00
  7.61342460e+00  2.31217229e+00  7.16812067e+00
  7.32118978e+00  3.35771259e+00  5.73449297e+00

molecule   86
  5.08090215e+00  6.56673823e+00  8.41099398e+00
  5.97169460e+00  8.14657700e+00  2.69309334e-01
  4.19345207e+00  6.86804056e+00  8.64188093e+00
  5.80512989e+00  5.69921025e+00  8.25949864e+00
  4.84047037e+00  7.23522981e+00  4.94513614e-01
  5.54994341e+00  6.60694615e+00  8.32065438e+00
  5.51610731e+00  5.91642618e+00  9.09229611e-01
  6.23581340e+00  6.16740277e+00  1.21522846e-01

molecule   87
  8.66008491e-01  8.09830947e-01  3.39754435e+00
  3.08064849e-01  8.77657257e+00  4.33326372e+00
  8.98240437e+00  8.62759585e+00  3.55068823e+00
  6.93453741e+00  8.38096796e+00  3.70925274e+00
  6.69893150e+00  8.91711115e+00  3.83835605e+00
  5.13411705e+00  8.01142799e+00  4.50140458e+00
  4.70109278e+00  7.70634933e+00  4.07660619e+00
  4.34353830e+00  7.98341260e+00  4.68730415e+00

molecule   88
  8.04001986e+00  7.08180290e+00  4.49846270e+00
  8.43018672e+00  7.70665388e+00  5.40348581e+00
  7.28002642e+00  6.60366289e+00  5.20510512e+00
  7.28514589e+00  6.01669022e+00  4.28811001e+00
  8.12283289e+00  6.05638442e+00  5.19434465e+00
  8.73689769e+00  5.29080589e+00  4.25828071e+00
  8.36529834e-02  4.98312999e+00  5.57912105e+00
  1.37659265e-01  4.61428167e+00  6.70665827e+00

molecule   89
  7.14214665e-01  9.41589892e-01  5.41530046e+00
  1.06904830e+00  3.33096186e-01  5.41177988e+00
  5.69504747e-01  5.14393003e-02  4.93211088e+00
  8.16223070e+00  7.77478548e+00  4.85593705e+00
  7.97240269e+00  8.83602115e+00  5.04419291e+00
  5.36996111e-01  7.73276140e+00  5.56665212e+00
  8.68217993e+00  7.73481475e+00  4.90153698e+00
  7.47591160e+00  8.91435391e+00  6.46447848e+00

molecule   90
  8.88401699e+00  1.11119062e+00  3.76845629e+00
  5.89917048e-02  2.42490156e+00  4.31951345e+00
  8.70153341e+00  2.49661566e+00  5.08968092e+00
  8.36202313e+00  1.93088221e+00  6.12938042e+00
  7.74944324e+00  2.90727122e+00  6.33303866e+00
  8.52174243e+00  2.52552275e+00  6.19951729e+00
  7.72802777e+00  2.06717001e+00  6.82396111e+00
  6.69992417e+00  2.85374965e+00  6.21159706e+00

molecule   91
  2.73278555e+00  8.49423205e+00  4.58683243e+00
  1.39175013e+00  7.14799809e+00  3.92172343e+00
  1.07784658e+00  7.50437439e+00  4.32516510e+00
  1.14698722e+00  6.75439349e+00  3.14363546e+00
  1.95091628e+00  5.90830054e+00  2.45163446e+00
  1.85859920e+00  5.49115581e+00  1.71805043e+00
  2.00345530e+00  4.65580530e+00  1.90232018e+00
  1.27790642e+00  3.90839482e+00  1.74454986e+00

molecule   92
  8.34676009e-01  5.16851049e+00  4.49702232e+00
  3.35375019e-01  4.27083918e+00  4.79033534e+00
  5.52475772e-01  4.46881866e+00  5.67550756e+00
  8.72363191e+00  3.80635365e+00  4.90917882e+00
  8.93269555e+00  3.45191800e+00  4.45063122e+00
  8.59853283e+00  2.42844083e+00  3.77091755e+00
  7.64264290e+00  1.41755437e+00  4.13526842e+00
  7.55672177e+00  1.88732342e+00  4.13211367e+00

molecule   93
  2.03121311e-01  7.44746471e+00  5.37656515e+00
  1.39505473e-01  5.82109799e-02  4.67346038e+00
  8.60732316e+00  1.30270962e-01  5.78409992e+00
  7.71821481e+00  6.61075923e-02  5.43645413e+00
  7.32652106e+00  5.59711137e-01  6.55291535e+00
  7.86290738e+00  6.84275109e-01  7.69636162e+00
  1.29795022e+00  9.02863984e-01  8.13469633e+00
  2.08453176e+00  8.83503971e+00  7.71532303e+00

molecule   94
  6.67555841e+00  4.49692563e+00  2.37738686e+00
  6.22039167e+00  3.67230953e+00  3.00414837e+00
  6.62147143e+00  3.33587068e+00  4.52021830e+00
  6.82025551e+00  2.93594116e+00  3.10832825e+00
  8.77697570e+00  2.15202922e+00  2.47890071e+00
  8.18765165e+00  1.70711033e+00  2.62856079e+00
  1.10487027e+00  7.28479016e-01  2.32207872e+00
  1.91358322e+00  1.06986873e+00  3.33337075e+00

molecule   95
  5.30613301e+00  1.35394264e+00  1.08930667e+00
  4.51637640e+00  1.19857083e+00  9.50868483e-01
  3.73451916e+00  1.56774618e+00  1.92275805e+00
  2.67269651e+00  1.03727403e+00  1.42560249e+00
  3.18430884e+00  8.91625489e+00  1.21168769e+00
  1.69121930e+00  8.81498509e+00  8.93903331e+00
  2.67254451e+00  8.76928749e+00  2.36942836e-01
  1.56323544e+00  8.11538717e+00  1.89602177e-01

molecule   96
  6.38999867e+00  2.50984219e+00  1.75696487e-01
  5.31519663e+00  2.53878094e+00  7.67674213e-02
  4.71458557e+00  2.90387771e+00  8.15456058e+00
  3.43281858e+00  3.46689633e+00  7.66256753e+00
  2.09865868e+00  2.97321159e+00  6.01439709e+00
  2.04309617e+00  2.65089839e+00  7.14649964e+00
  1.73592142e+00  2.73552369e+00  5.09838577e-01
  8.70514071e-01  2.11790021e+00  8.51752990e+00

molecule   97
  8.60490635e-01  2.65903208e+00  5.58485688e+00
  3.63429624e-01  2.74435113e+00  5.95167052e+00
  8.33736738e+00  4.02952517e+00  5.53057870e+00
  1.81768081e+00  4.40013266e+00  5.26185365e+00
  2.14224624e+00  5.51376925e+00  6.34465228e+00
  2.36015318e+00  4.99825084e+00  6.99547098e+00
  2.66456765e+00  5.04673169e+00  7.38994585e+00
  2.90854505e+00  4.22016999e+00  7.60052071e+00

molecule   98
  6.23848571e+00  1.28703128e+00  7.89845265e+00
  5.73138541e+00  5.19635210e-01  6.79443618e+00
  5.25531074e+00  1.87878927e+00  8.42199076e+00
  5.91478298e+00  1.17700132e+00  8.77691958e+00
  4.80049576e+00  1.08974889e+00  8.54778588e+00
  5.78798077e+00  1.38167788e+00  8.13616372e+00
  5.81565208e+00  2.21819516e-01  3.08783787e-01
  6.85756445e+00  7.82883788e+00  6.90401035e-01

molecule   99
  2.59257379e+00  6.28853527e+00  6.99830093e+00
  2.32221545e+00  5.38430794e+00  8.30576766e+00
  3.45397249e+00  5.85387535e+00  2.25753451e-02
  3.77835178e+00  5.65097752e+00  7.95694609e+00
  4.60435352e+00  5.81120384e+00  7.73726613e+00
  4.87900245e+00  6.12274367e+00  7.56536335e+00
  4.40583801e+00  5.77765385e+00  6.70690605e+00
  4.09873661e+00  6.21365706e+00  5.68252175e+00

LINKS

nLink               67
       0      48       1          0      48       4          0
       0       2       3          0       9       3          0
       0      61       5          0      76       5          0
       0      50       4          0      75       5          0
       0       2       2          0      81       4          0
       0      23       7          0      33       6          0
       0      78       1          0      99       3          0
       0      50       3          0      75       2          0
       0      58       5          0      66       4          0
       0      66       4          0      70       7          0
       0      29       3          0      83       5          0
       0      23       2          0      57       4          0
       0      50       0          0      83       7          0
       0      36       7          0      65       7          0
       0      58       1          0      58       3          0
       0      85       3          0      97       7          0
       0      59       4          0      90       1          0
       0      28       6          0      52       6          0
       0      38       2          0      82       1          0
       0      65       7          0      82       0          0
       0      36       6          0      71       3          0
       0      39       7          0      84       3          0
       0      25       3          0      70       0          0
       0      52       3          0      95       0          0
       0       0       6          0      41       5          0
       0      82       2          0      92       7          0
       0      38       7          0      57       5          0
       0      13       4          0      88       2          0
       0      71       0          0      91       6          0
       0      84       2          0      84       5          0
       0      21       7          0      59       6          0
       0      32       2          0      95       4          0
       0      32       2          0      95       6          0
       0       4       1          0       4       3          0
       0      62       4          0      87       5          0
       0      84       1          0      84       5          0
       0      47       3          0      59       7          0
       0      85       6          0      90       6          0
       0      24       7          0      40       7          0
       0      19       6          0      40       7          0
       0      10       0          0      17       6          0
       0      10       0          0      17       7          0
       0      17       4          0      47       7          0
       0       6       4          0      34       6          0
       0      34       6          0      85       6          0
       0      47       2          0      53       0          0
       0      15       4          0      73       5          0
       0      12       7          0      24       6          0
       0      12       4          0      12       7          0
       0       6       5          0      89       1          0
       0      20       0          0      74       6          0
       0      14       1          0      67       3          0
       0      40       3          0      40       5          0
       0       8       5          0      35       1          0
       0       8       5          0      43       0          0
       0       3       0          0      54       0          0
       0      48       0          0      69       5          0
       0      26       2          0      80       5          0
       0      26       3          0      80       4          0
       0      26       3          0      80       5          0
       0       7       6          0      89       3          0
       0      54       2          0      79       3          0
       0      37       1          0      37       5          0
       0      31       0          0      31       2          0
       0      20       4          0      74       5          0
       0      20       4          0      31       1          0
       0      27       2          0      76       5          0
