BOUNDARY

cubic     1.0000000e+01

MOLECULES

species    0
nMolecule  10

molecule   0
  6.69838666416468431e+00  5.09727828761821122e+00  3.55698989395760368e+00
  6.93459155909711900e+00  4.46529168965668788e+00  2.80419048612663513e+00

molecule   1
  7.63921284878056639e+00  5.24915864542613075e+00  4.65159875203021822e-01
  7.66060883969583806e+00  5.14378111407432481e+00  1.40017192363625820e+00

molecule   2
  2.42004793780014937e+00  8.72402638251998930e+00  4.04583878568595123e-02
  2.16662283548337298e+00  9.49414572690021252e+00  7.64736319012796373e-01

molecule   3
  6.46250093640459333e+00  1.69774030312806934e+00  9.38399791771942660e-01
  6.65637026477075988e+00  1.49915957657788868e+00  1.10791870137340639e-01

molecule   4
  6.64895893812185701e+00  5.31814927099564194e+00  6.21541740486160688e+00
  5.84334906285095812e+00  5.53030211597951027e+00  5.78458183551619154e+00

molecule   5
  5.40249765831718953e+00  8.26336055245238121e+00  8.67236527793736833e+00
  5.00280034077138769e+00  8.75795866323065297e+00  9.60928585915495503e+00

molecule   6
  7.59494573478413315e+00  6.34469879612097221e-01  2.18389968554727387e+00
  8.08090557994816905e+00  1.78270208503938571e-01  1.39848848707458040e+00

molecule   7
  4.12451271127345365e+00  9.84889031976550733e+00  8.60047583631744827e-01
  4.19677773872672599e+00  9.64052345630774354e+00  1.88657812724125340e+00

molecule   8
  8.19344310761064598e+00  3.20357528191267038e+00  9.10862653777957298e+00
  9.17976917017710115e+00  3.47270599821044978e+00  9.46579244803855069e+00

molecule   9
  3.31161072942744950e+00  8.77798314293306703e+00  9.85048337250589712e-01
  4.24067568663451233e+00  8.79966894974437430e+00  6.69166746306339100e-01
