BOUNDARY

cubic     1.0000000e+01

MOLECULES

species    0
nMolecule  10

molecule   0
  3.84986309021186912e+00  3.72825770984181393e+00  3.03546227379586764e+00
  3.65735426951099507e+00  4.53055949149035797e+00  2.85400954595097023e+00

molecule   1
  5.74553709413338720e-01  4.00054523358981484e+00  5.22551648419965709e-01
  5.16956488344792353e-01  4.87425973430723136e+00  9.70155335679834430e+00

molecule   2
  4.57092281984744186e+00  9.12513086731217093e+00  4.56057612217287378e+00
  4.64965162566002732e+00  8.48878489868714858e+00  3.82742119986023344e+00

molecule   3
  4.07629504689253341e+00  5.74367386121384538e+00  4.80450740228301765e+00
  3.87735622477239694e+00  6.52834773294329818e+00  5.20951114437443241e+00

molecule   4
  1.60992022232803689e+00  2.70652293070483729e+00  8.90745094437026808e+00
  1.84439166596345228e+00  2.14015164203285257e+00  8.15354396794510272e+00

molecule   5
  5.25125835989354872e+00  6.11831787231272983e+00  1.16045806856338451e+00
  4.83340939287402360e+00  5.83385717672743187e+00  1.93653859628615010e+00

molecule   6
  9.98948094898927330e+00  3.50785712782196368e+00  7.05872411885086493e+00
  9.63277534392816648e+00  4.57017880367611440e+00  7.08749669803140314e+00

molecule   7
  5.28937477981169923e+00  3.37340828508382895e+00  9.40462281066756001e-01
  5.76817725790238001e+00  2.72333988747499900e+00  9.97813341287751454e-01

molecule   8
  6.34839445052769147e+00  5.62513096106929034e+00  9.63646937025721151e+00
  7.24459487811496672e+00  5.27442681991279994e+00  9.39382107428379953e+00

molecule   9
  7.92185461367926713e+00  2.43698112313496651e+00  3.36049988469716610e+00
  6.95200315611265207e+00  2.46670740589127258e+00  3.77132583858494685e+00
