BOUNDARY

orthorhombic      1.0455159000e+01        1.0455159000e+01        1.0455159000e+01

MOLECULES

species     0
nMolecule      40

molecule        0
    2.0758400195e+00    3.6803193093e+00    5.2262560621e+00

molecule        1
    6.0536644085e+00    3.4814298407e+00    8.4557535305e-02

molecule        2
    9.6683668771e+00    1.1252345312e+00    3.7636335604e+00

molecule        3
    9.1323115932e+00    6.4133489098e+00    6.8632222246e-01

molecule        4
    6.4120997946e+00    2.7384114934e+00    8.1629585800e+00

molecule        5
    8.5925855345e+00    6.0108883215e+00    2.5929459958e+00

molecule        6
    3.3721878005e+00    6.9464965612e+00    1.4973748014e+00

molecule        7
    8.0968863080e+00    5.4421121245e+00    1.0356697032e+01

molecule        8
    5.8014563928e+00    2.6250270739e-01    6.4337105079e+00

molecule        9
    6.2736878691e+00    8.2870057712e+00    2.7140341770e+00

molecule        10
    8.6270776894e+00    1.5350352068e+00    6.3088672336e+00

molecule        11
    5.7793631284e-01    7.8037737176e+00    1.8499845717e+00

molecule        12
    6.9221528380e+00    3.4245425988e+00    2.2348211473e+00

molecule        13
    8.8822576196e+00    6.1962970519e+00    5.5865845769e+00

molecule        14
    8.0932522805e+00    3.8086279899e+00    5.7172722519e+00

molecule        15
    6.9830345109e+00    5.4679267514e+00    6.3286774602e+00

molecule        16
    3.6939183671e-01    2.6027062016e+00    6.4933459497e+00

molecule        17
    1.0388835538e+01    5.0236431265e+00    7.5042721164e+00

molecule        18
    9.8241715415e+00    7.3369676341e+00    8.7397521107e+00

molecule        19
    9.2783685296e+00    3.2297313125e+00    2.7230097543e+00

molecule        20
    1.8710264409e+00    9.4583692408e-01    1.0233503599e+01

molecule        21
    2.8858761159e+00    2.6183390504e+00    3.1668792002e+00

molecule        22
    5.3835995955e+00    7.9115440172e-01    9.0345867535e+00

molecule        23
    5.0744242231e+00    5.0450914450e-01    3.9572597592e+00

molecule        24
    3.6524965621e+00    1.0215930826e+01    1.0190582918e+01

molecule        25
    8.9913393683e-01    4.2986568471e+00    8.3719896684e+00

molecule        26
    7.1865524534e+00    9.1407922742e+00    6.9143063676e+00

molecule        27
    2.5277473953e+00    9.2080427434e+00    6.9482460395e+00

molecule        28
    8.3085091550e+00    1.0001270778e+01    9.8705145878e+00

molecule        29
    8.4305808250e+00    3.2587240624e+00    7.9930073943e+00

molecule        30
    4.7126752352e+00    2.0534426548e+00    6.2140717750e+00

molecule        31
    4.8570779058e+00    9.6436944490e+00    4.6649656782e+00

molecule        32
    4.8750566117e+00    4.7173695208e+00    8.8824480108e+00

molecule        33
    6.4397909507e+00    5.2965724690e+00    3.9465672536e+00

molecule        34
    4.3986877177e-01    6.2406918285e+00    7.0101964738e+00

molecule        35
    6.5445822752e-01    2.2881984130e+00    2.8854119395e+00

molecule        36
    9.8192535849e+00    1.2100636024e+00    9.9080926183e+00

molecule        37
    2.9903122158e+00    1.0782299110e+00    5.8366611510e+00

molecule        38
    3.9558230309e+00    2.7380582213e+00    9.6784348329e+00

molecule        39
    7.5233612982e+00    1.7943907434e+00    1.0580839824e+00

species        1
nMolecule        40

molecule        0
    1.8435103691e+00    4.0902878320e+00    5.8289957976e-01

molecule        1
    4.3021564243e+00    9.8918105863e+00    2.6756638314e+00

molecule        2
    8.3027559836e+00    9.4828540786e+00    3.4730522416e+00

molecule        3
    8.3739840685e+00    8.6474246112e+00    5.7434394787e-01

molecule        4
    7.1469655510e-02    5.3715069925e+00    1.3656289849e+00

molecule        5
    6.5237318061e+00    6.2892447639e+00    4.5656704374e-01

molecule        6
    2.7881772838e+00    4.8277992208e+00    2.8175119283e+00

molecule        7
    7.2103135267e+00    7.2406512123e+00    7.6689793149e+00

molecule        8
    4.6840974579e-01    4.3946229548e-01    2.0709597195e+00

molecule        9
    1.1782406769e+00    7.3282223763e+00    5.0298065327e+00

molecule        10
    3.1658648085e-01    2.4467882489e+00    9.1519924920e+00

molecule        11
    3.2152723506e+00    6.0425913545e+00    9.1281820759e+00

molecule        12
    1.0205664802e+01    9.0323992034e+00    5.3706566081e+00

molecule        13
    8.8460835591e+00    3.5013657189e+00    1.0427908845e+01

molecule        14
    9.6202017148e+00    9.7922025568e+00    7.9141789785e+00

molecule        15
    1.0261954816e+01    3.8903978183e+00    5.3258418176e+00

molecule        16
    4.2445245794e+00    1.4307268359e+00    2.1646556009e+00

molecule        17
    5.6847756199e+00    8.3082551433e+00    1.0155903597e+01

molecule        18
    2.1518403631e+00    1.7580398492e-01    8.1964129110e+00

molecule        19
    7.2611597698e+00    2.5212064957e-01    2.5303096745e+00

molecule        20
    4.9960010617e+00    7.3172332305e+00    7.2928187387e+00

molecule        21
    2.8144170971e+00    1.0218940523e+01    7.2808496059e-01

molecule        22
    1.0427490192e+01    5.7367582655e+00    4.0621209265e+00

molecule        23
    8.9154466091e-01    1.3752485496e+00    1.1323759378e-01

molecule        24
    5.8852871182e-01    9.8859422234e+00    2.8150317388e+00

molecule        25
    6.0247110076e+00    8.0385957662e+00    5.4099352320e+00

molecule        26
    6.5703977456e+00    1.0101717086e+01    5.4343719994e-01

molecule        27
    5.0440763715e+00    3.4688437885e+00    3.8801397685e+00

molecule        28
    3.1078032385e+00    1.1836174601e+00    4.4883912188e-01

molecule        29
    1.0078520197e+01    1.0216391113e+01    2.5580092184e+00

molecule        30
    4.8205620172e+00    7.9906265351e+00    1.1477275908e-02

molecule        31
    2.6120062112e+00    2.8307981927e+00    7.8426895014e+00

molecule        32
    7.2477430478e+00    1.2515715996e+00    4.5027908501e+00

molecule        33
    3.4685001818e+00    7.2672521592e+00    4.3007438225e+00

molecule        34
    1.7618208250e+00    8.8495999571e+00    9.0984504295e+00

molecule        35
    3.8889809297e+00    3.5723348309e+00    3.0595139368e-01

molecule        36
    1.0392369444e+01    7.8898027710e+00    3.1931346641e+00

molecule        37
    2.3354567943e+00    9.7673531068e+00    4.7806859169e+00

molecule        38
    9.7277047429e+00    4.4987831602e+00    2.4958361732e-01

molecule        39
    1.8937579628e-01    9.1554666928e+00    6.6647072794e+00

