alpha     rcutoff   kcutoff   kenergy   
     0.80000000     3.00000000     5.00000000    44.86640000     6.29414800    28.73394000    22.42660800
     0.80000000     3.00000000     6.00000000    44.86653000     6.29414800    28.73394000    22.42673800
     0.80000000     3.00000000     7.00000000    44.86657333     6.29414800    28.73394000    22.42678133
     0.80000000     3.00000000     8.00000000    44.86659500     6.29414800    28.73394000    22.42680300
     0.80000000     3.00000000     9.00000000    44.86660800     6.29414800    28.73394000    22.42681600
     0.80000000     3.00000000    10.00000000    44.86661667     6.29414800    28.73394000    22.42682467
     0.80000000     3.00000000    11.00000000    44.86662286     6.29414800    28.73394000    22.42683086
     0.80000000     3.00000000    12.00000000    44.86662750     6.29414800    28.73394000    22.42683550
     0.80000000     3.00000000    13.00000000    44.86663111     6.29414800    28.73394000    22.42683911
     0.80000000     3.00000000    14.00000000    44.86663400     6.29414800    28.73394000    22.42684200
     0.80000000     4.00000000     5.00000000    44.86661273     6.29412745    28.73394000    22.42680018
     0.80000000     4.00000000     6.00000000    44.86661667     6.29411033    28.73394000    22.42678700
     0.80000000     4.00000000     7.00000000    44.86662000     6.29409585    28.73394000    22.42677585
     0.80000000     4.00000000     8.00000000    44.86662286     6.29408343    28.73394000    22.42676629
     0.80000000     4.00000000     9.00000000    44.86662533     6.29407267    28.73394000    22.42675800
     0.80000000     4.00000000    10.00000000    44.86662750     6.29406325    28.73394000    22.42675075
     0.80000000     4.00000000    11.00000000    44.86662941     6.29405494    28.73394000    22.42674435
     0.80000000     4.00000000    12.00000000    44.86663111     6.29404756    28.73394000    22.42673867
     0.80000000     4.00000000    13.00000000    44.86663263     6.29404095    28.73394000    22.42673358
     0.80000000     4.00000000    14.00000000    44.86663400     6.29403500    28.73394000    22.42672900
