BOUNDARY

orthorhombic     1.04551590e+01  1.04551590e+01  1.04551590e+01

MOLECULES

species    0
nMolecule  100

molecule   0
  5.50597236e+00  7.77051856e+00  1.37679764e+00
  4.77336369e+00  8.18548966e+00  1.91401101e+00
  3.94026624e+00  8.19726327e+00  1.37832161e+00
  3.42608822e+00  8.26638151e+00  4.75485072e-01
  3.24417732e+00  9.15292148e+00  8.89301741e-01
  2.59279399e+00  9.66282181e+00  3.42727192e-01
  2.49715606e+00  8.65782906e+00  3.80112096e-01
  1.64712092e+00  8.27592407e+00  5.92923470e-01

molecule   1
  2.51802160e+00  5.36358571e+00  8.06246000e+00
  1.59509234e+00  5.65120570e+00  8.34103883e+00
  1.41088332e+00  4.96247206e+00  7.63156690e+00
  1.68596673e+00  4.66962221e+00  8.57900039e+00
  2.25326977e+00  3.87955098e+00  8.28887374e+00
  1.82042831e+00  3.36631528e+00  9.06015058e+00
  2.64256036e+00  3.04028758e+00  9.48561626e+00
  3.63819140e+00  2.76058390e+00  9.52693704e+00

molecule   2
  3.60791256e+00  1.22767312e+00  1.00035922e+01
  4.06655800e+00  9.82990975e-01  3.52519803e-01
  4.61402141e+00  9.69180596e-01  9.99730874e+00
  5.05815849e+00  1.71331082e+00  9.49013498e+00
  5.35640856e+00  2.51365550e+00  8.97412708e+00
  6.31738241e+00  2.79546930e+00  8.97336049e+00
  6.93998348e+00  2.93024862e+00  9.73204183e+00
  7.27069936e+00  2.88633213e+00  2.19029283e-01

molecule   3
  4.44065378e+00  1.04013878e+01  2.66432823e+00
  5.40084600e+00  1.20444353e-01  2.82488053e+00
  6.23299904e+00  1.02516661e+01  3.28811318e+00
  5.60438273e+00  9.77856167e+00  3.85218359e+00
  5.10515405e+00  9.04106673e+00  4.30067660e+00
  4.28745471e+00  8.50546796e+00  4.10055931e+00
  3.90620391e+00  9.22652638e+00  4.75202573e+00
  2.92294027e+00  9.45419327e+00  4.82689360e+00

molecule   4
  2.95862926e+00  6.85365773e-02  5.11989177e+00
  2.06754369e+00  1.03207932e+01  5.55874440e+00
  1.93499799e+00  1.04390333e+01  4.56670083e+00
  1.75789022e+00  8.36696183e-01  5.01020512e+00
  7.82645671e-01  8.56067999e-01  5.24986336e+00
  1.05060836e+00  7.02996804e-01  6.22048143e+00
  1.68364823e+00  1.07552380e+00  6.85681940e+00
  2.32349837e+00  4.48802256e-01  7.32041991e+00

molecule   5
  4.89831955e-01  5.86901897e+00  7.78386753e-01
  5.64470968e-01  6.47209960e+00  1.56592337e+00
  1.15830363e+00  5.75467669e+00  1.92151739e+00
  1.15120949e+00  5.90637424e+00  2.91906046e+00
  1.56140361e+00  6.51387252e+00  3.64040519e+00
  1.19307068e+00  6.93194749e+00  2.82127933e+00
  1.89120159e+00  6.86910858e+00  2.10267622e+00
  1.68594094e+00  7.60103632e+00  1.40103725e+00

molecule   6
  6.73826268e+00  7.86860146e-02  7.60537604e-01
  6.62029897e+00  1.02802629e+01  1.02871409e+01
  6.42616861e+00  1.02689895e+01  9.29134304e+00
  6.73947462e+00  1.03573764e+01  8.30509079e+00
  6.90234453e+00  9.52091248e+00  8.76562650e+00
  6.68656108e+00  8.61670609e+00  8.36901567e+00
  6.19820423e+00  9.37806928e+00  7.92184347e+00
  6.12606861e+00  8.51831946e+00  7.48190504e+00

molecule   7
  4.71927288e+00  6.24204102e+00  5.20918436e+00
  5.64138874e+00  6.59498471e+00  4.84932221e+00
  5.61777600e+00  6.80047608e+00  5.82498253e+00
  5.03745008e+00  6.81396302e+00  6.63728075e+00
  5.16009121e+00  6.10753851e+00  7.30040190e+00
  5.08757893e+00  6.91603416e+00  7.92329786e+00
  5.84845161e+00  7.53733431e+00  7.90028315e+00
  6.81533067e+00  7.66516126e+00  7.72160033e+00

molecule   8
  8.09413819e+00  1.26631353e+00  3.28713489e+00
  7.34213746e+00  1.88989504e+00  3.14031807e+00
  7.07047159e+00  1.39891680e+00  2.31007764e+00
  6.14194734e+00  1.77603797e+00  2.44213612e+00
  5.34291337e+00  1.24831536e+00  2.70523749e+00
  4.58508055e+00  1.75487278e+00  2.26431831e+00
  4.25634267e+00  1.63800647e+00  3.19972682e+00
  4.39659634e+00  8.43366623e-01  3.74030121e+00

molecule   9
  9.77477526e+00  9.19201254e+00  2.66128786e+00
  9.58441851e+00  8.46102293e+00  3.24397521e+00
  9.12680599e+00  8.27564383e+00  4.11527255e+00
  9.82984595e+00  8.12902778e+00  4.86078625e+00
  9.44756332e+00  7.32200048e+00  4.41724460e+00
  1.01933267e+01  7.53068727e+00  3.82396091e+00
  4.49970136e-01  6.95099745e+00  3.52193201e+00
  5.82021643e-01  6.38227583e+00  4.39734179e+00

molecule   10
  8.68103187e+00  4.98399038e+00  3.36231506e+00
  9.48019065e+00  5.54028413e+00  3.28757969e+00
  1.01972725e+01  5.95739469e+00  3.80067094e+00
  9.78409162e+00  5.42528153e+00  4.50275130e+00
  9.30743688e+00  6.31078757e+00  4.27700591e+00
  8.34486265e+00  6.19843726e+00  4.35858307e+00
  8.58824417e+00  6.33002405e+00  3.39518922e+00
  9.26176268e+00  6.98941238e+00  2.96816738e+00

molecule   11
  1.48139368e+00  9.70183375e+00  1.01894545e+01
  1.66952874e+00  1.38000917e-01  1.02578158e-02
  2.43782229e+00  1.02164624e+01  9.94089125e+00
  2.22962244e+00  5.62177895e-01  9.34910422e+00
  1.24798374e+00  4.44947935e-01  9.35380008e+00
  5.30382768e-01  1.02577290e+01  9.53699670e+00
  4.20305987e-01  9.30220729e+00  9.79917236e+00
  9.90530263e+00  9.49742251e+00  1.01278833e+01

molecule   12
  2.86728943e+00  7.08997714e+00  8.36040564e+00
  3.19026395e+00  7.73510326e+00  9.04980509e+00
  3.98296217e+00  7.43883726e+00  9.57340156e+00
  4.08107790e+00  6.64309440e+00  8.97989691e+00
  3.77348803e+00  6.41700566e+00  9.91575778e+00
  4.41170707e+00  6.83186620e+00  1.57100059e-02
  5.31785747e+00  6.56363827e+00  3.74778569e-01
  5.28677365e+00  7.46914381e+00  6.94710807e-02

molecule   13
  5.36118717e+00  1.09626538e+00  6.97140063e+00
  5.75436794e+00  2.93550768e-01  7.38040942e+00
  5.32156483e+00  9.94375866e+00  7.63119701e+00
  4.46831015e+00  9.94892658e+00  7.05972921e+00
  5.14638002e+00  9.48738204e+00  6.48483346e+00
  5.98685285e+00  8.96690146e+00  6.37862800e+00
  5.83845071e+00  8.84517385e+00  5.42967010e+00
  4.83402251e+00  8.86790513e+00  5.59098296e+00

molecule   14
  6.45168712e+00  7.41652639e+00  6.79287954e+00
  6.36369360e+00  7.86145630e+00  5.92589322e+00
  6.74046441e+00  7.12857569e+00  5.38008082e+00
  6.47496753e+00  6.27649517e+00  5.84246086e+00
  7.31847901e+00  5.82922436e+00  5.85731946e+00
  7.35452154e+00  6.14085886e+00  4.95523775e+00
  6.57775133e+00  5.55329208e+00  5.11482228e+00
  5.81453055e+00  5.00530814e+00  4.83496739e+00

molecule   15
  1.01758048e+01  7.03495676e+00  6.90771576e+00
  9.29773445e+00  7.49790190e+00  6.83931709e+00
  8.66731496e+00  8.25902663e+00  7.10668788e+00
  9.43133647e+00  8.52448744e+00  6.49025194e+00
  1.03352497e+01  8.16065649e+00  6.22802906e+00
  1.58619053e-01  7.94097430e+00  7.17686371e+00
  5.12207247e-01  8.76894264e+00  7.62572529e+00
  1.21643533e+00  8.33144556e+00  8.17414100e+00

molecule   16
  9.53025488e+00  3.74785616e+00  4.83048424e+00
  8.83370622e+00  4.46519969e+00  4.72484787e+00
  8.93464468e+00  5.06096746e+00  5.54035261e+00
  8.01778506e+00  5.13519177e+00  5.95306193e+00
  8.36117548e+00  5.91217699e+00  5.43563435e+00
  8.22565451e+00  6.89774794e+00  5.30077495e+00
  8.01274522e+00  6.85815236e+00  6.27567062e+00
  8.48207033e+00  7.69957895e+00  5.97697892e+00

molecule   17
  8.82745949e+00  2.01633494e+00  1.03696039e+01
  7.99407447e+00  2.55255461e+00  1.01261704e+01
  7.46003187e+00  1.75096586e+00  1.04202992e+01
  8.07653619e+00  2.11500846e+00  6.91997693e-01
  8.85051060e+00  2.48527431e+00  1.22574973e+00
  9.11015496e+00  1.54969973e+00  1.56550739e+00
  9.48282654e+00  6.25264870e-01  1.79520918e+00
  9.19860233e+00  9.86535148e-01  2.69070146e+00

molecule   18
  1.84330188e+00  4.36676570e+00  5.37114280e+00
  1.09022518e+00  4.13952848e+00  4.75113901e+00
  1.44685770e+00  3.48214743e+00  4.04170500e+00
  1.23287268e+00  3.07282943e+00  4.95231516e+00
  2.00581009e+00  2.40881663e+00  5.08495241e+00
  2.03588229e+00  1.93832958e+00  4.23664837e+00
  2.50328617e+00  1.11283171e+00  4.04174479e+00
  1.64778651e+00  8.75618319e-01  3.67638941e+00

molecule   19
  2.69174994e+00  5.66607537e+00  6.91704286e+00
  2.31310787e+00  4.73369415e+00  6.96489914e+00
  1.68046383e+00  5.22748068e+00  6.38657788e+00
  1.36220862e+00  5.32848086e+00  5.45009350e+00
  1.53440966e+00  5.70396666e+00  4.52808120e+00
  2.18237188e+00  6.46253467e+00  4.57026924e+00
  2.49396511e+00  6.81881109e+00  5.41288483e+00
  2.54646804e+00  7.67573559e+00  4.95522568e+00

molecule   20
  3.53828384e+00  2.75326912e+00  4.47277794e+00
  3.15360921e+00  2.16736141e+00  3.78826448e+00
  2.60205782e+00  2.21002949e+00  2.96971821e+00
  1.70109706e+00  1.85376736e+00  3.24159836e+00
  9.24591534e-01  1.35983625e+00  2.72832102e+00
  3.00231789e-01  1.55567454e+00  3.49910259e+00
  1.02071648e+01  8.76235816e-01  3.07470441e+00
  1.82012297e-01  5.09069059e-01  3.84398039e+00

molecule   21
  3.44171783e-01  5.11630448e+00  1.82294966e+00
  8.46447681e-01  4.40638375e+00  2.30481664e+00
  3.19023873e-01  3.65242873e+00  1.92990379e+00
  6.41776858e-02  3.82697533e+00  9.95853266e-01
  9.71517999e+00  3.68314955e+00  1.54942020e+00
  1.00545318e+01  4.16932168e+00  2.33487961e+00
  9.64936030e+00  4.48204473e+00  3.19880309e+00
  9.04529646e+00  4.00074476e+00  2.57866219e+00

molecule   22
  9.03206786e+00  4.95860779e+00  2.38315041e+00
  9.13268104e+00  4.67221064e+00  1.45121083e+00
  9.64386551e+00  4.89028770e+00  5.83795692e-01
  9.47149157e+00  5.89506805e+00  7.50226904e-01
  1.02215224e+01  6.57318768e+00  6.52299310e-01
  4.46002236e-01  6.95638887e+00  3.97559083e-02
  1.33256531e+00  6.86050520e+00  5.11919154e-01
  1.60487384e+00  5.98014761e+00  2.44718474e-01

molecule   23
  8.91186901e+00  9.90467995e+00  7.93151875e+00
  9.01464292e+00  1.01269774e+01  8.91068027e+00
  9.33901219e+00  2.53933074e-01  9.60860023e+00
  1.00730212e+01  1.04117458e+01  9.05960006e+00
  9.48861769e+00  3.78510307e-01  8.32687393e+00
  1.02017838e+01  1.00518009e+00  8.57221739e+00
  9.53781523e+00  1.53232993e+00  8.04207132e+00
  9.07970578e+00  2.12593091e+00  7.34261299e+00

molecule   24
  5.91144686e+00  2.66412453e+00  1.12103100e+00
  5.11099627e+00  2.35734835e+00  1.66292443e+00
  4.90027511e+00  1.49592198e+00  1.19589172e+00
  5.58916057e+00  9.90269844e-01  1.69703017e+00
  4.93699807e+00  2.16511390e-01  1.63842276e+00
  5.51005987e+00  1.00029436e+01  1.14374322e+00
  5.46392574e+00  9.06462621e+00  8.89620698e-01
  5.69040636e+00  8.71358923e+00  1.80998150e+00

molecule   25
  9.63540382e-01  9.58543592e+00  1.87650609e+00
  4.19257400e-01  8.79551559e+00  2.21997775e+00
  1.01724609e+01  8.14038213e+00  1.91418148e+00
  1.70477432e-01  7.36754880e+00  2.33617590e+00
  9.90828411e+00  7.10665422e+00  1.73318409e+00
  8.98195967e+00  7.47356219e+00  1.89574809e+00
  8.03514094e+00  7.70582908e+00  1.71898639e+00
  7.54585920e+00  7.10628877e+00  1.07344928e+00

molecule   26
  2.14483981e+00  1.34222732e+00  1.31210903e+00
  2.38749606e+00  7.02022893e-01  5.73513947e-01
  1.76388702e+00  1.40127073e+00  2.85805582e-01
  1.00700557e+00  2.00844141e+00  5.20927040e-01
  7.78353974e-01  1.74918827e+00  1.00122915e+01
  9.76490658e-01  2.74591776e+00  9.99868608e+00
  1.33721218e+00  3.70914953e+00  9.86907388e+00
  1.17179766e+00  3.33087180e+00  3.12868102e-01

molecule   27
  5.58248885e+00  3.63302425e+00  4.80732064e+00
  6.52747901e+00  3.88457414e+00  5.08066893e+00
  7.02299166e+00  3.72227251e+00  5.92362795e+00
  6.51413839e+00  2.87807821e+00  5.69427477e+00
  7.27854832e+00  2.29447349e+00  5.88845955e+00
  7.30211506e+00  2.78437150e+00  6.77880322e+00
  6.46211913e+00  3.34156753e+00  6.88909352e+00
  6.32709570e+00  3.92541581e+00  7.68601332e+00

molecule   28
  1.02120557e+01  6.30389027e+00  8.15638558e+00
  1.02604657e+01  7.30976086e+00  8.03669913e+00
  1.00019483e+01  8.26283984e+00  8.05302508e+00
  9.57576052e+00  9.12636756e+00  7.97323492e+00
  8.65384127e+00  8.89735266e+00  8.28873303e+00
  7.68392371e+00  8.89641476e+00  8.59209046e+00
  7.94971918e+00  9.36136882e+00  7.72509514e+00
  7.74661939e+00  1.02979995e+01  7.41956584e+00

molecule   29
  9.19881370e+00  5.37764730e+00  1.00617855e+01
  8.34538606e+00  5.04323616e+00  9.73618926e+00
  8.39429630e+00  5.39286791e+00  2.66501994e-01
  7.73043109e+00  4.64889639e+00  3.36877294e-01
  8.56986388e+00  4.22778604e+00  1.04065597e+01
  9.21760570e+00  3.79945554e+00  5.15360633e-01
  9.62745053e+00  3.89083139e+00  1.00790804e+01
  1.00954346e+01  3.51821236e+00  9.27214290e+00

molecule   30
  3.88184620e+00  9.56348646e+00  3.22240383e+00
  3.82180714e+00  1.03235429e+01  3.87808356e+00
  2.84302027e+00  1.02820880e+01  3.98064236e+00
  2.48346916e+00  1.03860883e+01  3.09759499e+00
  2.83206867e+00  8.39628064e-01  2.79818819e+00
  3.70544628e+00  6.51563119e-01  2.35942325e+00
  3.98097294e+00  7.04307971e-01  1.42280702e+00
  3.32090954e+00  1.47449879e+00  1.61875309e+00

molecule   31
  1.32097936e+00  7.60243652e+00  4.00503922e+00
  5.63222762e-01  7.35820639e+00  4.59047303e+00
  5.02504880e-01  7.17008598e+00  5.54107455e+00
  8.84145873e-01  8.00758461e+00  5.21346158e+00
  9.56709864e-01  8.98099874e+00  5.45356339e+00
  1.15538697e+00  9.81480701e+00  4.97416975e+00
  1.93111840e+00  9.33409155e+00  5.34191239e+00
  1.96696086e+00  8.54105623e+00  4.75516846e+00

molecule   32
  7.79717435e+00  3.59601437e+00  3.33949231e+00
  7.31541561e+00  3.75350838e+00  4.16763190e+00
  6.58083932e+00  3.91595862e+00  3.54591521e+00
  6.99930392e+00  4.61964887e+00  3.01252929e+00
  7.52879319e+00  5.39370930e+00  3.42642773e+00
  8.03519583e+00  4.94238381e+00  4.11870276e+00
  7.05864448e+00  4.92283772e+00  4.31527027e+00
  7.38079950e+00  4.51954184e+00  5.13415183e+00

molecule   33
  6.54285897e+00  9.73538332e+00  4.78357923e+00
  7.05845581e+00  9.03782418e+00  4.35406971e+00
  7.48874192e+00  8.15637968e+00  4.24188709e+00
  7.32682968e+00  8.55057721e+00  5.14652227e+00
  8.31204860e+00  8.41832863e+00  5.01868490e+00
  8.58806128e+00  9.34629249e+00  4.85708333e+00
  9.39699674e+00  9.11624973e+00  5.43904140e+00
  1.02824002e+01  9.53491662e+00  5.26689178e+00

molecule   34
  2.12173258e-01  2.51793550e+00  7.93170561e+00
  6.49893366e-01  2.69757030e+00  7.05754598e+00
  6.91544535e-01  3.63812350e+00  7.39068971e+00
  9.70905163e-01  3.52034298e+00  8.35473241e+00
  1.59165478e+00  3.16383799e+00  7.65780216e+00
  1.79652530e+00  3.42400600e+00  6.75311339e+00
  2.47787049e+00  3.67647013e+00  5.99098051e+00
  2.80802419e+00  3.53679357e+00  5.06838570e+00

molecule   35
  4.18485752e+00  1.04172376e+01  1.01242238e+01
  5.01488131e+00  1.00238717e+01  1.28432108e-01
  5.29276087e+00  1.01999182e+01  9.63085632e+00
  5.54951982e+00  1.00859231e+01  8.67105036e+00
  6.02045229e+00  5.19685860e-01  8.58778514e+00
  6.56005344e+00  1.03598715e+00  9.20206995e+00
  6.05973049e+00  9.71427186e-01  1.00447236e+01
  5.43893659e+00  8.73337743e-01  3.84440317e-01

molecule   36
  6.32857080e+00  3.71897747e+00  2.49368566e+00
  6.81949938e+00  2.90200383e+00  2.33348073e+00
  5.79474474e+00  2.71658119e+00  2.37610930e+00
  5.12997340e+00  3.42408489e+00  2.30702718e+00
  5.56080879e+00  3.44455049e+00  3.23009263e+00
  5.10082887e+00  4.06553492e+00  3.80314001e+00
  4.16704686e+00  3.78599857e+00  4.02572106e+00
  4.57657489e+00  2.91422288e+00  4.21669022e+00

molecule   37
  6.42093426e+00  5.87495414e+00  7.59227620e+00
  6.98151210e+00  5.23212184e+00  8.02906978e+00
  7.16356408e+00  6.08761826e+00  8.50989042e+00
  6.23421483e+00  6.37969392e+00  8.70443220e+00
  5.50827139e+00  5.80298481e+00  8.38662613e+00
  5.35232353e+00  5.61285550e+00  9.34403113e+00
  6.18663172e+00  5.01252306e+00  9.29830224e+00
  5.90815593e+00  4.46750359e+00  8.52283513e+00

molecule   38
  7.42681884e+00  7.88424243e-01  8.73478157e+00
  8.29930807e+00  3.38256844e-01  8.59113148e+00
  7.58218819e+00  1.02579850e+01  9.06189135e+00
  8.17503989e+00  1.01612948e+01  9.85301148e+00
  7.97447458e+00  6.95975673e-01  9.87799511e+00
  8.73780661e+00  2.81989109e-01  1.03973941e+01
  7.91304337e+00  2.26841013e-01  5.28408358e-01
  8.10702384e+00  3.46193553e-01  1.48825676e+00

molecule   39
  8.93739995e+00  5.24407880e+00  7.84656497e+00
  8.59038720e+00  4.67151706e+00  7.12510368e+00
  8.30449745e+00  5.61380702e+00  6.96982288e+00
  9.10632925e+00  5.45403262e+00  6.46227764e+00
  9.26014859e+00  6.39633326e+00  6.83773831e+00
  9.99957980e+00  6.26359544e+00  6.17640327e+00
  1.02323083e+01  6.35607349e+00  5.19869935e+00
  9.25952377e+00  6.48674140e+00  5.44645020e+00

molecule   40
  3.17420564e+00  8.55766596e+00  4.07121359e+00
  3.25830648e+00  8.81625276e+00  3.08159601e+00
  3.82827234e+00  8.77500179e+00  2.25499068e+00
  4.75783045e+00  9.13816978e+00  2.28568611e+00
  5.07406430e+00  8.83162448e+00  3.24010992e+00
  5.63182278e+00  8.04483558e+00  2.96259920e+00
  5.77773816e+00  8.12852433e+00  3.97847980e+00
  5.34185132e+00  7.24178599e+00  3.82895640e+00

molecule   41
  7.84953054e+00  6.04840019e+00  2.52466873e+00
  8.09206163e+00  6.73719532e+00  1.90606739e+00
  8.74164242e+00  6.37946320e+00  1.25272957e+00
  8.40353638e+00  5.51045466e+00  1.56323964e+00
  8.11443380e+00  4.58196990e+00  1.62385607e+00
  7.97964704e+00  4.55908693e+00  2.59446583e+00
  7.36944904e+00  3.84239182e+00  2.23013304e+00
  7.54922338e+00  3.77257026e+00  1.25814798e+00

molecule   42
  1.02377329e+01  1.93975415e+00  6.62839703e+00
  9.95545275e+00  2.26219069e+00  5.77954691e+00
  3.25643575e-01  1.75874224e+00  5.56509666e+00
  1.05232134e+00  2.43272593e+00  5.72123719e+00
  1.71251078e+00  1.64350800e+00  5.90926577e+00
  2.03713558e+00  2.58601594e+00  6.01783536e+00
  1.63157278e+00  2.41873692e+00  6.90180206e+00
  1.62587023e+00  1.94231010e+00  7.80816108e+00

molecule   43
  8.68726828e+00  2.44438748e+00  6.36535518e+00
  8.81035316e+00  3.19289760e+00  7.00918596e+00
  8.20650962e+00  2.53633118e+00  7.53101842e+00
  8.49524241e+00  2.06990507e+00  8.40933689e+00
  9.05402479e+00  2.87497610e+00  8.42718244e+00
  8.34669942e+00  3.56270277e+00  8.26957328e+00
  7.72435070e+00  3.79273024e+00  7.46872564e+00
  7.98367250e+00  3.57380594e+00  6.57455178e+00

molecule   44
  2.30406868e+00  8.87404488e+00  6.54352933e+00
  2.87032524e+00  8.53876097e+00  5.78408038e+00
  3.43895500e+00  8.13891814e+00  5.09194961e+00
  3.93813424e+00  8.23739754e+00  5.89706818e+00
  4.72131937e+00  7.68941604e+00  5.90181649e+00
  4.76353099e+00  7.37681117e+00  4.97357772e+00
  5.68898447e+00  7.63901452e+00  4.95575381e+00
  6.54823643e+00  7.94332922e+00  4.57963908e+00

molecule   45
  9.80598641e+00  5.63979668e-01  7.23416108e+00
  9.21679708e+00  8.67113676e-01  6.46984384e+00
  1.01733638e+01  5.68979879e-01  6.28198865e+00
  9.67882883e+00  1.01947525e+01  6.03993532e+00
  1.02382363e+01  1.53808150e-01  5.28500876e+00
  3.77040972e-01  1.00815402e+01  5.89191658e+00
  1.72215344e-01  1.01273900e+01  6.87243952e+00
  1.06753807e+00  7.31041950e-02  7.01764468e+00

molecule   46
  4.22448873e+00  8.01700486e+00  1.04292284e+01
  3.53488956e+00  8.49988361e+00  9.83004309e+00
  3.01949933e+00  9.38068606e+00  9.86496650e+00
  3.97167714e+00  9.47036599e+00  1.00406797e+01
  3.60004865e+00  9.50208881e+00  9.09365670e+00
  3.82743314e+00  9.54825508e+00  8.14477893e+00
  3.98117392e+00  4.39907419e-02  7.92030557e+00
  3.07666521e+00  1.03339038e+01  7.52689196e+00

molecule   47
  9.98071157e+00  8.60910311e+00  9.24466050e+00
  1.02741601e+01  9.40023297e+00  8.69209101e+00
  1.03069431e+01  1.00996707e+01  7.97313799e+00
  6.62518025e-01  1.03905545e+01  8.45102799e+00
  1.06121009e+00  8.57373823e-01  8.38827922e+00
  7.06569719e-01  1.61441885e+00  7.86413144e+00
  4.49454683e-01  7.68860919e-01  7.44847021e+00
  6.38349541e-01  1.45460747e+00  6.75742730e+00

molecule   48
  4.97611561e+00  4.14856909e+00  8.82658365e+00
  4.42967249e+00  3.85755557e+00  8.06284963e+00
  5.15346125e+00  3.16004382e+00  8.07699732e+00
  5.33157345e+00  3.48538760e+00  7.15745407e+00
  4.81465904e+00  4.30672360e+00  7.17969995e+00
  4.00980557e+00  4.80885825e+00  7.05246668e+00
  3.69785837e+00  5.12992288e+00  6.16831655e+00
  2.69688513e+00  4.97807850e+00  5.98174786e+00

molecule   49
  1.01463389e+01  5.15977293e+00  6.09461102e+00
  4.51307860e-02  4.66905741e+00  5.32565160e+00
  1.04023297e+01  4.27260722e+00  4.36629389e+00
  5.25255749e-01  4.23337439e+00  3.54489907e+00
  4.74057094e-01  5.20784985e+00  3.66518931e+00
  1.04113280e+01  5.24491230e+00  2.82376493e+00
  1.01198396e+01  6.16837196e+00  2.63609660e+00
  9.27132026e+00  6.39408538e+00  2.13786780e+00

molecule   50
  6.12109020e+00  2.18837438e+00  8.04270346e+00
  6.36603144e+00  1.57887549e+00  7.33227153e+00
  6.19551929e+00  2.08150725e+00  6.41782403e+00
  5.64676626e+00  2.82183709e+00  6.12968269e+00
  5.16162092e+00  2.44285274e+00  5.33390215e+00
  4.31566389e+00  2.91768029e+00  5.56677555e+00
  3.75504591e+00  3.49539481e+00  6.17286214e+00
  3.79954820e+00  3.44200813e+00  7.19002355e+00

molecule   51
  8.77691853e-01  4.52092191e+00  6.33406033e+00
  9.01434963e-01  3.56532745e+00  6.27529433e+00
  2.47901987e-01  2.96078802e+00  5.88351976e+00
  1.03325469e+01  3.88193003e+00  6.09689762e+00
  9.97090050e+00  3.95299190e+00  7.02483814e+00
  1.00439772e+01  3.34968140e+00  7.85390578e+00
  9.59114073e+00  4.22957907e+00  7.89640683e+00
  1.03359183e+01  4.84320275e+00  7.59706021e+00

molecule   52
  6.56673869e+00  1.02030864e+01  6.84376551e+00
  6.03131293e+00  1.00811273e+01  5.99849830e+00
  5.35623056e+00  9.85168108e+00  5.29744417e+00
  5.79548002e+00  1.74052697e-01  4.86740584e+00
  5.17586096e+00  9.67529572e-01  4.55609092e+00
  5.00231276e+00  3.63138326e-02  4.31956386e+00
  4.17029854e+00  3.47332165e-01  4.72235880e+00
  3.80382330e+00  1.26833383e+00  4.60378363e+00

molecule   53
  6.49169042e+00  8.01418388e+00  2.16557081e+00
  6.60485291e+00  7.44127794e+00  2.99169194e+00
  7.50768086e+00  7.82059767e+00  2.68753321e+00
  7.84602427e+00  8.71296307e+00  3.01112816e+00
  7.22249810e+00  9.01095050e+00  2.28629471e+00
  6.77300708e+00  9.47129201e+00  1.52136368e+00
  6.48550978e+00  1.01961056e+01  2.19382094e+00
  6.26594040e+00  6.76650439e-01  2.39983743e+00

molecule   54
  8.98523540e+00  1.11942220e+00  5.02765598e-01
  9.11677296e+00  1.75198022e-01  8.88909806e-01
  1.01112408e+01  1.53090236e-01  9.15032539e-01
  7.99716292e-02  9.70678953e+00  9.95871378e-01
  9.64740607e+00  9.70070375e+00  1.35335566e+00
  8.95756190e+00  1.00970638e+01  1.92528812e+00
  8.16267398e+00  9.47817774e+00  1.97766018e+00
  8.96464252e+00  8.95738120e+00  1.64375096e+00

molecule   55
  3.01975043e+00  6.50219183e+00  9.24676918e+00
  2.02368398e+00  6.24147344e+00  9.01725703e+00
  1.44431707e+00  5.69808064e+00  9.58723130e+00
  5.54493779e-01  5.75401265e+00  1.00097417e+01
  1.03290138e+01  5.04236336e+00  1.01822954e+01
  1.01164153e+01  5.57159669e+00  9.37446459e+00
  1.04076068e+01  4.84500240e+00  8.73208514e+00
  4.46984333e-01  4.29453532e+00  9.35548709e+00

molecule   56
  3.47849105e+00  4.60809401e+00  7.98547681e+00
  3.31968089e+00  3.75873539e+00  8.49191891e+00
  3.25138635e+00  3.89921512e+00  9.50706884e+00
  3.95058610e+00  4.60053445e+00  9.20626827e+00
  3.58239821e+00  5.50916682e+00  8.90881192e+00
  3.33772810e+00  6.11866344e+00  8.18616577e+00
  4.08877100e+00  5.90191486e+00  7.58261149e+00
  4.73543493e+00  5.21654788e+00  7.87901662e+00

molecule   57
  2.26404677e+00  3.45226038e+00  1.03115621e+01
  2.74656599e+00  4.29066650e+00  6.52354702e-02
  1.88040813e+00  4.37608416e+00  5.95855938e-01
  1.80252219e+00  4.81089712e+00  1.01331386e+01
  2.66513502e+00  4.84450865e+00  9.62485074e+00
  2.51585667e+00  5.74896237e+00  9.94652580e+00
  2.51177073e+00  5.63131271e+00  4.66356197e-01
  3.34034186e+00  5.32375375e+00  1.04467019e+01

molecule   58
  2.66743814e+00  7.37200763e+00  2.94226319e+00
  2.43206596e+00  6.38173030e+00  2.83518014e+00
  2.24036611e+00  5.55494446e+00  3.24507325e+00
  3.22723794e+00  5.45495939e+00  3.11688625e+00
  3.11393248e+00  5.35297600e+00  4.06147324e+00
  4.10572966e+00  5.17088883e+00  4.20967514e+00
  3.58938755e+00  5.29557590e+00  5.06745085e+00
  2.98063165e+00  4.53938396e+00  4.98591082e+00

molecule   59
  4.81523497e+00  8.28240764e+00  7.43761348e-01
  4.40260813e+00  9.15450681e+00  5.09968973e-01
  4.88043551e+00  8.86729252e+00  1.00980074e+01
  4.69671228e+00  8.78044192e+00  9.13995733e+00
  5.46583280e+00  8.65462739e+00  8.50464867e+00
  5.96499967e+00  8.51265012e+00  9.32932604e+00
  5.78169981e+00  7.61114906e+00  8.92742171e+00
  4.98613611e+00  7.43423210e+00  9.51432797e+00

molecule   60
  1.24097434e+00  5.02025488e+00  1.19623246e+00
  8.61981258e-01  4.24839916e+00  6.71529312e-01
  1.79644351e-01  4.03308578e+00  1.04042049e+01
  1.03958028e+01  3.08874015e+00  7.97784056e-02
  9.68070797e+00  2.37747213e+00  3.18605031e-01
  1.00733461e+01  2.19770354e+00  1.20251755e+00
  8.08051446e-02  1.35995136e+00  1.31767131e+00
  1.04357185e+01  7.57684251e-01  2.04153433e+00

molecule   61
  5.82213205e+00  6.59378699e+00  2.55479317e+00
  4.88619304e+00  6.39398504e+00  2.84115374e+00
  4.25719853e+00  5.69068430e+00  2.52113568e+00
  5.02696083e+00  5.32444520e+00  2.03056444e+00
  5.35553882e+00  4.41224253e+00  1.88513757e+00
  6.05670586e+00  5.08807289e+00  2.17610035e+00
  6.93868052e+00  5.41513658e+00  1.84727959e+00
  6.56746289e+00  6.32776035e+00  1.60856380e+00

molecule   62
  8.10488824e+00  2.48570559e-01  3.32687391e+00
  7.74892377e+00  1.04448064e+01  2.43319940e+00
  7.34394900e+00  1.00158241e+01  3.24380814e+00
  7.93748211e+00  9.67972023e+00  3.97652050e+00
  7.66923940e+00  1.00080123e+01  4.88531915e+00
  7.07374247e+00  9.00784527e-02  4.27489756e+00
  6.96336766e+00  6.94446533e-01  3.52511755e+00
  6.04306605e+00  9.71241648e-01  3.58610668e+00

molecule   63
  2.64654635e+00  7.54192034e+00  1.01325706e+01
  1.80160751e+00  7.26361376e+00  9.69339791e+00
  1.85217809e+00  8.21953752e+00  9.95590434e+00
  1.01081463e+00  8.36670811e+00  9.44278386e+00
  1.08060225e+00  9.20530878e+00  8.90599753e+00
  1.57268324e+00  9.73089742e+00  8.21954422e+00
  2.45314059e+00  1.01019476e+01  8.50644674e+00
  2.64160912e+00  9.12435303e+00  8.80015002e+00

molecule   64
  4.75645508e+00  5.17408007e+00  6.10374939e+00
  5.55844862e+00  5.63586048e+00  6.35300234e+00
  5.70043772e+00  4.96818709e+00  7.01880854e+00
  6.67320887e+00  4.82840697e+00  6.94497377e+00
  6.53538516e+00  4.83543979e+00  5.96259616e+00
  5.72288641e+00  4.22969930e+00  6.06851288e+00
  4.92998614e+00  3.71408473e+00  5.72117570e+00
  4.26758912e+00  4.21838966e+00  5.11530373e+00

molecule   65
  8.29136068e+00  3.39940669e+00  2.04448445e+00
  7.77453612e+00  2.59344924e+00  1.79725632e+00
  8.04862208e+00  1.63749858e+00  2.05355312e+00
  8.73099646e+00  2.10672753e+00  2.66840467e+00
  9.29775956e+00  2.71609548e+00  2.07768698e+00
  1.01942733e+01  2.97544822e+00  2.49122175e+00
  1.00624180e+01  3.09339808e+00  3.44475132e+00
  9.96683186e+00  2.13325533e+00  3.15738971e+00

molecule   66
  8.97757897e+00  9.65649344e+00  3.63557777e+00
  9.53210331e+00  9.17638235e+00  4.33734303e+00
  9.95283989e+00  1.00394777e+01  4.25288459e+00
  9.31327637e+00  2.92661640e-01  3.99628467e+00
  8.51865046e+00  1.04266138e+01  4.43292052e+00
  8.25158712e+00  9.18754860e-01  4.52425426e+00
  8.76806744e+00  5.93784414e-01  5.33057627e+00
  8.76654090e+00  1.58862688e+00  5.11381396e+00

molecule   67
  1.03223797e+01  4.39392639e-01  1.02550266e+01
  1.01707107e+01  1.36826938e+00  2.24511775e-02
  1.01300279e+01  1.47759917e+00  9.54028960e+00
  9.21815639e+00  1.22128786e+00  9.18328136e+00
  9.50089566e+00  2.17720339e+00  9.03811387e+00
  1.01509171e+01  2.48200489e+00  9.73982650e+00
  1.73001950e-01  2.60002830e+00  8.91194650e+00
  5.83298532e-01  1.69021039e+00  8.89524216e+00

molecule   68
  3.69672685e+00  9.27694199e+00  5.80115016e+00
  3.99598068e+00  1.01798308e+01  5.49619903e+00
  3.79079594e+00  1.03994199e+01  6.44558088e+00
  2.82496299e+00  2.36186835e-01  6.33794069e+00
  3.00556774e+00  1.11081353e+00  6.88491416e+00
  3.91758024e+00  1.30739141e+00  6.40202224e+00
  3.52027348e+00  1.97529285e+00  7.03127761e+00
  3.37973082e+00  1.37944497e+00  7.78229569e+00

molecule   69
  8.66579000e+00  8.36932665e+00  7.59315229e-01
  9.61562860e+00  8.57932346e+00  9.14965127e-01
  1.05475142e-02  8.76481829e+00  4.16636728e-01
  8.34816081e-01  8.74060217e+00  1.01476554e+00
  1.46927095e+00  9.56626547e+00  8.81935258e-01
  1.32525379e+00  1.04407491e+01  1.21985912e+00
  9.31989351e-01  7.99951616e-01  8.32610607e-01
  6.53993772e-01  4.18346259e-02  3.04569097e-01

molecule   70
  6.33823331e-01  8.03692039e+00  2.12156683e-03
  1.47478917e-02  7.77538180e+00  6.76275546e-01
  9.50746225e+00  7.66576894e+00  3.50210912e-01
  8.93140276e+00  8.29956054e+00  1.02621963e+01
  9.04309039e+00  8.12933744e+00  9.26917135e+00
  9.89111461e+00  7.61979783e+00  9.45820737e+00
  1.04365752e+01  6.80331856e+00  9.41718309e+00
  8.72675051e-01  6.96202611e+00  9.03840896e+00

molecule   71
  4.84873244e+00  2.56256465e+00  3.12018849e+00
  4.19924915e+00  2.75095200e+00  2.42669863e+00
  3.77677952e+00  2.92685137e+00  3.27984711e+00
  2.82943244e+00  3.20661499e+00  3.06765012e+00
  2.74113658e+00  2.90425511e+00  2.08976015e+00
  3.39332239e+00  3.54687025e+00  1.69235291e+00
  2.80497855e+00  3.08491448e+00  1.08325694e+00
  1.95004767e+00  2.62004639e+00  8.82843327e-01

molecule   72
  3.60565606e-01  2.12245711e+00  2.27045237e+00
  9.26653287e-01  2.90882035e+00  2.46982628e+00
  5.66590971e-01  2.79826986e+00  3.38651860e+00
  4.26641768e-01  3.42794223e+00  4.19678469e+00
  4.50282114e-01  2.41215929e+00  4.38943094e+00
  9.89333992e+00  2.24807230e+00  4.32311172e+00
  9.44448717e+00  1.35378758e+00  4.24880794e+00
  1.04032287e+01  1.24491714e+00  4.58550166e+00

molecule   73
  1.73737828e+00  6.98947420e+00  7.99450067e+00
  1.37175985e+00  7.69846458e+00  7.40162847e+00
  1.95019380e+00  7.51575957e+00  6.58521705e+00
  2.85072110e+00  7.27132415e+00  6.26115120e+00
  3.57212212e+00  7.73818279e+00  6.75751336e+00
  4.48772953e+00  7.86365977e+00  7.08740345e+00
  4.97977269e+00  8.72558067e+00  7.14974343e+00
  4.13039304e+00  8.89929901e+00  6.67114496e+00

molecule   74
  6.82322245e+00  6.19933024e+00  9.71819022e+00
  6.29701210e+00  6.91370434e+00  1.01327113e+01
  6.76972396e+00  7.79654282e+00  1.02726062e+01
  6.85941373e+00  7.97038170e+00  9.31541697e+00
  7.15466115e+00  7.20775535e+00  8.75150500e+00
  7.93814286e+00  7.83088826e+00  8.86294177e+00
  7.99651157e+00  8.56858488e+00  9.54656105e+00
  8.76172466e+00  9.19567878e+00  9.38916075e+00

molecule   75
  7.65287335e+00  9.03682620e-01  5.45686797e+00
  8.11814880e+00  1.44986548e+00  6.13740027e+00
  8.22619701e+00  6.60805679e-01  6.72750691e+00
  8.67829702e+00  9.39352103e-01  7.55092126e+00
  7.78697600e+00  1.39104760e+00  7.49589749e+00
  7.30221519e+00  1.89079008e+00  8.23164356e+00
  7.30810389e+00  2.09974823e+00  9.27324177e+00
  8.18248333e+00  1.67310459e+00  9.52855220e+00

molecule   76
  3.07222945e+00  6.41290064e+00  4.16199593e-01
  3.81549699e+00  6.23842186e+00  1.07032283e+00
  3.04730683e+00  6.80536654e+00  1.29093759e+00
  3.60199122e+00  7.32502909e+00  6.90817838e-01
  2.66519992e+00  7.58505563e+00  6.87059882e-01
  2.92183924e+00  8.17266823e+00  1.44516415e+00
  2.51631967e+00  8.60958237e+00  2.24947537e+00
  1.58884201e+00  8.39057176e+00  1.96794552e+00

molecule   77
  9.13560950e-01  8.57331057e+00  4.10097693e+00
  1.09752547e-01  9.02019220e+00  4.40093237e+00
  1.02865613e+01  9.24367789e+00  3.51752453e+00
  1.58767777e-01  8.35281635e+00  3.15279185e+00
  1.06954927e+00  8.12434933e+00  2.87961506e+00
  1.22370086e+00  9.05849010e+00  3.00382161e+00
  1.81840860e+00  8.35042786e+00  3.44503786e+00
  2.40252483e+00  7.67978159e+00  3.85659641e+00

molecule   78
  6.94634248e+00  6.79459356e-01  6.98305328e+00
  6.50797170e+00  1.08775924e+00  6.16570034e+00
  6.05762906e+00  1.63068370e+00  5.50095915e+00
  5.43552343e+00  9.79096101e-01  5.90104497e+00
  4.70946756e+00  4.80527081e-01  6.38633045e+00
  4.42829359e+00  7.99173098e-01  7.31182248e+00
  4.91882338e+00  4.81097862e-01  8.04260880e+00
  4.97211805e+00  7.93190221e-01  8.96029585e+00

molecule   79
  3.93533838e+00  4.94222750e-02  9.13907711e+00
  3.38869482e+00  8.55080623e-01  8.98946606e+00
  3.67870390e+00  1.73293635e+00  8.68526323e+00
  3.72112784e+00  2.68624231e+00  8.41759187e+00
  4.49340623e+00  2.29581825e+00  7.85844872e+00
  5.25426820e+00  2.21439672e+00  7.21705219e+00
  4.45340616e+00  2.70179633e+00  6.78502517e+00
  5.00003629e+00  2.06933631e+00  6.24435212e+00

molecule   80
  7.75764038e+00  3.85669942e+00  9.75428782e+00
  6.89364612e+00  3.87278840e+00  9.24690200e+00
  6.12449084e+00  3.67205723e+00  9.84719136e+00
  5.23087307e+00  3.28255282e+00  9.64607451e+00
  5.23855022e+00  2.66592851e+00  1.03761302e+01
  5.88201439e+00  1.91039925e+00  4.19137971e-02
  6.11911349e+00  1.55419637e+00  9.69519236e-01
  7.05305374e+00  1.77303304e+00  1.05923960e+00

molecule   81
  8.37355335e+00  7.53133272e+00  4.39199839e+00
  8.56041511e+00  7.64279962e+00  3.42621597e+00
  7.81885540e+00  6.97492420e+00  3.27445281e+00
  7.35107574e+00  6.96054915e+00  4.17093125e+00
  6.42161713e+00  6.81292264e+00  3.93803157e+00
  6.53093346e+00  6.04270604e+00  3.32265577e+00
  5.97593956e+00  5.74523678e+00  4.02425294e+00
  5.02755774e+00  6.16638110e+00  3.95246955e+00

molecule   82
  7.28398188e+00  5.64210156e+00  6.87883656e+00
  7.42323381e+00  6.50712773e+00  7.27977157e+00
  7.90813105e+00  6.95542120e+00  8.02632442e+00
  8.50201251e+00  6.18966337e+00  8.24537551e+00
  8.14950068e+00  6.66826377e+00  9.09852148e+00
  9.03876206e+00  6.33767162e+00  9.31367198e+00
  9.04209336e+00  6.99092696e+00  8.54598880e+00
  8.61590155e+00  7.68234671e+00  7.96833643e+00

molecule   83
  7.62830327e+00  8.24292311e+00  7.55168737e+00
  7.69116426e+00  7.70710075e+00  6.73797035e+00
  7.32233656e+00  8.60209014e+00  6.47849651e+00
  7.12769009e+00  9.41954869e+00  5.91845484e+00
  7.60078369e+00  1.03198108e+01  5.96895930e+00
  8.63671064e+00  1.02869401e+01  6.10449263e+00
  8.45234189e+00  9.28159525e+00  5.99064656e+00
  8.91721576e+00  9.58276915e+00  6.81620950e+00

molecule   84
  8.94365381e+00  3.63829298e+00  3.88666109e+00
  8.50997876e+00  2.72921061e+00  3.65343813e+00
  7.83271387e+00  2.32142019e+00  4.24806796e+00
  8.16148756e+00  3.12668713e+00  4.69588894e+00
  8.06977326e+00  2.80412822e+00  5.61860398e+00
  8.72719086e+00  3.52023380e+00  5.69914171e+00
  9.32771067e+00  4.06545500e+00  6.22434508e+00
  9.55349820e+00  3.08172917e+00  6.30498230e+00

molecule   85
  2.73760971e+00  1.82841711e+00  1.01574272e+01
  2.95403578e+00  1.76189323e+00  6.83480776e-01
  3.28684169e+00  2.50013799e+00  1.04930594e-01
  3.92530916e+00  2.84994130e+00  7.90124609e-01
  4.89140219e+00  3.08712239e+00  9.84134346e-01
  4.49190591e+00  3.96010022e+00  1.13485740e+00
  3.65256473e+00  4.00234445e+00  5.58146892e-01
  3.60864494e+00  4.82271989e+00  1.09785210e+00

molecule   86
  6.58106236e+00  4.34817585e+00  1.52528517e+00
  6.68958763e+00  3.93252515e+00  6.70078975e-01
  6.77600120e+00  4.56230108e+00  1.03575658e+01
  5.81581216e+00  4.73174623e+00  1.04124189e+01
  5.31861432e+00  5.57115859e+00  1.03442791e+01
  4.68395522e+00  4.82543131e+00  1.02813982e+01
  4.99614535e+00  3.87857910e+00  1.03707677e+01
  4.20304339e+00  3.32228318e+00  1.03050300e+01

molecule   87
  8.83976732e+00  9.39468658e+00  5.35854231e-01
  7.92620347e+00  9.24216407e+00  1.94021917e-01
  7.09891992e+00  8.81022723e+00  1.02937868e+01
  6.44935097e+00  9.28837194e+00  4.10405111e-01
  6.40617839e+00  8.32158745e+00  7.16083281e-01
  6.56304462e+00  7.34175382e+00  9.83477116e-01
  6.63050164e+00  6.47926465e+00  5.11562155e-01
  6.77976209e+00  5.49803768e+00  4.57905202e-01

molecule   88
  1.44959673e+00  6.86571586e+00  5.13779455e+00
  1.52463727e+00  6.35588224e+00  5.99256202e+00
  1.64629589e+00  6.46045273e+00  6.98908260e+00
  9.19938140e-01  6.09001391e+00  7.63609744e+00
  6.51671568e-01  5.32073712e+00  7.05118792e+00
  1.04150371e+01  6.03343514e+00  7.15025977e+00
  6.43793374e-01  6.25867552e+00  6.43262673e+00
  7.32007815e-01  7.26535297e+00  6.63248148e+00

molecule   89
  3.23002937e+00  7.88560631e+00  7.89768677e+00
  3.07889465e+00  8.73946790e+00  7.50107117e+00
  2.27412925e+00  8.20916023e+00  7.56914355e+00
  1.61605033e+00  8.95216887e+00  7.50558111e+00
  2.00470830e+00  9.82403299e+00  7.17658235e+00
  1.54584725e+00  9.45353237e+00  6.36333512e+00
  6.98797358e-01  8.92419509e+00  6.40106748e+00
  1.02482370e+01  9.26470125e+00  6.26299679e+00

molecule   90
  3.30797317e+00  7.33194748e+00  2.19995573e+00
  3.43261757e+00  6.77790714e+00  3.04452640e+00
  3.36225751e+00  6.07781022e+00  2.30315946e+00
  2.96101453e+00  5.48729879e+00  1.59028419e+00
  2.20898547e+00  5.40597344e+00  2.21588170e+00
  2.14224804e+00  4.42574243e+00  2.25539081e+00
  1.92018519e+00  3.76571681e+00  1.53991045e+00
  2.75259282e+00  4.16193281e+00  1.11828824e+00

molecule   91
  7.40501066e+00  5.14671059e+00  9.18999893e+00
  8.00676559e+00  4.93578858e+00  8.41280039e+00
  8.91941017e+00  4.76570063e+00  8.80361039e+00
  8.92708686e+00  3.85147265e+00  9.19831846e+00
  8.97510810e+00  3.05873589e+00  9.75415492e+00
  8.26627720e+00  2.88585695e+00  9.07765744e+00
  7.31783520e+00  3.08687884e+00  8.86812870e+00
  6.95216766e+00  3.01705074e+00  7.98239127e+00

molecule   92
  7.68239679e+00  6.14216677e+00  1.19517138e+00
  7.61821394e+00  6.04686030e+00  1.64035933e-01
  8.36444157e+00  6.47543590e+00  1.02007735e+01
  8.43556443e+00  7.15402299e+00  4.55269568e-01
  7.53015515e+00  7.08359722e+00  8.08959805e-04
  8.16567058e+00  7.58984212e+00  9.87601853e+00
  7.78202542e+00  8.05756347e+00  2.54765020e-01
  7.42145690e+00  8.56916167e+00  1.03493700e+00

molecule   93
  2.41391631e+00  4.09873833e+00  4.23231383e+00
  2.36846244e+00  4.49127924e+00  3.31782559e+00
  3.32737045e+00  4.23591568e+00  3.27747717e+00
  3.26406345e+00  4.43063504e+00  2.32240523e+00
  4.16865658e+00  4.73999274e+00  2.09736226e+00
  4.69918912e+00  4.37334586e+00  2.83557258e+00
  4.93531575e+00  5.18153584e+00  3.27820029e+00
  5.76437463e+00  4.69433996e+00  3.04945643e+00

molecule   94
  6.78860070e+00  1.22107113e+00  4.74670655e+00
  6.30768936e+00  2.09391689e+00  4.63646905e+00
  6.23564418e+00  3.02743649e+00  4.17679594e+00
  6.93260000e+00  2.84871673e+00  3.49683343e+00
  6.05831561e+00  2.40041863e+00  3.28279097e+00
  5.43239070e+00  1.79568240e+00  3.80035328e+00
  4.62594383e+00  1.86497381e+00  4.38114905e+00
  4.39874453e+00  1.62956442e+00  5.32564284e+00

molecule   95
  6.41658168e-01  2.73012527e+00  1.37100013e+00
  1.42086976e+00  2.23792684e+00  1.71778255e+00
  2.10036420e+00  1.77082074e+00  2.21882702e+00
  1.84339700e+00  7.90930397e-01  2.30022786e+00
  2.61574585e+00  3.95268549e-01  1.84262271e+00
  3.43510264e+00  1.03344071e+01  1.69914167e+00
  3.33063041e+00  1.03237426e+01  7.11446220e-01
  4.31870366e+00  1.03569122e+01  8.48203823e-01

molecule   96
  3.03712608e+00  9.61224630e+00  2.43807842e+00
  2.34910525e+00  9.79809774e+00  1.75305075e+00
  1.73660867e+00  1.00636711e+01  2.46292531e+00
  1.09087375e+00  3.69897179e-01  2.71431069e+00
  9.97722995e-01  1.02933272e+01  3.52479763e+00
  3.70967774e-01  9.84715197e+00  2.87775936e+00
  9.97486377e+00  1.02655630e+01  3.21934730e+00
  1.01677660e+01  1.02040580e+01  2.27035131e+00

molecule   97
  4.09677863e+00  7.83884768e+00  8.50843456e+00
  3.86645464e+00  7.03060224e+00  7.96162324e+00
  3.38363155e+00  6.80575696e+00  7.09185919e+00
  4.13896486e+00  6.29070864e+00  6.63181623e+00
  3.37743730e+00  6.33987336e+00  5.94091026e+00
  3.69382985e+00  7.00739097e+00  5.25053696e+00
  3.94426223e+00  6.36980333e+00  4.52114050e+00
  3.07709426e+00  6.39212942e+00  4.01038164e+00

molecule   98
  3.55623860e+00  2.07445954e+00  5.38235193e+00
  3.09626066e+00  1.27538406e+00  5.72466113e+00
  2.89045692e+00  1.97797382e+00  6.34136827e+00
  2.47133495e+00  2.05101703e+00  7.23850962e+00
  2.76181748e+00  2.28361289e+00  8.13702075e+00
  2.32539316e+00  1.36601983e+00  8.25462414e+00
  1.75666942e+00  1.64438048e+00  9.02066921e+00
  1.24533310e+00  2.47464965e+00  9.03501110e+00

molecule   99
  3.43214551e+00  7.51476099e+00  4.20829798e+00
  3.74893853e+00  7.75626363e+00  3.30255069e+00
  4.55984527e+00  7.45191894e+00  2.84168985e+00
  4.28769381e+00  7.31104045e+00  1.91974861e+00
  4.99145561e+00  6.90006167e+00  1.35125692e+00
  5.42276244e+00  6.02877394e+00  1.45637207e+00
  5.79282051e+00  5.18858560e+00  1.07028243e+00
  4.82411202e+00  5.08098864e+00  8.13380718e-01
