  2.2759616e+02
  2.3199901e+02
  2.3906236e+02
  2.3565834e+02
  2.2920248e+02
  2.3359211e+02
  2.3881469e+02
  2.3343482e+02
  2.3092855e+02
  2.3283821e+02
  2.3573150e+02
  2.3213526e+02
  2.2700134e+02
  2.2477058e+02
  2.3407702e+02
  2.3825914e+02
  2.3428762e+02
  2.3079469e+02
  2.3500436e+02
  2.2309622e+02
  2.3704683e+02
  2.2578394e+02
  2.2408667e+02
  2.3203203e+02
  2.3232195e+02
  2.3992999e+02
  2.2960256e+02
  2.2652722e+02
  2.2538487e+02
  2.1831560e+02
  2.2735474e+02
  2.2868759e+02
  2.3377664e+02
  2.2466029e+02
  2.3207418e+02
  2.3078838e+02
  2.3157704e+02
  2.2334023e+02
  2.2908240e+02
  2.2460211e+02
  2.3453825e+02
  2.3039838e+02
  2.3345052e+02
  2.2868822e+02
  2.2268421e+02
  2.3764790e+02
  2.2563653e+02
  2.3413102e+02
  2.3453143e+02
  2.3918560e+02
  2.2902199e+02
  2.3150603e+02
  2.2769127e+02
  2.3485570e+02
  2.2884153e+02
  2.3239393e+02
  2.2935515e+02
  2.2551719e+02
  2.3920302e+02
  2.2727278e+02
  2.2907565e+02
  2.3376665e+02
  2.3725119e+02
  2.4683815e+02
  2.3919033e+02
  2.3035159e+02
  2.3674507e+02
  2.3569033e+02
  2.3040152e+02
  2.1794184e+02
  2.3252689e+02
  2.2581642e+02
  2.2392246e+02
  2.3166674e+02
  2.3672070e+02
  2.3551248e+02
  2.2484844e+02
  2.3996308e+02
  2.3698991e+02
  2.2709691e+02
  2.2651583e+02
  2.3639518e+02
  2.3324415e+02
  2.2558351e+02
  2.3331200e+02
  2.3392786e+02
  2.2660228e+02
  2.3368627e+02
  2.3954418e+02
  2.4178034e+02
  2.3283568e+02
  2.2539657e+02
  2.2564293e+02
  2.2660873e+02
  2.2976052e+02
  2.2956777e+02
  2.2391527e+02
  2.2396972e+02
  2.2304930e+02
  2.3611616e+02
  2.3425994e+02
  2.3397768e+02
  2.2980608e+02
  2.3645538e+02
  2.3440939e+02
  2.4114723e+02
  2.3980505e+02
  2.2648626e+02
  2.2658098e+02
  2.3181041e+02
  2.2146540e+02
  2.3117026e+02
  2.3096361e+02
  2.4009402e+02
  2.2470115e+02
  2.3726777e+02
  2.2707294e+02
  2.2660363e+02
  2.2958116e+02
  2.3326594e+02
  2.3119376e+02
  2.3143373e+02
  2.3087770e+02
  2.3695722e+02
  2.2687323e+02
  2.2109735e+02
  2.3146945e+02
  2.2718868e+02
  2.3297004e+02
  2.2268064e+02
  2.3430483e+02
  2.2917842e+02
  2.3940539e+02
  2.3580939e+02
  2.2942523e+02
  2.2106372e+02
  2.2927376e+02
  2.2621011e+02
  2.3526979e+02
  2.3855852e+02
  2.2369466e+02
  2.3212270e+02
  2.3047056e+02
  2.3242597e+02
  2.2582244e+02
  2.2718060e+02
  2.3733657e+02
  2.3564096e+02
  2.4010465e+02
  2.2657828e+02
  2.3634433e+02
  2.2828696e+02
  2.3498730e+02
  2.3930870e+02
  2.2970850e+02
  2.2977156e+02
  2.3543232e+02
  2.3205674e+02
  2.2530824e+02
  2.3041439e+02
  2.2469001e+02
  2.3041926e+02
  2.2726085e+02
  2.2462769e+02
  2.3280914e+02
  2.2635533e+02
  2.2952197e+02
  2.3023781e+02
  2.3642448e+02
  2.2854814e+02
  2.3478188e+02
  2.2745221e+02
  2.3157102e+02
  2.2650314e+02
  2.2216382e+02
  2.2797875e+02
  2.2661361e+02
  2.2842386e+02
  2.3149755e+02
  2.2635557e+02
  2.3487394e+02
  2.2683496e+02
  2.3499688e+02
  2.4006152e+02
  2.3753751e+02
  2.3637037e+02
  2.4216033e+02
  2.3270945e+02
  2.2519257e+02
  2.3202450e+02
  2.3965088e+02
  2.2319212e+02
  2.3474062e+02
  2.2480817e+02
  2.2518328e+02
  2.2780873e+02
  2.2918374e+02
  2.2700566e+02
  2.2918599e+02
  2.3469793e+02
  2.3910490e+02
  2.3361048e+02
  2.2490667e+02
  2.3478865e+02
  2.2376147e+02
  2.3709826e+02
  2.2920987e+02
  2.3490504e+02
  2.3597996e+02
  2.3573421e+02
  2.3749256e+02
  2.2566854e+02
  2.3096057e+02
  2.3602369e+02
  2.3516722e+02
  2.4231229e+02
  2.3418823e+02
  2.3868969e+02
  2.3052306e+02
  2.2986199e+02
  2.2826710e+02
  2.3012995e+02
  2.3329744e+02
  2.3246506e+02
  2.3152927e+02
  2.3306309e+02
  2.2818969e+02
  2.2879124e+02
  2.2955873e+02
  2.3325788e+02
  2.2310916e+02
  2.3068190e+02
  2.2968333e+02
  2.3353931e+02
  2.3031047e+02
  2.3243440e+02
  2.3382648e+02
  2.2703043e+02
  2.4194952e+02
  2.3448006e+02
  2.2566804e+02
  2.2867039e+02
  2.2858087e+02
  2.3357262e+02
  2.2868811e+02
  2.3272981e+02
  2.3333383e+02
  2.3524666e+02
  2.3292511e+02
  2.3607042e+02
  2.2889079e+02
  2.3164950e+02
  2.2538655e+02
  2.2712550e+02
  2.2818234e+02
  2.2552575e+02
  2.3775189e+02
  2.3225985e+02
  2.2369499e+02
  2.3444232e+02
  2.4018811e+02
  2.3230037e+02
  2.2742902e+02
  2.2561848e+02
  2.2602835e+02
  2.2343920e+02
  2.2910298e+02
  2.2991770e+02
  2.2572138e+02
  2.3128674e+02
  2.2898732e+02
  2.3280472e+02
  2.2487248e+02
  2.4543265e+02
  2.2679848e+02
  2.3430559e+02
  2.2265460e+02
  2.3433008e+02
  2.3162724e+02
  2.2745828e+02
  2.3446529e+02
  2.2780395e+02
  2.4054423e+02
  2.2540798e+02
  2.3159155e+02
  2.2380075e+02
  2.2796883e+02
  2.2992861e+02
  2.2903167e+02
  2.3135985e+02
  2.3560307e+02
  2.3124656e+02
  2.3083922e+02
  2.2981931e+02
  2.2901537e+02
  2.3148012e+02
  2.3435298e+02
  2.2806246e+02
  2.3500093e+02
  2.3791084e+02
  2.3198418e+02
  2.2746536e+02
  2.2951212e+02
  2.2960262e+02
  2.2461816e+02
  2.4064830e+02
  2.2627903e+02
  2.3475316e+02
  2.2807916e+02
  2.2744326e+02
  2.3104342e+02
  2.3274667e+02
  2.2859653e+02
  2.2530597e+02
  2.2669239e+02
  2.2529275e+02
  2.2660179e+02
  2.3296233e+02
  2.2749869e+02
  2.3581746e+02
  2.3110905e+02
  2.3102978e+02
  2.3605634e+02
  2.3494106e+02
  2.2410192e+02
  2.3099858e+02
  2.2461592e+02
  2.2741413e+02
  2.2860872e+02
  2.3570730e+02
  2.2909793e+02
  2.3442157e+02
  2.2972532e+02
  2.3453926e+02
  2.2582962e+02
  2.2533160e+02
  2.2535817e+02
  2.4352041e+02
  2.3153502e+02
  2.3416500e+02
  2.3517531e+02
  2.2311953e+02
  2.3367442e+02
  2.2495063e+02
  2.3851539e+02
  2.1678300e+02
  2.2174462e+02
  2.2720011e+02
  2.2820589e+02
  2.3321533e+02
  2.3206546e+02
  2.3101769e+02
  2.2814896e+02
  2.3382798e+02
  2.3574369e+02
  2.2735680e+02
  2.2178981e+02
  2.2754277e+02
  2.2733503e+02
  2.2837069e+02
  2.2844325e+02
  2.3139803e+02
  2.3666484e+02
  2.3318945e+02
  2.3231065e+02
  2.2058488e+02
  2.3884560e+02
  2.3263348e+02
  2.3418072e+02
  2.3241876e+02
  2.3638151e+02
  2.3110295e+02
  2.3290934e+02
  2.3526037e+02
  2.2855153e+02
  2.2472694e+02
  2.3628472e+02
  2.3377251e+02
  2.3503647e+02
  2.2695928e+02
  2.2444734e+02
  2.3096208e+02
  2.3882047e+02
  2.2868213e+02
  2.2465041e+02
  2.3753902e+02
  2.2588149e+02
  2.3132338e+02
  2.3346954e+02
  2.2762790e+02
  2.2997289e+02
  2.3798659e+02
  2.2741587e+02
  2.2518053e+02
  2.1813383e+02
  2.2631157e+02
  2.3341415e+02
  2.3480217e+02
  2.3687305e+02
  2.2908842e+02
  2.2808212e+02
  2.2859750e+02
  2.3920240e+02
  2.3462935e+02
  2.2841614e+02
  2.3082397e+02
  2.4012702e+02
  2.3577578e+02
  2.3118782e+02
  2.2591387e+02
  2.2731958e+02
  2.2389795e+02
  2.3114759e+02
  2.3648970e+02
  2.3379214e+02
  2.3417158e+02
  2.3460845e+02
  2.2705126e+02
  2.3427809e+02
  2.4140854e+02
  2.2436270e+02
  2.3565472e+02
  2.3084813e+02
  2.2993931e+02
  2.3221462e+02
  2.2680985e+02
  2.2704666e+02
  2.2606735e+02
  2.3015212e+02
  2.3200291e+02
  2.2930755e+02
  2.2779397e+02
  2.3750437e+02
  2.2461387e+02
  2.2913425e+02
  2.2800820e+02
  2.2587271e+02
  2.2625994e+02
  2.1990309e+02
  2.4189984e+02
  2.3535185e+02
  2.3381522e+02
  2.3170193e+02
  2.3521185e+02
  2.3401935e+02
  2.3051157e+02
  2.3347467e+02
  2.3437701e+02
  2.3775700e+02
  2.2459593e+02
  2.3046655e+02
  2.4061923e+02
  2.3513312e+02
  2.2545618e+02
  2.2451330e+02
  2.3879111e+02
  2.2378615e+02
  2.2962741e+02
  2.3216364e+02
  2.3352816e+02
  2.2546833e+02
  2.2831598e+02
  2.2609832e+02
  2.3050045e+02
  2.3224151e+02
  2.2585078e+02
  2.2748777e+02
  2.4196988e+02
  2.3499150e+02
  2.4423710e+02
  2.3229664e+02
  2.3104515e+02
  2.3884907e+02
  2.3558798e+02
  2.3378607e+02
  2.2538298e+02
  2.2202187e+02
  2.3448694e+02
  2.3097793e+02
  2.3895069e+02
  2.4179016e+02
  2.2839872e+02
  2.3417505e+02
  2.2935145e+02
  2.3402200e+02
  2.1823849e+02
  2.2814078e+02
  2.3900374e+02
  2.3604423e+02
  2.2833540e+02
  2.2872365e+02
  2.3433284e+02
  2.3564464e+02
  2.2840124e+02
  2.2476627e+02
  2.3021796e+02
  2.3276697e+02
  2.2807584e+02
  2.3007283e+02
  2.3654726e+02
  2.3457523e+02
  2.3151131e+02
  2.2295676e+02
  2.2649260e+02
  2.3409215e+02
  2.3934436e+02
  2.3107291e+02
  2.3961404e+02
  2.2927889e+02
  2.3095688e+02
  2.4097143e+02
  2.3166609e+02
  2.2500698e+02
  2.2909582e+02
  2.2580469e+02
  2.3436788e+02
  2.2945208e+02
  2.2745773e+02
  2.2528618e+02
  2.3915022e+02
  2.3360692e+02
  2.2948392e+02
  2.3857793e+02
  2.3362233e+02
  2.2798548e+02
  2.2968600e+02
  2.2751273e+02
  2.3287643e+02
  2.2792656e+02
  2.3535896e+02
  2.2454422e+02
  2.2454166e+02
  2.2143527e+02
  2.3101309e+02
  2.2650414e+02
  2.3623090e+02
  2.2997977e+02
  2.3157106e+02
  2.2959833e+02
  2.2964544e+02
  2.2581719e+02
  2.3689019e+02
  2.3573522e+02
  2.2484897e+02
  2.2927727e+02
  2.2803622e+02
  2.3597608e+02
  2.3474859e+02
  2.3183849e+02
  2.3581946e+02
  2.3153035e+02
  2.3651430e+02
  2.3759000e+02
  2.2728158e+02
  2.2979422e+02
  2.3191742e+02
  2.2994305e+02
  2.3533525e+02
  2.3240583e+02
  2.3062872e+02
  2.2960479e+02
  2.3239653e+02
  2.3051068e+02
  2.2567847e+02
  2.3342059e+02
  2.3018737e+02
  2.3473416e+02
  2.2602501e+02
  2.3014174e+02
  2.3433559e+02
  2.2729074e+02
  2.2238458e+02
  2.3932227e+02
  2.2996807e+02
  2.3190760e+02
  2.3216138e+02
  2.3311061e+02
  2.3294984e+02
  2.2902477e+02
  2.2951244e+02
  2.2552991e+02
  2.3768917e+02
  2.2694951e+02
  2.2494865e+02
  2.2589858e+02
  2.3091095e+02
  2.3803258e+02
  2.3488626e+02
  2.3586099e+02
  2.3013846e+02
  2.2763794e+02
  2.3376599e+02
  2.2893447e+02
  2.3309643e+02
  2.3638612e+02
  2.3692881e+02
  2.2273375e+02
  2.3481027e+02
  2.3434334e+02
  2.3642974e+02
  2.2783913e+02
  2.2023227e+02
  2.2876184e+02
  2.3342891e+02
  2.2401390e+02
  2.2424219e+02
  2.3238571e+02
  2.2844648e+02
  2.3455907e+02
  2.3323564e+02
  2.2857340e+02
  2.3604361e+02
  2.4073886e+02
  2.2954066e+02
  2.2292243e+02
  2.3264592e+02
  2.3396506e+02
  2.3801178e+02
  2.3623719e+02
  2.3321894e+02
  2.2918252e+02
  2.3424308e+02
  2.4103040e+02
  2.4393039e+02
  2.2749300e+02
  2.3375268e+02
  2.2523253e+02
  2.3559998e+02
  2.2371739e+02
  2.3979492e+02
  2.3776584e+02
  2.3118821e+02
  2.3470756e+02
  2.3431007e+02
  2.2002727e+02
  2.2788460e+02
  2.2990221e+02
  2.2829744e+02
  2.3170392e+02
  2.3889022e+02
  2.3221451e+02
  2.1900799e+02
  2.2781738e+02
  2.3281874e+02
  2.2635138e+02
  2.2724103e+02
  2.3329895e+02
  2.3691420e+02
  2.2371606e+02
  2.3019835e+02
  2.2854076e+02
  2.2949435e+02
  2.2928704e+02
  2.3713108e+02
  2.2227922e+02
  2.2257274e+02
  2.2860202e+02
  2.3305263e+02
  2.2565905e+02
  2.3259452e+02
  2.3396114e+02
  2.3189821e+02
  2.2818919e+02
  2.3352622e+02
  2.3238559e+02
  2.3142355e+02
  2.3222727e+02
  2.3288876e+02
  2.2855342e+02
  2.4309965e+02
  2.3077532e+02
  2.2977835e+02
  2.2782324e+02
  2.3736206e+02
  2.3245082e+02
  2.3221611e+02
  2.2837015e+02
  2.2908490e+02
  2.3901958e+02
  2.3638847e+02
  2.2857244e+02
  2.3156313e+02
  2.3122451e+02
  2.3427031e+02
  2.3301984e+02
  2.3692990e+02
  2.2569418e+02
  2.2386991e+02
  2.3048056e+02
  2.3265752e+02
  2.2124386e+02
  2.3004613e+02
  2.3091357e+02
  2.3254460e+02
  2.2659658e+02
  2.2958681e+02
  2.2492010e+02
  2.3344523e+02
  2.3997038e+02
  2.2503298e+02
  2.3341802e+02
  2.2659439e+02
  2.3358781e+02
  2.3484967e+02
  2.3575746e+02
  2.2940473e+02
  2.3438623e+02
  2.3118636e+02
  2.2385239e+02
  2.3589222e+02
  2.2338950e+02
  2.2924010e+02
  2.3894480e+02
  2.3657715e+02
  2.2883564e+02
  2.3225257e+02
  2.3350499e+02
  2.2291225e+02
  2.3096383e+02
  2.3681742e+02
  2.2298307e+02
  2.2224033e+02
  2.2604125e+02
  2.3617850e+02
  2.2509652e+02
  2.3634318e+02
  2.3376477e+02
  2.3551676e+02
  2.3509714e+02
  2.2801651e+02
  2.3603643e+02
  2.2650114e+02
  2.3642241e+02
  2.2808604e+02
  2.2623675e+02
  2.2631280e+02
  2.3820484e+02
  2.3001147e+02
  2.3236579e+02
  2.3144777e+02
  2.3106088e+02
  2.2556702e+02
  2.3507399e+02
  2.3891257e+02
  2.3206388e+02
  2.3520557e+02
  2.3776392e+02
  2.3012916e+02
  2.2385582e+02
  2.3000163e+02
  2.2451203e+02
  2.3426190e+02
  2.3181852e+02
  2.3442466e+02
  2.2911668e+02
  2.2970339e+02
  2.2486098e+02
  2.2598489e+02
  2.3789506e+02
  2.2202024e+02
  2.2834531e+02
  2.3036157e+02
  2.2827911e+02
  2.2996851e+02
  2.3270236e+02
  2.3273742e+02
  2.2938449e+02
  2.3635577e+02
  2.2717394e+02
  2.3428507e+02
  2.3866802e+02
  2.3454975e+02
  2.4387205e+02
  2.3182562e+02
  2.3160628e+02
  2.2865241e+02
  2.3817745e+02
  2.3349980e+02
  2.2387816e+02
  2.2797881e+02
  2.3717533e+02
  2.3259363e+02
  2.2685586e+02
  2.2415777e+02
  2.2825236e+02
  2.3033748e+02
  2.3240775e+02
  2.2650541e+02
  2.2556773e+02
  2.3395967e+02
  2.2188966e+02
  2.4100167e+02
  2.3143758e+02
  2.3115190e+02
  2.4455763e+02
  2.3207342e+02
  2.3600952e+02
  2.2739254e+02
  2.2616638e+02
  2.2825585e+02
  2.3583593e+02
  2.3246340e+02
  2.3648870e+02
  2.2877955e+02
  2.3474508e+02
  2.2862120e+02
  2.4152423e+02
  2.2636004e+02
  2.3529791e+02
  2.3115341e+02
  2.3213776e+02
  2.3646772e+02
  2.3291865e+02
  2.2225616e+02
  2.2757461e+02
  2.3561248e+02
  2.2373350e+02
  2.3742106e+02
  2.2570484e+02
  2.3185170e+02
  2.2983095e+02
  2.3332423e+02
  2.2357298e+02
  2.2496651e+02
  2.3025338e+02
  2.3433928e+02
  2.2745537e+02
  2.3332299e+02
  2.2821725e+02
  2.3316746e+02
  2.3405581e+02
  2.2046148e+02
  2.3740388e+02
  2.3374819e+02
  2.3021197e+02
  2.2828543e+02
  2.3000821e+02
  2.3008603e+02
  2.2570588e+02
  2.3305653e+02
  2.2531559e+02
  2.3012433e+02
  2.2279257e+02
  2.2235662e+02
  2.3350412e+02
  2.3861756e+02
  2.2550938e+02
  2.3353524e+02
  2.3264311e+02
  2.2847953e+02
  2.3836525e+02
  2.2829217e+02
  2.3650443e+02
  2.2850534e+02
  2.2906988e+02
  2.3084845e+02
  2.2667618e+02
  2.3382218e+02
  2.3054498e+02
  2.3273203e+02
  2.3626495e+02
  2.3072585e+02
  2.3231697e+02
  2.2904488e+02
  2.3680874e+02
  2.3270960e+02
  2.2397054e+02
  2.2882879e+02
  2.4126372e+02
  2.2818221e+02
  2.3375890e+02
  2.2360969e+02
  2.2858061e+02
  2.2827683e+02
  2.3351872e+02
  2.2976907e+02
  2.3168383e+02
  2.2656769e+02
  2.3225955e+02
  2.3592759e+02
  2.3513009e+02
  2.3203212e+02
  2.2985404e+02
  2.3087786e+02
  2.2138354e+02
  2.3232355e+02
  2.3569047e+02
  2.2696321e+02
  2.3127364e+02
  2.3404902e+02
  2.3570858e+02
  2.2809694e+02
  2.3682213e+02
  2.3394526e+02
  2.3143181e+02
  2.2760985e+02
  2.3445967e+02
  2.3225008e+02
  2.3393252e+02
  2.2882364e+02
  2.2871453e+02
  2.3441519e+02
  2.4457041e+02
  2.3031791e+02
  2.3374801e+02
  2.2112575e+02
  2.2092906e+02
  2.2845879e+02
  2.3561799e+02
  2.3193141e+02
  2.2517873e+02
  2.4219225e+02
  2.3295827e+02
  2.2194736e+02
  2.2735964e+02
  2.2923328e+02
  2.3488413e+02
  2.2787193e+02
  2.3080770e+02
  2.3411741e+02
  2.3254810e+02
  2.3074257e+02
  2.3298678e+02
  2.3487084e+02
  2.3298773e+02
  2.2536943e+02
  2.3520251e+02
  2.2832856e+02
  2.3635572e+02
  2.2339116e+02
  2.3171499e+02
  2.3486376e+02
  2.3837718e+02
  2.3636915e+02
  2.2745898e+02
  2.2626587e+02
  2.3079349e+02
  2.3157470e+02
  2.4065100e+02
  2.3324239e+02
  2.3239037e+02
  2.2406519e+02
  2.2606097e+02
  2.2348685e+02
  2.2585268e+02
  2.3341762e+02
  2.3508195e+02
  2.3179188e+02
  2.2835307e+02
  2.2313622e+02
  2.3719186e+02
  2.4721269e+02
  2.3489774e+02
  2.2431078e+02
  2.3780573e+02
  2.2494637e+02
  2.3486041e+02
  2.2861504e+02
  2.3531895e+02
  2.3460585e+02
  2.4044652e+02
  2.2976205e+02
  2.3940912e+02
  2.2155695e+02
  2.1910501e+02
  2.3136720e+02
  2.2619250e+02
  2.3621642e+02
  2.2149308e+02
  2.3343653e+02
  2.2904920e+02
  2.3061882e+02
  2.2888065e+02
  2.3093604e+02
  2.2197185e+02
  2.2329433e+02
  2.2958619e+02
  2.3965840e+02
  2.3053502e+02
  2.3206796e+02
  2.3148334e+02
  2.3626618e+02
  2.3282380e+02
  2.2557637e+02
  2.4115317e+02
  2.3506356e+02
  2.3263906e+02
  2.2785852e+02
  2.3322337e+02
  2.3176869e+02
  2.2799758e+02
  2.3199250e+02
  2.3152411e+02
  2.2796649e+02
  2.3247727e+02
  2.3305725e+02
  2.2822348e+02
  2.2398440e+02
  2.3794642e+02
  2.2559155e+02
  2.3581877e+02
  2.3601935e+02
  2.1902305e+02
  2.3709301e+02
  2.3244008e+02
  2.2272165e+02
  2.3025188e+02
  2.2563102e+02
  2.1529870e+02
  2.2483175e+02
  2.2502148e+02
  2.3828379e+02
  2.2828337e+02
  2.2963140e+02
  2.3322870e+02
  2.3593806e+02
  2.2599628e+02
  2.2737251e+02
  2.3192699e+02
  2.2594143e+02
  2.2972766e+02
  2.1979084e+02
  2.2440586e+02
  2.2828729e+02
  2.2975463e+02
  2.3496009e+02
  2.3489980e+02
  2.3295053e+02
  2.2495718e+02
  2.3440588e+02
  2.2290265e+02
  2.3091156e+02
  2.2612587e+02
  2.4018823e+02
  2.2678734e+02
  2.2985250e+02
  2.3336762e+02
  2.3515090e+02
  2.3353329e+02
  2.2592202e+02
  2.3680018e+02
  2.2899152e+02
  2.3017427e+02
  2.2119681e+02
  2.3882097e+02
  2.3488731e+02
  2.2953165e+02
  2.2689758e+02
  2.3505657e+02
  2.2858564e+02
  2.3308844e+02
  2.3546915e+02
  2.2523050e+02
  2.3602488e+02
  2.3976727e+02
  2.2302131e+02
  2.2178951e+02
  2.2534195e+02
  2.3245776e+02
  2.3040266e+02
  2.3021233e+02
  2.3303959e+02
  2.2280265e+02
  2.2754220e+02
  2.4265165e+02
  2.3002347e+02
  2.3374964e+02
  2.3219623e+02
  2.2690752e+02
  2.2835987e+02
  2.2927036e+02
  2.2874676e+02
  2.2714867e+02
  2.4008895e+02
  2.3368392e+02
  2.3166761e+02
  2.3862667e+02
  2.1556296e+02
  2.4264134e+02
  2.2885657e+02
  2.4420554e+02
  2.3862429e+02
  2.3119720e+02
  2.3080427e+02
  2.2137327e+02
  2.2389231e+02
  2.3298770e+02
  2.2042544e+02
  2.2893208e+02
  2.3573974e+02
  2.4011569e+02
  2.4378882e+02
  2.2293317e+02
  2.3308902e+02
  2.2991178e+02
  2.3325015e+02
  2.3679121e+02
  2.2262200e+02
  2.3157797e+02
  2.3477984e+02
  2.2986935e+02
  2.2600629e+02
  2.3321996e+02
  2.3936978e+02
  2.3290148e+02
  2.3970886e+02
  2.3370894e+02
  2.3606300e+02
  2.3193992e+02
  2.2532101e+02
  2.2312306e+02
  2.3051396e+02
  2.2875965e+02
  2.3395246e+02
  2.3800679e+02
  2.3540232e+02
  2.3246284e+02
  2.3660518e+02
  2.3505442e+02
  2.3919250e+02
  2.4543229e+02
  2.2944821e+02
  2.3314432e+02
  2.3641174e+02
  2.2539834e+02
  2.3294616e+02
  2.3848149e+02
  2.3055935e+02
  2.3394853e+02
  2.3570806e+02
  2.3408178e+02
  2.3399758e+02
  2.2551861e+02
  2.3061110e+02
  2.2849019e+02
  2.3226135e+02
  2.2903087e+02
  2.3141819e+02
  2.2921251e+02
  2.3088122e+02
  2.2528806e+02
  2.2605293e+02
  2.3683620e+02
  2.3045810e+02
  2.3722623e+02
  2.3060098e+02
  2.3099468e+02
  2.2153647e+02
  2.2695030e+02
  2.2776383e+02
  2.3727961e+02
  2.3121344e+02
  2.3494805e+02
  2.3179864e+02
  2.2744951e+02
  2.3635748e+02
  2.2724280e+02
  2.3565751e+02
  2.2755128e+02
  2.3093900e+02
  2.3083413e+02
  2.3538363e+02
  2.2387836e+02
  2.2456674e+02
  2.3281442e+02
  2.3625438e+02
  2.2600997e+02
  2.3233632e+02
  2.2723370e+02
  2.3002195e+02
  2.3152486e+02
  2.2211486e+02
  2.3133357e+02
  2.2690984e+02
  2.2870135e+02
  2.2834805e+02
  2.3704508e+02
  2.2633346e+02
  2.2559988e+02
  2.2902644e+02
  2.2987743e+02
  2.3685593e+02
  2.2380132e+02
  2.4332317e+02
  2.3743760e+02
  2.3375848e+02
  2.2905511e+02
  2.2459585e+02
  2.2903387e+02
  2.2591331e+02
  2.3726991e+02
  2.3453915e+02
  2.4029386e+02
  2.3119466e+02
  2.2706425e+02
  2.3498112e+02
  2.3316136e+02
  2.2588186e+02
  2.3038105e+02
  2.2560285e+02
  2.3051982e+02
  2.3779522e+02
  2.4386809e+02
  2.3072668e+02
  2.3175393e+02
  2.3236312e+02
  2.2904452e+02
  2.3052338e+02
  2.3372884e+02
  2.3186404e+02
  2.2951506e+02
  2.3110809e+02
  2.3138444e+02
  2.3054953e+02
  2.2803446e+02
  2.3270157e+02
  2.2955965e+02
  2.3835102e+02
  2.3723705e+02
  2.3047951e+02
  2.3831262e+02
  2.2869174e+02
  2.2993224e+02
  2.3185820e+02
  2.4271641e+02
  2.2905059e+02
  2.2951784e+02
  2.2668526e+02
  2.3047811e+02
  2.2942124e+02
  2.2511890e+02
  2.3195749e+02
  2.3345372e+02
  2.3259123e+02
  2.2799098e+02
  2.3179172e+02
  2.2174552e+02
  2.3108263e+02
  2.3048503e+02
  2.3313596e+02
  2.3448191e+02
  2.3212473e+02
  2.3777712e+02
  2.2405726e+02
  2.3053449e+02
  2.3846747e+02
  2.2494377e+02
  2.2239252e+02
  2.3726647e+02
  2.3056674e+02
  2.3251051e+02
  2.3027132e+02
  2.3171005e+02
  2.3608006e+02
  2.2536815e+02
  2.3197256e+02
  2.3143188e+02
  2.4008474e+02
  2.3490598e+02
  2.3242327e+02
  2.3838835e+02
  2.2956348e+02
  2.2663044e+02
  2.3160259e+02
  2.3305212e+02
  2.2414357e+02
  2.3720596e+02
  2.2676618e+02
  2.2907763e+02
  2.3131732e+02
  2.3326550e+02
  2.2579964e+02
  2.3993869e+02
  2.2665037e+02
  2.3080224e+02
  2.4054337e+02
  2.3024359e+02
  2.2914602e+02
  2.3910681e+02
  2.3954911e+02
  2.3036491e+02
  2.3286063e+02
  2.2841678e+02
  2.3130223e+02
  2.3391379e+02
  2.2330369e+02
  2.2225366e+02
  2.2571474e+02
  2.2953504e+02
  2.4016845e+02
  2.3357872e+02
  2.3424901e+02
  2.4029641e+02
  2.3160339e+02
  2.3505188e+02
  2.1911234e+02
  2.3172453e+02
  2.2864568e+02
  2.3149822e+02
  2.3909494e+02
  2.2848568e+02
  2.3642399e+02
  2.3869397e+02
  2.4299424e+02
  2.3161998e+02
  2.3395711e+02
  2.2828929e+02
  2.4025617e+02
  2.3179851e+02
  2.3796359e+02
  2.2992081e+02
  2.3662553e+02
  2.3257797e+02
  2.3567356e+02
  2.2189786e+02
  2.2613979e+02
  2.2655472e+02
  2.3472262e+02
  2.2708834e+02
  2.2954566e+02
  2.2110828e+02
  2.3275265e+02
  2.3543383e+02
  2.3374572e+02
  2.3864329e+02
  2.2924038e+02
  2.3521996e+02
  2.2856627e+02
  2.2571425e+02
  2.2550382e+02
  2.3012395e+02
  2.2869858e+02
  2.3076244e+02
  2.2742177e+02
  2.3066523e+02
  2.2817078e+02
  2.2675043e+02
  2.4231438e+02
  2.2935674e+02
  2.2711019e+02
  2.3526847e+02
  2.2755068e+02
  2.2853635e+02
  2.2926014e+02
  2.3099129e+02
  2.2234763e+02
  2.3045126e+02
  2.2993303e+02
  2.3348751e+02
  2.2468743e+02
  2.2781788e+02
  2.3151321e+02
  2.3395030e+02
  2.2928782e+02
  2.2197843e+02
  2.3667065e+02
  2.3715831e+02
  2.3152628e+02
  2.2367589e+02
  2.3019203e+02
  2.3039864e+02
  2.3365361e+02
  2.2677003e+02
  2.2664369e+02
  2.2646432e+02
  2.3469323e+02
  2.3534313e+02
  2.2386785e+02
  2.3484401e+02
  2.3151638e+02
  2.2514478e+02
  2.3793713e+02
  2.2152966e+02
  2.3306010e+02
  2.3729624e+02
  2.2004271e+02
  2.3113715e+02
  2.2642260e+02
  2.3748169e+02
  2.2952632e+02
  2.3559377e+02
  2.2414861e+02
  2.2647465e+02
  2.3323073e+02
  2.2719682e+02
  2.3387803e+02
  2.2926081e+02
  2.2947900e+02
  2.2245693e+02
  2.2918034e+02
  2.3333211e+02
  2.3113592e+02
  2.2516480e+02
  2.3634177e+02
  2.2673973e+02
  2.3868010e+02
  2.4202894e+02
  2.3531054e+02
  2.2916209e+02
  2.2465667e+02
  2.3084509e+02
  2.3159372e+02
  2.3167268e+02
  2.2306638e+02
  2.3221860e+02
  2.2998230e+02
  2.2936279e+02
  2.3087719e+02
  2.2994125e+02
  2.3789208e+02
  2.2892640e+02
  2.3242871e+02
  2.3227851e+02
  2.3056744e+02
  2.4373408e+02
  2.2863766e+02
  2.3372667e+02
  2.2696475e+02
  2.3601557e+02
  2.2684700e+02
  2.2597709e+02
  2.2737590e+02
  2.3782921e+02
  2.4502721e+02
  2.3601035e+02
  2.3711689e+02
  2.3015844e+02
  2.3145300e+02
  2.3002586e+02
  2.2979349e+02
  2.4182444e+02
  2.3758749e+02
  2.2407442e+02
  2.2758982e+02
  2.3611102e+02
  2.3130149e+02
  2.3711941e+02
  2.3626085e+02
  2.3544603e+02
  2.3065156e+02
  2.2467920e+02
  2.2170641e+02
  2.4316437e+02
  2.3346415e+02
  2.3203034e+02
  2.3038635e+02
  2.2777678e+02
  2.2951078e+02
  2.3080007e+02
  2.2829765e+02
  2.3043328e+02
  2.3575393e+02
  2.3133699e+02
  2.3149799e+02
  2.2873967e+02
  2.2856022e+02
  2.2896290e+02
  2.3291118e+02
  2.3242289e+02
  2.2892462e+02
  2.2852702e+02
  2.3942208e+02
  2.3431662e+02
  2.4461137e+02
  2.3309881e+02
  2.3415010e+02
  2.3197370e+02
  2.2843339e+02
  2.2710504e+02
  2.2985728e+02
  2.2976455e+02
  2.3742243e+02
  2.3398370e+02
  2.2653094e+02
  2.2320582e+02
  2.3027687e+02
  2.2187650e+02
  2.3156837e+02
  2.3038327e+02
  2.3289182e+02
  2.3106786e+02
  2.3158279e+02
  2.3758952e+02
  2.2576050e+02
  2.3623304e+02
  2.3685915e+02
  2.2449819e+02
  2.3530644e+02
  2.2931612e+02
  2.2774830e+02
  2.3436111e+02
  2.2290467e+02
  2.2712163e+02
  2.2679678e+02
  2.2973733e+02
  2.3925248e+02
  2.3171226e+02
  2.4350356e+02
  2.3100671e+02
  2.3581863e+02
  2.3833323e+02
  2.2371617e+02
  2.3418938e+02
  2.3702366e+02
  2.2916850e+02
  2.2956938e+02
  2.3421462e+02
  2.2850179e+02
  2.3068527e+02
  2.3133378e+02
  2.4416548e+02
  2.2858591e+02
  2.3051375e+02
  2.3099792e+02
  2.3253288e+02
  2.2011209e+02
  2.2704433e+02
  2.3069087e+02
  2.3120561e+02
  2.2988222e+02
  2.2340817e+02
  2.2353404e+02
  2.2590991e+02
  2.3027220e+02
  2.3217644e+02
  2.2996258e+02
  2.2522035e+02
  2.3496454e+02
  2.4060685e+02
  2.2999023e+02
  2.3118801e+02
  2.3843051e+02
  2.3715826e+02
  2.3301364e+02
  2.3483165e+02
  2.3122043e+02
  2.3822202e+02
  2.2628612e+02
  2.3534600e+02
  2.3366701e+02
  2.3599910e+02
  2.3508817e+02
  2.3865000e+02
  2.3341587e+02
  2.2347749e+02
  2.2854950e+02
  2.2889159e+02
  2.2945654e+02
  2.2892494e+02
  2.4442825e+02
  2.3765794e+02
  2.2566074e+02
  2.2906476e+02
  2.3090104e+02
  2.2735148e+02
  2.3156032e+02
  2.3259540e+02
  2.3486734e+02
  2.2820508e+02
  2.3026371e+02
  2.4000639e+02
  2.2912113e+02
  2.3345355e+02
  2.3161814e+02
  2.3128948e+02
  2.3606071e+02
  2.3003437e+02
  2.3131869e+02
  2.2491086e+02
  2.2517367e+02
  2.3625729e+02
  2.4308761e+02
  2.2956573e+02
  2.3468872e+02
  2.2562776e+02
  2.3160492e+02
  2.3710653e+02
  2.4127329e+02
  2.3143560e+02
  2.2691603e+02
  2.3316787e+02
  2.3138948e+02
  2.2876940e+02
  2.3052376e+02
  2.3239587e+02
  2.2390924e+02
  2.3175658e+02
  2.3147861e+02
  2.2909741e+02
  2.2874963e+02
  2.2969913e+02
  2.3680104e+02
  2.3619984e+02
  2.2334298e+02
  2.2447221e+02
  2.2843046e+02
  2.2884519e+02
  2.3191592e+02
  2.4191037e+02
  2.3366598e+02
  2.2831313e+02
  2.2613919e+02
  2.2924260e+02
  2.2704616e+02
  2.2712025e+02
  2.3073396e+02
  2.2767479e+02
  2.3476861e+02
  2.2987655e+02
  2.2803854e+02
  2.3360018e+02
  2.3250658e+02
  2.3684339e+02
  2.3342222e+02
  2.3601373e+02
  2.3565840e+02
  2.2879622e+02
  2.3255552e+02
  2.2118771e+02
  2.3831998e+02
  2.4302083e+02
  2.2314482e+02
  2.3046464e+02
  2.3360107e+02
  2.2103496e+02
  2.3012541e+02
  2.4182627e+02
  2.2635009e+02
  2.2357830e+02
  2.3555966e+02
  2.3235230e+02
  2.2516100e+02
  2.2823965e+02
  2.3974346e+02
  2.3231525e+02
  2.3731378e+02
  2.2608514e+02
  2.2558783e+02
  2.3284451e+02
  2.3280982e+02
  2.3379411e+02
  2.2538778e+02
  2.3694419e+02
  2.3479725e+02
  2.2735245e+02
  2.2882278e+02
  2.2329592e+02
  2.3477852e+02
  2.2730153e+02
  2.2882206e+02
  2.2419738e+02
  2.3235543e+02
  2.2819262e+02
  2.3382927e+02
  2.3202865e+02
  2.3480779e+02
  2.2656869e+02
  2.4918996e+02
  2.2935588e+02
  2.2160001e+02
  2.3015563e+02
  2.2537345e+02
  2.3105193e+02
  2.2758817e+02
  2.3056785e+02
  2.2560617e+02
  2.2932279e+02
  2.3637713e+02
  2.2680725e+02
  2.3487893e+02
  2.2553754e+02
  2.3242330e+02
  2.3538333e+02
  2.2772814e+02
  2.2403959e+02
  2.3117681e+02
  2.3440986e+02
  2.3710787e+02
  2.3462067e+02
  2.3541425e+02
  2.3040894e+02
  2.3749102e+02
  2.2449969e+02
  2.2951164e+02
  2.3144980e+02
  2.3924971e+02
  2.2581768e+02
  2.2649814e+02
  2.3674874e+02
  2.3529573e+02
  2.2617530e+02
  2.3438247e+02
  2.2937526e+02
  2.3203110e+02
  2.3968620e+02
  2.2599837e+02
  2.2572109e+02
  2.3233576e+02
  2.2710926e+02
  2.2660232e+02
  2.2744651e+02
  2.3402365e+02
  2.3657158e+02
  2.3025601e+02
  2.3134183e+02
  2.3271232e+02
  2.3310707e+02
  2.3068202e+02
  2.3367642e+02
  2.3018271e+02
  2.2810032e+02
  2.3265912e+02
  2.3130822e+02
  2.3557787e+02
  2.2743706e+02
  2.3104500e+02
  2.3198804e+02
  2.3459926e+02
  2.2354726e+02
  2.2762844e+02
  2.3807484e+02
  2.2812677e+02
  2.3397728e+02
  2.3577487e+02
  2.2755526e+02
  2.2441041e+02
  2.3273034e+02
  2.2903709e+02
  2.2597583e+02
  2.3744867e+02
  2.2961858e+02
  2.2997642e+02
  2.3518845e+02
  2.2261632e+02
  2.2394462e+02
  2.3076142e+02
  2.3319596e+02
  2.3642779e+02
  2.3166274e+02
  2.2703811e+02
  2.3721749e+02
  2.3892147e+02
  2.3648862e+02
  2.2753047e+02
  2.2514234e+02
  2.4134685e+02
  2.2581261e+02
  2.3784281e+02
  2.3008822e+02
  2.2897347e+02
  2.2576320e+02
  2.3909517e+02
  2.3117996e+02
  2.3412223e+02
  2.3351837e+02
  2.3178243e+02
  2.3579877e+02
  2.3472979e+02
  2.2821857e+02
  2.3490679e+02
  2.3217972e+02
  2.2305133e+02
  2.3348875e+02
  2.3168148e+02
  2.3483707e+02
  2.1637218e+02
  2.3191556e+02
  2.2753108e+02
  2.2814612e+02
  2.3506239e+02
  2.2690800e+02
  2.3993314e+02
  2.3053829e+02
  2.3590344e+02
  2.2853619e+02
  2.3443095e+02
  2.2803160e+02
  2.2871708e+02
  2.2593152e+02
  2.3168763e+02
  2.2733281e+02
  2.2832377e+02
  2.3329263e+02
  2.3297165e+02
  2.2785953e+02
  2.3019443e+02
  2.3515061e+02
  2.2550392e+02
  2.3026766e+02
  2.3343165e+02
  2.2777936e+02
  2.3282119e+02
  2.3342371e+02
  2.2106256e+02
  2.3940787e+02
  2.3421511e+02
  2.3627476e+02
  2.2336328e+02
  2.2827291e+02
  2.2433424e+02
  2.3737193e+02
  2.2100988e+02
  2.3320851e+02
  2.2807813e+02
  2.3260606e+02
  2.3244866e+02
  2.3046081e+02
  2.2600561e+02
  2.3917450e+02
  2.2647329e+02
  2.3332434e+02
  2.4054639e+02
  2.2947722e+02
  2.3351021e+02
  2.3114979e+02
  2.3954880e+02
  2.3816077e+02
  2.3984700e+02
  2.3551251e+02
  2.2663495e+02
  2.2714728e+02
  2.2781939e+02
  2.3244372e+02
  2.3577622e+02
  2.2845399e+02
  2.3031116e+02
  2.3175906e+02
  2.3669896e+02
  2.3583143e+02
  2.3717618e+02
  2.2780685e+02
  2.2978895e+02
  2.2435498e+02
  2.3722979e+02
  2.2852464e+02
  2.3495885e+02
  2.2667588e+02
  2.2502184e+02
  2.3349391e+02
  2.3388178e+02
  2.2519435e+02
  2.3700271e+02
  2.2686745e+02
  2.3012997e+02
  2.3988265e+02
  2.3181960e+02
  2.2596813e+02
  2.3675862e+02
  2.2561802e+02
  2.3233911e+02
  2.2943913e+02
  2.3252721e+02
  2.2408779e+02
  2.2136138e+02
  2.2076829e+02
  2.2976646e+02
  2.3284402e+02
  2.2149376e+02
  2.2867266e+02
  2.2791677e+02
  2.3020312e+02
  2.3531948e+02
  2.3842680e+02
  2.3425857e+02
  2.2439606e+02
  2.2908458e+02
  2.2466257e+02
  2.2687895e+02
  2.3145175e+02
  2.2334424e+02
  2.3077429e+02
  2.3245687e+02
  2.3617688e+02
  2.3374148e+02
  2.2157980e+02
  2.3412573e+02
  2.2885449e+02
  2.2699371e+02
  2.3300295e+02
  2.2967629e+02
  2.2473263e+02
  2.2481597e+02
  2.3667202e+02
  2.4120200e+02
  2.2617996e+02
  2.3427836e+02
  2.2769871e+02
  2.2235727e+02
  2.2967002e+02
  2.3297082e+02
  2.3060593e+02
  2.3097592e+02
  2.3207945e+02
  2.3429093e+02
  2.2473486e+02
  2.2197201e+02
  2.3637627e+02
  2.3247238e+02
  2.3232408e+02
  2.3689953e+02
  2.4272133e+02
  2.3342612e+02
  2.2316293e+02
  2.3723738e+02
  2.3705031e+02
  2.3114764e+02
  2.4337906e+02
  2.2815464e+02
  2.3652665e+02
  2.4492123e+02
  2.3158926e+02
  2.3533800e+02
  2.3178750e+02
  2.2995036e+02
  2.2831987e+02
  2.2384514e+02
  2.3010073e+02
  2.2822738e+02
  2.3916471e+02
  2.2649034e+02
  2.3236167e+02
  2.2922566e+02
  2.3727500e+02
  2.2292243e+02
  2.3837565e+02
  2.3079353e+02
  2.3036347e+02
  2.2965015e+02
  2.3177176e+02
  2.3057423e+02
  2.3348301e+02
  2.3519387e+02
  2.2831360e+02
  2.2653695e+02
  2.3075443e+02
  2.3114693e+02
  2.3292821e+02
  2.3778138e+02
  2.2373824e+02
  2.3023989e+02
  2.3243920e+02
  2.3807755e+02
  2.3864898e+02
  2.2873551e+02
  2.3120937e+02
  2.2992674e+02
  2.3998779e+02
  2.3438817e+02
  2.3172611e+02
  2.3758668e+02
  2.3419798e+02
  2.3551953e+02
  2.2479873e+02
  2.3312945e+02
  2.3585297e+02
  2.2738781e+02
  2.3385974e+02
  2.4177276e+02
  2.2762957e+02
  2.3660091e+02
  2.3641915e+02
  2.3552946e+02
  2.3313273e+02
  2.2849565e+02
  2.4480116e+02
  2.2436239e+02
  2.3487845e+02
  2.2412174e+02
  2.3155457e+02
  2.3243739e+02
  2.3405336e+02
  2.3172318e+02
  2.3520977e+02
  2.3262463e+02
  2.2854222e+02
  2.3083563e+02
  2.3105725e+02
  2.3162818e+02
  2.3017296e+02
  2.3520318e+02
  2.2348538e+02
  2.3595810e+02
  2.3425696e+02
  2.3431785e+02
  2.2616338e+02
  2.3437319e+02
  2.3679059e+02
  2.2063920e+02
  2.3184437e+02
  2.3054533e+02
  2.2739097e+02
  2.3717091e+02
  2.3432098e+02
  2.1726032e+02
  2.3158586e+02
  2.4098021e+02
  2.3255061e+02
  2.3048465e+02
  2.3843410e+02
  2.2997045e+02
