    McEnergyAverage{
      interval                           10000
      outputFileName                 energyAve
      nSamplePerBlock                       10
    }

Average     5.8158795e+02
Variance    5.7846245e+02
Std Dev     2.4051246e+01

Hierarchichal Error Analysis:
              0              1  5.3780087e-02         200001
              1              2  5.8422663e-02         100000
              2              4  6.4326036e-02          50000
              3              8  7.1130102e-02          25000
              4             16  7.9248405e-02          12500
              5             32  8.6880192e-02           6250
              6             64  9.4931799e-02           3125
              7            128  1.0158165e-01           1562
              8            256  1.0912458e-01            781
              9            512  1.1050406e-01            390
             10           1024  1.1382555e-01            195
             11           2048  1.1582115e-01             97
             12           4096  1.2027170e-01             48
             13           8192  1.0050041e-01             24
             14          16384  1.1193111e-01             12
             15          32768  1.2073612e-01              6
