    McPairEnergyAverage{
      interval                           10000
      outputFileName                pairEnergy
      nSamplePerBlock                       10
      selector                             All        -1        -1
    }

Average     2.3111016e+02
Variance    2.3159381e+02
Std Dev     1.5218207e+01

Hierarchichal Error Analysis:
              0              1  3.4028859e-02         200001
              1              2  4.0078738e-02         100000
              2              4  4.7385641e-02          50000
              3              8  5.5776759e-02          25000
              4             16  6.5085936e-02          12500
              5             32  7.4147779e-02           6250
              6             64  8.2295377e-02           3125
              7            128  8.9294575e-02           1562
              8            256  9.6697880e-02            781
              9            512  9.8900035e-02            390
             10           1024  1.0360304e-01            195
             11           2048  1.0527013e-01             97
             12           4096  1.1188376e-01             48
             13           8192  9.1955599e-02             24
             14          16384  9.5265161e-02             12
             15          32768  8.8254641e-02              6
