BOUNDARY

orthorhombic      5.0000000000e+00        5.0000000000e+00        5.0000000000e+00

MOLECULES

species     0
nMolecule      25

molecule        0
    9.9273479221e-01    1.7600494212e+00    2.4993670886e+00

molecule        1
    2.8950609018e+00    1.6649339531e+00    4.0438187169e-02

molecule        2
    4.6237301973e+00    5.3812406449e-01    1.7998930291e+00

molecule        3
    4.3673709760e+00    3.0670738292e+00    3.2822180058e-01

molecule        4
    3.0664764613e+00    1.3095982057e+00    3.9037945669e+00

molecule        5
    4.1092562698e+00    2.8746039737e+00    1.2400318330e+00

molecule        6
    1.6126908259e+00    3.3220425252e+00    7.1609374923e-01

molecule        7
    3.8721966390e+00    2.6025965385e+00    4.9529122568e+00

molecule        8
    2.7744467553e+00    1.2553740569e-01    3.0768114134e+00

molecule        9
    3.0002833382e+00    3.9631180029e+00    1.2979401734e+00

molecule        10
    4.1257515497e+00    7.3410419047e-01    3.0171072643e+00

molecule        11
    8.5672530015e-01    2.4148474726e+00    2.7194085328e+00

molecule        12
    2.7638810316e-01    3.7320205831e+00    8.8472330823e-01

molecule        13
    3.5329995445e+00    3.6549671972e+00    1.8818492825e+00

molecule        14
    3.3104005583e+00    1.6377286079e+00    1.0687647827e+00

molecule        15
    4.2477869631e+00    2.9632725107e+00    2.6716880044e+00

molecule        16
    2.3555461238e+00    4.0657429249e+00    1.8630607695e+00

molecule        17
    3.5712918692e+00    1.1289565226e+00    3.6892151892e+00

molecule        18
    3.3934423103e+00    2.8190220655e+00    2.8933356941e+00

molecule        19
    3.6833275155e+00    2.5770735716e+00    4.4303410935e+00

molecule        20
    1.1219988429e+00    3.6322204461e+00    2.7773151026e-01

molecule        21
    3.8704587278e+00    1.8214108412e+00    2.7341871376e+00

molecule        22
    1.4333111304e+00    3.0024196247e+00    4.9408176922e-01

molecule        23
    3.1292788560e+00    1.5295168894e+00    4.6037483282e+00

molecule        24
    1.7665529368e-01    1.2446994836e+00    3.1053310379e+00

species        1
nMolecule        25

molecule        0
    4.9682819448e+00    2.4024709363e+00    3.5887890927e+00

molecule        1
    4.0032233042e+00    3.7267402041e+00    5.5255644620e-01

molecule        2
    4.7827846713e+00    1.1409894497e+00    3.0139188725e+00

molecule        3
    2.7078950281e-01    1.5901961368e+00    1.9440599854e+00

molecule        4
    4.6982410987e+00    3.5087786011e+00    4.1796361541e+00

molecule        5
    4.4372201942e+00    1.5445634602e+00    1.3022325889e+00

molecule        6
    8.9478622030e-01    4.5233024389e-01    4.8939971162e+00

molecule        7
    1.3801206256e+00    1.2521756247e+00    1.5145055184e+00

molecule        8
    2.5746139277e+00    3.7835598757e-01    4.3206357519e+00

molecule        9
    3.2335098016e+00    1.9698147967e+00    1.7465545617e+00

molecule        10
    2.4267561225e+00    2.4127282258e-01    1.8924914290e+00

molecule        11
    3.6330961228e+00    3.0007201616e+00    3.3762268598e+00

molecule        12
    1.7467436708e+00    4.8855932397e+00    4.8734710385e+00

molecule        13
    4.2999534337e-01    2.0557587154e+00    4.0037600903e+00

molecule        14
    1.0668400946e+00    1.4916642019e+00    4.1000972344e+00

molecule        15
    3.4368451276e+00    4.3714267158e+00    3.3066481187e+00

molecule        16
    1.2088517235e+00    4.4035880963e+00    3.3228791831e+00

molecule        17
    8.2386504594e-01    2.3329147481e+00    4.7720991980e+00

molecule        18
    3.9734016264e+00    4.7829357631e+00    4.7204038637e+00

molecule        19
    5.1784781592e-01    3.1615944561e+00    7.3763944909e-01

molecule        20
    4.0317803034e+00    1.5584287443e+00    3.8225183349e+00

molecule        21
    2.2537558899e+00    9.8202363770e-01    2.9717729664e+00

molecule        22
    4.6431748734e+00    1.6093620039e+00    3.7016463354e+00

molecule        23
    1.8478006284e+00    3.1355146965e+00    1.7863754268e-01

molecule        24
    1.4020147217e+00    9.2061340749e-01    4.6276057941e+00

