BOUNDARY

orthorhombic     1.04551590e+01  1.04551590e+01  1.04551590e+01

MOLECULES

species    0
nMolecule  100

molecule   0
  8.44846809e+00  7.66693106e+00  8.18803089e+00
  8.54536675e+00  6.89675073e+00  7.56282733e+00
  8.40840467e+00  7.21868152e+00  6.59802753e+00
  8.34464021e+00  7.90274258e+00  5.86862669e+00
  8.28140551e+00  8.72370958e+00  6.43001320e+00
  7.99479689e+00  9.68550889e+00  6.50263648e+00
  8.67244528e+00  9.63513424e+00  5.73966271e+00
  9.27101235e+00  9.12813893e+00  6.33032692e+00

molecule   1
  1.99868516e+00  4.47961552e+00  7.17247498e+00
  1.01130187e+00  4.68315909e+00  7.38146524e+00
  1.70970321e+00  5.30985316e+00  7.76836501e+00
  7.88649066e-01  5.35321484e+00  8.15649821e+00
  1.03266981e+01  5.12636760e+00  8.04362750e+00
  1.04443417e+01  6.09062422e+00  7.93483104e+00
  3.95280073e-01  5.55067182e+00  7.21279909e+00
  9.70545336e-01  6.30407256e+00  7.57930434e+00

molecule   2
  9.19022180e+00  8.00639313e+00  6.78641883e-01
  9.01953599e+00  7.02947347e+00  8.41113053e-01
  8.58362379e+00  6.40128088e+00  1.46423544e+00
  8.01795842e+00  5.70681740e+00  1.00311843e+00
  8.87907259e+00  5.53348054e+00  5.83931730e-01
  8.93067776e+00  6.06470878e+00  1.01689003e+01
  8.56870289e+00  6.54060187e+00  9.31317172e+00
  8.21003899e+00  6.58561631e+00  8.39434247e+00

molecule   3
  1.87724812e+00  4.37150566e+00  2.10446344e+00
  2.09927532e+00  5.09456667e+00  1.48931777e+00
  1.22080978e+00  5.45336735e+00  1.89776113e+00
  1.37375089e+00  6.28997599e+00  1.33705172e+00
  7.02370819e-01  5.61819577e+00  9.83898510e-01
  6.68342593e-03  4.94311928e+00  1.15370053e+00
  8.81620006e-01  4.50197766e+00  1.03797542e+00
  3.06027973e-01  3.77132052e+00  6.22054992e-01

molecule   4
  3.27973480e+00  5.06647091e+00  2.21566887e+00
  2.41203269e+00  5.26712566e+00  2.51838330e+00
  2.72542705e+00  4.91634185e+00  3.41204809e+00
  2.19092175e+00  5.40478793e+00  4.08593896e+00
  2.91412939e+00  4.80177789e+00  4.45069284e+00
  3.72822140e+00  4.38907712e+00  4.10555406e+00
  4.09480969e+00  5.09738631e+00  3.53248486e+00
  4.59788958e+00  4.90344880e+00  4.38264853e+00

molecule   5
  7.19164744e+00  3.60831575e+00  7.71232512e+00
  6.53138405e+00  3.48633109e+00  8.46726083e+00
  6.24610282e+00  4.45025639e+00  8.42556752e+00
  6.35618389e+00  5.37279949e+00  8.00648866e+00
  6.19678347e+00  4.53306033e+00  7.45399167e+00
  7.17828067e+00  4.70501782e+00  7.67520226e+00
  8.03450814e+00  4.38186147e+00  7.30924168e+00
  8.70485753e+00  3.67902367e+00  7.09410706e+00

molecule   6
  7.26069784e+00  3.76412819e+00  5.70268762e+00
  7.16258264e+00  4.26074143e+00  6.55314195e+00
  7.38350694e+00  4.92171367e+00  5.83425663e+00
  7.05976885e+00  5.66741815e+00  6.44144262e+00
  7.11101661e+00  6.35764323e+00  5.69953500e+00
  6.29793146e+00  6.58021642e+00  6.23202124e+00
  6.02037364e+00  6.23612266e+00  7.18767808e+00
  5.72602937e+00  6.86890834e+00  7.87105675e+00

molecule   7
  8.99118035e+00  3.07226882e-01  6.31114723e+00
  8.39543399e+00  9.80421928e-02  7.06206460e+00
  8.31502209e+00  9.93988467e+00  7.83730210e+00
  8.71614508e+00  9.10459891e+00  7.51308070e+00
  8.72453840e+00  8.14346737e+00  7.18661747e+00
  9.53877316e+00  7.59682257e+00  7.05763490e+00
  9.36823740e+00  7.53300390e+00  6.07266814e+00
  1.02186401e+01  8.05314771e+00  6.20255149e+00

molecule   8
  1.01845269e+01  4.71000709e+00  4.85860828e+00
  1.02091324e+01  5.25544381e+00  5.71768531e+00
  9.33452564e+00  4.74538024e+00  5.86226402e+00
  9.34792398e+00  5.63997553e+00  6.33901153e+00
  8.48932379e+00  6.07828961e+00  6.05206478e+00
  8.42959710e+00  5.29174620e+00  6.64137506e+00
  9.07081869e+00  5.61593628e+00  7.34689246e+00
  9.29066418e+00  6.28628140e+00  8.09831235e+00

molecule   9
  1.50212205e-01  1.82310096e+00  2.05728875e+00
  1.03608009e+01  1.91549949e+00  3.01035261e+00
  1.03085641e+01  1.46149715e+00  3.90207344e+00
  2.83059838e-02  6.39581854e-01  3.39910091e+00
  4.53749722e-01  9.78884603e-01  2.55887924e+00
  1.42335940e+00  1.19796358e+00  2.47411617e+00
  1.16112302e+00  3.69051056e-01  2.99298237e+00
  1.39817614e+00  9.84954777e+00  3.14912498e+00

molecule   10
  8.58019701e+00  9.54527005e-01  2.45696227e+00
  9.22152600e+00  1.22429552e+00  3.16461420e+00
  9.28346982e+00  2.12237412e+00  2.68574504e+00
  8.98725738e+00  2.35525904e+00  3.65350729e+00
  8.01646262e+00  2.09950112e+00  3.89727861e+00
  7.12147643e+00  1.90390455e+00  3.48633961e+00
  7.41670807e+00  1.55130933e+00  2.61682420e+00
  8.27015320e+00  2.11407855e+00  2.64824839e+00

molecule   11
  7.85521503e+00  3.60663208e+00  4.88529284e-01
  8.25967903e+00  4.49005576e+00  3.38685448e-01
  7.93633295e+00  5.25113169e+00  1.02249102e+01
  7.29384476e+00  4.98324724e+00  9.53895452e+00
  8.06954785e+00  4.37761712e+00  9.47582963e+00
  7.99347174e+00  4.02615467e+00  8.56273112e+00
  8.85453043e+00  4.61373313e+00  8.72102914e+00
  8.70981460e+00  5.55326642e+00  9.06158312e+00

molecule   12
  9.68918573e+00  3.69124504e+00  7.60547391e-01
  9.04570828e+00  3.94905421e+00  1.44172092e+00
  8.62624468e+00  4.80916312e+00  1.40004847e+00
  9.16419751e+00  4.70729440e+00  2.26879571e+00
  8.65181832e+00  5.56288073e+00  2.09332304e+00
  9.40685491e+00  5.53383982e+00  1.46578917e+00
  9.97231147e+00  5.81658957e+00  6.85106508e-01
  8.43230354e-02  6.40425869e+00  1.25334845e+00

molecule   13
  2.99738898e+00  1.68342462e+00  4.05181989e+00
  3.95578937e+00  1.75788675e+00  3.94721830e+00
  4.91519027e+00  1.83805835e+00  3.63543828e+00
  5.42707389e+00  2.06403392e+00  4.45893450e+00
  5.66417369e+00  3.00290392e+00  4.19621862e+00
  6.42810550e+00  2.77665408e+00  3.59083452e+00
  7.22935430e+00  2.95424128e+00  4.16074319e+00
  7.27978052e+00  3.48074942e+00  3.31619086e+00

molecule   14
  9.76318180e+00  9.71978033e+00  2.09965936e+00
  9.53551857e+00  1.15370859e-01  2.61245966e+00
  9.40617249e+00  7.70077600e-01  1.87917111e+00
  9.70954893e+00  1.68360056e+00  1.57647030e+00
  9.21621680e+00  2.53490834e+00  1.65183418e+00
  1.00419196e+01  2.99289750e+00  1.94702412e+00
  1.02888147e+01  3.93061070e+00  1.87140212e+00
  6.43519969e-01  3.72650790e+00  2.41890957e+00

molecule   15
  4.78994551e+00  9.18790263e+00  1.79063097e+00
  3.87690177e+00  8.84083023e+00  1.98196772e+00
  4.24832301e+00  8.60733157e+00  1.05520681e+00
  5.22136716e+00  8.42886167e+00  1.37228598e+00
  5.74376682e+00  9.25216625e+00  1.48448165e+00
  6.44263041e+00  8.59834732e+00  1.67377563e+00
  6.89928208e+00  9.13218890e+00  2.33217408e+00
  7.39242109e+00  8.29752570e+00  2.41108706e+00

molecule   16
  5.17962325e+00  9.17896907e+00  4.53205595e+00
  4.75821002e+00  9.34698752e+00  3.64719761e+00
  4.29170441e+00  8.55432967e+00  3.24477612e+00
  3.41733465e+00  8.09408612e+00  3.27812392e+00
  3.65092545e+00  7.24942008e+00  2.76882274e+00
  3.99407056e+00  7.83681537e+00  2.07316883e+00
  3.24373733e+00  8.17709404e+00  1.49054870e+00
  2.60430575e+00  7.96182863e+00  2.23037113e+00

molecule   17
  7.62360232e+00  2.66433932e+00  8.59795254e+00
  8.49624751e+00  3.08434154e+00  8.46723719e+00
  8.69463291e+00  2.39225909e+00  9.16406870e+00
  9.26919591e+00  2.36743428e+00  8.32441064e+00
  9.93710396e+00  2.28017540e+00  7.57673756e+00
  2.01307829e-01  2.59777254e+00  8.13682024e+00
  3.61362338e-01  1.68557392e+00  8.52122834e+00
  1.17257724e+00  1.46934298e+00  7.95041727e+00

molecule   18
  9.60897047e+00  5.76220157e-01  4.25415044e+00
  9.12559148e+00  1.43601604e+00  4.34064927e+00
  8.49890745e+00  2.02681318e+00  4.86850175e+00
  8.23501763e+00  3.00282126e+00  4.93957390e+00
  7.50637175e+00  2.52557073e+00  5.47790282e+00
  7.00789478e+00  1.96933050e+00  4.77787033e+00
  6.46247161e+00  1.12086093e+00  5.00786960e+00
  6.69937444e+00  1.12371924e+00  4.03735380e+00

molecule   19
  1.08968775e+00  2.18751980e+00  2.23821878e+00
  7.37164203e-01  2.81784326e+00  2.90556654e+00
  1.02323996e+01  3.11412531e+00  3.01892389e+00
  1.83424535e-01  3.62751022e+00  3.76197941e+00
  4.25006678e-01  4.06315994e+00  4.62570284e+00
  1.38149477e+00  4.46875365e+00  4.62534661e+00
  1.73616503e+00  3.57741615e+00  4.43623000e+00
  2.05249009e+00  2.95955021e+00  5.15390437e+00

molecule   20
  6.26500778e+00  7.33622549e+00  7.11246713e+00
  6.84455922e+00  8.04956220e+00  7.44210332e+00
  7.34577861e+00  7.36994651e+00  7.91463942e+00
  7.35730841e+00  7.06364954e+00  6.96330211e+00
  7.02984269e+00  7.82798570e+00  6.38314140e+00
  6.75528888e+00  8.30246853e+00  5.53633818e+00
  7.32867145e+00  8.84261768e+00  6.20859275e+00
  7.50423936e+00  8.85912099e+00  7.25700265e+00

molecule   21
  8.54670682e+00  2.27958075e+00  7.52404426e+00
  9.17968168e+00  2.81977792e+00  6.96792547e+00
  9.79486799e+00  2.15702658e+00  6.53972230e+00
  1.04505402e+01  1.42464786e+00  6.19914289e+00
  1.00745348e+01  7.12515785e-01  6.78756017e+00
  1.02469770e+01  5.86333375e-01  7.77381560e+00
  3.52145929e-01  1.02102575e+01  7.87166603e+00
  1.31680187e+00  1.02976831e+01  7.73670513e+00

molecule   22
  3.53042827e+00  2.72614245e+00  1.79824345e+00
  2.85442803e+00  3.45775584e+00  1.67217075e+00
  3.17714247e+00  4.03392090e+00  2.38589751e+00
  3.98069863e+00  4.18013692e+00  2.91798367e+00
  3.21670558e+00  3.60288334e+00  3.32078974e+00
  2.29143652e+00  3.73762751e+00  3.07427392e+00
  1.48519822e+00  4.29355914e+00  3.41778876e+00
  1.14494038e+00  5.11039696e+00  2.91149438e+00

molecule   23
  9.96420421e+00  4.82353607e+00  6.75184033e+00
  9.83710387e+00  3.98198961e+00  7.23814542e+00
  2.39490904e-01  4.06510044e+00  6.77700801e+00
  3.76504170e-01  3.38963597e+00  7.51427302e+00
  1.36073782e+00  3.69211867e+00  7.64051310e+00
  1.32407365e+00  4.27120687e+00  8.46399389e+00
  3.46352486e-01  4.25769900e+00  8.22377896e+00
  9.80697742e+00  4.12505681e+00  8.35697533e+00

molecule   24
  2.87514252e+00  1.71778220e+00  1.00774303e+01
  2.16997807e+00  1.04520009e+00  1.01321489e+01
  2.20965795e+00  4.54121270e-01  9.37573774e+00
  2.31520665e+00  6.05491815e-01  8.40908612e+00
  2.35928750e+00  1.26357240e-01  7.50372594e+00
  3.09404687e+00  9.88532271e+00  7.40281626e+00
  3.00037065e+00  4.61070439e-02  6.66953434e+00
  2.72556853e+00  9.59018443e+00  6.44764219e+00

molecule   25
  4.82564484e+00  2.94173070e-01  9.14553815e+00
  4.89361703e+00  1.02302184e+01  1.00347728e+01
  5.32624601e+00  5.57961331e-01  6.02637422e-02
  6.09432574e+00  1.03764282e+01  1.03973567e+01
  6.73185579e+00  4.04883578e-01  5.62721112e-01
  7.31394660e+00  1.01167890e+01  1.98742223e-01
  6.52807612e+00  9.52532408e+00  4.24440312e-01
  5.69008970e+00  9.42229016e+00  1.03400425e+01

molecule   26
  4.13099119e+00  4.21012029e+00  1.01733563e+01
  4.40581692e+00  4.27680422e+00  9.19054895e+00
  3.59206249e+00  4.32683271e+00  8.59800074e+00
  2.90875276e+00  3.69128603e+00  8.86107381e+00
  1.97054250e+00  3.42741126e+00  8.73012388e+00
  2.65755594e+00  2.71675091e+00  8.51084814e+00
  3.01539726e+00  2.20490679e+00  9.24070791e+00
  2.42529098e+00  1.57193659e+00  8.73065152e+00

molecule   27
  1.26197805e+00  1.65781125e+00  9.07438036e+00
  6.63044071e-01  1.84228593e+00  9.86739060e+00
  4.28309049e-01  8.65836158e-01  9.87107504e+00
  1.10794634e+00  5.55831244e-01  8.75176371e-02
  1.03957952e+00  2.23712933e-01  1.03968052e+00
  8.85506101e-01  1.11333962e+00  1.51947709e+00
  1.04508835e+01  6.69759426e-01  1.34869060e+00
  1.01239913e+01  1.31511550e+00  6.46220280e-01

molecule   28
  6.99119551e+00  1.97776494e+00  8.18492630e+00
  6.29487606e+00  1.57194372e+00  7.62347568e+00
  5.70019979e+00  7.37873881e-01  7.73335502e+00
  5.12134776e+00  3.69328219e-01  7.03103725e+00
  4.73524021e+00  7.39474747e-01  6.18840054e+00
  5.76263629e+00  7.40137156e-01  6.17233596e+00
  5.25787311e+00  1.04662352e+00  5.37284943e+00
  4.90042304e+00  1.97195760e+00  5.52907592e+00

molecule   29
  1.03288161e+01  1.04166154e+01  4.88586635e+00
  9.94679275e+00  5.44529290e-01  5.57503562e+00
  9.32265847e+00  1.30793009e+00  5.46468126e+00
  9.42326192e+00  2.30108834e+00  5.38814093e+00
  1.02316840e+01  2.60410428e+00  4.91642097e+00
  9.92672003e+00  2.78206650e+00  3.98497848e+00
  9.10960181e+00  3.32019792e+00  3.99842285e+00
  8.35044084e+00  3.27645379e+00  3.31449250e+00

molecule   30
  3.83543087e+00  6.38437806e+00  1.01456270e+01
  4.18854671e+00  6.41636928e+00  6.30094385e-01
  4.65698892e+00  5.80816432e+00  1.27735578e+00
  4.08689281e+00  5.24255904e+00  7.15422166e-01
  3.84469937e+00  4.51842254e+00  1.37256813e+00
  3.34202422e+00  4.08210963e+00  6.14652322e-01
  2.71358861e+00  3.57376397e+00  6.80298493e-02
  2.16292823e+00  3.76928767e+00  9.70167940e+00

molecule   31
  6.52920206e+00  4.76448620e+00  3.33603692e+00
  6.79884671e+00  4.83794294e+00  2.38195920e+00
  6.33073722e+00  5.73424387e+00  2.53822794e+00
  5.86821729e+00  5.60809032e+00  1.67908757e+00
  5.86520431e+00  6.58171593e+00  1.79402044e+00
  4.98616049e+00  6.66854714e+00  2.26140689e+00
  4.98851231e+00  7.63597800e+00  2.08112541e+00
  5.18360587e+00  8.59535772e+00  2.45670206e+00

molecule   32
  7.08769114e+00  2.57607390e+00  2.70216713e+00
  7.61168789e+00  3.20744352e+00  2.18097397e+00
  6.87994918e+00  3.86498563e+00  1.92054642e+00
  7.79545557e+00  4.27868313e+00  1.88308795e+00
  8.31219315e+00  4.06331611e+00  2.69274700e+00
  9.04712862e+00  3.44394795e+00  2.48082008e+00
  9.85083703e+00  4.00777764e+00  2.76473971e+00
  9.56376865e+00  4.34699842e+00  3.67639913e+00

molecule   33
  2.26229992e-01  8.18429137e+00  7.75978179e+00
  1.03126642e+01  8.22601435e+00  8.72419371e+00
  9.52329631e+00  7.59250455e+00  8.57218035e+00
  9.55711025e+00  6.72200548e+00  9.06876415e+00
  9.92677467e+00  6.18862390e+00  9.83828145e+00
  1.04138948e+01  5.48341426e+00  1.03319104e+01
  9.86270220e+00  4.72816165e+00  1.69257235e-01
  9.70268721e+00  4.25319294e+00  9.78113791e+00

molecule   34
  7.46528726e+00  1.44783803e+00  5.72215069e+00
  7.70875100e+00  7.36416480e-01  6.31124997e+00
  7.35065441e+00  1.57871261e+00  6.77232850e+00
  6.44385111e+00  1.60771502e+00  6.37422384e+00
  5.84177426e+00  2.29519475e+00  5.99053163e+00
  6.49626034e+00  3.00646412e+00  5.67532864e+00
  6.38746989e+00  3.31808968e+00  6.57413931e+00
  6.09798411e+00  2.41940922e+00  6.93510521e+00

molecule   35
  3.34343094e+00  5.51489450e-01  1.54851296e+00
  3.48034597e+00  1.00291341e+01  1.21653013e+00
  3.06438355e+00  1.37388613e-01  5.49827008e-01
  3.39869809e+00  4.91363999e-01  1.01571534e+01
  3.24989141e+00  1.02866283e+00  9.33834816e+00
  4.16619441e+00  1.06815292e+00  8.98460684e+00
  4.41692432e+00  9.42169058e-01  8.03058869e+00
  4.95763146e+00  6.94172021e-02  8.16841436e+00

molecule   36
  7.98645911e+00  5.62255556e+00  7.68769433e+00
  7.34178397e+00  5.88750227e+00  8.40542431e+00
  6.87459037e+00  6.00128948e+00  9.26864225e+00
  7.50524121e+00  6.55920771e+00  9.84443259e+00
  8.00330316e+00  6.39204455e+00  2.17680175e-01
  7.36555267e+00  6.97255407e+00  7.53362868e-01
  6.80477096e+00  6.44372469e+00  1.41344365e+00
  6.33300325e+00  6.61574249e+00  5.66716943e-01

molecule   37
  4.32505876e+00  2.80879840e+00  2.64986639e+00
  4.66747911e+00  2.55565332e+00  1.75658650e+00
  5.41291449e+00  2.04769716e+00  1.31765598e+00
  5.72479308e+00  2.93766880e+00  1.07319965e+00
  6.44825849e+00  2.88386184e+00  1.75557059e+00
  6.62757373e+00  1.88661144e+00  1.94553273e+00
  6.38614990e+00  9.16738880e-01  2.06880293e+00
  6.48194360e+00  8.80236664e-01  3.08007950e+00

molecule   38
  4.71053195e+00  2.91585023e+00  3.60262804e+00
  5.12264574e+00  3.61635414e+00  3.00895916e+00
  6.14858865e+00  3.69828947e+00  2.91497276e+00
  5.85620974e+00  2.75878405e+00  2.69195338e+00
  5.94719643e+00  1.89188827e+00  3.15496726e+00
  5.42673707e+00  1.82581534e+00  2.34060479e+00
  5.15846161e+00  9.96154724e-01  2.86115921e+00
  4.37466557e+00  1.40262660e+00  2.32332748e+00

molecule   39
  6.60426817e+00  4.59238159e+00  1.20682058e+00
  6.81363751e+00  4.21283061e+00  2.88284661e-01
  7.33511893e+00  4.97025209e+00  5.77610077e-01
  6.98929337e+00  5.88405419e+00  3.64389138e-01
  6.40915596e+00  5.35071270e+00  1.02154393e+01
  5.42527574e+00  5.23554186e+00  1.01706611e+01
  4.92413747e+00  4.64737612e+00  3.66732110e-01
  5.75621317e+00  4.89755289e+00  8.27157698e-01

molecule   40
  3.02767945e+00  6.86665652e+00  5.85002796e+00
  3.84535834e+00  6.40410211e+00  5.46800908e+00
  4.24509258e+00  6.58375009e+00  6.38969664e+00
  5.17085339e+00  6.43352368e+00  6.05327658e+00
  4.84006290e+00  5.52195865e+00  5.70275669e+00
  5.49560657e+00  4.87156327e+00  5.46481152e+00
  6.09574268e+00  5.13352643e+00  6.21843704e+00
  5.73766758e+00  4.22179744e+00  6.32266711e+00

molecule   41
  6.88726209e+00  5.84844049e+00  3.69806039e+00
  6.08905260e+00  6.10665123e+00  4.25464993e+00
  6.16700562e+00  6.89722385e+00  4.83498762e+00
  5.75168931e+00  7.37172276e+00  5.57330873e+00
  5.37173803e+00  7.80399232e+00  4.70575647e+00
  5.57111018e+00  8.22942584e+00  3.83266242e+00
  6.45700694e+00  8.14717493e+00  4.20209445e+00
  6.56100713e+00  9.02252137e+00  3.77487868e+00

molecule   42
  7.67415612e+00  1.39294412e+00  9.00140437e+00
  7.90324718e+00  1.33958278e+00  8.03742908e+00
  8.55838980e+00  6.10797157e-01  7.92025392e+00
  9.19351967e+00  8.73615944e-01  7.20725220e+00
  8.80383068e+00  1.53182185e+00  6.52374237e+00
  8.25788609e+00  2.27704272e+00  6.16614422e+00
  8.01862685e+00  2.95284539e+00  6.89303110e+00
  7.12076534e+00  2.66222511e+00  6.66417467e+00

molecule   43
  2.25769998e+00  7.33538165e-01  2.16233525e+00
  2.20153621e+00  2.84276858e-01  1.26848380e+00
  2.25790131e+00  1.24970371e+00  1.03487007e+00
  1.95418186e+00  1.83121056e+00  1.78536149e+00
  1.69050094e+00  2.48017179e+00  1.08953778e+00
  2.70459935e+00  2.36143722e+00  1.09225591e+00
  2.33357480e+00  2.58255420e+00  1.62552650e-01
  3.17780402e+00  2.76217414e+00  1.01258386e+01

molecule   44
  7.92344291e+00  7.59995201e+00  1.57139344e+00
  7.85827831e+00  8.52448341e+00  1.17699927e+00
  8.40887866e+00  8.50703326e+00  3.29678500e-01
  7.97151032e+00  8.91169974e+00  9.98341348e+00
  7.01036025e+00  8.70522933e+00  9.94995613e+00
  7.17204970e+00  8.26448637e+00  4.03855685e-01
  6.32796444e+00  7.87951367e+00  7.63263952e-01
  5.97760504e+00  7.58429246e+00  1.63928041e+00

molecule   45
  1.03950026e+01  3.12778192e+00  1.03739900e+01
  9.97525210e+00  2.65724357e+00  7.30348371e-01
  3.50755071e-01  2.67992737e+00  1.25785295e+00
  8.19880227e-01  1.92445623e+00  8.55262870e-01
  1.40797531e+00  2.17793369e+00  8.21556613e-02
  1.44820246e+00  3.04999705e+00  1.01075365e+01
  1.84212667e+00  2.43167633e+00  9.37915683e+00
  1.13323514e+00  2.84295667e+00  8.86335890e+00

molecule   46
  3.81669138e+00  4.77442083e-01  7.16366295e+00
  3.46461389e+00  1.26393342e+00  6.68275348e+00
  3.79409744e+00  1.81621901e+00  7.40903502e+00
  3.15591672e+00  1.24448334e+00  7.95267466e+00
  2.37455594e+00  1.69825461e+00  7.54993521e+00
  1.70576798e+00  2.38996502e+00  7.85061921e+00
  1.33356155e+00  2.56402157e+00  6.92061140e+00
  2.17701962e+00  2.96188593e+00  6.62972646e+00

molecule   47
  8.41979491e+00  9.88002255e+00  8.98367266e+00
  7.63397911e+00  9.75848974e+00  9.57360243e+00
  6.74622737e+00  9.85949171e+00  9.11198035e+00
  6.03190438e+00  1.17397003e-01  9.20142275e+00
  6.92137534e+00  3.66275295e-01  9.53945316e+00
  7.26077592e+00  1.20555348e+00  9.94570243e+00
  6.46993153e+00  1.55287087e+00  9.42572415e+00
  6.34220431e+00  2.47361517e+00  8.93422533e+00

molecule   48
  7.68599129e+00  1.93518977e-01  8.92880838e+00
  8.64796125e+00  5.18907677e-01  8.92995837e+00
  8.53417271e+00  2.83162557e-01  9.92406130e+00
  9.38542901e+00  1.02361849e+01  9.77679355e+00
  1.04003244e+01  1.03519480e+01  9.86411169e+00
  1.03220551e+01  4.64738095e-02  4.23692441e-01
  9.56931426e+00  1.02425130e+01  1.08163254e+00
  8.88790353e+00  1.00389943e+01  1.75374894e+00

molecule   49
  8.34894536e+00  8.08321608e+00  9.31557133e+00
  9.08030581e+00  8.74658960e+00  9.37246953e+00
  9.31931682e+00  7.95022855e+00  9.90204091e+00
  8.93101551e+00  7.22149367e+00  1.02696655e+01
  8.00652973e+00  7.47528463e+00  1.04350722e+01
  7.21071461e+00  7.54127793e+00  9.79804549e+00
  6.31998666e+00  7.09041878e+00  9.60539416e+00
  6.55025287e+00  6.85516406e+00  8.66697734e+00

molecule   50
  6.13901755e+00  5.10095149e+00  4.34850692e+00
  6.89370452e+00  5.47610708e+00  4.90240911e+00
  7.85025678e+00  5.18833860e+00  4.96238098e+00
  8.81647046e+00  5.45701853e+00  5.19249706e+00
  8.68164008e+00  5.23667577e+00  4.22774533e+00
  9.67285569e+00  5.41682550e+00  4.20585959e+00
  9.76023951e+00  6.30119219e+00  3.79118958e+00
  1.00816017e+01  6.30932038e+00  4.71134607e+00

molecule   51
  5.21792890e+00  4.88314595e+00  9.14958308e+00
  5.36896551e+00  5.66337640e+00  8.54947092e+00
  4.91233982e+00  6.51526453e+00  8.74831444e+00
  5.40308975e+00  6.15745179e+00  9.51374542e+00
  4.55563309e+00  5.64243717e+00  9.58369268e+00
  4.20201712e+00  5.24611441e+00  8.77183425e+00
  3.72878526e+00  6.05950595e+00  9.13717367e+00
  3.41861232e+00  5.65554628e+00  8.26484866e+00

molecule   52
  4.51455694e+00  1.77986930e-01  5.30425008e+00
  4.36404435e+00  6.94385577e-02  4.33157695e+00
  4.70755272e+00  1.04101262e+01  3.40130006e+00
  4.05614384e+00  6.68954225e-01  3.31267405e+00
  3.41498995e+00  8.53471738e-01  2.53307654e+00
  3.84730571e+00  1.04547074e+01  2.21534413e+00
  3.77263905e+00  9.75222371e+00  2.90997576e+00
  4.78217673e+00  9.68248902e+00  2.69291927e+00

molecule   53
  2.99152677e+00  4.90524920e+00  7.28104589e+00
  2.60646910e+00  4.54724255e+00  8.15805653e+00
  2.84635548e+00  3.67355984e+00  7.75309392e+00
  3.72884538e+00  4.03681986e+00  7.53610388e+00
  4.52025042e+00  3.41238859e+00  7.35089208e+00
  4.70180486e+00  4.17831317e+00  7.93008107e+00
  4.50995038e+00  5.16311819e+00  7.80196094e+00
  4.32227806e+00  4.89282881e+00  6.84583959e+00

molecule   54
  3.08945978e-01  9.83330245e+00  1.72237368e+00
  3.42805028e-01  1.03393090e+01  2.58088592e+00
  1.03033029e+01  1.00115614e+01  3.36805435e+00
  9.41296477e+00  9.55607293e+00  3.33875351e+00
  9.63209833e+00  9.45294155e+00  4.31113700e+00
  9.56234162e+00  8.44860332e+00  4.19769953e+00
  9.34615955e+00  8.20414087e+00  5.12650477e+00
  9.58725799e+00  7.28464982e+00  4.72956667e+00

molecule   55
  2.47842457e+00  2.96500358e+00  4.06758839e+00
  3.06493275e+00  2.68903723e+00  4.86035347e+00
  3.10510029e+00  3.28983782e+00  5.65280245e+00
  3.63743969e+00  3.21020086e+00  6.48795779e+00
  4.33903207e+00  3.92888325e+00  6.48607765e+00
  4.67720416e+00  4.37126781e+00  5.70514526e+00
  3.92316932e+00  3.84110361e+00  5.33201768e+00
  3.59135170e+00  4.78446346e+00  5.25415700e+00

molecule   56
  1.03806164e+01  8.85263833e+00  6.62765868e-01
  5.77462979e-01  8.17375251e+00  9.65796617e-01
  8.78477951e-01  9.09922308e+00  9.28491807e-01
  1.20470908e+00  9.12407985e+00  1.04060972e+01
  2.21221626e+00  9.09648616e+00  2.78107986e-02
  2.08336814e+00  9.91771706e+00  9.89661753e+00
  3.05381758e+00  9.79087646e+00  1.01655059e+01
  3.22031925e+00  9.10985232e+00  9.49831772e+00

molecule   57
  8.36948941e+00  3.28890231e-02  1.00294911e+00
  7.97657182e+00  6.96628801e-01  4.06628049e-01
  7.35777140e+00  1.49667932e+00  5.19015358e-01
  7.33224735e+00  2.44904186e+00  2.58087442e-01
  7.64985043e+00  2.21592973e+00  9.79245302e+00
  7.39967022e+00  3.14563936e+00  9.71420962e+00
  8.36993491e+00  3.36141662e+00  9.55301164e+00
  9.36407375e+00  3.21416049e+00  9.56844175e+00

molecule   58
  5.22385851e+00  5.82731755e+00  4.78047472e+00
  4.84009440e+00  6.75273943e+00  4.93514946e+00
  4.06489942e+00  7.36808101e+00  4.87206321e+00
  3.79248999e+00  7.39927602e+00  3.92083628e+00
  2.95729334e+00  7.65924589e+00  4.35217660e+00
  3.13110632e+00  6.77907460e+00  4.73355707e+00
  2.98615602e+00  5.77407936e+00  4.75496555e+00
  3.92557234e+00  5.84272444e+00  4.45207440e+00

molecule   59
  4.14778613e+00  9.69038711e+00  7.20624815e+00
  4.90716786e+00  9.27124165e+00  7.73411836e+00
  5.33364679e+00  9.68092137e+00  6.89903561e+00
  5.95829169e+00  9.75987622e+00  7.64992676e+00
  6.09164159e+00  8.81498899e+00  7.41330984e+00
  5.96769047e+00  8.83920285e+00  8.43053257e+00
  6.66573577e+00  8.20428370e+00  8.70323494e+00
  7.11185739e+00  9.01793659e+00  8.52015102e+00

molecule   60
  6.08315370e+00  8.31227648e+00  1.02261291e+01
  5.10805381e+00  8.26557825e+00  1.03267423e+01
  4.69187566e+00  9.08392417e+00  2.80374371e-01
  4.06388688e+00  9.91231307e+00  2.69150665e-01
  4.61149922e+00  1.53848106e-01  6.48241131e-01
  5.35087076e+00  9.95520348e+00  7.76256893e-01
  6.15696156e+00  1.03744623e+01  1.20072629e+00
  6.98847583e+00  9.90937763e+00  1.14962081e+00

molecule   61
  5.49813469e+00  4.02546403e-01  3.82923860e+00
  5.91886375e+00  1.94637510e-01  4.70351514e+00
  6.10470340e+00  9.69256102e+00  4.83799393e+00
  5.85182257e+00  1.01683764e+01  5.72159934e+00
  6.14581110e+00  9.24229999e+00  5.82310931e+00
  5.36277545e+00  8.70440289e+00  5.63576521e+00
  4.99625180e+00  9.59661481e+00  5.80259740e+00
  4.30214721e+00  9.28973331e+00  5.14686313e+00

molecule   62
  2.39370194e+00  8.08790491e+00  3.39029925e+00
  1.91420985e+00  7.58589441e+00  4.04225911e+00
  1.55719968e+00  6.70732301e+00  4.39543358e+00
  8.56685816e-01  5.98207868e+00  4.38479523e+00
  8.99155325e-01  6.35609242e+00  3.49289332e+00
  6.88353323e-01  7.23153319e+00  3.05398074e+00
  3.94819019e-01  7.24938925e+00  2.07432347e+00
  1.32784501e+00  7.60253220e+00  1.89498326e+00

molecule   63
  4.92619807e+00  7.51932210e+00  8.09883566e+00
  4.88028803e+00  8.13008784e+00  8.88899466e+00
  5.43053013e+00  7.32365087e+00  9.08021945e+00
  4.48963194e+00  7.21519034e+00  9.48146653e+00
  4.25552951e+00  7.50919821e+00  1.04001300e+01
  4.96004598e+00  6.77710318e+00  1.02901161e+01
  5.17603670e+00  6.48993370e+00  7.31945471e-01
  5.28240872e+00  7.47338184e+00  6.06908139e-01

molecule   64
  1.95918228e+00  5.09900759e+00  9.02127344e+00
  2.81901296e+00  4.89925234e+00  9.45887485e+00
  3.31027319e+00  5.42096654e+00  1.01534758e+01
  2.61735867e+00  5.17327138e+00  4.37726911e-01
  1.85314101e+00  5.01369393e+00  1.03116005e+01
  1.97297296e+00  4.34824717e+00  6.16736834e-01
  1.67573111e+00  3.35763925e+00  5.92989387e-01
  1.12307185e+00  3.41014961e+00  1.45840787e+00

molecule   65
  3.58364588e+00  3.51244644e-01  8.40483573e+00
  3.00170627e+00  9.97436631e+00  8.36273121e+00
  2.05475808e+00  1.00316615e+01  8.75225940e+00
  1.54550269e+00  9.15398404e+00  8.80989387e+00
  1.94838847e+00  8.66008780e+00  9.65218612e+00
  1.72265839e+00  8.06022703e+00  1.04214015e+01
  1.20512195e+00  7.35449656e+00  1.00401425e+01
  8.30724676e-01  8.14184889e+00  9.54900536e+00

molecule   66
  3.25391636e+00  3.79919230e-01  3.79405166e+00
  3.56024018e+00  9.95157939e+00  4.13098746e+00
  2.82679905e+00  9.48477020e+00  3.64117015e+00
  3.43669087e+00  8.82340331e+00  4.05603897e+00
  4.31346793e+00  8.35769188e+00  4.33033789e+00
  3.53942930e+00  8.27534496e+00  4.92844487e+00
  3.25716762e+00  7.94972075e+00  5.91024900e+00
  4.12393765e+00  7.58768314e+00  6.35309963e+00

molecule   67
  2.03322409e+00  1.00614272e+01  5.73540991e+00
  1.38628567e+00  9.31564177e+00  6.01125195e+00
  1.95552779e+00  8.50445458e+00  6.15025127e+00
  1.18868379e+00  8.26935674e+00  6.70192877e+00
  1.13841054e+00  9.07408652e+00  7.33648909e+00
  2.02338928e+00  8.59553093e+00  7.36176133e+00
  1.97792730e+00  9.57664299e+00  7.52499133e+00
  1.65321552e+00  1.00786151e+01  6.72958945e+00

molecule   68
  9.29134715e+00  4.08236646e+00  4.99891871e+00
  9.41595372e+00  3.28013649e+00  5.60986175e+00
  1.01101965e+01  3.87835023e+00  6.02451732e+00
  2.74908091e-01  3.16429649e+00  5.72917580e+00
  5.65395801e-01  2.32463561e+00  6.18480899e+00
  1.23066145e+00  2.97224840e+00  5.86174041e+00
  1.41595803e+00  3.68777378e+00  6.51473414e+00
  1.54684498e+00  3.89855495e+00  5.57758345e+00

molecule   69
  1.45704012e+00  3.10718702e+00  2.41790127e+00
  2.26724245e+00  2.67393552e+00  2.79416592e+00
  1.97800289e+00  1.83405120e+00  3.30396994e+00
  1.59364631e+00  2.42208847e+00  4.07618786e+00
  7.74164277e-01  2.01561053e+00  3.69239673e+00
  8.89475817e-01  1.06611566e+00  3.98379147e+00
  5.05275330e-01  1.09331090e+00  4.90858286e+00
  9.86102831e-01  1.96539069e+00  5.09822770e+00

molecule   70
  9.30685829e+00  6.55821998e+00  6.89275748e+00
  1.03123417e+01  6.61962608e+00  6.80681471e+00
  1.04287974e+01  7.13029732e+00  7.68070259e+00
  9.16476576e-01  7.31697774e+00  7.53005987e+00
  1.90018395e+00  7.21078985e+00  7.78732969e+00
  2.33788993e+00  6.88649416e+00  6.92030242e+00
  2.96931395e+00  7.65149003e+00  6.95706605e+00
  3.69014129e+00  7.04100210e+00  7.29335922e+00

molecule   71
  1.96589691e+00  1.38475934e+00  4.32831744e+00
  1.83877234e+00  5.02795471e-01  3.94344298e+00
  2.39895551e+00  1.91583083e-01  3.17399503e+00
  2.32952552e+00  1.01444099e+01  2.29916706e+00
  2.78224672e+00  9.36843124e+00  1.83417910e+00
  2.20714196e+00  9.02937548e+00  2.56756759e+00
  1.73902401e+00  9.06965105e+00  1.70537264e+00
  1.96411496e+00  8.54477481e+00  9.18381668e-01

molecule   72
  1.01920905e+00  4.73057873e+00  9.44080267e+00
  1.04811177e+00  4.07837879e+00  1.02518199e+01
  3.83015023e-01  3.87161911e+00  9.55941557e+00
  1.04385362e+01  3.15236166e+00  9.04495204e+00
  9.97304070e+00  2.30849011e+00  9.18304987e+00
  1.01153157e+01  1.95227417e+00  1.01004949e+01
  9.36862453e+00  2.55542048e+00  1.03557168e+01
  8.81550048e+00  3.34526648e+00  2.20658912e-01

molecule   73
  5.24852044e+00  4.04200523e+00  9.97372748e+00
  6.09924897e+00  4.16849829e+00  9.51185575e+00
  5.73841095e+00  3.24030309e+00  9.61347163e+00
  5.51062492e+00  2.27818051e+00  9.74922546e+00
  4.59063773e+00  1.88534422e+00  9.68095850e+00
  4.21054036e+00  1.10865726e+00  1.01252658e+01
  3.79735641e+00  9.64533461e-01  5.84860413e-01
  3.69667579e+00  1.94536072e+00  7.22404624e-01

molecule   74
  7.73115383e+00  9.52597538e+00  3.07623175e+00
  8.50322871e+00  1.01884195e+01  3.20597083e+00
  8.01913699e+00  6.08221100e-01  3.28394212e+00
  7.69831595e+00  1.02730497e+01  3.80715521e+00
  8.14752993e+00  4.03022725e-01  4.41257524e+00
  8.32343310e+00  2.09534361e-01  5.40672774e+00
  9.20382443e+00  1.04294157e+01  5.07496324e+00
  8.62846275e+00  9.80378584e+00  4.52154610e+00

molecule   75
  7.35718215e+00  5.89586362e+00  1.98494149e+00
  7.87449559e+00  6.02366808e+00  2.83355501e+00
  7.86530708e+00  5.02064950e+00  2.83904446e+00
  7.49476272e+00  4.52051040e+00  3.61696395e+00
  8.14865621e+00  4.34658961e+00  4.39235929e+00
  7.25442752e+00  4.01111233e+00  4.66872080e+00
  6.28676460e+00  4.02363455e+00  5.00966787e+00
  6.38769465e+00  3.94411012e+00  4.03396472e+00

molecule   76
  4.72738207e+00  5.48062353e+00  2.71015512e+00
  4.40816046e+00  6.29977920e+00  3.14212973e+00
  3.50466626e+00  6.03291558e+00  3.42843310e+00
  2.53800937e+00  6.11135160e+00  3.32695080e+00
  1.91994178e+00  6.89072250e+00  3.27523632e+00
  1.58860291e+00  6.12952792e+00  2.62874046e+00
  6.45754341e-01  6.24573259e+00  2.27465141e+00
  1.04308003e+01  6.40156051e+00  2.98721398e+00

molecule   77
  3.40063736e+00  7.55878605e+00  9.50291871e+00
  3.13196401e+00  6.89035511e+00  8.86633362e+00
  4.05123868e+00  7.09235278e+00  8.44006105e+00
  3.54245944e+00  7.90660251e+00  8.19672478e+00
  3.27518863e+00  8.87315582e+00  8.13294119e+00
  4.03800661e+00  9.09230227e+00  8.72122251e+00
  4.19095985e+00  9.67385436e+00  9.49836446e+00
  5.11474826e+00  9.52948816e+00  9.06050245e+00

molecule   78
  7.59940631e-01  6.52177426e+00  5.30486907e+00
  6.89447114e-01  7.21839821e+00  4.62969053e+00
  9.93334796e-01  7.74090145e+00  5.43377151e+00
  1.80532359e+00  8.21086449e+00  5.10134648e+00
  2.52684239e+00  7.53225970e+00  5.16436193e+00
  1.90718481e+00  7.31030498e+00  5.89597094e+00
  1.63075182e+00  6.36901751e+00  6.09148565e+00
  6.62325611e-01  6.18907595e+00  6.29157011e+00

molecule   79
  7.92864294e+00  7.56659463e+00  2.79709590e+00
  7.63956484e+00  8.30126351e+00  3.47139510e+00
  8.60592974e+00  8.64060617e+00  3.29282464e+00
  8.21519390e+00  8.97432018e+00  2.39596984e+00
  7.96160172e+00  9.50195439e+00  1.57306760e+00
  8.01241901e+00  9.41432267e+00  5.44455545e-01
  8.85841818e+00  9.56847513e+00  1.27874296e-01
  9.83154376e+00  9.41977896e+00  1.03341686e+01

molecule   80
  2.20164475e+00  8.05709707e+00  8.51148561e+00
  1.24883003e+00  7.98412136e+00  8.24194230e+00
  5.67338744e-01  7.34750628e+00  8.63611023e+00
  3.01535740e-01  6.64576900e+00  9.31100777e+00
  1.02227224e+01  7.45561882e+00  9.64062000e+00
  3.34372200e-01  7.88499440e+00  1.03399209e+01
  1.01342287e+01  7.39066737e+00  4.56475496e-01
  1.79610142e-01  6.58591392e+00  2.55881719e-01

molecule   81
  4.28409398e+00  6.77244648e+00  1.52474696e+00
  3.38543896e+00  6.46989045e+00  1.79934941e+00
  2.64141562e+00  6.67917897e+00  2.37167332e+00
  2.48062076e+00  6.38974555e+00  1.43711110e+00
  3.16341772e+00  6.47549230e+00  6.92623731e-01
  3.69648286e+00  7.35628198e+00  8.30376923e-01
  3.23623424e+00  8.06673081e+00  3.31361326e-01
  3.83659706e+00  8.60930684e+00  1.02382232e+01

molecule   82
  8.42695251e+00  2.44207557e+00  7.68321280e-01
  7.87576914e+00  2.32898728e+00  1.54341592e+00
  7.80119262e+00  1.33675629e+00  1.44941375e+00
  8.75679869e+00  1.41191214e+00  1.24675508e+00
  9.11420726e+00  6.71048108e-01  7.05082315e-01
  9.43682304e+00  1.03593524e+00  1.02931340e+01
  8.64346262e+00  1.31976565e+00  9.74203700e+00
  8.55297866e+00  1.62443353e+00  2.23030530e-01

molecule   83
  3.72919147e+00  1.05062289e+00  5.61443829e+00
  3.54589479e+00  2.02895546e+00  5.84924039e+00
  3.15022358e+00  1.69519472e+00  5.02565380e+00
  2.91360230e+00  8.01551137e-01  4.70314473e+00
  3.03187341e+00  2.93981761e-01  5.54467937e+00
  3.85931534e+00  4.16152921e-03  6.07198210e+00
  3.39404954e+00  9.68885832e+00  5.64459651e+00
  2.82154119e+00  8.85777288e+00  5.53714698e+00

molecule   84
  5.00742222e+00  4.64734252e+00  1.53491450e+00
  5.77497887e+00  3.98786720e+00  1.71767191e+00
  4.88653166e+00  3.62519058e+00  2.08604776e+00
  4.70722048e+00  3.79559577e+00  1.15022839e+00
  4.18518943e+00  3.35105525e+00  4.26245420e-01
  4.64047291e+00  2.52994721e+00  7.11651980e-01
  5.35706188e+00  2.86289702e+00  1.19083058e-01
  6.36565851e+00  2.67588667e+00  1.04465259e+01

molecule   85
  2.50932806e+00  1.03493897e+01  4.47213847e+00
  1.79350493e+00  9.70459050e+00  4.45009481e+00
  2.25921886e+00  8.82795499e+00  4.21093128e+00
  1.34475610e+00  8.83986642e+00  3.84707382e+00
  7.05729650e-01  8.37713795e+00  4.43052926e+00
  1.03383840e+01  7.93913589e+00  4.15386963e+00
  1.04438275e+01  7.97459757e+00  5.14433675e+00
  1.03548260e+01  7.08371385e+00  5.65584853e+00

molecule   86
  4.92465324e+00  4.58641299e+00  2.62219024e+00
  5.34630706e+00  4.56165098e+00  3.50640395e+00
  5.27242607e+00  5.53042612e+00  3.63312705e+00
  5.53482330e+00  6.42267079e+00  3.26280684e+00
  5.55119229e+00  7.35766684e+00  2.94355679e+00
  6.36594141e+00  7.82101852e+00  3.21876732e+00
  6.82304971e+00  7.35196530e+00  2.48470863e+00
  6.84278995e+00  6.47696679e+00  2.92552478e+00

molecule   87
  9.40238379e+00  1.22119434e+00  8.94975791e+00
  9.67224257e+00  3.90999530e-01  8.53122241e+00
  1.99658095e-01  5.04796089e-01  8.79315398e+00
  1.20240242e+00  4.86581974e-01  8.58518713e+00
  1.28804323e+00  7.05218274e-02  9.48751508e+00
  7.45982100e-01  9.66656122e+00  9.50749265e+00
  1.04215726e+01  9.71592399e+00  8.90281263e+00
  1.03475747e+01  8.90122639e+00  9.48089811e+00

molecule   88
  2.93549863e+00  1.70020260e+00  2.12684780e+00
  3.28307868e+00  2.23882010e+00  2.91919641e+00
  3.49107179e+00  2.64556467e+00  3.81123945e+00
  4.02889492e+00  2.70023413e+00  4.63093758e+00
  4.43135965e+00  3.58368962e+00  4.40611300e+00
  5.07549756e+00  3.05826875e+00  5.01387802e+00
  4.39267435e+00  2.86694273e+00  5.69590966e+00
  5.22035479e+00  3.36178426e+00  5.98094653e+00

molecule   89
  5.19000129e-01  9.79339710e+00  4.21553606e+00
  9.05464398e-01  9.33230448e+00  4.99828178e+00
  2.97183514e-01  9.63843208e+00  5.71803054e+00
  4.36727713e-02  1.02704453e+01  6.50380912e+00
  1.22548183e-02  9.35275918e+00  6.96429126e+00
  9.68741980e+00  9.93223916e+00  7.03524748e+00
  9.62575077e+00  9.98121613e+00  8.00874545e+00
  9.68581083e+00  9.14947338e+00  8.52673358e+00

molecule   90
  5.34702260e+00  1.47315663e+00  1.02571984e+01
  6.16143190e+00  1.69189757e+00  3.47702614e-01
  5.76180289e+00  9.94670925e-01  9.60063766e-01
  5.34590413e+00  6.91295469e-01  1.80728671e+00
  5.79322899e+00  7.04339680e-02  2.49437105e+00
  6.56458238e+00  1.03253062e+01  3.06631989e+00
  5.92699088e+00  9.86459544e+00  3.63359174e+00
  5.91196548e+00  9.16681022e+00  2.89808729e+00

molecule   91
  7.34297785e+00  8.19816669e+00  4.61632405e+00
  7.40996373e+00  7.28842814e+00  4.17883882e+00
  8.17857972e+00  7.60510184e+00  4.67885026e+00
  8.51905233e+00  7.23219167e+00  3.81778567e+00
  8.86655606e+00  6.41648427e+00  4.27692508e+00
  8.07381980e+00  6.03528160e+00  3.89772694e+00
  7.73443213e+00  6.30617282e+00  4.79644306e+00
  7.87194699e+00  7.02589600e+00  5.44806199e+00

molecule   92
  2.68639439e+00  4.13281455e+00  5.29836124e+00
  2.78484019e+00  4.51943655e+00  6.19527305e+00
  1.96728554e+00  5.09468078e+00  6.32096880e+00
  2.60109140e+00  5.45719627e+00  5.68900676e+00
  1.82339584e+00  5.25083969e+00  5.09230740e+00
  9.09848839e-01  5.34602556e+00  5.45195293e+00
  9.32885444e-01  4.81809068e+00  6.30528254e+00
  4.70609325e-01  4.21769348e+00  5.67804613e+00

molecule   93
  3.55585513e-01  8.24062153e+00  3.25057076e+00
  6.32963010e-01  8.44085328e+00  2.35209817e+00
  5.30326432e-01  9.27267673e+00  2.87565577e+00
  1.01155366e+01  8.82423587e+00  2.69464654e+00
  1.03864615e+01  8.71911247e+00  1.68027369e+00
  9.48310434e+00  9.06645654e+00  1.31407330e+00
  8.89885620e+00  8.29879733e+00  1.60131084e+00
  9.82676390e+00  7.83112333e+00  1.72859427e+00

molecule   94
  6.50197125e-01  6.38352643e-01  6.84628827e+00
  1.00748183e+00  5.71918206e-01  5.89021078e+00
  1.39298717e+00  1.33392813e+00  6.38663808e+00
  2.31835738e+00  9.70610581e-01  6.66105370e+00
  2.73571474e+00  1.88802973e+00  6.51199960e+00
  2.19343507e+00  1.94081417e+00  5.70482937e+00
  2.03533180e+00  9.56237001e-01  5.64615750e+00
  1.61983732e+00  3.97713550e-01  4.91047962e+00

molecule   95
  2.80058010e-01  5.23287252e+00  3.79124256e+00
  1.85076039e-01  4.79219575e+00  2.93606300e+00
  9.90076246e+00  5.47239323e+00  3.09235259e+00
  8.94185980e+00  5.69068305e+00  3.24170042e+00
  9.02782852e+00  6.67808072e+00  2.96499783e+00
  9.81352108e+00  7.29659668e+00  2.88498106e+00
  9.04485404e+00  7.44079642e+00  2.27524834e+00
  9.53494157e+00  6.69646681e+00  1.81800067e+00

molecule   96
  2.12777290e+00  7.09379032e+00  9.33832937e+00
  2.46426802e+00  6.76275756e+00  1.02428854e+01
  2.66744721e+00  6.01920605e+00  9.66817173e+00
  2.25102408e+00  6.13339499e+00  8.77551174e+00
  1.27049996e+00  6.13658396e+00  8.67123151e+00
  1.29944737e+00  5.82476584e+00  9.65442261e+00
  1.21926071e+00  6.47943252e+00  1.03965144e+01
  1.45968101e+00  7.11512823e+00  6.43248781e-01

molecule   97
  3.33810818e+00  8.72457186e+00  6.70226763e+00
  4.18366984e+00  8.59245080e+00  7.22315185e+00
  4.88009772e+00  8.46774784e+00  6.49793575e+00
  5.28910639e+00  7.90648882e+00  7.21841468e+00
  5.04597603e+00  6.97773656e+00  6.94215004e+00
  4.62358105e+00  6.52630729e+00  7.73341846e+00
  3.95019603e+00  5.93595877e+00  7.34478517e+00
  3.14545688e+00  5.89189612e+00  6.75518829e+00

molecule   98
  4.82594826e+00  2.88686750e+00  9.38364623e+00
  5.16491359e+00  3.08997069e+00  8.45297823e+00
  5.75377881e+00  2.59142072e+00  7.81028961e+00
  5.05737083e+00  1.90509580e+00  7.57352663e+00
  4.36412443e+00  2.30421851e+00  8.18970546e+00
  5.05586440e+00  2.02760937e+00  8.80254540e+00
  5.43542130e+00  1.11596116e+00  8.69377018e+00
  6.39925014e+00  8.43345168e-01  8.58669858e+00

molecule   99
  7.39985306e+00  5.23575702e-01  8.01195639e+00
  7.07191400e+00  1.00697598e+01  8.17089927e+00
  7.34607602e+00  1.00636606e+01  7.21144337e+00
  6.44531379e+00  9.96692567e+00  6.71437700e+00
  6.99019090e+00  9.92544431e+00  5.91797943e+00
  7.21004008e+00  2.71732692e-02  5.11505865e+00
  7.58728599e+00  9.54159962e+00  5.20598938e+00
  8.16078145e+00  8.93219497e+00  4.68531992e+00
