BOUNDARY

cubic     1.0455159e+01

MOLECULES

species    0
nMolecule  100

molecule   0
  8.19326763e+00  1.89566869e+00  8.21585817e+00
  7.86962580e+00  1.72118233e+00  9.12255637e+00
  8.55955352e+00  1.92344346e+00  9.80189740e+00
  9.00406178e+00  1.28009134e+00  9.23526561e+00
  9.61666407e+00  9.09263246e-01  9.89492150e+00
  1.48079547e-01  1.11238518e+00  1.00299306e+01
  1.01563868e+01  1.67472043e+00  9.37284457e+00
  5.86390195e-01  1.41567045e+00  9.00654495e+00

molecule   1
  1.59501326e+00  1.01925404e+01  1.33379782e+00
  5.94037915e-01  1.01625779e+01  1.18147156e+00
  1.03300071e+01  9.60491396e+00  1.59045587e+00
  1.02283688e+01  8.60708576e+00  1.59989806e+00
  5.20233303e-01  8.01730251e+00  1.71974877e+00
  1.54696139e-01  8.16472029e+00  2.58264590e+00
  1.03518736e+01  8.14418099e+00  3.55002725e+00
  9.63826131e+00  8.57834427e+00  4.09957661e+00

molecule   2
  8.13115936e+00  7.88462252e+00  3.68023138e+00
  8.03927151e+00  8.00707726e+00  2.72154183e+00
  7.13716270e+00  8.20231338e+00  2.24803402e+00
  7.74737948e+00  8.75118784e+00  1.67276269e+00
  7.62015623e+00  7.98018096e+00  1.02646586e+00
  7.07418099e+00  7.24697497e+00  1.37181224e+00
  6.45550655e+00  6.72787551e+00  1.96641779e+00
  6.98437071e+00  6.06557566e+00  1.44209892e+00

molecule   3
  5.24172863e+00  3.35328167e+00  3.72465909e-01
  4.95019375e+00  4.34156493e+00  3.05158381e-01
  4.12107297e+00  4.02938925e+00  8.04556380e-01
  4.31520025e+00  4.79780735e+00  1.41717007e+00
  4.55944471e+00  4.14671883e+00  2.11991300e+00
  5.43868637e+00  4.17688148e+00  1.59783189e+00
  5.83946560e+00  5.02288806e+00  1.90405285e+00
  5.34325892e+00  5.07888163e+00  1.01443370e+00

molecule   4
  7.58969896e+00  4.75068656e+00  6.11786159e+00
  7.10522343e+00  4.71552551e+00  5.25292519e+00
  6.92080763e+00  3.86497625e+00  4.71998254e+00
  6.26176972e+00  3.97333684e+00  5.48176591e+00
  6.00351940e+00  3.02356565e+00  5.47639720e+00
  5.70400864e+00  3.34788766e+00  4.57994283e+00
  5.36289184e+00  4.29439995e+00  4.40327065e+00
  6.02546547e+00  5.04383701e+00  4.23233109e+00

molecule   5
  2.41598737e+00  1.00228982e+01  9.17527936e+00
  2.28229605e+00  9.42168304e+00  8.34877995e+00
  2.45169212e+00  8.75464261e+00  9.12232862e+00
  2.98023908e+00  8.28122623e+00  8.40628950e+00
  2.22151718e+00  8.41129961e+00  7.79968762e+00
  3.02266133e+00  8.81615030e+00  7.41251512e+00
  2.26668363e+00  9.44222616e+00  7.25018320e+00
  1.50736922e+00  8.92102894e+00  7.01245550e+00

molecule   6
  4.68015155e+00  2.32785509e+00  7.02945329e+00
  3.87562635e+00  2.84717744e+00  6.75685303e+00
  4.57448158e+00  3.51802260e+00  6.93830332e+00
  4.49691661e+00  3.23412592e+00  5.97866511e+00
  5.30627344e+00  2.88824143e+00  6.50472740e+00
  5.67253890e+00  2.84981860e+00  7.44543926e+00
  6.20145061e+00  2.24410525e+00  6.80976365e+00
  5.50413227e+00  1.62085755e+00  6.33570598e+00

molecule   7
  9.75120070e+00  7.45088206e+00  9.79898395e+00
  9.07042287e+00  8.07379216e+00  9.42643884e+00
  8.22435903e+00  8.61085854e+00  9.70087761e+00
  8.51488495e+00  9.47161800e+00  1.00512777e+01
  8.24961136e+00  1.01362733e+01  9.30571650e+00
  8.26390002e+00  5.97355665e-01  8.91367052e+00
  8.55671477e+00  8.46872607e-01  8.03347664e+00
  7.59917805e+00  6.75949511e-01  8.16662662e+00

molecule   8
  8.90655792e+00  1.03510198e+01  8.25114319e+00
  9.45825244e+00  1.55901710e-01  7.45838205e+00
  9.76291217e+00  1.42774629e-01  6.51518710e+00
  1.02527270e+01  9.74775095e+00  6.46871897e+00
  9.68006239e+00  9.90632487e+00  5.65415684e+00
  9.87726914e+00  9.22625468e+00  4.96396928e+00
  1.01605144e+01  8.85176428e+00  5.80170953e+00
  9.89908773e+00  8.80993981e+00  6.78214624e+00

molecule   9
  7.73193343e+00  3.15935569e+00  5.03193689e+00
  7.05731401e+00  3.12431955e+00  5.74743072e+00
  7.55846219e+00  2.22729816e+00  5.87577273e+00
  6.80019725e+00  2.11439708e+00  5.24451316e+00
  5.85075875e+00  2.01455841e+00  4.87706706e+00
  5.85857035e+00  2.03968224e+00  3.88101158e+00
  4.99963176e+00  1.67462435e+00  3.51580724e+00
  4.84906547e+00  2.60466192e+00  3.86576996e+00

molecule   10
  7.25512763e+00  8.66704800e+00  3.21323761e+00
  7.18591354e+00  9.31290759e+00  2.45105855e+00
  6.74703363e+00  9.18490154e+00  1.59088930e+00
  5.74390342e+00  9.06255037e+00  1.71763117e+00
  5.68732435e+00  9.89281733e+00  2.28900735e+00
  5.24457515e+00  9.24901726e+00  2.88956643e+00
  4.84118291e+00  8.37089025e+00  2.52609960e+00
  5.56758601e+00  7.91224606e+00  2.01534627e+00

molecule   11
  9.07153009e+00  3.39537518e+00  9.82538105e+00
  9.94339755e+00  3.88830573e+00  9.59302900e+00
  9.37859084e+00  4.59621252e+00  9.92943127e+00
  8.83603068e+00  5.26429202e+00  9.49135340e+00
  8.94809714e+00  6.26197646e+00  9.32093067e+00
  8.81195353e+00  6.56166476e+00  1.02535040e+01
  9.78625550e+00  6.38563150e+00  1.02608447e+01
  1.02717933e+01  6.57266133e+00  9.38132340e+00

molecule   12
  3.81696841e+00  5.51617256e+00  9.78852670e+00
  2.89622555e+00  5.88997024e+00  9.81600862e+00
  2.59220872e+00  5.83082844e+00  8.82729873e+00
  1.84306820e+00  5.26228287e+00  9.14447769e+00
  2.08605036e+00  5.02280919e+00  1.00819783e+01
  2.20594835e+00  5.09838644e+00  6.47167686e-01
  2.97995488e+00  4.52260990e+00  3.10732422e-01
  3.76181272e+00  5.07661108e+00  5.20171572e-01

molecule   13
  4.09665827e+00  1.11435639e+00  4.05946449e+00
  3.87187082e+00  2.06613796e+00  3.77739358e+00
  3.22357889e+00  2.79401928e+00  3.91125498e+00
  2.69800185e+00  2.00261526e+00  4.28624364e+00
  3.51594024e+00  1.86517078e+00  4.81352494e+00
  3.56554167e+00  2.08228464e+00  5.77666878e+00
  2.57179233e+00  2.23153744e+00  5.82825627e+00
  2.83211245e+00  2.51246450e+00  6.74819467e+00

molecule   14
  1.03485718e+01  8.15384036e-01  1.11121052e+00
  9.59341108e+00  9.18284003e-01  1.73349160e+00
  9.45254863e+00  1.04023104e+01  1.91586326e+00
  1.01145674e+01  9.90658855e+00  2.50499086e+00
  2.02772131e-01  9.43270728e+00  3.20055172e+00
  9.20609785e-01  8.87440435e+00  2.81421154e+00
  9.38599677e-01  8.37517815e+00  3.65700215e+00
  1.73332352e+00  7.75212137e+00  3.55586998e+00

molecule   15
  5.79939360e+00  8.78980275e+00  6.88659628e-01
  6.19734688e+00  7.93574971e+00  1.07755762e+00
  6.07169283e+00  7.31625573e+00  3.16836622e-01
  6.00599293e+00  8.00189704e+00  1.00655327e+01
  6.15418829e+00  8.52106282e+00  9.26454746e+00
  5.40051435e+00  7.98414706e+00  8.88711372e+00
  5.34985078e+00  8.98487060e+00  8.97728948e+00
  5.73402279e+00  8.71076000e+00  8.08249659e+00

molecule   16
  9.20075149e+00  5.61348076e+00  3.26343037e-01
  9.50006047e+00  5.60688478e+00  1.31643668e+00
  9.33744644e+00  4.61390748e+00  1.53589635e+00
  8.41021212e+00  4.47196057e+00  1.85363560e+00
  7.87487417e+00  5.30856141e+00  1.96925282e+00
  8.43108549e+00  5.82208005e+00  1.26328940e+00
  8.10668256e+00  6.75875734e+00  1.51299622e+00
  8.57617173e+00  7.65709688e+00  1.60053281e+00

molecule   17
  4.07321652e+00  1.03189925e+00  7.97349592e+00
  4.27808210e+00  1.43575192e+00  8.90447120e+00
  3.59053246e+00  7.22920239e-01  9.11320948e+00
  3.60587448e+00  1.02038927e+01  8.77845218e+00
  3.49651117e+00  9.22397487e+00  8.96514123e+00
  3.66318654e+00  9.32957128e+00  9.94828793e+00
  3.62781424e+00  1.00986466e+01  9.91640318e-02
  3.76864840e+00  1.03666715e+01  1.03250637e+00

molecule   18
  2.35792908e+00  2.34266434e-01  8.44016466e+00
  2.34716800e+00  2.49632526e-01  7.43259427e+00
  3.26147288e+00  4.21214165e-01  7.12695643e+00
  3.61618174e+00  1.30905658e+00  6.80784198e+00
  3.72871359e+00  4.95173539e-01  6.22814465e+00
  3.26169350e+00  1.19422765e+00  5.71068534e+00
  2.69869392e+00  4.18177551e-01  5.35115357e+00
  3.12693196e+00  1.00188752e+01  5.11162530e+00

molecule   19
  7.38352060e+00  1.76204674e+00  7.32882813e+00
  8.24133194e+00  1.46524027e+00  6.96723078e+00
  7.49772999e+00  7.52989427e-01  7.09299050e+00
  7.01633167e+00  1.03758428e+01  6.77601095e+00
  6.46937963e+00  4.92866666e-01  7.40102328e+00
  6.48927236e+00  1.10484884e+00  6.61091594e+00
  7.08953198e+00  1.17177152e+00  5.85046511e+00
  7.14006822e+00  2.15034576e-01  5.57011031e+00

molecule   20
  5.90482174e+00  3.87450743e+00  7.76258593e+00
  5.66421500e+00  4.75915540e+00  7.39891212e+00
  4.87074341e+00  4.73849292e+00  6.79297685e+00
  3.93984537e+00  4.49498265e+00  6.96998101e+00
  3.00311681e+00  4.24242786e+00  6.72113253e+00
  3.14105442e+00  3.42785835e+00  7.32787726e+00
  2.92214255e+00  2.76107549e+00  8.08458368e+00
  3.30078252e+00  1.98644637e+00  8.60531741e+00

molecule   21
  2.94663644e+00  8.37332779e+00  1.01761355e+01
  2.66000636e+00  7.77187457e+00  9.47813894e+00
  1.77951743e+00  7.92711047e+00  8.96798977e+00
  1.28165319e+00  8.81923716e+00  8.95487490e+00
  4.46628612e-01  8.44695323e+00  9.32371083e+00
  5.88065527e-01  7.46832162e+00  9.30609040e+00
  1.02811886e+01  7.67831943e+00  8.62385525e+00
  9.88050376e+00  6.92328920e+00  8.15040458e+00

molecule   22
  7.16775175e+00  8.14726820e+00  1.02189350e+01
  7.35524560e+00  7.19377354e+00  1.02280308e+01
  6.49678754e+00  6.73735051e+00  1.01115498e+01
  6.97831325e+00  6.29099208e+00  3.94164424e-01
  7.67834593e+00  5.83283905e+00  1.02708855e+01
  7.61345091e+00  5.50122199e+00  9.33197255e+00
  7.99151206e+00  5.72535880e+00  8.44565488e+00
  8.94460199e+00  5.58584417e+00  8.26488624e+00

molecule   23
  8.98412085e-01  6.17218764e+00  1.37463476e+00
  1.73452295e-01  6.78642181e+00  1.58018773e+00
  9.86158548e+00  6.59015714e+00  9.53802049e-01
  1.03763797e+01  5.79063172e+00  5.26096909e-01
  3.44632793e-01  6.71136982e+00  4.42954088e-01
  3.96847355e-01  6.10518370e+00  1.01077415e+01
  1.01836985e+01  5.48081832e+00  9.77782216e+00
  9.82811556e+00  5.05922960e+00  8.93495954e+00

molecule   24
  2.94262726e+00  7.07301690e+00  1.04095012e+01
  3.34719195e+00  6.70518429e+00  9.60375668e+00
  4.27463728e+00  6.79175088e+00  9.89865375e+00
  4.59202759e+00  6.95697086e+00  8.99149600e+00
  3.82485272e+00  7.58645276e+00  8.75557227e+00
  4.41156142e+00  7.97265833e+00  9.41314685e+00
  4.43768160e+00  8.52821856e+00  1.01966156e+01
  3.77295273e+00  7.85122808e+00  1.05699068e-01

molecule   25
  2.04826576e+00  9.63779476e-01  1.40271695e+00
  1.70932294e+00  1.40037330e+00  5.61829005e-01
  7.33757878e-01  1.21019224e+00  5.12879629e-01
  2.23604000e-01  2.04408450e+00  6.22792671e-01
  7.34072337e-02  2.31332102e+00  1.57916129e+00
  5.65705697e-01  3.18062742e+00  1.72829834e+00
  7.01397144e-02  4.09530277e+00  1.90654436e+00
  6.69193787e-01  4.05516962e+00  1.08822518e+00

molecule   26
  6.75712130e+00  8.24886284e+00  4.42903278e+00
  7.27724243e+00  9.07048189e+00  4.37457572e+00
  8.12766511e+00  9.21824776e+00  3.92349199e+00
  8.40823881e+00  8.50416934e+00  4.56348173e+00
  9.26403647e+00  8.42365985e+00  5.08295711e+00
  9.34387077e+00  7.44143082e+00  5.12116817e+00
  9.52686587e+00  7.10100809e+00  6.02952030e+00
  1.03543658e+01  6.69573575e+00  5.64976383e+00

molecule   27
  9.04715316e+00  6.17170084e-01  4.37544273e-01
  8.50199310e+00  1.03041740e+01  9.28863965e-02
  9.41128725e+00  9.97131016e+00  1.02645793e+01
  9.61384689e+00  9.84020116e+00  7.38860071e-01
  1.03683335e+01  9.51959578e+00  1.76483882e-01
  4.59221922e-01  9.42973735e+00  9.78365574e+00
  1.04006332e+01  1.02391769e+01  9.47863738e+00
  4.95476095e-02  2.02105457e-01  1.03831815e+01

molecule   28
  1.12856393e+00  5.50671190e+00  4.78507923e+00
  2.88079836e-01  5.08696091e+00  4.96474260e+00
  4.59465467e-01  4.34996386e+00  5.66925695e+00
  6.55297119e-01  3.48463817e+00  6.14078018e+00
  1.32907594e-01  2.83520752e+00  6.68609498e+00
  9.98769903e+00  3.11564924e+00  7.43220326e+00
  9.52995312e+00  3.83323731e+00  7.88116487e+00
  9.92424240e+00  3.98223493e+00  6.90987449e+00

molecule   29
  5.76381459e+00  1.12932419e+00  7.07930645e-03
  4.99087543e+00  9.96241909e-01  9.81281111e+00
  4.40376898e+00  2.28462777e-01  9.92088443e+00
  3.84707725e+00  8.94557396e-01  1.04246631e+01
  3.48107497e+00  1.67730741e+00  9.80647080e+00
  3.48169328e+00  2.65540244e+00  1.01350672e+01
  4.17491698e+00  2.05231635e+00  1.34525025e-01
  3.99944449e+00  1.61790141e+00  1.04160276e+00

molecule   30
  8.07551331e-01  3.00493476e+00  5.73746060e-01
  4.02630614e-02  3.63859899e+00  3.18439955e-01
  9.96271836e+00  4.37803203e+00  7.47433848e-01
  1.03739722e+01  5.03015874e+00  1.40133157e+00
  1.35908295e-01  5.78162139e+00  2.01908863e+00
  3.24723711e-01  5.80830331e+00  2.99389320e+00
  1.07186171e+00  5.36644649e+00  2.49570082e+00
  1.02571812e+00  4.70140755e+00  1.72323304e+00

molecule   31
  7.50332014e+00  1.03075470e+01  3.81083067e+00
  6.75119221e+00  9.88868100e+00  4.30429620e+00
  5.79348294e+00  9.94939243e+00  4.09299365e+00
  4.87167542e+00  9.76130909e+00  3.78229574e+00
  4.16826928e+00  1.00989688e+01  3.17514786e+00
  4.68708731e+00  9.53411915e-02  2.50270891e+00
  4.65288434e+00  9.66634304e+00  2.10303233e+00
  4.24712889e+00  9.10071021e+00  2.83713075e+00

molecule   32
  8.13810211e+00  2.52971464e+00  7.47259748e+00
  8.71842542e+00  2.35234794e+00  6.66890991e+00
  9.26887403e+00  1.55891536e+00  7.11079323e+00
  9.15399265e+00  2.10525940e+00  7.97001584e+00
  9.04380924e+00  2.43334309e+00  8.90395457e+00
  8.12566658e+00  2.77694191e+00  8.87825040e+00
  8.77994504e+00  3.55077139e+00  8.80530448e+00
  8.64884373e+00  4.51039515e+00  8.59085325e+00

molecule   33
  4.96240230e+00  1.00763224e+01  4.92983673e+00
  4.49780660e+00  1.97179468e-01  4.26126921e+00
  5.42545770e+00  4.78525648e-01  4.12182008e+00
  5.83407960e+00  5.61872548e-01  3.28262354e+00
  6.08596553e+00  1.25245347e+00  2.63311864e+00
  5.80296828e+00  2.23767188e+00  2.63927562e+00
  6.30034142e+00  3.08537724e+00  2.48965713e+00
  6.78387627e+00  3.34543042e+00  3.36176796e+00

molecule   34
  9.09717163e+00  3.02288788e+00  4.56911251e-01
  9.82523604e+00  3.07086069e+00  1.14046694e+00
  9.74835076e+00  2.11511501e+00  9.42269232e-01
  9.27674550e+00  1.65755263e+00  2.38351241e-01
  8.37204703e+00  1.43137456e+00  6.53952795e-01
  8.41166807e+00  2.39653850e+00  9.48969179e-01
  7.55006006e+00  2.40002516e+00  1.46219534e+00
  7.43360614e+00  3.00966408e+00  2.25950375e+00

molecule   35
  1.25007113e+00  2.75153535e+00  6.53684173e+00
  1.97120993e+00  2.83728627e+00  7.23309285e+00
  2.12929960e+00  3.79057390e+00  7.44167101e+00
  1.46130142e+00  3.83059775e+00  8.16754791e+00
  6.99164175e-01  3.79781797e+00  7.49324308e+00
  7.59866042e-01  4.70052670e+00  7.02741937e+00
  1.37732402e+00  3.90533012e+00  6.69792333e+00
  2.15920051e+00  3.37858529e+00  6.34444911e+00

molecule   36
  2.87779722e+00  6.35309176e+00  5.93260253e+00
  3.31941514e+00  6.56565378e+00  6.81324502e+00
  4.16937677e+00  6.22470968e+00  7.23512605e+00
  3.81795011e+00  5.37417993e+00  7.59637627e+00
  3.26838470e+00  6.05571331e+00  8.05661628e+00
  2.85429826e+00  5.15558998e+00  8.02005631e+00
  3.24536918e+00  5.01693100e+00  8.95013725e+00
  2.88930238e+00  4.39918093e+00  9.69645636e+00

molecule   37
  8.83200354e+00  3.01319576e-01  4.40256311e+00
  7.97613866e+00  4.82982493e-01  4.91078941e+00
  8.04385680e+00  1.34388682e+00  5.38391302e+00
  7.91950146e+00  2.11969163e+00  4.82704387e+00
  7.85696860e+00  1.80551428e+00  3.89634484e+00
  7.27683237e+00  2.58832023e+00  4.05735780e+00
  7.58298018e+00  2.46610689e+00  3.13920962e+00
  8.33210140e+00  3.17173263e+00  3.03460125e+00

molecule   38
  6.85030897e-01  1.49813713e+00  5.82364201e+00
  4.91761703e-01  1.83086857e+00  6.68709840e+00
  7.35880358e-01  2.19132605e+00  7.59345007e+00
  1.40225121e+00  1.54194696e+00  7.27817289e+00
  1.52121938e+00  6.43099182e-01  6.95275170e+00
  7.32872384e-01  3.31426009e-01  6.43856951e+00
  1.10940064e+00  9.97531600e+00  6.84346305e+00
  1.69666329e+00  1.00636839e+01  6.03400589e+00

molecule   39
  9.83384269e+00  6.29549467e+00  4.73095862e+00
  2.96198984e-01  6.67179623e+00  4.75049304e+00
  6.41108912e-01  6.54712014e+00  3.82887009e+00
  1.50795104e+00  6.15859693e+00  3.86404193e+00
  2.22599575e+00  5.46882083e+00  3.92000697e+00
  2.69808169e+00  5.59840260e+00  4.80497095e+00
  1.92199637e+00  5.07639475e+00  5.21776711e+00
  1.50743234e+00  4.34762200e+00  5.77546035e+00

molecule   40
  1.71442970e+00  3.67661346e+00  2.18697962e+00
  1.57596572e+00  3.86091364e+00  3.12920354e+00
  2.20807137e+00  4.39912986e+00  3.65429014e+00
  1.34293994e+00  4.22919508e+00  4.16817107e+00
  1.63153303e+00  3.33529504e+00  4.47127523e+00
  1.64121012e+00  2.35508758e+00  4.50711905e+00
  2.03940936e+00  1.60779683e+00  5.03842774e+00
  1.40659754e+00  2.21038644e+00  5.46279530e+00

molecule   41
  2.10666826e+00  8.75463982e+00  5.40662601e+00
  1.42281465e+00  8.04253795e+00  5.22162597e+00
  1.10905524e+00  8.93595336e+00  4.95309694e+00
  1.21452883e+00  9.07543718e+00  5.93499616e+00
  5.47804553e-01  8.74201567e+00  6.58816526e+00
  8.24944949e-01  8.11635109e+00  7.26676423e+00
  4.51261766e-01  9.04255539e+00  7.53638844e+00
  2.23778133e-01  9.09737051e+00  8.51560848e+00

molecule   42
  4.28136029e+00  6.93686540e+00  7.97024853e+00
  5.22627595e+00  7.27485167e+00  8.13817201e+00
  5.82119792e+00  7.50021121e+00  7.33496250e+00
  5.55344555e+00  7.38608337e+00  6.36276945e+00
  5.99610316e+00  8.22976133e+00  6.20924361e+00
  6.34698438e+00  7.77527326e+00  5.41307689e+00
  7.12333582e+00  7.31647791e+00  4.93405338e+00
  6.81232418e+00  6.62691442e+00  4.30190957e+00

molecule   43
  3.37283545e+00  9.98433766e+00  1.99066541e+00
  3.46823813e+00  5.40012712e-01  1.83110881e+00
  2.87573487e+00  5.27407196e-01  1.02735466e+00
  2.92997848e+00  1.39317028e+00  1.49675436e+00
  2.56805180e+00  2.32935069e+00  1.54027896e+00
  1.89649937e+00  2.94098815e+00  1.22016757e+00
  1.47084270e+00  2.59173457e+00  2.05829748e+00
  1.22568471e+00  1.87758763e+00  1.40897554e+00

molecule   44
  1.00903850e+01  8.53205816e+00  9.95200890e+00
  4.62691747e-01  8.54759340e+00  6.51920560e-03
  5.32087551e-01  7.82557606e+00  6.80441070e-01
  1.01345253e+01  7.51347832e+00  1.13570551e+00
  9.34845887e+00  8.17656146e+00  1.10808553e+00
  9.38300809e+00  7.61755370e+00  3.22080994e-01
  8.70365868e+00  6.99141351e+00  7.05768764e-01
  8.33098217e+00  7.72397315e+00  7.41473317e-02

molecule   45
  5.47220074e+00  6.57422780e+00  8.80166952e-01
  5.12734294e+00  5.95459641e+00  1.58426787e+00
  5.38101998e+00  6.88893718e+00  1.85233422e+00
  4.87134067e+00  6.59513442e+00  2.65636174e+00
  4.24546319e+00  5.91769244e+00  3.03634682e+00
  4.47817646e+00  5.37732654e+00  2.24770778e+00
  3.54296349e+00  5.59308062e+00  2.09506317e+00
  4.08320494e+00  5.95153165e+00  1.31165775e+00

molecule   46
  3.86103309e-01  3.45179988e+00  5.06322607e+00
  1.04447983e+01  2.56816461e+00  4.97322355e+00
  6.84282846e-02  2.48707949e+00  4.00871985e+00
  1.02083781e+01  3.43249009e+00  3.83326291e+00
  1.31760738e-01  4.16522835e+00  4.38590994e+00
  9.88267970e+00  3.67893848e+00  4.87931983e+00
  9.79593399e+00  3.47180399e+00  5.83759664e+00
  8.79530238e+00  3.29001595e+00  5.90218698e+00

molecule   47
  9.03882884e-01  1.20965957e+00  4.75371367e+00
  1.60994138e+00  1.27893654e+00  4.09115069e+00
  6.96522591e-01  1.02129339e+00  3.72508624e+00
  1.03492786e+01  8.67774172e-01  4.30128354e+00
  9.54034730e+00  1.40457049e+00  4.51626237e+00
  1.02018499e+01  1.52424951e+00  5.31421365e+00
  1.02578499e+01  5.74704726e-01  5.49658810e+00
  9.85794081e+00  5.99032365e-03  4.81277246e+00

molecule   48
  4.73302635e+00  9.74757881e+00  1.03870167e+01
  4.21884208e+00  9.41856733e+00  7.57531962e-01
  3.33757056e+00  9.10044194e+00  5.74025140e-01
  2.77971724e+00  9.73773277e+00  1.11775633e+00
  2.22024821e+00  9.10909646e+00  1.66932337e+00
  1.48111581e+00  8.54259763e+00  1.21897999e+00
  1.12925730e+00  9.27497167e+00  6.39658666e-01
  9.49739921e-01  1.00339762e+01  1.04399035e+01

molecule   49
  1.59558156e+00  1.47126506e+00  3.01199250e+00
  1.06663734e+00  7.35888034e-01  2.61571550e+00
  3.97358042e-01  3.20927904e-01  2.00576506e+00
  1.03802230e+01  9.56743715e-01  2.66044097e+00
  2.20512462e-01  1.86007925e+00  2.85191194e+00
  9.97094757e+00  2.53937758e+00  2.57780145e+00
  9.61601529e+00  3.45784034e+00  2.41155829e+00
  9.27125660e+00  4.34982848e+00  2.61492411e+00

molecule   50
  8.27262586e+00  4.11425973e+00  6.98715977e+00
  7.96810038e+00  3.25636095e+00  6.61133946e+00
  7.15319414e+00  2.69742943e+00  6.71711262e+00
  6.94042411e+00  2.71572165e+00  7.67155601e+00
  6.75888734e+00  2.89293913e+00  8.62430390e+00
  7.20335469e+00  3.08178380e+00  9.49253785e+00
  7.70957408e+00  3.84243549e+00  9.04441571e+00
  7.85344182e+00  3.94207171e+00  8.04645269e+00

molecule   51
  3.26443421e+00  8.05051577e+00  1.51658550e+00
  2.63098083e+00  8.42523594e+00  8.76511641e-01
  2.25782942e+00  7.57477976e+00  1.28729675e+00
  2.66857175e+00  6.65426029e+00  1.28196342e+00
  3.03834201e+00  5.94703254e+00  6.57864873e-01
  3.80616672e+00  6.50396565e+00  3.65233466e-01
  4.67320797e+00  6.95495543e+00  3.87613704e-01
  5.18511568e+00  7.71910458e+00  6.78556001e-01

molecule   52
  7.63269552e+00  7.25655948e-01  1.01549230e+01
  7.47313332e+00  1.75789594e+00  1.01416345e+01
  7.93707332e+00  2.57944401e+00  1.04378037e+01
  7.23207661e+00  3.24965931e+00  3.91997814e-02
  6.95048694e+00  2.42758254e+00  5.88069095e-01
  6.26618946e+00  2.49457683e+00  1.30938410e+00
  5.30418619e+00  2.41760897e+00  9.96855135e-01
  4.37967728e+00  2.64215147e+00  1.28949130e+00

molecule   53
  3.32566803e+00  4.55539940e+00  4.35087041e+00
  3.32193598e+00  4.70501594e+00  3.36217915e+00
  4.32788194e+00  4.65732723e+00  3.45197411e+00
  5.23470724e+00  4.40685010e+00  3.13052238e+00
  5.84841236e+00  3.70922148e+00  3.49610871e+00
  5.29576364e+00  2.99487376e+00  3.00939646e+00
  4.58334224e+00  2.45310490e+00  2.57248263e+00
  5.32625217e+00  2.81845403e+00  2.00807953e+00

molecule   54
  2.95820018e+00  1.90301564e+00  5.80520367e-01
  2.27378561e+00  2.08879434e+00  1.03074387e+01
  2.43815982e+00  2.11504516e+00  9.32291845e+00
  1.55670911e+00  2.03348199e+00  8.90367905e+00
  1.90595544e+00  2.80900356e+00  8.40330031e+00
  9.11851265e-01  2.90735726e+00  8.43252182e+00
  2.70743523e-01  3.22122188e+00  9.11160725e+00
  1.00139909e+01  2.70154408e+00  8.64001657e+00

molecule   55
  2.64651012e+00  6.64364367e+00  3.37993863e+00
  3.12434733e+00  7.46003090e+00  3.61061784e+00
  3.65570944e+00  8.15965886e+00  4.08634823e+00
  4.65588683e+00  8.35967682e+00  4.14173464e+00
  5.51007313e+00  8.32162603e+00  3.60404086e+00
  6.11025950e+00  7.87787725e+00  2.96869960e+00
  6.29934422e+00  8.83211790e+00  2.63320786e+00
  6.35213146e+00  9.26779547e+00  3.51508759e+00

molecule   56
  7.37351973e+00  1.02071918e+01  8.72512964e+00
  7.24709113e+00  9.98543070e+00  7.73594854e+00
  6.33707985e+00  9.59532680e+00  7.54575205e+00
  6.13353455e+00  9.92948379e+00  6.61200271e+00
  6.26089305e+00  2.63888531e-01  5.97269459e+00
  5.92929931e+00  4.06753941e-01  5.06214908e+00
  6.75230312e+00  9.33115940e-01  4.77768929e+00
  7.20440508e+00  9.79083108e-01  3.87404510e+00

molecule   57
  2.43031577e+00  6.84958855e+00  2.36404284e+00
  1.76987633e+00  6.23665005e+00  2.72298129e+00
  1.92753598e+00  6.06550663e+00  1.74246386e+00
  1.42553579e+00  6.95000173e+00  1.71179776e+00
  1.14082228e+00  7.16498557e+00  2.62342564e+00
  1.52367318e+00  8.03298566e+00  2.13138736e+00
  2.42419478e+00  8.01245554e+00  2.55867635e+00
  2.02861936e+00  8.84382179e+00  2.89985084e+00

molecule   58
  8.27986481e+00  1.02010915e+01  7.25032686e+00
  8.49957369e+00  9.41946409e+00  7.82503766e+00
  9.36013745e+00  9.16192242e+00  8.30940586e+00
  9.17491684e+00  9.45686407e+00  9.26344281e+00
  9.41381476e+00  1.04087332e+01  9.14319061e+00
  1.00409978e+01  6.46013276e-01  8.80552379e+00
  9.56454682e+00  1.15395412e+00  8.05841988e+00
  1.01692474e+01  2.00218450e+00  7.87999424e+00

molecule   59
  6.21260284e+00  5.53085104e+00  1.04087905e+01
  6.50497191e+00  4.96075234e+00  6.73256165e-01
  6.44625461e+00  4.61427018e+00  1.02071919e+01
  5.52339887e+00  4.72584187e+00  9.89223985e+00
  5.27906378e+00  3.75226927e+00  9.86921856e+00
  5.98177923e+00  4.00134739e+00  9.19398604e+00
  6.30562246e+00  3.41708320e+00  9.92518801e+00
  6.11211177e+00  2.58845305e+00  1.80217244e-02

molecule   60
  6.15196520e-01  5.66493658e+00  8.84010232e+00
  4.98229611e-02  5.66776238e+00  8.04093994e+00
  1.03682210e+01  6.32964363e+00  7.32118469e+00
  9.54212074e+00  5.77440709e+00  7.42011654e+00
  9.32500645e+00  5.95539191e+00  6.45820640e+00
  9.89410016e+00  5.77183151e+00  5.64189516e+00
  1.00242550e+01  4.80984322e+00  5.82321840e+00
  1.01887417e+01  5.34249387e+00  6.62294840e+00

molecule   61
  2.59937876e+00  3.79598809e+00  4.63895179e+00
  2.78115773e+00  4.25319261e+00  5.49801999e+00
  3.00909409e+00  3.31677968e+00  5.69885739e+00
  3.67703486e+00  3.97371723e+00  5.94558049e+00
  3.66581373e+00  4.93944042e+00  5.90609836e+00
  4.15585783e+00  5.73799940e+00  6.17338961e+00
  5.01249603e+00  6.23641292e+00  6.28526647e+00
  4.74548131e+00  6.61487696e+00  5.40919700e+00

molecule   62
  5.67476517e+00  6.18932748e+00  7.29828584e+00
  6.53167942e+00  6.69400472e+00  7.11986011e+00
  7.21616319e+00  6.00198238e+00  7.19471589e+00
  6.62211660e+00  5.83317169e+00  7.92998737e+00
  6.37251048e+00  6.51272400e+00  8.58790683e+00
  6.42758403e+00  7.42390057e+00  9.01887267e+00
  6.67758172e+00  7.95417908e+00  8.24458139e+00
  6.97995982e+00  7.70984679e+00  7.30921398e+00

molecule   63
  3.35542745e+00  7.39869416e+00  7.43063071e+00
  2.65890570e+00  6.89850063e+00  7.87673093e+00
  2.30414154e+00  6.33557045e+00  7.12479696e+00
  2.64709182e+00  5.44877697e+00  6.76791583e+00
  1.81037128e+00  4.92009129e+00  6.94373924e+00
  1.22314507e+00  5.57805295e+00  7.39358968e+00
  1.76380624e+00  4.96155441e+00  8.02460609e+00
  1.73915517e+00  5.92374970e+00  8.21276936e+00

molecule   64
  5.97454517e+00  4.14892804e+00  2.49229225e+00
  6.68227531e+00  4.83244498e+00  2.62009773e+00
  7.32040278e+00  4.12019486e+00  2.87475528e+00
  8.33318477e+00  4.25573956e+00  3.01717186e+00
  8.34199123e+00  5.13534736e+00  3.32423536e+00
  8.12604200e+00  6.10968239e+00  3.23472380e+00
  9.12587634e+00  5.99766852e+00  3.04163047e+00
  8.56682226e+00  6.22614679e+00  2.25030810e+00

molecule   65
  8.84784317e+00  4.54798587e+00  4.32880566e+00
  9.63763011e+00  4.97939392e+00  4.77075989e+00
  9.62868764e+00  5.65973410e+00  4.06060393e+00
  9.38141694e+00  5.06413730e+00  3.38812230e+00
  1.00675487e+01  5.04174655e+00  2.64547546e+00
  1.01113381e+01  4.19406705e+00  3.17980151e+00
  5.59464932e-01  4.59619245e+00  3.10448774e+00
  1.13641156e-01  5.09563486e+00  3.88262810e+00

molecule   66
  6.03510048e+00  7.39223457e+00  4.32925119e+00
  5.35372285e+00  6.65531810e+00  4.22349645e+00
  5.69882060e+00  6.16730439e+00  3.43502530e+00
  5.81138751e+00  5.24878205e+00  3.08822378e+00
  6.30947185e+00  5.81066071e+00  2.47975246e+00
  7.28247832e+00  5.95125617e+00  2.62880792e+00
  6.98348290e+00  5.65523894e+00  3.53168649e+00
  6.93712533e+00  4.72020500e+00  3.89840181e+00

molecule   67
  3.75391509e+00  9.49503823e+00  7.95244370e+00
  4.50087344e+00  8.91890551e+00  8.28610482e+00
  4.71818533e+00  8.21435334e+00  7.65144454e+00
  4.66406191e+00  9.11890218e+00  7.27125787e+00
  5.30680504e+00  9.86604904e+00  7.31603119e+00
  5.69554117e+00  1.00857269e+01  8.19626298e+00
  5.26944261e+00  3.66094096e-01  7.61341525e+00
  4.82280051e+00  1.06992115e+00  7.02865149e+00

molecule   68
  1.84487570e+00  6.28577732e+00  3.11767543e-01
  1.09977045e+00  5.58635556e+00  4.66025455e-01
  1.24052875e+00  4.63488601e+00  3.91007906e-01
  1.08036419e+00  3.82413826e+00  1.03192828e+01
  1.94191749e+00  3.77490192e+00  3.65501250e-01
  2.09387137e+00  4.33198695e+00  1.22382356e+00
  2.02371123e+00  4.87952008e+00  2.07116827e+00
  2.83199809e+00  4.33245638e+00  2.35605671e+00

molecule   69
  6.19790995e+00  6.62373314e+00  5.29162231e+00
  5.79333346e+00  5.73396075e+00  5.00592116e+00
  4.96196003e+00  5.28263195e+00  4.67393990e+00
  4.31669650e+00  4.62440656e+00  5.10823744e+00
  5.03075872e+00  3.97706436e+00  5.34152854e+00
  5.51825204e+00  4.14513671e+00  6.19825011e+00
  6.17516109e+00  3.53118454e+00  6.56292266e+00
  7.03524500e+00  3.62404411e+00  7.09453360e+00

molecule   70
  7.41537781e+00  4.28046206e-01  8.57266196e-01
  7.41927547e+00  1.02159979e+01  1.44576619e-01
  7.02792109e+00  9.68664850e+00  9.86153314e+00
  6.66231545e+00  9.12668156e+00  1.27306111e-01
  6.43502824e+00  9.79352483e+00  8.33422188e-01
  6.16333384e+00  3.03304150e-01  8.10236863e-01
  5.27246759e+00  2.15011979e-01  3.61146601e-01
  5.33458056e+00  9.79754805e+00  8.84860055e-01

molecule   71
  4.07961179e+00  1.02473539e+01  5.60486839e+00
  3.52599546e+00  9.97432866e+00  6.43314378e+00
  2.94617056e+00  9.22161019e+00  6.17369123e+00
  3.75465876e+00  8.82725959e+00  6.59395464e+00
  4.56148378e+00  8.99468426e+00  6.03111479e+00
  3.92153422e+00  8.85368673e+00  5.24509160e+00
  3.13580933e+00  9.07707769e+00  4.69212790e+00
  4.04041983e+00  9.24569958e+00  4.30333410e+00

molecule   72
  8.17035263e+00  6.32614270e+00  6.07454463e+00
  7.24795547e+00  6.59166335e+00  5.81025768e+00
  6.81746595e+00  5.81424434e+00  5.38487277e+00
  6.38296283e+00  6.17480684e+00  6.15997527e+00
  6.16344555e+00  5.25054786e+00  6.52437897e+00
  6.93011545e+00  4.94114398e+00  7.07159299e+00
  7.78197435e+00  4.94134382e+00  7.59417435e+00
  8.33803540e+00  5.49881176e+00  6.93286835e+00

molecule   73
  5.25258399e-01  9.95476745e+00  5.67272696e+00
  9.13198048e-01  1.01916624e+01  4.78234151e+00
  1.71797073e+00  3.09046066e-01  4.85102975e+00
  1.75413122e+00  7.99939662e-01  5.73665208e+00
  2.50064808e+00  7.97698146e-01  6.45971847e+00
  2.67131473e+00  1.38507582e+00  7.22656118e+00
  3.05035767e+00  1.08310235e+00  8.13823392e+00
  2.12774568e+00  1.46462157e+00  8.16345587e+00

molecule   74
  4.00774327e+00  7.49578036e+00  5.33445635e+00
  3.12467314e+00  7.94406691e+00  5.25080737e+00
  2.47277828e+00  7.54661000e+00  4.62862900e+00
  1.95337811e+00  6.84528095e+00  5.07533071e+00
  1.09446403e+00  6.63064705e+00  5.41547279e+00
  1.10767503e+00  6.86841032e+00  6.38901814e+00
  5.16076746e-01  6.09891912e+00  6.27872989e+00
  1.05536033e+00  5.28660666e+00  5.99157053e+00

molecule   75
  7.82199892e+00  3.88513023e+00  3.99705069e+00
  8.77814190e+00  3.54814337e+00  4.16470229e+00
  9.28960560e+00  2.70028839e+00  4.44331589e+00
  9.40166628e+00  2.50367172e+00  5.41030174e+00
  9.77955401e+00  2.04594035e+00  6.21032247e+00
  9.01374667e+00  1.48285974e+00  5.80982071e+00
  9.04528442e+00  4.86832855e-01  5.58587445e+00
  8.70061140e+00  5.06181027e-01  6.56882253e+00

molecule   76
  6.70797536e+00  9.39391386e+00  8.79595627e+00
  7.57656294e+00  8.95305452e+00  8.78357780e+00
  7.41549291e+00  8.86674424e+00  7.77829717e+00
  8.07237083e+00  8.11146318e+00  7.53995119e+00
  8.99353632e+00  8.50281193e+00  7.34946113e+00
  9.15269248e+00  7.56966722e+00  7.73161047e+00
  9.76192553e+00  7.24163682e+00  7.00420430e+00
  1.03432844e+01  7.76674755e+00  7.59374819e+00

molecule   77
  2.80941630e-01  8.97233056e+00  4.40570199e+00
  3.89888053e-01  8.01145459e+00  4.72259800e+00
  1.03207955e+01  7.67409926e+00  5.51117118e+00
  5.08509172e-01  7.70397691e+00  6.30300814e+00
  1.42832049e+00  8.10379896e+00  6.31749932e+00
  1.76394190e+00  7.56581700e+00  7.08194652e+00
  2.09614716e+00  7.24789442e+00  6.16355581e+00
  2.68427654e+00  7.98183083e+00  6.56137430e+00

molecule   78
  1.46097566e+00  8.24573239e+00  1.01597648e+01
  1.55463433e+00  7.63840016e+00  4.99443014e-01
  1.14115261e+00  7.11735195e+00  1.01868713e+01
  1.67706149e+00  6.47965127e+00  9.64605804e+00
  2.15439603e+00  6.90062517e+00  8.92142420e+00
  1.29613132e+00  7.09298238e+00  8.51487112e+00
  4.78403633e-01  6.88979966e+00  8.01214303e+00
  1.33694149e+00  6.73447279e+00  7.53928169e+00

molecule   79
  4.23546178e+00  3.17994539e+00  2.93547065e-01
  4.77777733e+00  2.73034191e+00  1.00369567e+01
  4.25742728e+00  3.45330891e+00  9.55051935e+00
  3.45289018e+00  3.64299625e+00  1.01127060e+01
  2.76907841e+00  3.15430599e+00  9.54787138e+00
  3.41005413e+00  3.64690873e+00  8.96820989e+00
  2.52742599e+00  3.94131820e+00  8.62830684e+00
  1.89928729e+00  4.18877065e+00  9.34179299e+00

molecule   80
  3.12952473e+00  2.96836544e+00  2.94809367e+00
  3.92736712e+00  3.40483996e+00  3.30474440e+00
  4.51384824e+00  3.61369514e+00  4.06777103e+00
  4.16488452e+00  3.44516407e+00  4.97007351e+00
  4.56531557e+00  2.56169604e+00  5.11023563e+00
  4.54223552e+00  1.61247645e+00  4.93927940e+00
  5.05509221e+00  1.00345763e+00  5.54115607e+00
  4.13592295e+00  7.72899015e-01  5.23030313e+00

molecule   81
  3.77484277e+00  6.79351992e-01  3.04532948e+00
  2.76592770e+00  5.38986455e-01  2.98040365e+00
  2.75668026e+00  1.08622581e+00  3.79839193e+00
  2.67120188e+00  1.69618579e+00  3.03121332e+00
  2.29435025e+00  2.48715706e+00  2.55912946e+00
  1.90553187e+00  2.46545818e+00  3.51078251e+00
  9.46417611e-01  2.64852516e+00  3.28292372e+00
  5.30692464e-01  3.52314697e+00  3.01599863e+00

molecule   82
  4.57423311e+00  7.61592349e+00  3.40315373e+00
  3.96564219e+00  7.13777821e+00  2.72223329e+00
  3.76014602e+00  8.12812048e+00  2.74663406e+00
  3.20335315e+00  8.88997131e+00  2.49358945e+00
  3.82373973e+00  8.94462268e+00  1.70471885e+00
  4.65281582e+00  8.48164697e+00  1.41966348e+00
  4.35320570e+00  7.56023147e+00  1.51433511e+00
  3.66130971e+00  6.89640940e+00  1.65387914e+00

molecule   83
  5.09543534e+00  5.78376936e+00  2.49649993e-01
  5.23879386e+00  6.36426000e+00  9.88720716e+00
  5.60765614e+00  5.59210972e+00  9.41936664e+00
  6.59189772e+00  5.61429153e+00  9.35734995e+00
  6.17694440e+00  5.11349790e+00  8.59414170e+00
  6.78822912e+00  4.61140566e+00  9.19713903e+00
  7.57833638e+00  4.74144901e+00  8.61304204e+00
  6.84912129e+00  4.44953754e+00  8.00990270e+00

molecule   84
  5.33177336e+00  9.08551687e+00  4.67091991e+00
  5.48812372e+00  9.44802128e+00  5.58415944e+00
  6.39171346e+00  9.08859009e+00  5.72736073e+00
  7.36660190e+00  9.03509277e+00  5.58258824e+00
  7.79621657e+00  9.50557838e+00  6.34600776e+00
  8.71478986e+00  9.32736232e+00  6.81532403e+00
  9.18323879e+00  9.14799689e+00  5.93034688e+00
  8.58791374e+00  9.92339958e+00  5.68946633e+00

molecule   85
  5.51778060e-01  4.47856675e+00  9.90600640e+00
  8.12205989e-01  4.57568012e+00  8.95094176e+00
  4.85983433e-02  4.31652304e+00  8.37700879e+00
  1.00118409e+01  4.84711564e+00  7.67723148e+00
  9.01854575e+00  4.74474572e+00  7.59671974e+00
  9.21146959e+00  4.77419800e+00  6.67618610e+00
  8.79416905e+00  4.82465724e+00  5.75586016e+00
  8.11587354e+00  4.28242479e+00  5.26309103e+00

molecule   86
  1.78210877e+00  9.23509711e+00  1.00079143e+01
  2.65451919e+00  9.63941267e+00  1.03331840e+01
  2.80079223e+00  1.27332006e-01  1.00199979e+01
  1.96812969e+00  4.00539340e-01  2.06255492e-02
  2.01384386e+00  6.17807450e-01  9.45995391e+00
  1.33501121e+00  1.12203197e+00  1.00567386e+01
  8.68410056e-01  2.01566557e+00  9.95530610e+00
  1.47207090e+00  2.74364276e+00  1.01883246e+01

molecule   87
  5.38642926e+00  1.88678452e+00  9.64810014e+00
  6.13693764e+00  2.44482256e+00  9.45759117e+00
  5.48614707e+00  3.03277070e+00  9.00340065e+00
  4.91977747e+00  2.24497368e+00  8.76615203e+00
  5.78435085e+00  2.11309612e+00  8.24240024e+00
  6.00818587e+00  1.26310802e+00  8.75238937e+00
  6.63135033e+00  1.40866913e+00  7.97382628e+00
  5.80283102e+00  1.46901863e+00  7.45387794e+00

molecule   88
  8.46419302e+00  5.85851793e+00  5.15784426e+00
  7.91957100e+00  5.78353891e+00  4.31279723e+00
  8.48052601e+00  6.60294697e+00  4.16309692e+00
  9.21166595e+00  7.24395268e+00  4.03879415e+00
  9.06870319e+00  7.90314553e+00  3.27208889e+00
  9.08568050e+00  7.13149384e+00  2.63800186e+00
  9.89208177e+00  6.63251704e+00  2.37332625e+00
  1.01618780e+01  6.88571484e+00  3.33848862e+00

molecule   89
  9.04077423e+00  8.98659339e+00  3.24030858e-01
  8.46380216e+00  9.27327950e+00  1.06829225e+00
  8.43870729e+00  1.02705496e+01  1.29363843e+00
  7.59478728e+00  9.74946489e+00  1.48586817e+00
  7.62128955e+00  1.74905479e-01  2.01792255e+00
  6.94040254e+00  3.61194032e-01  2.74319147e+00
  6.48928839e+00  2.31229102e-01  1.90584134e+00
  6.22542933e+00  1.14086617e+00  1.50619861e+00

molecule   90
  2.93108893e+00  3.16681800e+00  8.54929893e-01
  3.44877050e+00  3.45734269e+00  1.69382590e+00
  3.53070535e+00  2.53054738e+00  2.01453512e+00
  3.66515592e+00  1.74295451e+00  2.53390145e+00
  4.60761539e+00  1.40305707e+00  2.42171833e+00
  4.48915880e+00  7.26291280e-01  1.69474382e+00
  5.43534359e+00  5.39264820e-01  1.68869058e+00
  5.25287505e+00  1.26490782e+00  1.03229703e+00

molecule   91
  7.44036508e+00  7.94613787e+00  8.98686238e+00
  8.11746573e+00  7.20468784e+00  9.06297186e+00
  7.90137411e+00  6.80292654e+00  8.16300271e+00
  8.50594134e+00  6.66122592e+00  7.42423500e+00
  7.69273179e+00  6.96741763e+00  6.91252379e+00
  7.84593512e+00  7.83095007e+00  6.40812748e+00
  8.50750831e+00  7.94435266e+00  5.68235028e+00
  9.16534144e+00  8.10062689e+00  6.34694858e+00

molecule   92
  9.54837594e+00  1.60643184e+00  3.23908479e+00
  8.83958668e+00  2.07825534e+00  3.68909937e+00
  8.37928642e+00  1.39110263e+00  3.08608649e+00
  8.97707590e+00  1.50129063e+00  2.24977173e+00
  8.42007931e+00  8.24087914e-01  1.75662352e+00
  7.65495084e+00  1.43932409e+00  1.95806163e+00
  7.33791836e+00  1.34405436e+00  2.84414530e+00
  6.82244720e+00  1.97068701e+00  2.25280453e+00

molecule   93
  4.09519590e+00  7.68778431e+00  6.48083571e+00
  4.77288853e+00  8.01977539e+00  5.82877001e+00
  5.19203412e+00  7.54947555e+00  5.08657144e+00
  4.44294565e+00  7.34142500e+00  4.46774098e+00
  4.17737484e+00  6.63044112e+00  3.80083117e+00
  3.31186780e+00  6.50765499e+00  4.34738137e+00
  3.64470548e+00  5.66920696e+00  3.93830719e+00
  3.99438467e+00  5.79208198e+00  4.87843828e+00

molecule   94
  3.20339826e+00  9.00583271e+00  3.61454316e+00
  2.41854376e+00  8.55773183e+00  4.02591370e+00
  1.64385117e+00  9.16612323e+00  3.90693946e+00
  2.42820554e+00  9.70344669e+00  4.19033116e+00
  2.22468157e+00  1.00030619e+01  3.23658506e+00
  1.44717600e+00  1.02713133e+01  3.85049627e+00
  7.60992114e-01  1.03389733e+01  3.15596589e+00
  1.38162190e+00  1.00820283e+01  2.39867466e+00

molecule   95
  8.20746613e+00  1.01091851e+01  2.70384433e+00
  8.57365977e+00  1.01732644e+01  3.60326570e+00
  8.90985794e+00  4.02815128e-01  2.92911937e+00
  9.63611109e+00  3.85222939e-01  3.56055571e+00
  9.91407640e+00  9.93521274e+00  3.63998801e+00
  9.45567681e+00  9.27050645e+00  3.07397238e+00
  8.81503010e+00  9.30112806e+00  2.33726744e+00
  9.37027702e+00  8.41719607e+00  2.35971851e+00

molecule   96
  1.36317590e+00  9.91196319e+00  8.46531179e+00
  1.33941462e+00  1.01885483e+01  9.45262201e+00
  7.79496314e-01  2.93285136e-01  8.88712959e+00
  1.28277566e+00  4.35018992e-01  8.03035183e+00
  4.57159216e-01  9.27189894e-01  7.83146971e+00
  1.02120849e+01  8.88463915e-01  7.11283989e+00
  2.34536771e-01  1.04518132e+01  7.29285268e+00
  1.04069937e+01  1.04273234e+01  8.25971290e+00

molecule   97
  3.97962971e+00  4.48816805e+00  9.65109063e+00
  4.65839207e+00  5.05944765e+00  9.26910813e+00
  4.92693008e+00  5.86453991e+00  8.74186213e+00
  4.96727245e+00  5.08707998e+00  8.07731668e+00
  4.25691827e+00  4.41371474e+00  8.10424198e+00
  4.67512190e+00  3.54583271e+00  8.35677459e+00
  4.15602244e+00  2.80494262e+00  8.03251724e+00
  3.97104241e+00  2.64177591e+00  9.00769579e+00

molecule   98
  6.59580263e+00  3.98111724e+00  5.11237055e-01
  6.85767664e+00  3.45205243e+00  1.26508420e+00
  7.03782341e+00  4.40490085e+00  1.38542318e+00
  7.69719314e+00  4.88447583e+00  8.18011346e-01
  7.54913285e+00  4.58951321e+00  1.03224386e+01
  8.51151864e+00  4.70623534e+00  1.04249968e+01
  8.21713558e+00  3.79634043e+00  2.86168926e-01
  8.22927698e+00  3.60024841e+00  1.24953596e+00

molecule   99
  5.05464934e+00  1.03675696e+01  5.97111037e+00
  4.52416865e+00  9.95765611e+00  6.66867596e+00
  4.22959465e+00  1.04210989e+01  7.54965563e+00
  4.58022919e+00  8.92583874e-02  8.41453198e+00
  4.96379161e+00  1.01626615e+01  9.23564449e+00
  5.74341460e+00  1.00452886e+01  9.83246124e+00
  5.77797507e+00  4.37878538e-01  9.27931645e+00
  6.73982548e+00  5.85071366e-01  9.45516842e+00
