    McEnergyAverage{
      interval                            1000
      outputFileName                 energyAve
      nSamplePerBlock                       10
    }

Average     5.8163708e+02
Variance    5.8352369e+02
Std Dev     2.4156235e+01

Hierarchichal Error Analysis:
              0              1  7.6388341e-02         100001
              1              2  7.6441989e-02          50000
              2              4  7.6691504e-02          25000
              3              8  7.6686726e-02          12500
              4             16  7.6565650e-02           6250
              5             32  7.6980754e-02           3125
              6             64  7.6211436e-02           1562
              7            128  7.6447780e-02            781
              8            256  7.6529688e-02            390
              9            512  8.0062967e-02            195
             10           1024  8.0331557e-02             97
             11           2048  7.4127104e-02             48
             12           4096  8.2182428e-02             24
             13           8192  8.9649549e-02             12
             14          16384  7.2982917e-02              6
