    RadiusGyration{
      interval                            1000
      outputFileName            RadiusGyration
      nSamplePerBlock                       10
      speciesId                              0
    }

Average     3.5031711e+00
Variance    7.0943847e-03
Std Dev     8.4228170e-02

Hierarchichal Error Analysis:
              0              1  2.6635153e-04         100001
              1              2  3.3844070e-04          50000
              2              4  4.2839160e-04          25000
              3              8  5.2645827e-04          12500
              4             16  6.1862216e-04           6250
              5             32  6.8827912e-04           3125
              6             64  7.3989106e-04           1562
              7            128  7.6272596e-04            781
              8            256  7.7925152e-04            390
              9            512  7.9976558e-04            195
             10           1024  8.1496675e-04             97
             11           2048  7.9724770e-04             48
             12           4096  6.8885402e-04             24
             13           8192  7.7611273e-04             12
             14          16384  3.8070123e-04              6
