BOUNDARY

orthorhombic     1.04551590000000001e+01  1.04551590000000001e+01  1.04551590000000001e+01

MOLECULES

species    0
nMolecule  100

molecule   0
  8.73401394834543332e+00  5.60244116946253357e+00  4.00557790039724715e+00
  7.99975380364769961e+00  6.15164531368460477e+00  4.32663967363677848e+00
  8.60422889865331619e+00  5.86092523839517465e+00  5.08540821683583744e+00
  8.24232282126265936e+00  5.24127925401971595e+00  5.81682449358623899e+00
  9.06944627463513164e+00  5.67514978192976294e+00  5.74110035527000662e+00
  8.87182498332250091e+00  5.80173891223911209e+00  4.77411774333238359e+00
  8.00510027778600453e+00  5.43899056815918769e+00  4.39040408334776266e+00
  8.38287972958860372e+00  6.28046826973131900e+00  4.84085842231617569e+00

molecule   1
  1.29593459501935593e+00  3.86965669202354290e+00  9.39114810105525422e+00
  1.54273317394299148e+00  4.72430063299975789e+00  9.83724880454679074e+00
  1.96944161096104819e+00  4.15978431387964243e+00  9.08406795005056367e+00
  2.05150197249702737e+00  3.14785420548385009e+00  9.13429926004586790e+00
  2.04246345958267739e+00  2.94101581332336615e+00  8.17503350772808091e+00
  2.22997892717425517e+00  2.01435374484675611e+00  7.80297549005309765e+00
  2.10033515818683370e+00  1.07033605550317623e+00  8.17250034835984707e+00
  2.37360708081818261e+00  1.45880198573845488e-01  8.37344047482642750e+00

molecule   2
  9.91842162995292753e+00  4.34567564584204591e-01  1.02554442283044125e+01
  9.59326028084508664e+00  1.37410076513603641e+00  1.02058110404876121e+01
  1.02312616533581675e+01  5.88237678782765006e-01  1.00713029672237369e+01
  1.00436813109849012e+01  1.25860044113261238e+00  2.94877784123245446e-01
  9.15551239660086402e+00  8.72922074196420983e-01  1.04543456550932632e+01
  9.08925130088721289e+00  1.04307583776191493e+01  3.69650399197159196e-01
  9.46623872265806021e+00  9.49422833274557121e+00  4.60041744851695633e-01
  1.02282912957691270e+01  8.92477924689977975e+00  7.45457150356741982e-01

molecule   3
  2.59516630254052583e+00  5.24497264940497132e+00  6.37713319999070727e+00
  3.16409407814031196e+00  4.95298852135437695e+00  5.68401291344209181e+00
  3.43782405814447634e+00  4.03644341939460283e+00  5.34070792081055767e+00
  3.54469801519329719e+00  3.09402542508655465e+00  5.73581380159130116e+00
  3.89480354090532632e+00  2.51730307872175940e+00  6.49789948619468571e+00
  3.17362346196434508e+00  3.16652886300023084e+00  6.79224646247879082e+00
  3.38036448478486751e+00  3.56417757543159919e+00  5.90018613921869584e+00
  3.79539736667449867e+00  2.74578484706858061e+00  5.66397990158714304e+00

molecule   4
  9.52135934950855756e+00  4.67030474226901049e+00  7.39323763426286718e+00
  9.84332887216733887e+00  4.63485702718785042e+00  6.41287743936365739e+00
  9.38549993493255919e+00  3.73140966161658794e+00  6.33178520897593344e+00
  1.00192567959485324e+01  3.95004611265870587e+00  7.08159179556483132e+00
  9.17555803861043096e+00  4.42807636615450662e+00  7.38644744362209238e+00
  8.99442412868113550e+00  3.61711333656292178e+00  6.80847862342428201e+00
  9.79113135876166929e+00  3.73960830748361861e+00  7.41746005078277548e+00
  1.50412667410891349e-01  3.48632000985148149e+00  6.84360292590362196e+00

molecule   5
  6.69098285912783464e+00  6.14450424314621713e-01  9.71422092931292802e+00
  7.53806593106632672e+00  6.34921067519749416e-01  1.01591801649865019e+01
  6.67400324823728930e+00  1.08382664513678617e+00  1.02836566821207107e+01
  7.51061921010258526e+00  8.06449105157419521e-01  9.77235269538875428e+00
  6.68706149078112055e+00  1.06904449182913930e+00  9.20225982390560304e+00
  5.74753456145444730e+00  1.21580592160144207e+00  8.84857817245406153e+00
  4.84151690110078370e+00  9.25889976279462457e-01  9.15761450759993956e+00
  5.72318333145983527e+00  4.41335970259729704e-01  9.15971642961896393e+00

molecule   6
  4.30566654350424116e+00  1.94023847431287821e+00  9.25625019527944737e+00
  3.37612041175002009e+00  2.13117286803549577e+00  9.59642984553045153e+00
  2.56008173448328602e+00  2.52491632323335224e+00  1.00388820009320199e+01
  1.73655844165534057e+00  2.14709850717271511e+00  1.04458334266573551e+01
  8.91404483748605259e-01  2.65662164769983411e+00  1.02825483075083408e+01
  7.21641720442060097e-01  2.50933301555156918e+00  7.82195831239802186e-01
  8.73797919722009819e-01  2.25450284550785707e+00  1.71356514272540017e+00
  1.78463914697270720e+00  2.44920609954563773e+00  1.97479694976190512e+00

molecule   7
  5.38817422493778420e+00  7.26807382967764237e+00  5.33688823633281650e+00
  4.98355201584079310e+00  6.46694513293517481e+00  5.00989998389184610e+00
  4.80186582454690036e+00  7.31735170918454525e+00  5.43300060593248091e+00
  5.33883162115981325e+00  6.53962952331995062e+00  5.12385926090064814e+00
  4.81881540963045651e+00  5.80812453237158710e+00  5.53375832930568823e+00
  4.96117746365225365e+00  5.03698522572089313e+00  6.18130928556016901e+00
  5.81972177370232302e+00  4.50704137074127242e+00  6.21531581365934738e+00
  5.86760091408223428e+00  3.58152958970297908e+00  5.82426846052417524e+00

molecule   8
  8.49657104837074328e+00  5.13207609074772009e+00  6.31897789834252421e+00
  8.53566279394402017e+00  5.55425508779429045e+00  7.26995746855142144e+00
  8.34478192779461736e+00  6.01734910487013774e+00  6.41191990584483662e+00
  7.99633828056347706e+00  6.78668717708503522e+00  6.96963003833785955e+00
  8.88339417339097004e+00  6.58896506324769948e+00  6.62371735302569409e+00
  8.75277455989553843e+00  7.00154795653260198e+00  7.50412945939907505e+00
  9.46677320279448509e+00  7.46228522848887810e+00  7.00281865432904738e+00
  1.02653334762179913e+01  6.86776820304706437e+00  7.10353727512445943e+00

molecule   9
  7.36229439571589417e+00  8.68083723386521022e+00  7.45602988363797969e+00
  7.17252856249731252e+00  9.42832260506248865e+00  6.83924254183340263e+00
  6.74095804937497256e+00  8.88913041661214720e+00  7.57349279668009157e+00
  6.34708254916015946e+00  9.27449925571602662e+00  6.70383673597463847e+00
  7.02200603955543734e+00  8.63487564762014870e+00  6.99328094016887380e+00
  6.37618752531877586e+00  9.14516128607812284e+00  7.50046063562836185e+00
  6.45784454130044150e+00  9.55920041182198688e+00  8.42318129250557845e+00
  5.64466471992331620e+00  9.34505140300240633e+00  7.89090454071411873e+00

molecule   10
  5.35388075886748815e+00  1.26523148384489692e-01  2.73829721432549000e+00
  5.09505201891671167e+00  1.00412353323214436e+01  1.86834324321309153e+00
  4.34710343584603276e+00  1.56967800397566054e-01  2.29345756040472892e+00
  5.11942220801052628e+00  6.23102846514338865e-02  2.88742836965734329e+00
  5.79404897038406386e+00  1.00707697714380711e+01  3.53449946978447960e+00
  6.14281863684648055e+00  9.57146365632089235e+00  4.36751753950051214e+00
  5.68532248176618982e+00  9.64203512711274158e+00  5.27810888433149472e+00
  6.05368596852224883e+00  9.09594325309951479e+00  4.54864089709555675e+00

molecule   11
  6.82735983891711751e+00  9.63760039262193935e+00  6.91116755406777994e+00
  7.52266383612654099e+00  9.08304753031496404e+00  7.33396570024455841e+00
  6.95831082268383039e+00  9.67166222419451138e+00  6.76700205141571764e+00
  7.76835472262707150e+00  9.09589916941737187e+00  6.80781082591340247e+00
  7.22629498377657420e+00  8.47880033829721924e+00  6.29513557934469681e+00
  7.62287433967719696e+00  9.36663069077942367e+00  6.03423242430919959e+00
  6.83758157735611061e+00  9.40683891036060871e+00  6.62776503330319322e+00
  6.88705278040414015e+00  8.46051461265482452e+00  6.93495308586380865e+00

molecule   12
  9.70229155688463685e+00  8.24482447990522083e+00  1.00808437279810530e+01
  8.68586537118937763e+00  8.20278085435995941e+00  1.00734585828345722e+01
  8.28411675806237469e+00  7.28942167188111778e+00  9.95771810238229094e+00
  7.37780236428725544e+00  7.25844855730320226e+00  9.45177274234715625e+00
  8.24206804612812682e+00  6.79543986145026757e+00  9.63207801160110932e+00
  8.78511213831728455e+00  7.06383036681451060e+00  1.04075240091772390e+01
  9.66829993822502409e+00  7.44103658825524317e+00  1.03257682079776085e+01
  9.79105847635941551e+00  6.72981357561728188e+00  6.21376169630039832e-01

molecule   13
  2.63364773778093486e+00  6.58327863607152786e+00  1.80290401920739396e+00
  2.70224187932139870e+00  6.93938739079786249e+00  2.74116452595083882e+00
  3.08654346838669369e+00  6.65177009583733714e+00  3.57116088667417575e+00
  3.06909423862319608e+00  6.54908487410567552e+00  2.56999385792143142e+00
  2.24769027426979529e+00  6.01719724517211230e+00  2.36192924117803571e+00
  2.74645101287521598e+00  5.72004238017155853e+00  3.14300482455205366e+00
  2.47417116853940255e+00  6.16135340212900129e+00  3.96431500870122200e+00
  2.52709615181010294e+00  7.00092371249181955e+00  4.48949425470051278e+00

molecule   14
  4.70016231729449174e+00  5.48869079614315591e+00  6.27534265065802277e+00
  4.25848471833208109e+00  4.65757395020294673e+00  5.96466747587054424e+00
  5.09697376580902084e+00  4.69806737538976105e+00  5.42138998966427277e+00
  4.33139161047038623e+00  4.99639847486357080e+00  5.95611029717471219e+00
  4.87043918062370729e+00  4.45975410882872314e+00  6.58036439504917681e+00
  4.16915711622378993e+00  3.85578981035325796e+00  6.13935959010988963e+00
  5.14847310249925183e+00  3.65347523856603340e+00  6.07009864643111552e+00
  4.38163048834694369e+00  2.96539003298544701e+00  6.22277960183616852e+00

molecule   15
  2.64690096744316294e+00  1.01235910844096342e+01  3.30084325257341593e+00
  3.40425457550788790e+00  9.59639373721606859e+00  3.59631821442901956e+00
  4.32645913866812304e+00  9.59160709067291428e+00  4.02919235920554808e+00
  3.79779438170222106e+00  8.72326896155015064e+00  3.96296764122197276e+00
  3.31444839982878792e+00  9.58086932011118897e+00  3.77568398364572255e+00
  2.88314721919872641e+00  8.72155472838312384e+00  3.59737926617020420e+00
  3.63687497442890040e+00  9.07281396656950001e+00  3.03911654787822494e+00
  3.67277392709406048e+00  8.52230043711019114e+00  3.87472354240380046e+00

molecule   16
  1.74328685935749433e-01  3.14573129887217751e-01  5.99723556867994834e+00
  1.14460749504470138e+00  4.53746250017832767e-02  6.00329492925170705e+00
  6.67432655659280782e-01  9.81302936092451716e+00  6.51009986517396655e+00
  2.44485805340249496e-01  8.88908676660642172e+00  6.33961351470689216e+00
  9.66753998581374852e+00  8.80055518543187176e+00  6.36148147423864518e+00
  9.61547097456756816e+00  7.80481076938411711e+00  6.34170005414864679e+00
  1.02414836172002861e+01  8.45006243858035866e+00  6.68569385762796031e+00
  3.82024664150100890e-01  8.73173366464480516e+00  5.96139222758509923e+00

molecule   17
  7.27300420434959527e+00  6.09932521684497164e+00  7.22036359142049822e+00
  6.46681404840936747e+00  5.88280488921159872e+00  7.70801096332768587e+00
  6.00312869616292311e+00  5.05853345918667685e+00  8.04392053628296644e+00
  6.60941431347437724e+00  4.27694573886660034e+00  8.22751843084816770e+00
  5.88611662561437843e+00  3.86653744061970128e+00  8.73279885540170220e+00
  5.21091643200534360e+00  3.38067050042227901e+00  9.27066245942593170e+00
  5.93722357413411395e+00  2.66547650235902500e+00  9.14336418923348937e+00
  5.52335327360323802e+00  2.02391356244349518e+00  9.77780036389522422e+00

molecule   18
  3.82221081218290726e+00  2.97682236988566151e+00  9.37192514988655390e+00
  3.64694050081878851e+00  2.26287139105827562e+00  1.00730593913177664e+01
  2.86987936496498275e+00  1.86462074037991798e+00  9.02091212380122659e-02
  2.30128583723083757e+00  2.61900388114403526e+00  3.89908652155318225e-01
  3.09807429682301949e+00  2.78945388074462786e+00  1.01179502180257774e+00
  3.86762248597284053e+00  2.34692217517272761e+00  1.46698634684638041e+00
  4.65646140349779980e+00  2.78440799938814898e+00  1.90287088038214036e+00
  5.01997895573383968e+00  2.34008415449353668e+00  1.01077398510563676e+00

molecule   19
  4.18219677063624040e+00  1.85304127569006183e+00  8.54121961199342916e-01
  5.07210959856849986e+00  2.34210748665328072e+00  9.80721362169503563e-01
  5.28356558399741072e+00  3.31179674044610284e+00  1.17959049949257411e+00
  4.82938540620676182e+00  2.45350447214283340e+00  1.31130773852191140e+00
  4.45784137029927674e+00  2.11252803204846229e+00  4.28222159359367749e-01
  3.54492310302451674e+00  2.20316927742654078e+00  7.97826861500279261e-01
  3.24874353296916984e+00  2.59956889822672021e+00  1.66298160974993703e+00
  2.80856535966016319e+00  2.36368372729577692e+00  8.05832546501813463e-01

molecule   20
  2.79082626431452485e-01  3.86489001451245251e+00  3.49306041124659306e+00
  1.92359320991574351e-01  3.81064243556090965e+00  4.48042657580484693e+00
  1.13617443735201062e+00  3.45077207891615245e+00  4.26025986755221631e+00
  1.89476004740269799e+00  3.34968753242855222e+00  3.55078110521781420e+00
  1.78444482263856186e+00  2.47154351544366557e+00  3.09402252567064373e+00
  2.52136192497695122e+00  3.15870651394140944e+00  3.01065269559194792e+00
  2.32551067942846945e+00  3.76407712974988673e+00  3.78134565802125300e+00
  2.77808613444205221e+00  4.04599188002465748e+00  2.94246342317934984e+00

molecule   21
  4.26780165763041119e-01  7.63108140193784035e-01  9.22548734105359536e+00
  5.57687138892116074e-01  1.59122736124601372e+00  9.73041070161309207e+00
  1.11748325246372371e+00  1.20829968767508955e+00  8.97497185035293654e+00
  9.16813813135176514e-01  5.01599986277620924e-01  8.24515021023804096e+00
  1.79555850941908091e+00  8.77923137211177318e-01  8.59032511031051094e+00
  1.98744558134545390e+00  1.09662933187832001e+00  7.60044126681811605e+00
  2.13786956141973716e+00  1.22299488283762048e+00  8.53037451674529024e+00
  2.77755034497875419e+00  8.26956901860664395e-01  7.87805051572375348e+00

molecule   22
  2.30114264182933370e+00  7.32921486759068053e+00  1.02419641792969269e+01
  1.87222146464044004e+00  8.08835680696665626e+00  2.09074195235780191e-01
  1.53565554772672841e+00  7.98828805714866874e+00  9.73424787692698779e+00
  6.81737463243779374e-01  8.47410049588746439e+00  1.00706265790616794e+01
  6.29767419397246897e-01  7.95466098519140541e+00  9.21822597465308036e+00
  1.03097921627162723e+01  7.36371675719231078e+00  8.86447538460884488e+00
  1.02150681460956854e+01  7.48616848055273199e+00  9.83062676039326178e+00
  1.00493862761536352e+01  7.87961012347264411e+00  8.92670781501866450e+00

molecule   23
  1.50696654311573264e+00  2.11256095461723215e+00  5.10641850303049694e+00
  1.55489578544788642e+00  2.90227957579108642e+00  5.72683217851285953e+00
  1.96218186786955928e+00  3.78350597490912977e+00  5.86144273168795937e+00
  1.48336573433362240e+00  3.50224406228820495e+00  5.00688187516689620e+00
  1.02514435932262038e+00  3.05642961483878173e+00  5.80853885138029113e+00
  6.18516693592471412e-01  3.56099394552436133e+00  6.58895690596987471e+00
  1.01189222998047246e+01  3.26885648643366888e+00  6.59670552454578285e+00
  9.97299035494763331e+00  3.84010094964808024e+00  5.81539883575434668e+00

molecule   24
  7.53257098288860938e+00  1.23989451206181189e+00  2.10699769493032507e+00
  7.76734216204352101e+00  1.90256918764817584e+00  2.82077450200476187e+00
  7.58326613590791432e+00  9.15661132311996195e-01  2.81119715548669147e+00
  8.28699852517129720e+00  5.87219660329359350e-01  3.38169084108553575e+00
  8.24693893659586408e+00  1.00412294878314761e+01  3.40743002196444023e+00
  8.62289846321881726e+00  9.44052716766348965e+00  4.09395773373505278e+00
  8.33628658861040783e+00  8.82812854504270561e+00  4.82928673692556210e+00
  7.91112961057681563e+00  9.36464457855198162e+00  4.10855168680657989e+00

molecule   25
  2.14848846100274882e+00  7.45421711518431884e+00  8.23000228922209809e-01
  1.50444032291311958e+00  8.05132477331438245e+00  1.35023541795247026e+00
  5.56231178121778913e-01  8.06861155936242369e+00  1.08156306906614463e+00
  1.48958129426656893e+00  8.47645723620681046e+00  1.12994323273761599e+00
  2.17318818935797475e+00  7.95916085987323552e+00  1.63911264654983291e+00
  2.22652373908291557e+00  8.08965248444422436e+00  2.63127654419106793e+00
  1.47042518851931092e+00  8.71654133988835689e+00  2.39910211818409369e+00
  4.99911879768577372e-01  8.93111434587042474e+00  2.38209060089276159e+00

molecule   26
  1.01398717763069488e+01  9.71726168207958452e+00  4.93588254157052098e-01
  9.31307871322310987e+00  1.00537706230243309e+01  8.91259223565314174e-01
  8.52646100461710610e+00  1.20546744326462729e-01  1.37380492906560869e+00
  9.37915870968879339e+00  1.02375233545675055e+01  1.67231640652208569e+00
  9.73479733328997732e+00  3.62495018666783908e-01  9.86491578451024309e-01
  9.60357390822082735e+00  5.47342052979152172e-01  1.04526788282442702e+01
  9.86704781861295821e+00  8.65761913888364654e-01  9.56049094415110545e+00
  9.68575661722221781e+00  5.44258713288300222e-01  8.67129712638436700e+00

molecule   27
  5.84780569175793907e+00  7.83654128475923706e+00  7.99000549800656223e+00
  4.99891243389238049e+00  7.62907940943637186e+00  7.48363175004805292e+00
  4.13692344246576660e+00  7.96704097376327969e+00  7.85656471178360061e+00
  4.75134766702157574e+00  8.69606563176894554e+00  7.62118180342682106e+00
  4.85056846571479738e+00  8.64976905940629770e+00  6.62377990741396605e+00
  4.41362724626369118e+00  9.00620052412750205e+00  5.84097534961373110e+00
  3.59131519844297209e+00  8.72394341325989231e+00  5.41984633153978201e+00
  3.70038641655497402e+00  9.68618608997331343e+00  5.19650489861475684e+00

molecule   28
  4.70296008149131328e+00  2.90021547616312270e-01  9.35551858502188161e+00
  4.73128124607281197e+00  1.00365239022825499e+01  1.00989338923275032e+01
  4.34928948980732333e+00  9.77496616368819815e+00  5.42651066557035100e-01
  4.08248066540230337e+00  2.95125202376520179e-01  3.34538362014826229e-01
  3.87071515957695400e+00  1.16703021078375935e+00  7.44319524195751647e-01
  3.17586362127027710e+00  7.08126428623959248e-01  2.51716380026184516e-01
  2.84906344366692243e+00  1.02671654866438118e+01  6.16564464184192529e-01
  3.32160768090963687e+00  6.57928636748259521e-02  1.47345030576284652e+00

molecule   29
  6.89950266205986873e-01  9.44503674930419201e+00  9.46587168896396669e+00
  4.26734236349863960e-01  8.58887081829800003e+00  9.94306083213883873e+00
  7.10170373998222693e-01  8.46798652136907393e+00  8.97010074736890317e+00
  1.04328451934729421e-01  8.09394828656881771e+00  9.68189938960571084e+00
  9.99382787237688475e-01  8.08500600650033618e+00  1.00805646953580847e+01
  1.55598382901661281e+00  8.08453980103722358e+00  4.83500105071078712e-01
  2.02202893588616917e+00  7.19265489662623114e+00  6.68320535043551378e-01
  1.18624402070438695e+00  7.55068551124203857e+00  1.01019196123345312e+00

molecule   30
  8.85209501312542990e+00  3.25883522175662091e-02  1.95743060958334536e+00
  8.91843899346887525e+00  1.04897594638672009e+00  2.07187556216486168e+00
  9.39303690542610603e+00  7.59376640295694405e-01  2.89156680698837931e+00
  9.57863670417812685e+00  1.52379992972846878e-01  3.74929053473369800e+00
  1.03438961265190006e+01  7.55359139752846853e-01  3.49140277456888626e+00
  2.80935705419821713e-01  1.62914727673050819e+00  3.84327878663768319e+00
  1.01892888536726964e+01  1.11109887764480364e+00  4.53595639632523806e+00
  1.01146436262859929e+01  1.81910970864281141e+00  3.79491835917388354e+00

molecule   31
  2.71858185796107099e+00  2.91066586514597381e+00  8.12138223376899759e+00
  3.49423439598347185e+00  2.26958861318571392e+00  7.97736916762642956e+00
  3.15362980201843923e+00  2.39482998581837903e+00  8.89801359519728763e+00
  3.70669724789133515e+00  1.58237762426410478e+00  8.87495889041554697e+00
  2.94426997429726223e+00  2.14963028559002645e+00  9.24756680705000988e+00
  3.52331662548227875e+00  2.86279468330083064e+00  8.81978906488206960e+00
  2.56233596046557333e+00  2.81514005683119661e+00  8.51605451190420304e+00
  1.70406449528083370e+00  2.68801508553473978e+00  8.05395530122442871e+00

molecule   32
  2.52462562446547212e+00  8.34980101992221613e-01  5.40362195463975770e+00
  2.13634850582404257e+00  1.71068925269567584e+00  5.60795364837196164e+00
  2.22504652786018964e+00  2.66240273749207246e+00  5.37171208826166158e+00
  2.50671874889041968e+00  2.71902683427190395e+00  4.42339735547376378e+00
  3.29912667363912560e+00  2.43849206609201019e+00  4.92002992913602188e+00
  4.32238556659206274e+00  2.40499006414675742e+00  4.88869913349779051e+00
  3.91249688218263314e+00  3.25918055542969043e+00  4.52631501028016547e+00
  3.52130895511217057e+00  3.10385049249201339e+00  5.42978591611122230e+00

molecule   33
  9.37621544651780769e-02  8.50428191792073207e+00  2.37944099744565074e+00
  1.03662515408153766e+01  7.66570694571792099e+00  2.78522304199237380e+00
  4.34560842506990452e-01  6.97083305287545141e+00  2.38560020313439480e+00
  1.04295463048156467e+01  7.59336340016453892e+00  1.68509722078394009e+00
  9.87560300893652077e+00  7.16338226567733738e+00  9.86018391017809082e-01
  1.02922203369943457e+01  6.29043144007463617e+00  1.21792870277819554e+00
  2.53471399569754063e-01  6.89791651141519413e+00  1.85249337942316550e+00
  1.86982828583639821e-01  7.73833960944631727e+00  1.26379336989611879e+00

molecule   34
  4.75501632788330020e-01  9.21621409511721801e+00  1.00216818249205382e+01
  7.53463991691139201e-01  1.01595424835698189e+01  9.83349583522539028e+00
  1.75923591428433990e+00  1.03726833551782214e+01  9.75594149854784831e+00
  8.06095847794208620e-01  1.00447334996349422e+01  9.82205155644759031e+00
  8.46383607225995815e-01  6.78082838481582767e-02  8.96688890180755216e+00
  1.71319962593399899e+00  1.03313093751484022e+01  8.44666962127239529e+00
  1.14045276536240281e+00  9.54595823251133346e+00  8.60189562261244589e+00
  3.69654760723481191e-01  1.01598912035721369e+01  8.90479133588363503e+00

molecule   35
  9.88800274756398423e+00  1.19593266233662110e+00  1.17948802722227497e+00
  1.20890929437054956e-01  7.25326219702075226e-01  1.76364083166439545e+00
  9.98983557187130522e+00  9.82182663367142772e-01  9.91402407008771802e-01
  3.75543176567714576e-01  1.01170382419727445e+00  1.49379089514202290e+00
  1.36807233724779631e+00  8.58933205734187077e-01  1.65059503277236530e+00
  2.03449569362503402e+00  5.27585922158370080e-01  9.62403872924891934e-01
  2.03765755450860242e+00  1.03010736399200482e+01  2.24283670239662003e-01
  1.66361597440204623e+00  9.94639722573400675e+00  1.06791773768260856e+00

molecule   36
  9.95983921269278838e+00  4.67702511646132368e+00  1.88385469373036851e-01
  9.24538802531159654e+00  4.16085163946071379e+00  1.02088397961848720e+01
  9.02942704592250678e+00  3.32689137269346080e+00  2.13997930804306319e-01
  9.11348831274809079e+00  2.86400552961469312e+00  9.79285862338708490e+00
  8.87088985417150866e+00  2.52712081859095372e+00  2.42747776835479018e-01
  8.97454209301630002e+00  2.86761039611692992e+00  9.79088551195375167e+00
  9.79409310541191935e+00  2.56852439974021873e+00  1.03259695530959643e+01
  8.97694958948801691e+00  2.03522426974447823e+00  1.13161788645214784e-02

molecule   37
  1.32126185727996170e+00  7.60215995999214300e+00  4.82979892472830663e+00
  7.10840981427217855e-01  8.33070070798890328e+00  4.60103533136598308e+00
  1.03881157777624389e+00  7.65215699403284599e+00  3.91848682555755623e+00
  1.35797924960653038e+00  6.70218504242626079e+00  4.04365082554464550e+00
  1.03687223417813601e+00  7.61442778833549561e+00  4.16353261322093626e+00
  1.43401217140332743e-01  7.59281580795495525e+00  4.58986467457496961e+00
  1.03240052152015078e+01  6.96565791308528492e+00  3.86294492723409322e+00
  9.89910698963778835e+00  7.85894072231646845e+00  3.62603302007494888e+00

molecule   38
  9.04555146941027033e+00  4.81469402736416807e+00  7.90582063402628821e-01
  8.14787449107754114e+00  5.22688500114908727e+00  8.81541110927129834e-01
  7.45395608999862880e+00  4.48499711389405764e+00  9.64475695631234364e-01
  6.61239145751201196e+00  4.83214552758814619e+00  1.27787101701152306e+00
  5.90432320185699933e+00  5.09889316053831010e+00  6.26715327528265864e-01
  6.23759566794338838e+00  5.01859610603557726e+00  1.01349678823104004e+01
  6.02210323522124469e+00  4.85021465833034693e+00  6.17137128512854405e-01
  5.25447027412632295e+00  5.52448544280642206e+00  6.74000440210819063e-01

molecule   39
  8.31933191295096286e+00  1.64502952847907369e+00  6.62289487767621843e+00
  8.60251448656958040e+00  9.71102933504063404e-01  7.34040500551132524e+00
  9.53136923521215174e+00  9.93388692849388910e-01  7.05308602349821889e+00
  1.02164339393314130e+01  1.37916463428199410e+00  7.71312343457970773e+00
  7.41258366932325830e-01  1.12512522785753100e+00  7.84720328202076001e+00
  1.12487433263269332e+00  2.65095390283987598e-01  7.68176599599392063e+00
  9.54602227277762672e-01  9.94994894948045427e+00  8.29663066109152325e+00
  1.19689641081774978e+00  9.41859193941904849e+00  7.43754998747998286e+00

molecule   40
  5.12516791825482976e+00  9.70874271722457038e+00  7.88774536466873855e+00
  4.81461629213878073e+00  9.90410799288172328e+00  8.88614998020311653e+00
  3.90955396078704664e+00  1.02812737275280384e+01  8.89265148021336671e+00
  3.37520391920426954e+00  1.03696855732938769e+01  8.09455838878408862e+00
  4.11863277164974839e+00  9.66536206819299792e+00  8.01113153035120185e+00
  4.70715580504162556e+00  9.80469581723804673e+00  8.81152306696295717e+00
  4.55957492686312538e+00  2.96079927638711493e-01  8.48097165438715095e+00
  3.60837876859618234e+00  4.71955034405136198e-01  8.21198114515295430e+00

molecule   41
  5.01827226197496845e+00  1.27419070313012894e+00  7.55287571501896693e+00
  4.28745076269356939e+00  1.26411438987948177e+00  8.23273539592588754e+00
  4.45397092992257004e+00  6.90290949661977238e-01  9.00641207293301171e+00
  3.88973063390271223e+00  2.45585018986330450e-01  9.70408507238529161e+00
  4.80064990667955982e+00  1.03743334961535059e+01  9.90876590547999214e+00
  4.98212210267802647e+00  6.08258262989821219e-01  9.19299177035538051e+00
  5.82706225916084719e+00  3.18183108279244065e-01  9.69819286217315657e+00
  4.98937557349184857e+00  7.51829133451463516e-01  1.00314708614497334e+01

molecule   42
  9.87194971141745370e+00  6.54274861751546410e+00  1.68895738133815199e+00
  1.01178747272164244e+01  5.60850591158362732e+00  2.04460981627286831e+00
  3.35711760823668826e-01  5.49101590437620590e+00  1.28914273058059492e+00
  1.21253477151884045e-01  6.21473911256009526e+00  1.91382790485910337e+00
  2.26976033320371001e-01  6.04944369870450771e+00  2.95015438800903551e+00
  3.83060293117669232e-02  5.11503399894608268e+00  2.60826152781499765e+00
  6.25267758842316779e-01  4.44306354565820616e+00  3.05249365037806930e+00
  1.00801899422431127e+01  4.46311357981430223e+00  2.82334066349440693e+00

molecule   43
  9.39371510840822666e+00  3.96847280332572572e+00  3.07684811683107640e+00
  9.61237447214762852e+00  3.49538284505619057e+00  3.91746611829759006e+00
  1.46356188302733392e-01  3.49519382635738562e+00  4.18807781581708483e+00
  1.03838523183532150e+01  4.27715653984947508e+00  3.61849524517499743e+00
  9.57970613989547992e+00  3.77070984643786788e+00  3.96970547143953434e+00
  9.41633509031135141e+00  3.11402189518759620e+00  3.21487066608262140e+00
  9.33121872119999907e+00  3.68956031559956177e+00  3.95666322114852109e+00
  9.94803008689363466e+00  4.44193225690182825e+00  3.65180646325715985e+00

molecule   44
  8.48284240467705075e+00  3.87688368903905722e+00  6.85619993253728222e+00
  8.59838432499527450e+00  4.18056725546512453e+00  7.80217289747159803e+00
  9.05916417780080252e+00  3.70640096913544870e+00  8.56065854975175533e+00
  9.67108238599435310e+00  4.22792306636328341e+00  9.13965966467337765e+00
  9.25057477112276594e+00  5.14917607182967529e+00  8.94167301772280254e+00
  9.85860661023009932e+00  4.35424513092750409e+00  8.97196506734062105e+00
  1.00965373734540762e+01  4.71859586501956496e+00  8.06981430639001296e+00
  9.31106452529994399e+00  5.07890099781459270e+00  7.58017450047331565e+00

molecule   45
  1.82953275208969424e+00  1.03460834180181322e+01  6.42006791997907378e+00
  9.30833513592646544e-01  1.07240868147583518e-01  6.06872684077567470e+00
  1.83560503369220696e+00  2.52537412118433446e-01  6.48806165336715690e+00
  1.76566848265735366e+00  1.01840342459227617e+01  7.32902060484779305e+00
  1.73416479352550468e+00  5.12691182088742425e-01  7.90500754403671380e+00
  1.17856599610678492e+00  3.65094933595990434e-01  7.07268176119877534e+00
  1.39404918407115375e+00  1.04274179188074978e+01  7.97290474832912910e+00
  1.87070672611521549e+00  5.10487290102295765e-01  7.27008706890087630e+00

molecule   46
  4.97651235455947205e+00  1.67448225205776113e+00  6.59559389242937755e+00
  5.83647453658995463e+00  2.14437974103909301e+00  6.79635434142804584e+00
  6.69026739561909611e+00  2.60698575215746997e+00  6.88624963828847481e+00
  7.48711965638355181e+00  3.07804652755291697e+00  6.58457397810154710e+00
  7.65604586467239212e+00  2.58066461823704207e+00  7.40384901961813480e+00
  7.00446606960448115e+00  2.51835943178419575e+00  8.21571504256890606e+00
  6.75875298308694283e+00  3.44728086234539255e+00  7.95733037458771530e+00
  6.55840121394526854e+00  2.55642429318627773e+00  8.34483680156860430e+00

molecule   47
  1.49511876204848693e+00  7.07889190423432435e+00  3.00435044775802718e+00
  2.38337431592386961e+00  7.18627027781895134e+00  2.49679098344446970e+00
  2.32751152261951377e+00  7.35688669741196488e+00  3.45619543860779510e+00
  2.85498554431032492e+00  6.56970517986267311e+00  3.62511190838295727e+00
  2.61608650320440406e+00  6.53172218944931426e+00  4.62158548655924939e+00
  3.15049367333755059e+00  7.37525971392443935e+00  4.85927118264963553e+00
  3.70551215865214001e+00  7.43920296470763187e+00  4.02944317667577590e+00
  2.96653693616380876e+00  7.18567054514439274e+00  4.67154650163622165e+00

molecule   48
  3.80860184334553065e+00  8.37771042439598546e+00  3.73129541325298009e+00
  3.59093075327315514e+00  7.42264741117359161e+00  3.68826176712921017e+00
  3.62967841698929838e+00  7.59505276905025273e+00  4.68423622007671892e+00
  3.77341089498154458e+00  7.01965591921015708e+00  5.47242101163844197e+00
  3.46870665586300841e+00  6.99355617519751505e+00  6.44893774010602705e+00
  2.87082987494396979e+00  7.16280323931333118e+00  5.69784587940821119e+00
  3.82501673479189330e+00  7.33857134438220449e+00  6.01760158942812939e+00
  3.08400793353116365e+00  7.99925828207234968e+00  6.12465213928822205e+00

molecule   49
  5.51701228222635365e+00  4.60216595845767884e+00  5.40193288769062985e+00
  5.57774240461153070e+00  4.24555608488822944e+00  4.43864977739496158e+00
  5.10849807643858700e+00  4.31593828750428443e+00  5.32831415814743625e+00
  4.80090537821074292e+00  3.95958921053602753e+00  6.19201838177776587e+00
  5.57925938266321264e+00  4.05177224313484441e+00  6.81840480114819858e+00
  4.84531794288306816e+00  3.93971545433632819e+00  7.49068420567631943e+00
  4.64424961891946442e+00  3.46054199848527499e+00  8.33143217434599848e+00
  3.74900978757301662e+00  3.53653568845693655e+00  8.64278009470973174e+00

molecule   50
  6.58443616246021790e+00  8.33160028575380984e+00  9.34219486337809824e-01
  7.12716921401196490e+00  8.73422448529773021e+00  1.29605873551348783e-01
  6.21748779087138637e+00  8.67888210536388982e+00  5.17056051330263222e-01
  6.55366945721696492e+00  9.63533319292836232e+00  2.57255281406368608e-01
  7.15047327868357918e+00  9.32879306989856794e+00  9.97021341110490456e-01
  6.74201982994266746e+00  9.33868863074999211e+00  1.89883081779110019e+00
  7.73765747653381641e+00  9.56391381578156086e+00  1.69730984461737133e+00
  8.36594038078698610e+00  9.94262659954866379e+00  1.01473903293710443e+00

molecule   51
  9.78614288010125044e+00  5.14596506994220437e+00  9.38608986005509749e+00
  1.04520175020638456e-01  5.73938338234161716e+00  9.27177225515912973e+00
  1.03910791454080549e+01  6.54021469166811364e+00  8.63514762089578802e+00
  9.40042637760261357e+00  6.40995331918375832e+00  8.75402270715272479e+00
  8.84010957164405298e+00  7.08507817086762337e+00  8.20857727497896050e+00
  9.75239556271046482e+00  6.79048796192075255e+00  8.05791156459694413e+00
  9.12473751615890549e+00  7.48824481116844165e+00  8.00359362455363943e+00
  9.00908965404361872e+00  7.75174244015760916e+00  7.03423175938235534e+00

molecule   52
  8.35394102495125246e+00  6.50289080661518071e+00  4.13516506235529935e+00
  7.88621474723564564e+00  7.29001426175499745e+00  4.61793706391204850e+00
  7.17444827970441601e+00  6.93285937245310002e+00  4.04340704729359413e+00
  7.14334164370190638e+00  5.97052563038734174e+00  4.20391236543515845e+00
  7.71195608834100543e+00  5.57246644409392999e+00  4.87020788999950405e+00
  7.53625810252724637e+00  5.79120989634784245e+00  5.85127668330440986e+00
  7.89668856327508806e+00  6.33386845576394375e+00  5.08541959567231849e+00
  8.04988709012889636e+00  5.35021826421628788e+00  4.88245580357104014e+00

molecule   53
  3.22817600454955578e+00  4.49055602079888594e+00  4.14079732499413711e-01
  2.56547673543957488e+00  3.89115665585857906e+00  8.41721049791616882e-01
  2.90573952039521322e+00  4.62324491828210604e+00  2.31840865216895925e-01
  2.72357194473915776e+00  3.72760229532026788e+00  1.03076702507062166e+01
  1.93252142717485875e+00  3.68338750980704921e+00  4.25824916589206848e-01
  1.90073551878640168e+00  2.74361191900516932e+00  1.04503209847370844e+01
  1.46455934138729571e+00  1.86418314308816235e+00  1.02250197617728968e+01
  2.13825370792833391e+00  1.85083952658286477e+00  5.28766849378526693e-01

molecule   54
  8.03597084800491324e+00  3.12534723307743389e+00  5.16764607210036342e+00
  8.50024728787584571e+00  2.90621218508861601e+00  4.30800965051386164e+00
  9.12556663888853947e+00  3.57810931665031751e+00  3.90382764470481813e+00
  9.02838080017981426e+00  2.62855306509395836e+00  4.08611521434101821e+00
  9.12311064961104456e+00  3.04986464409661551e+00  3.17772732927278989e+00
  8.83887168099064802e+00  3.55006379717672260e+00  2.35013978541778723e+00
  9.41960020472892090e+00  4.21773578994489018e+00  2.80192096176657124e+00
  9.03739324460192428e+00  3.63646208046554031e+00  2.11193345997452830e+00

molecule   55
  9.21120504996865819e+00  1.04431093737164638e+01  5.97059377914767442e+00
  9.74893443154805617e+00  4.01086301604458628e-01  5.22350527408592580e+00
  1.02725336697934964e+01  1.22689205395778922e+00  5.02493579666683043e+00
  9.50387719549655507e+00  1.96502081955446739e+00  4.94683455836442931e+00
  8.77097212054922082e+00  1.53416653227739919e+00  4.36825559790346674e+00
  7.78436988608850911e+00  1.77827696639425792e+00  4.26733332920129538e+00
  6.89003144790216382e+00  2.13160138582420622e+00  4.06726083049812015e+00
  6.64256896903085536e+00  1.93864310505360216e+00  4.97755977958380313e+00

molecule   56
  4.97430853110180049e+00  7.75215695969828289e+00  9.76740287857126788e+00
  5.35797798620334209e+00  8.22077838505549963e+00  1.33984130118459166e-01
  5.99604519355089671e+00  8.86053543912042407e+00  1.00769896924758893e+01
  5.15924624558280343e+00  8.68960411387970311e+00  9.53009528426428076e+00
  6.10306988764826031e+00  8.47009524459979168e+00  9.86517487566224460e+00
  5.35709802990232387e+00  8.37678127160663166e+00  7.51529614369129545e-02
  5.64329874347175764e+00  8.93012122753128246e+00  9.75889867462043270e+00
  4.99687708975542844e+00  8.38456273563392074e+00  9.18721853761395124e+00

molecule   57
  8.60449674708490875e+00  7.14675526623505419e+00  1.24223639978366029e+00
  8.75615091270687351e+00  7.79904599261126474e+00  4.69452925999866100e-01
  7.80327725704072073e+00  8.09958698278536282e+00  4.81082216586673383e-01
  8.64415420091384590e+00  8.23893548123992581e+00  9.36644141828247179e-01
  7.73915702102762282e+00  8.01887963768367484e+00  4.87335345256887820e-01
  8.23757684202382379e+00  8.57074729656229373e+00  1.17873682610648767e+00
  7.34722501214010215e+00  8.96996410022500967e+00  1.23428910850671625e+00
  8.38269139610532577e+00  8.80284467099406420e+00  1.29369170904904629e+00

molecule   58
  5.00663287152165637e+00  4.29905907336822590e+00  9.85095423618477462e+00
  4.51177951504147856e+00  3.47256753159176634e+00  1.01143081528298815e+01
  5.31514900009717195e+00  3.87646985416743339e+00  9.64517984850497889e+00
  5.66321031860306601e+00  3.20423594719334037e+00  1.02651396898431582e+01
  5.78633221509750406e+00  3.42990854117456667e+00  7.58410628954186650e-01
  5.37960416417955667e+00  2.65575380495920443e+00  2.60627197931889876e-01
  5.76134379709972766e+00  3.11116331655930711e+00  1.11315376226888785e+00
  6.72868913323485263e+00  3.29079257955522309e+00  1.38700395632458728e+00

molecule   59
  8.95868545632588997e+00  2.67816932629711957e+00  9.02868578501062946e-01
  8.57968237079059115e+00  3.23585558729297729e+00  2.14013715537835103e-01
  8.57141920563674553e+00  4.16116930411537567e+00  5.73441379322877420e-01
  9.16684890631056781e+00  4.39914086568339080e+00  1.33797609566245490e+00
  9.99413813946492269e+00  4.50413144949974420e+00  7.66588177983405727e-01
  1.00210570410969417e+01  4.18825512248323584e+00  1.74521873038599251e+00
  9.30935603276254930e+00  4.69420100100146964e+00  2.19099413477679139e+00
  8.53919991133974143e+00  4.88623587353521849e+00  2.76879273026883643e+00

molecule   60
  2.24279910230111312e+00  2.53760659925707666e+00  3.90818875016345491e-01
  2.08284271336731885e+00  3.24257297230786801e+00  1.01219972038154946e+01
  1.10616885628634631e+00  3.42110413856557916e+00  1.00303523565790691e+01
  8.57923591041903633e-01  3.98871545082750378e+00  3.47087532365168538e-01
  1.65104941447494724e+00  4.26862371635012838e+00  1.02581893315981461e+01
  7.68204376764865637e-01  4.48477966026065200e+00  9.76098608981777005e+00
  5.30495589905464748e-01  5.32170053601757598e+00  1.02983862192537696e+01
  5.81766851265108423e-02  4.71041856469699294e+00  9.71821738883228115e+00

molecule   61
  8.04168080907855654e+00  2.87334725937146329e+00  4.99892820424629125e+00
  7.62261660678952868e+00  3.62299936211910367e+00  4.47743489211339529e+00
  6.73961161643079798e+00  3.22687427198348153e+00  4.20443170235766228e+00
  7.47673024672980091e+00  2.54118550695699952e+00  4.22434109988083328e+00
  8.04585487111600095e+00  3.14590524830528562e+00  3.63239729057241512e+00
  7.35596671907298472e+00  3.74194891392596674e+00  3.94429343496709217e+00
  6.37316935295086040e+00  3.91564764584768410e+00  3.80559284064251502e+00
  5.77935896014033013e+00  3.53239177295748741e+00  4.45289844796285283e+00

molecule   62
  1.12680867520349759e+00  7.03663692706050892e+00  9.37463230961181004e+00
  1.16207627751635290e+00  7.61804606508088256e+00  1.01953744020963075e+01
  7.35677170747736975e-01  6.75072516223382557e+00  1.02293955115340207e+01
  5.35270467408665795e-01  7.36085438876854781e+00  9.44490580947806890e+00
  1.01821616832171635e+01  7.94936834528650049e+00  9.35564268374159269e+00
  9.61213430451140916e+00  8.32304069680584391e+00  1.00693807635787724e+01
  1.04345098607588866e+01  7.89656203038419857e+00  1.03256304914807799e+01
  9.56453361979994732e+00  7.98978272449600269e+00  9.80602124066652259e+00

molecule   63
  3.86095343310990469e+00  9.72603816109085884e+00  9.33958244105462043e+00
  4.76800138093096670e+00  1.00981846262242936e+01  9.10136762264420973e+00
  4.90015393639830155e+00  3.76997686081155636e-01  9.83846948864878890e+00
  4.84887624691999619e+00  1.01559531232113844e+01  9.14202050300647251e+00
  4.06553673427990603e+00  1.02207132551662063e+01  8.54586573273017613e+00
  4.59619207858639811e+00  9.38438892800330393e+00  8.74407662225452498e+00
  3.85885811881416574e+00  8.90668702402900436e+00  8.34405399230534073e+00
  3.40097462451311294e+00  8.95357476804424657e+00  7.51106325454712564e+00

molecule   64
  4.84415498187928772e+00  4.94495156756543874e-01  3.06486472050931180e+00
  5.66352946260717260e+00  9.40051856486090465e-01  3.41765774657150878e+00
  6.29559690096044466e+00  1.76874564213431196e+00  3.40695083341376748e+00
  5.43051998974985217e+00  1.81455784688802924e+00  3.92320179711547112e+00
  4.52324529822155164e+00  1.38159086806372255e+00  3.80759981799244551e+00
  4.54042237168666762e+00  1.15771762571412173e+00  2.84774534090186426e+00
  4.05990816006379163e+00  1.03784229651140336e+00  1.99400062406755851e+00
  3.50580190466844943e+00  1.85201089701041166e+00  1.84071619553645527e+00

molecule   65
  7.06350298187201364e+00  1.51983830617422266e+00  6.30811324047737898e+00
  7.39543093686396347e+00  2.44771838392536667e+00  6.23918580534130296e+00
  7.89295198622926630e+00  1.96608175233827143e+00  5.51495100258484605e+00
  8.32245882608558318e+00  1.11789603424193551e+00  5.91585326184891258e+00
  8.25848632945541894e+00  1.88907849601120170e+00  5.28853573637172492e+00
  8.78720506297345061e+00  1.24573381025565810e+00  5.85195487989622354e+00
  9.35625769029210375e+00  6.33348351943402998e-01  5.28745112566733688e+00
  1.01558420770093996e+01  7.69153831833273349e-01  4.64259433951200506e+00

molecule   66
  2.53099001631073861e+00  3.51895160532116069e+00  6.19588539387920800e+00
  3.26515758527375111e+00  3.40532422923745992e+00  6.82956190390579998e+00
  3.95955806233777752e+00  3.18470474328017294e+00  7.48067125938300403e+00
  3.22315263824012987e+00  2.85433188353187584e+00  8.08352314163174235e+00
  3.23046062673716783e+00  3.67928614500384787e+00  7.53044887403731700e+00
  2.46617850985590081e+00  3.38527340852980130e+00  7.00643713994800788e+00
  2.77845163309498799e+00  3.17516427085456199e+00  7.93899799855179999e+00
  2.18281295182878798e+00  2.37511358849531984e+00  7.89162978202689747e+00

molecule   67
  8.41972595141786329e+00  5.47210134393314540e+00  6.07728263528176171e+00
  7.60986414625665386e+00  6.00621076495186923e+00  5.99232779289131745e+00
  8.53512763951720821e+00  6.32676057948477322e+00  6.27924759889480644e+00
  7.89030837109883532e+00  7.08327371218733681e+00  6.26862295469855191e+00
  7.15945030099015156e+00  6.72481535573659350e+00  6.84093571861900962e+00
  6.76814811899917235e+00  5.89232257291290207e+00  7.31296406961632250e+00
  6.66455601167199596e+00  6.58933146462837005e+00  6.63105767471775920e+00
  6.47375407006203396e+00  6.97470128680568990e+00  7.55785354888782912e+00

molecule   68
  7.88431697736123471e+00  8.14978695744145831e+00  3.37364057584167654e+00
  7.85753978382787910e+00  8.20705995974399016e+00  2.36461240557910068e+00
  8.09003457691170880e+00  7.99512691322924596e+00  1.45707790519480773e+00
  8.15881344268237818e+00  8.93658652008324594e+00  1.15678678659962109e+00
  7.71954288132765676e+00  8.05992947470720011e+00  9.33275370136562810e-01
  7.63295039565276756e+00  7.41466293540718979e+00  1.66047554903918404e+00
  7.10187100573026342e+00  8.13685280194251703e+00  2.20750455536378398e+00
  7.88605550474072103e+00  8.43153341616650032e+00  1.72794227597942163e+00

molecule   69
  8.17990554346570597e+00  5.07985709161068333e-01  2.37184173901237161e+00
  7.66681988130542535e+00  1.38761674762541753e+00  2.30649538943574051e+00
  6.78402012506868246e+00  1.07198897471585708e+00  2.02715881230769446e+00
  6.36671892291776853e+00  1.26829082216516764e+00  2.89514052176778991e+00
  5.95460997625778266e+00  9.02554353552274424e-01  3.72582389399297176e+00
  5.59739338387502627e+00  2.19319279749576046e-01  3.12716122230802007e+00
  4.91866511460744338e+00  7.22760054682940467e-01  2.66386151530949888e+00
  4.93207710498570329e+00  1.49827161550827470e+00  1.99179643907699178e+00

molecule   70
  2.98406270009059371e+00  5.17536227509945768e+00  4.65036382832800665e+00
  3.79101298686391219e+00  5.74461147763936264e+00  4.87703035700467602e+00
  4.53531745351321991e+00  6.17591223073251783e+00  5.37072491857110190e+00
  4.58343198885389569e+00  7.09616900078623836e+00  5.80119276385504090e+00
  5.14633699767404451e+00  6.90294802522769224e+00  6.61532860136293355e+00
  5.85632905525126013e+00  6.25858214428062531e+00  6.55578440472917023e+00
  5.01284360408584639e+00  6.38166706464303424e+00  5.95514614510432949e+00
  4.37215386799730155e+00  6.40515919514694243e+00  5.15801026942027185e+00

molecule   71
  5.16663281324321821e-01  9.52389244346507091e+00  6.17220625313317939e+00
  3.32429976867164800e-01  9.77233004889718337e+00  7.12675774161294751e+00
  3.46560792716510913e-01  1.04266884770339470e+01  6.40139360802195156e+00
  4.82597595602039575e-01  9.55134963020093330e+00  5.99299647872473429e+00
  5.52583707546999814e-01  9.30773692547312059e+00  6.97456221984076130e+00
  1.00338808728467566e+00  8.78745167569479158e+00  7.70359859212798170e+00
  3.68457520614824674e-01  9.15059086279082123e+00  7.09090194038849386e+00
  9.84095049222698803e-02  8.89245077310075338e+00  8.05088225080602982e+00

molecule   72
  1.84165038141751891e+00  6.84773507770307965e+00  1.76940225581037036e+00
  1.61238677517734885e+00  7.62988532446291412e+00  1.21444459128426629e+00
  7.97738745816593098e-01  7.85476005600330307e+00  6.70444432568003679e-01
  3.14130622534440407e-01  8.66435413042430191e+00  1.10553688932243288e+00
  4.00793564276408110e-01  8.60562455465411880e+00  2.07082232918176246e+00
  9.84599035957247848e-01  8.19981335037825865e+00  2.76231828777716393e+00
  7.86142926552062971e-01  8.12986975463985928e+00  1.79660519443407440e+00
  1.48738689776205546e+00  8.53635447813122106e+00  1.15972749420460675e+00

molecule   73
  6.98510286186615481e+00  4.85250929904791484e+00  9.21919987560064658e-01
  6.58495581888639947e+00  4.13617283674879843e+00  1.53490523205321994e+00
  6.77941958503707909e+00  3.44325032675190368e+00  8.26655291174478668e-01
  6.98759710572812232e+00  4.29224799429601678e+00  1.43294435749186211e+00
  7.83465601883919316e+00  3.96062076066723678e+00  1.02920356835059423e+00
  8.37337969611835220e+00  4.54438972727141621e+00  1.59850834127184482e+00
  9.16124681486209980e+00  3.95018441967872391e+00  1.50398675097888423e+00
  8.92341184694108058e+00  3.01884223143960462e+00  1.80451302676238479e+00

molecule   74
  5.11267020440793818e+00  3.37519078086108415e+00  6.95843715248069383e+00
  4.76842116754946588e+00  2.98849468493847414e+00  7.77493152770693463e+00
  3.91608042729885764e+00  3.41859970293046045e+00  8.06068560349404173e+00
  4.81652651943433874e+00  3.89063902985293053e+00  8.18975975718975668e+00
  3.86891486158877518e+00  3.77444073480786146e+00  8.52545295251096036e+00
  3.30130750650622229e+00  4.31208247024728308e+00  7.84636166734461771e+00
  3.55034407450485689e+00  3.54059355908334039e+00  7.21069927962964563e+00
  3.03874914979862698e+00  2.79738659201810869e+00  7.57002170187530066e+00

molecule   75
  2.08741454094832735e+00  6.77104998204410502e-01  4.10687635903313009e+00
  1.22839674888669936e+00  1.30393125520801456e-01  4.00716069476647441e+00
  1.17571198094691098e+00  9.66444792011950327e-01  4.57295504195949754e+00
  2.05014055972448661e+00  1.38032092835555309e+00  4.68555552312734136e+00
  1.69478998142276205e+00  2.12006936864070950e+00  4.14688418279949200e+00
  2.02407738567407591e+00  2.19836362137590058e+00  3.19032952122579649e+00
  1.22486049628127591e+00  2.23245949804516641e+00  2.62279043240245846e+00
  8.65444009639423806e-01  1.98476309054931277e+00  3.52272040461638181e+00

molecule   76
  4.66878775196538864e+00  2.44154548269168847e+00  4.43431567342926103e-01
  5.45486263815872263e+00  2.75014896206270398e+00  1.00475274364771439e+00
  4.52800728826232390e+00  2.80014356637616224e+00  1.24682467229591554e+00
  4.31631525672861471e+00  1.86185241109204913e+00  1.52498646255255355e+00
  4.72174566711006527e+00  1.73624249722422519e+00  2.37505208978733240e+00
  5.46881590645563787e+00  1.77704897250533844e+00  3.01633074722463146e+00
  4.82513461760074858e+00  2.41342795426873025e+00  2.67618903229041871e+00
  5.24300746404374962e+00  2.70376120337910075e+00  1.82002657289488323e+00

molecule   77
  9.95770885896151903e+00  2.30640707188810312e+00  9.09752677491487916e+00
  2.56706782403618383e-01  1.78202452332839711e+00  8.76789695786398759e+00
  7.46394111827998086e-01  2.18996044679712165e+00  7.95738684331538249e+00
  1.36695245458740433e+00  2.98324195356318578e+00  7.83682509909273950e+00
  2.06389740063641502e+00  3.36027555611115769e+00  7.25054067966826210e+00
  3.07828496335300006e+00  3.49656166082978004e+00  7.09435404084070687e+00
  2.42083831391255000e+00  4.22524842236453413e+00  7.10031520614706846e+00
  2.39144078984606612e+00  3.48957252952398456e+00  7.72653835619208795e+00

molecule   78
  4.40221656663830707e+00  6.16198337702979071e+00  9.83803251954005908e+00
  4.51778170762609577e+00  5.16325007219256360e+00  1.00840715730578943e+01
  4.72641347237684251e+00  5.64286373688975118e+00  4.58273473510673712e-01
  4.60073174155803866e+00  5.06750369578117166e+00  1.00998906622190798e+01
  3.89239586420612405e+00  4.80010216611077922e+00  2.94831667441384448e-01
  3.00351596012758248e+00  4.86728360964815643e+00  1.03284852224479611e+01
  3.55846715158034588e+00  4.44313982734358159e+00  9.57838876177245346e+00
  3.21557240715692849e+00  5.33629909131539559e+00  9.30631182489367070e+00

molecule   79
  7.81024066127812500e+00  4.02618267397993002e+00  9.85447167023601800e+00
  7.08335163830869252e+00  4.67937738475357889e+00  9.53684841875663736e+00
  6.29396412153133422e+00  4.14948703635255889e+00  9.14142894048168486e+00
  5.98293915181614544e+00  3.45660716008068070e+00  9.70616403066892097e+00
  5.05883808392498580e+00  3.18001346350967440e+00  9.45042032535079279e+00
  5.18534568103326343e+00  4.07044829416017517e+00  9.07390049793274756e+00
  5.58145414822721087e+00  4.29864471446721907e+00  9.98064467924816867e+00
  6.31738597801780877e+00  3.96526707289977542e+00  1.22243988804473236e-01

molecule   80
  7.26178603862768668e+00  5.99923651993292406e+00  4.30227448112018429e+00
  6.36811892110402500e+00  5.92705058541134733e+00  4.69749698044098452e+00
  5.48215477116437366e+00  5.97417329298736455e+00  4.27350046017991048e+00
  5.51029294965250571e+00  5.24774842393416385e+00  4.94194436265546777e+00
  5.32272292287940108e+00  4.36296945635388500e+00  4.54064796961106865e+00
  5.23226776499955371e+00  3.36378621898662766e+00  4.70252143992952210e+00
  6.20716947128851793e+00  3.35320313414471238e+00  4.68118940530200067e+00
  5.68420063728867220e+00  3.21307265389540309e+00  3.82988029389083584e+00

molecule   81
  1.94335933175072495e+00  9.78552305498474340e+00  6.32498927925442489e-01
  1.10675917646807065e+00  9.79998301997079402e+00  1.04541540167960552e+01
  9.80935168572969807e-01  9.54651102223348147e+00  9.64428693929376912e-01
  8.34529829984304583e-01  8.78328754083571894e+00  3.82042198602437266e-01
  9.02924518925534492e-01  9.53950674332722492e+00  1.03889169111693946e+00
  1.12204428395586531e+00  9.57210209909745124e+00  2.06147191258020435e+00
  1.85285711053643720e-01  9.35276348509477629e+00  1.73899634692548055e+00
  1.14702546937411798e+00  9.04400325450828646e+00  1.64695323519293435e+00

molecule   82
  9.63978041397382235e+00  2.81439253701238457e+00  6.83014502233493914e+00
  1.00313817341940261e+01  2.18269546133659631e+00  7.50101823605747153e+00
  9.13957732126143796e+00  2.62202978451810953e+00  7.73679345831463472e+00
  9.79436996646917990e+00  2.48740296121846072e+00  6.96023707296006400e+00
  1.27022080722327846e-01  2.34801326459045390e+00  7.51143513855391554e+00
  9.97635487345423400e+00  2.61262672521574535e+00  8.30102628974242407e+00
  9.02515430025956711e+00  2.24843971149755584e+00  8.27399812664964074e+00
  8.94449764552020810e+00  1.71192602838740870e+00  9.12392400952058935e+00

molecule   83
  5.83262082881854660e+00  1.45468541502209087e-01  7.74878452426724706e+00
  6.33835347610208188e+00  6.99960935201264789e-01  8.42074982097593328e+00
  7.06245823126000083e+00  7.08162203837530813e-01  9.10547096475502649e+00
  8.03289962565547278e+00  9.39054775088063121e-01  9.22877320985882399e+00
  7.31344541401542791e+00  8.67643675685677573e-01  8.57416113057910856e+00
  7.00078337776835546e+00  7.02341959496764701e-01  9.54120791139932578e+00
  6.09292865342406476e+00  6.46480296732601323e-01  9.22883814330112351e+00
  5.56203244817354658e+00  8.05124179924858629e-01  1.00608154692311729e+01

molecule   84
  3.09967147990454706e+00  5.71499800262098834e+00  4.11920472669667803e-01
  2.20596903545359968e+00  5.72227307753529946e+00  8.18471251062639737e-01
  2.77455449979547275e+00  4.90053345075317548e+00  8.07314874422564110e-01
  3.09588480601667948e+00  5.76654612494548591e+00  1.22783938261649572e+00
  2.54450522482600983e+00  6.51866356353934151e+00  1.59164229330922269e+00
  1.73487186979746655e+00  5.99652091932395059e+00  1.24267829252645345e+00
  1.59558686522532645e+00  6.29182433318429624e+00  2.20434118778194810e+00
  2.06303792023501709e+00  5.38617515858296869e+00  2.10054235487243046e+00

molecule   85
  8.05888491580727795e+00  7.96218965880820750e+00  4.20564752798128971e+00
  7.56730532086567109e+00  8.72604243873074381e+00  3.80740976995664671e+00
  6.98165999707421392e+00  9.45854953180998770e+00  4.13133797619474841e+00
  6.18909253307651941e+00  9.32105584966865486e+00  4.78432642541628539e+00
  6.12328464689070895e+00  9.54691781449469090e+00  3.79348007920120489e+00
  6.09934834501235645e+00  9.89489677838061432e+00  4.71345773857941008e+00
  6.67460838790462230e+00  1.02639830081029952e+01  3.96712496958452299e+00
  6.19348110510193717e+00  2.60144862978949842e-01  3.19206424402089395e+00

molecule   86
  8.62156836998640230e+00  1.64957318752093918e+00  7.68967288525046833e+00
  9.25799056008783516e+00  1.03820655832476172e+00  7.14766291576754575e+00
  9.96449194647968994e+00  4.54655048295697806e-01  6.71547618115690259e+00
  9.94122681279875131e+00  9.98563100479115562e+00  7.03972466030654775e+00
  9.25909175741518986e+00  9.37806241980386446e+00  6.67379723980790729e+00
  9.10185078878890153e+00  8.70678895475274217e+00  7.37546648521699399e+00
  8.22473046682221387e+00  8.39481630359997055e+00  7.12598241055695869e+00
  8.85414650858338703e+00  7.62788895295756664e+00  6.99764131582090076e+00

molecule   87
  9.45682812391732064e+00  5.91223057424605614e+00  2.06833962912211011e-01
  9.35166818466866445e+00  6.79619720816773398e+00  6.94984598382849095e-01
  9.24901390518230215e+00  7.12485089031002161e+00  1.02436057079281397e+01
  9.79706475251092535e+00  6.36321167180914760e+00  7.62806108761252405e-02
  9.71446774452484441e+00  6.34645301399822248e+00  1.07681613401369525e+00
  9.69028382830645718e+00  5.79311088685186260e+00  1.87233782920040515e+00
  8.76658780670565108e+00  6.02433683081118598e+00  2.20046832608675258e+00
  9.08091290700343912e+00  5.45789492691242994e+00  2.90626203725061316e+00

molecule   88
  3.69025049447345976e+00  3.21693643015265440e+00  1.72351440063082173e-01
  3.53556870344245899e+00  4.13769263868412462e+00  4.46269819550003333e-01
  3.62120407296621449e+00  4.04094806944445661e+00  1.45076679910717488e+00
  4.57885605733596801e+00  4.22232995975561831e+00  1.53771776393365256e+00
  4.87520237758792074e+00  5.00164648987563520e+00  2.09339542897791553e+00
  4.03954621080785703e+00  5.05519233097047316e+00  1.51269105454202690e+00
  3.30023579201866291e+00  5.77227389816002834e+00  1.62446000665380930e+00
  2.55569348585829426e+00  5.33507183535248775e+00  2.10671507074954034e+00

molecule   89
  7.14671397037105294e+00  7.67577273694071316e+00  1.69149300433821193e+00
  7.13039636497619789e+00  8.63882641651140126e+00  1.27682918800193002e+00
  6.35683027697600078e+00  8.81085351341946499e+00  1.90014694291990249e+00
  6.85143828934232157e+00  8.90562171578806527e+00  1.02380810745169826e+00
  7.59800337915544777e+00  9.50665678747172471e+00  1.05852233214226632e+00
  7.56740475812854729e+00  9.76560427179114399e+00  2.02311333196405307e+00
  7.39289983074816526e+00  8.77674431726474324e+00  2.00097877695530713e+00
  6.54018799323491162e+00  9.27659592353372098e+00  2.09406789404840543e+00

molecule   90
  1.76349720437306345e+00  6.18786619784564884e+00  7.06630537123399360e+00
  2.61863293646752249e+00  6.41349862999032538e+00  7.55895598674924774e+00
  2.93724383852153448e+00  6.15632854538371532e+00  6.67156379384606790e+00
  2.95217610781941131e+00  5.20936403941066306e+00  6.97251619717102233e+00
  2.73017796529761281e+00  5.46601368617126671e+00  7.94505005925491847e+00
  1.91524083519973365e+00  5.41475463454220662e+00  7.29829372927215569e+00
  1.41340469085985054e+00  5.00120164172268034e+00  8.07902743800437051e+00
  1.27369318316659763e+00  4.41727035758101927e+00  8.88615441051191013e+00

molecule   91
  6.51877512134834625e+00  6.17005131759103520e+00  3.95861625047247712e+00
  6.43255217653395750e+00  5.16420776725740538e+00  3.68030139791635902e+00
  6.13722389784635780e+00  4.51715409848275673e+00  4.40503450416897557e+00
  6.79291364367824269e+00  4.38770856589010450e+00  3.63631937797928284e+00
  6.38444632602830353e+00  3.89062991401428304e+00  2.89486539475459725e+00
  5.60043234872322060e+00  3.72646493678130808e+00  3.50670021161776502e+00
  5.36963090675156351e+00  2.75050115951161578e+00  3.35412698989884062e+00
  4.78359709072532091e+00  1.98321221454198149e+00  3.26102809394238591e+00

molecule   92
  4.26652898987543416e+00  3.10700138432714601e+00  8.41917684049582338e-01
  4.41584890736741187e+00  4.04815054089052317e+00  6.61538386949315216e-01
  3.62556353055127500e+00  4.52589317665517843e+00  1.03236840144565578e+00
  4.57521064330184135e+00  4.35380811928318057e+00  1.15167937614549132e+00
  5.34575885018447572e+00  4.81927895096549541e+00  1.55396288598018084e+00
  4.82109693876080136e+00  5.44909210360669327e+00  2.08537137515400861e+00
  5.19725325935614269e+00  4.95097782958467203e+00  2.84279645810410342e+00
  4.37115266794577284e+00  5.12053141793505251e+00  3.33914699450487884e+00

molecule   93
  1.35130707307435038e+00  5.77605566427049855e+00  8.38314664946254062e+00
  8.42844102537778528e-01  6.05899783598962305e+00  7.62264115643734819e+00
  1.21372792780606775e+00  6.06093976835003989e+00  6.68227578131973310e+00
  2.17179662033084142e+00  5.91047342802126874e+00  6.58063120092217790e+00
  2.55214328168937676e+00  5.79009005711369085e+00  5.63819902097200121e+00
  3.04595161052459273e+00  5.23386934809901838e+00  4.98741541222549412e+00
  3.82860084229035058e+00  5.02884904460602744e+00  5.49140003028140811e+00
  4.75988881427325250e+00  5.36468064978498038e+00  5.75176559570580981e+00

molecule   94
  6.79145888615062976e+00  8.42508704631215188e+00  7.51931005629304838e+00
  6.96147654710743868e+00  7.92264398149434701e+00  8.35274194174901297e+00
  7.57522082050273493e+00  8.70884302578582847e+00  8.21102045206013997e+00
  8.14958711952916381e+00  8.85491948046858290e+00  8.99723531676933064e+00
  7.36685379870942203e+00  8.26030511892873776e+00  8.78881867065210542e+00
  7.87878176604732783e+00  7.74336913516343817e+00  8.07658623406683596e+00
  7.24429535542583825e+00  8.34340519899682320e+00  7.50306365809333986e+00
  6.33393982263661748e+00  7.89006646098485120e+00  7.68576575744051738e+00

molecule   95
  2.00984732162807500e+00  5.98622359083866495e+00  9.39268936214438632e+00
  1.76382993566928481e+00  6.09683638265815198e+00  1.03462919512167257e+01
  2.05577024344641002e+00  6.32094141922163466e+00  9.40897689153648997e+00
  1.56831734033931713e+00  7.10432555427182244e+00  9.72565937626178467e+00
  1.11638364369828369e+00  7.83083651592703411e+00  1.01453054256209150e+01
  1.85654392892654641e+00  8.45621225429403189e+00  1.02067457530866488e+01
  1.93464904639169832e+00  9.32702179066861170e+00  9.86685752877416178e+00
  2.66848498614821628e+00  9.62786750285316906e+00  4.09757986517732264e-02

molecule   96
  9.19304936750125457e+00  4.58421861513500506e-01  5.32539896925730627e+00
  8.27048390822655577e+00  4.27978152873369933e-01  4.98349485841090711e+00
  8.02256632401930858e+00  1.30758485543724401e+00  4.55487333464783450e+00
  7.40592314849046129e+00  7.45569444613649157e-01  5.04295355126694567e+00
  8.31648232285470357e+00  1.14890935801768834e+00  5.03606391552227173e+00
  7.77914102537184426e+00  1.26832367469120810e+00  4.19546571310502348e+00
  6.92480059385352309e+00  1.11252287072031608e+00  4.69941942603531793e+00
  7.72277687663659762e+00  1.54699850530980720e+00  5.16015663278683423e+00

molecule   97
  2.53078828506149422e+00  7.06467749214348917e+00  9.91042457190002146e+00
  2.94216178274775730e+00  7.58025233780206786e+00  2.25690758572731909e-01
  2.11900293044297872e+00  8.09228073427850347e+00  4.16095284926658870e-01
  2.63898300891058613e+00  8.79182473123484520e+00  1.03799199201122416e+01
  2.66129135144976114e+00  9.29721711751473379e+00  9.52825291515772044e+00
  2.25382694295261965e+00  1.01999274079678219e+01  9.72645626640578875e+00
  1.72372579740587817e+00  9.36361348042479058e+00  9.73096643685381402e+00
  8.18326716778488339e-01  9.10946208868193708e+00  1.00726416604452655e+01

molecule   98
  2.89816582086034158e+00  8.13736384973212523e+00  3.79078889767482163e+00
  3.07056279773543261e+00  9.14812672574027452e+00  3.74875427458764321e+00
  2.10894259031607945e+00  9.41126342638409774e+00  3.86800461691425834e+00
  3.03762751778150264e+00  9.21746796936098889e+00  4.16216027374421937e+00
  2.07600437758505718e+00  9.41138990351488225e+00  3.86019085714518795e+00
  2.08670946533108026e+00  9.35812211505470515e+00  4.84915611333466057e+00
  2.99824142213419353e+00  9.70521476972029262e+00  4.66861778366585956e+00
  3.78587743297554269e+00  9.65498472676374675e+00  5.30247187733648229e+00

molecule   99
  3.67991576116329044e-01  1.56834448014700900e+00  1.00115741529342905e+01
  1.04307223439324659e+01  1.73753250438457663e+00  9.10589932045509620e+00
  3.83118696554664684e-01  2.17243038638095554e+00  8.30479464006518953e+00
  1.01055212482727992e+01  2.41513190162525238e+00  8.95705632810938290e+00
  1.00407985975253649e+01  2.62157628274017851e+00  9.95666236819177364e+00
  9.48126741211468094e+00  2.22426523614144767e+00  9.31253481515278736e+00
  8.66272852043376318e+00  2.40850319221728704e+00  9.83875284348474288e+00
  8.82756354447147373e+00  1.62060752254146867e+00  9.20147559331315534e+00
