    McEnergyAverage{
      interval                            1000
      outputFileName                 energyAve
      nSamplePerBlock                       10
    }

Average     5.8173000e+02
Variance    5.7987139e+02
Std Dev     2.4080519e+01

Hierarchichal Error Analysis:
              0              1  8.5136959e-02          80001
              1              2  8.5444553e-02          40000
              2              4  8.5550861e-02          20000
              3              8  8.5286021e-02          10000
              4             16  8.6028406e-02           5000
              5             32  8.7345799e-02           2500
              6             64  8.6977797e-02           1250
              7            128  8.5643127e-02            625
              8            256  8.9908012e-02            312
              9            512  9.2995073e-02            156
             10           1024  1.0486582e-01             78
             11           2048  9.8773768e-02             39
             12           4096  1.1034414e-01             19
             13           8192  8.4433592e-02              9
             14          16384  9.1116938e-02              4
