    McPairEnergyAverage{
      interval                            1000
      outputFileName                pairEnergy
      nSamplePerBlock                       10
      selector                             All        -1        -1
    }

Average     2.3129952e+02
Variance    2.3253556e+02
Std Dev     1.5249117e+01

Hierarchichal Error Analysis:
              0              1  5.3913432e-02          80001
              1              2  5.4184593e-02          40000
              2              4  5.4167417e-02          20000
              3              8  5.4093223e-02          10000
              4             16  5.4290602e-02           5000
              5             32  5.5668621e-02           2500
              6             64  5.6288753e-02           1250
              7            128  5.7127771e-02            625
              8            256  5.7929808e-02            312
              9            512  5.7342136e-02            156
             10           1024  6.2434218e-02             78
             11           2048  5.9719123e-02             39
             12           4096  5.7030146e-02             19
             13           8192  5.6693110e-02              9
             14          16384  6.7795300e-02              4
