BOUNDARY

cubic     1.0455159e+01

MOLECULES

species    0
nMolecule  100

molecule   0
  4.00765193e+00  9.33338137e+00  8.79914262e+00
  4.81927331e+00  8.92755721e+00  8.36322534e+00
  5.41305400e+00  8.44719839e+00  7.75828509e+00
  5.59139609e+00  7.46838527e+00  7.94048514e+00
  6.03877651e+00  6.71102084e+00  8.39556844e+00
  7.04805411e+00  6.49698826e+00  8.68492191e+00
  7.87342226e+00  5.81363816e+00  8.89157075e+00
  8.46730450e+00  5.02561408e+00  8.85362707e+00

molecule   1
  2.12937586e+00  9.78749239e+00  4.84386225e+00
  2.67498017e+00  9.13784443e+00  4.25079230e+00
  3.64865036e+00  9.04456465e+00  4.06513091e+00
  4.32766636e+00  9.58204127e+00  3.72264266e+00
  4.96432766e+00  1.02065784e+01  3.93468269e+00
  5.24498672e+00  6.43817825e-01  3.97953304e+00
  4.89397972e+00  1.38108062e+00  4.59812797e+00
  5.04983353e+00  1.56650847e+00  5.58363959e+00

molecule   2
  5.01160018e+00  4.08170073e+00  4.49834819e-01
  4.79634626e+00  4.77754105e+00  1.21970169e+00
  5.25722430e+00  5.02850349e+00  2.06460612e+00
  5.55129819e+00  4.55071423e+00  2.90230906e+00
  5.83872228e+00  4.11817564e+00  3.66007304e+00
  6.56533266e+00  3.89087775e+00  4.15772148e+00
  7.32656384e+00  3.31970314e+00  4.16217218e+00
  7.90048592e+00  2.92194271e+00  3.44976164e+00

molecule   3
  8.42545543e+00  8.36772154e+00  6.23148841e+00
  8.65359057e+00  8.20700774e+00  5.17981483e+00
  9.43073454e+00  7.92263436e+00  4.87628240e+00
  9.98834051e+00  7.19097542e+00  4.47680183e+00
  1.03240536e+01  6.26791067e+00  4.61956770e+00
  1.00457357e+01  5.30099293e+00  4.67131108e+00
  9.28514469e+00  4.69901494e+00  4.51541432e+00
  8.68597154e+00  4.16931490e+00  5.20045269e+00

molecule   4
  5.75447699e+00  5.34457463e+00  9.08582969e+00
  4.79850756e+00  5.13950009e+00  9.43582165e+00
  4.02380752e+00  5.30530749e+00  1.00829876e+01
  3.13673258e+00  5.45723842e+00  1.00592350e+01
  2.27903903e+00  6.03465141e+00  9.74207489e+00
  1.35089515e+00  5.74833950e+00  9.93267186e+00
  6.46027343e-01  5.12478834e+00  9.86860863e+00
  1.01432010e+01  4.77098591e+00  9.98606625e+00

molecule   5
  2.25396824e+00  5.04981928e+00  7.07315303e+00
  1.50947398e+00  4.83099788e+00  6.37186595e+00
  1.75432376e+00  4.18455675e+00  5.76556585e+00
  2.68548580e+00  3.63653467e+00  5.70409826e+00
  2.79038807e+00  3.17094072e+00  4.73449311e+00
  2.31150013e+00  2.65777744e+00  3.90545924e+00
  1.88266829e+00  2.01367724e+00  3.23300767e+00
  1.94372322e+00  1.40159485e+00  2.48385244e+00

molecule   6
  9.45356300e+00  9.99930941e-01  6.42895972e+00
  8.64445849e+00  1.66597726e+00  6.44932579e+00
  8.08729075e+00  2.37744840e+00  6.80660069e+00
  7.54939530e+00  2.82546553e+00  7.44831939e+00
  7.96273068e+00  3.15388801e+00  8.24701368e+00
  7.58933567e+00  3.85038877e+00  8.85148197e+00
  7.54727592e+00  4.67798347e+00  9.38022563e+00
  7.15069982e+00  5.55996846e+00  9.59390117e+00

molecule   7
  6.83284221e+00  2.57540475e+00  3.06487060e+00
  6.71364246e+00  3.54383458e+00  2.78677776e+00
  6.51554523e+00  4.30935951e+00  2.28039929e+00
  6.29429720e+00  5.16111567e+00  1.77271606e+00
  5.84311426e+00  5.82429749e+00  1.10265988e+00
  5.75956602e+00  6.31681806e+00  1.64572972e-01
  5.39408624e+00  7.19760710e+00  6.85137918e-02
  5.47127946e+00  8.24879864e+00  1.04157670e+01

molecule   8
  1.01437036e+01  2.47052789e-01  1.97401271e+00
  1.03094866e+01  5.66726254e-02  1.00751871e+00
  7.83142580e-01  1.11879157e-01  5.78598951e-01
  1.61973910e+00  1.98444386e-01  1.69284358e-02
  1.25734308e+00  1.12138099e+00  1.01249095e+01
  7.99790510e-01  2.00689793e+00  9.84568313e+00
  5.13792041e-01  2.52141787e+00  8.95375313e+00
  1.02008946e+01  3.15403298e+00  8.99442750e+00

molecule   9
  4.81990876e+00  2.54789176e+00  4.43039675e+00
  4.57880792e+00  3.48647296e+00  4.28800936e+00
  4.69508585e+00  4.35732849e+00  4.62393311e+00
  4.52862228e+00  5.02414403e+00  5.32121334e+00
  4.89952906e+00  5.89554776e+00  5.44813443e+00
  5.57883240e+00  6.49081616e+00  5.14272644e+00
  6.37180734e+00  6.19410303e+00  4.75530570e+00
  7.30116736e+00  5.82740132e+00  4.62134943e+00

molecule   10
  4.22405144e+00  6.29132289e+00  9.24305214e+00
  5.01748858e+00  6.25428612e+00  8.59780213e+00
  5.53871523e+00  5.74913450e+00  7.87713230e+00
  6.10534520e+00  4.94545024e+00  7.62022463e+00
  6.53961176e+00  4.33862593e+00  7.05746881e+00
  6.94144950e+00  3.76490337e+00  6.40634471e+00
  7.90301968e+00  3.37464278e+00  6.24943775e+00
  8.27523202e+00  2.58558592e+00  5.69098153e+00

molecule   11
  9.09523203e+00  2.27626126e+00  2.00300195e+00
  8.92575107e+00  1.44504983e+00  2.07624079e+00
  8.80169922e+00  5.07298038e-01  2.01280219e+00
  9.17466437e+00  1.03363704e+01  2.58796954e+00
  8.99898259e+00  9.85323813e+00  3.51570298e+00
  8.94340863e+00  8.98353618e+00  2.91804543e+00
  9.25686393e+00  8.15835113e+00  2.43012053e+00
  8.98661350e+00  7.26052580e+00  1.93629085e+00

molecule   12
  3.93262305e+00  9.49200724e+00  1.01713817e+01
  3.27873690e+00  1.00829464e+01  1.43374881e-01
  2.65605672e+00  4.06941975e-01  3.77974295e-01
  1.91254212e+00  9.52745802e-01  7.05392153e-01
  1.27539772e+00  8.52978599e-01  1.46770354e+00
  6.20098156e-01  7.71787727e-01  2.17411148e+00
  1.11675247e-01  5.82907249e-01  2.92704576e+00
  9.83910152e+00  4.41307202e-01  3.62077684e+00

molecule   13
  6.62519724e+00  1.04205263e+01  4.48807717e+00
  6.17360462e+00  9.75192850e+00  5.25613728e+00
  5.85360524e+00  9.36272868e+00  6.28890331e+00
  5.23343814e+00  9.26817104e+00  7.06296296e+00
  4.18313631e+00  9.33883903e+00  7.31267479e+00
  3.40777997e+00  9.17886907e+00  7.66442750e+00
  2.48456024e+00  9.01908885e+00  8.02013240e+00
  1.77864258e+00  9.74403463e+00  8.27169350e+00

molecule   14
  8.46369848e+00  7.43424979e+00  3.96556245e-01
  7.89939819e+00  6.85110389e+00  9.45989010e-01
  7.46195719e+00  6.25083353e+00  1.57813598e+00
  7.85218889e+00  5.36626153e+00  1.77252458e+00
  7.79648537e+00  4.41960816e+00  1.80619351e+00
  8.24105720e+00  3.64545611e+00  2.15082730e+00
  7.94572445e+00  2.67513307e+00  1.96601996e+00
  7.67680705e+00  1.79185194e+00  1.99758790e+00

molecule   15
  6.71385576e+00  5.00926386e+00  4.35107446e+00
  7.56372349e+00  5.48422292e+00  3.75049544e+00
  8.10804163e+00  5.30290158e+00  2.93641580e+00
  9.14680895e+00  5.46723551e+00  2.85084821e+00
  9.75424269e+00  6.02993967e+00  2.47094978e+00
  9.95213743e+00  6.92154527e+00  1.96311945e+00
  1.04081909e+01  7.71889207e+00  2.31654672e+00
  2.67211360e-01  8.41162376e+00  2.95717872e+00

molecule   16
  1.03289821e+01  6.07951065e-01  6.76975577e+00
  2.46366285e-01  7.18644431e-01  7.74026667e+00
  5.11416062e-01  7.14246249e-01  8.66530975e+00
  1.03025170e+01  4.93559890e-01  9.35649306e+00
  9.47819361e+00  1.87470297e-01  9.14412433e+00
  8.53797854e+00  1.03003633e+01  9.15807142e+00
  7.88552682e+00  9.58478160e+00  9.33886807e+00
  8.12867868e+00  8.76769306e+00  8.84726814e+00

molecule   17
  2.36225783e+00  1.04110320e+00  9.34402597e+00
  3.17246089e+00  1.64944120e+00  9.23793087e+00
  4.05243042e+00  1.90664585e+00  9.56271003e+00
  4.65144655e+00  2.59094118e+00  9.27606703e+00
  5.28293861e+00  3.35762469e+00  9.13075083e+00
  5.99873883e+00  3.83595293e+00  9.53697681e+00
  6.69713260e+00  4.36097771e+00  1.00283613e+01
  7.51748326e+00  4.77372936e+00  7.26274671e-02

molecule   18
  5.15931521e+00  1.03361948e+01  1.58317022e+00
  4.34892932e+00  9.72790527e+00  1.62461314e+00
  3.95266619e+00  8.90233534e+00  1.55156210e+00
  3.23441050e+00  8.34234473e+00  1.17260305e+00
  2.22019576e+00  8.41485976e+00  1.26731040e+00
  1.20283280e+00  8.51740266e+00  1.29820066e+00
  3.43744038e-01  8.35657220e+00  8.33742220e-01
  1.01414024e+01  8.76680311e+00  1.34623568e-01

molecule   19
  8.30900478e+00  1.00601984e+01  5.27686629e+00
  7.96128706e+00  1.00263178e+01  4.44570105e+00
  7.15887173e+00  9.60795585e+00  4.17491166e+00
  7.00661385e+00  8.96709607e+00  3.45178226e+00
  6.58132350e+00  9.00061474e+00  2.66272539e+00
  6.40977936e+00  9.04142245e+00  1.69808578e+00
  5.94307185e+00  9.59384222e+00  9.54506642e-01
  5.36575157e+00  9.38515731e+00  1.08923115e-01

molecule   20
  5.82000496e+00  3.53863864e+00  2.16787971e+00
  4.91673920e+00  3.47182919e+00  1.68975168e+00
  3.85514169e+00  3.58628127e+00  1.68402552e+00
  3.05657797e+00  3.87814026e+00  2.10924237e+00
  2.23021934e+00  4.13829172e+00  2.48135908e+00
  1.45391687e+00  4.15849431e+00  3.16482548e+00
  8.48392278e-01  3.98453125e+00  4.01270600e+00
  3.91463473e-01  4.70965267e+00  4.51689916e+00

molecule   21
  2.83670864e+00  1.10703053e+00  8.19644157e+00
  3.80255561e+00  1.40082986e+00  8.08617087e+00
  4.68235644e+00  1.51425289e+00  8.50355204e+00
  5.31569836e+00  1.72348481e+00  9.27648049e+00
  5.09321184e+00  1.72980186e+00  1.02685202e+01
  4.76732500e+00  1.60038347e+00  7.45862567e-01
  5.50481107e+00  8.09758269e-01  7.33882702e-01
  6.12887618e+00  1.20694842e-01  4.61586450e-01

molecule   22
  4.25403239e+00  8.00366039e+00  6.07830996e+00
  4.56763083e+00  8.92239229e+00  6.25535086e+00
  4.54719798e+00  9.94829097e+00  6.29883686e+00
  3.78938325e+00  1.03263669e+01  5.98037292e+00
  2.94327227e+00  2.31656841e-01  5.68097701e+00
  2.13061481e+00  6.79786759e-01  5.36828409e+00
  1.38440451e+00  9.41801344e-01  6.00614642e+00
  1.04163358e+00  1.08645957e+00  6.92382159e+00

molecule   23
  5.44119556e+00  2.56920924e+00  6.73673620e+00
  5.88287491e+00  1.80103851e+00  6.54291161e+00
  6.54272446e+00  1.12978688e+00  6.22757506e+00
  7.48558664e+00  8.51248487e-01  6.21041019e+00
  8.21059606e+00  8.59288070e-01  5.67529010e+00
  8.75944958e+00  7.26984800e-01  4.90675516e+00
  9.44074128e+00  1.08798289e-01  4.50052264e+00
  9.92189565e+00  9.71112608e+00  4.10204757e+00

molecule   24
  6.73731966e+00  5.90191555e+00  7.96364729e+00
  6.10531318e+00  6.62684147e+00  7.33761484e+00
  5.95408378e+00  5.99491356e+00  6.70298732e+00
  5.34405961e+00  5.14167997e+00  6.57434837e+00
  5.37638418e+00  4.27357631e+00  5.99682232e+00
  5.14047937e+00  3.42686730e+00  5.45161214e+00
  5.54947321e+00  2.53916773e+00  5.24545347e+00
  6.14534230e+00  1.72893326e+00  5.39890544e+00

molecule   25
  3.86707816e+00  6.54959375e+00  1.88170113e+00
  4.70407717e+00  6.83766538e+00  1.45554246e+00
  5.59947474e+00  7.29662089e+00  1.62505164e+00
  6.27516952e+00  7.27435301e+00  8.68818801e-01
  6.70089239e+00  6.55049101e+00  5.92942718e-01
  7.37445949e+00  6.07462026e+00  4.65437101e-02
  7.31476412e+00  7.05172383e+00  1.02465684e+01
  7.19267474e+00  7.38446803e+00  9.32364892e+00

molecule   26
  9.03435769e+00  5.22419846e+00  5.48346125e+00
  9.99002052e+00  5.47116025e+00  5.66742229e+00
  9.55718578e+00  6.22104471e+00  5.42662024e+00
  8.95270089e+00  6.78876067e+00  4.88939326e+00
  8.22070176e+00  6.96873807e+00  4.23671650e+00
  7.47406473e+00  6.67874467e+00  3.57561436e+00
  6.48699516e+00  6.89867819e+00  3.33199032e+00
  5.88236871e+00  7.39577983e+00  2.76110699e+00

molecule   27
  3.08256861e+00  4.09823044e+00  4.05902672e+00
  3.59138725e+00  3.78369580e+00  4.86765934e+00
  3.73886714e+00  2.76102272e+00  4.91399973e+00
  3.93407958e+00  1.84400615e+00  4.48625806e+00
  3.89294244e+00  8.67242844e-01  4.39011100e+00
  3.01199636e+00  6.48357369e-01  4.66922239e+00
  2.08606935e+00  2.84252251e-01  4.33208423e+00
  1.23857983e+00  1.03876913e+01  4.78707166e+00

molecule   28
  6.06518583e+00  8.05792875e+00  8.72996581e+00
  5.87346151e+00  7.49572967e+00  9.53381344e+00
  5.90486876e+00  6.54036976e+00  9.58925542e+00
  5.09491426e+00  6.09612162e+00  9.75028226e+00
  4.61961200e+00  6.09757288e+00  1.25898683e-01
  4.83755846e+00  5.79207493e+00  1.08754133e+00
  5.09580217e+00  6.07836963e+00  2.02831409e+00
  6.00168835e+00  6.32520380e+00  2.53943792e+00

molecule   29
  5.91309198e+00  3.56315101e+00  6.53801351e+00
  6.22743010e+00  2.95003513e+00  5.79967054e+00
  6.90410670e+00  2.97634057e+00  5.13732534e+00
  7.80535723e+00  3.40367807e+00  5.21000021e+00
  8.55353481e+00  3.20457939e+00  4.60889593e+00
  9.22437857e+00  2.92030636e+00  3.92000457e+00
  9.32717977e+00  2.11519609e+00  4.39694885e+00
  9.53204581e+00  1.22808769e+00  4.58477004e+00

molecule   30
  7.45221154e+00  1.21353795e-01  9.13417912e+00
  7.88093557e+00  8.04816418e-02  1.00172281e+01
  8.24713970e+00  1.04287403e+01  5.34504013e-01
  8.55612889e+00  9.59878352e+00  9.76451566e-01
  9.13172520e+00  8.89560050e+00  1.26543267e+00
  9.67909938e+00  8.18396380e+00  1.49805188e+00
  1.01731482e+01  8.85275224e+00  2.14312863e+00
  1.02383523e+01  9.86821800e+00  2.61466699e+00

molecule   31
  4.36137395e-01  4.79814361e+00  3.41507072e+00
  1.24803190e+00  5.39215866e+00  3.21772143e+00
  1.61104011e+00  5.14736484e+00  2.27142272e+00
  1.70540131e+00  5.60513062e+00  1.38048929e+00
  2.09666050e+00  6.04167727e+00  5.17577788e-01
  2.10637067e+00  6.85988205e+00  1.03745609e+01
  2.33384193e+00  7.24971421e+00  9.48004145e+00
  1.62761177e+00  7.35379968e+00  8.84974362e+00

molecule   32
  3.60535831e+00  4.48395418e+00  7.73867716e+00
  4.31182455e+00  3.77969542e+00  8.01902131e+00
  3.81046953e+00  3.06988480e+00  8.56454675e+00
  2.93350091e+00  2.53269996e+00  8.77291736e+00
  2.19827407e+00  1.91867875e+00  8.55671879e+00
  1.73029648e+00  2.45753190e+00  9.32360830e+00
  1.23963195e+00  3.10724361e+00  9.70436634e+00
  6.24434355e-01  3.91665457e+00  9.66911236e+00

molecule   33
  4.09927511e+00  9.88650180e-02  1.12833605e+00
  3.53928603e+00  8.36431829e-01  7.90993521e-01
  3.64836084e+00  1.73356033e+00  4.73675941e-01
  3.89015340e+00  2.57880460e+00  1.03770126e+01
  3.52847217e+00  3.13884311e+00  9.62453579e+00
  3.23415829e+00  3.83494984e+00  8.91598159e+00
  3.30049228e+00  4.84975978e+00  8.85931458e+00
  3.66871767e+00  5.75043553e+00  8.50013966e+00

molecule   34
  1.24781157e+00  4.38337953e+00  7.93778796e+00
  1.30385484e+00  5.33864594e+00  8.29590341e+00
  1.23075423e+00  6.18533371e+00  8.82557076e+00
  8.38743748e-01  6.72882735e+00  9.51773044e+00
  4.46188559e-02  7.04889177e+00  1.00989323e+01
  9.62318906e+00  6.71247816e+00  3.53132745e-02
  8.76412483e+00  6.71700303e+00  1.00187528e+01
  8.19817646e+00  6.78985748e+00  9.33049300e+00

molecule   35
  5.40541486e+00  8.36481015e+00  4.99637820e+00
  4.35546706e+00  8.46179313e+00  5.15171376e+00
  3.49195716e+00  8.01490144e+00  5.25546992e+00
  2.68826891e+00  8.59842654e+00  5.35387227e+00
  1.99855110e+00  9.13043779e+00  5.69016159e+00
  1.65294296e+00  9.60830919e+00  6.55435624e+00
  8.74661704e-01  9.01451723e+00  6.69307748e+00
  8.11568636e-03  8.43397681e+00  6.85535196e+00

molecule   36
  7.28853421e+00  7.74812746e+00  2.34833397e+00
  6.41367434e+00  8.03036064e+00  1.88401893e+00
  5.49810494e+00  8.37918217e+00  2.12667004e+00
  5.00916396e+00  8.63221620e+00  2.86560524e+00
  4.42812121e+00  9.30594294e+00  2.64645165e+00
  3.58196373e+00  9.75766925e+00  2.42947834e+00
  2.84890872e+00  9.07967827e+00  2.32278504e+00
  2.61734638e+00  8.20579986e+00  2.32469524e+00

molecule   37
  9.74455559e-01  7.80222472e+00  2.29678405e+00
  1.37150645e+00  8.64874854e+00  2.41725708e+00
  1.63621275e+00  9.51643627e+00  1.95381435e+00
  1.77942892e+00  9.97894138e+00  1.06402119e+00
  1.78429186e+00  9.63388370e+00  4.65918105e-02
  1.52680681e+00  9.97079383e+00  9.64121757e+00
  1.42074810e+00  4.57960543e-01  9.08705086e+00
  1.27475430e+00  1.32354443e+00  8.95661434e+00

molecule   38
  4.28299926e+00  6.94934245e+00  4.73324437e+00
  5.01793311e+00  7.37362644e+00  5.29514398e+00
  6.02883658e+00  7.45346120e+00  5.40309315e+00
  6.95034425e+00  7.07479757e+00  5.22640659e+00
  7.97252613e+00  6.86812388e+00  5.49338347e+00
  8.66426318e+00  6.12691035e+00  5.86500165e+00
  8.35808360e+00  5.28095444e+00  6.29101698e+00
  7.68163656e+00  4.66585274e+00  6.70513626e+00

molecule   39
  2.80899713e+00  9.95753776e+00  1.59963554e+00
  3.30741891e+00  9.38860751e+00  9.52438541e-01
  2.73352200e+00  8.93056554e+00  3.23917501e-01
  2.81693702e+00  9.24129183e+00  9.92202729e+00
  2.75361918e+00  1.00491222e+01  9.27657754e+00
  3.29343081e+00  3.77225523e-01  8.97935422e+00
  4.14874628e+00  6.89268447e-01  8.91001577e+00
  4.88408795e+00  7.45482876e-01  9.57404090e+00

molecule   40
  1.20747896e+00  8.95529066e+00  4.05684314e+00
  1.90254476e+00  9.39709333e+00  3.55125632e+00
  2.44324820e+00  1.01489459e+01  3.28846163e+00
  3.23632276e+00  2.07095694e-02  3.63532591e+00
  3.73007761e+00  1.00664064e+01  4.41856339e+00
  3.69210582e+00  9.40412048e+00  5.19542915e+00
  3.42410234e+00  9.31297683e+00  5.98856916e+00
  3.53741102e+00  8.71768950e+00  6.72550589e+00

molecule   41
  8.45680540e+00  1.10318700e+00  8.44713722e+00
  7.57366983e+00  1.15706733e+00  8.65507314e+00
  7.12573332e+00  1.50904255e+00  7.88922240e+00
  6.75798431e+00  1.83596511e+00  7.09353045e+00
  7.39478357e+00  1.90912885e+00  6.25454699e+00
  7.77342174e+00  1.40459641e+00  7.15498419e+00
  7.95924516e+00  4.95819927e-01  7.54593925e+00
  8.57379823e+00  1.01772224e+01  7.77385082e+00

molecule   42
  4.53502741e+00  2.54632726e+00  5.51518625e+00
  4.19280341e+00  3.43311711e+00  5.80721470e+00
  4.05722929e+00  4.11430526e+00  6.44013540e+00
  4.29832421e+00  5.04584072e+00  6.30646707e+00
  4.47014361e+00  6.01752436e+00  6.52563899e+00
  5.10891579e+00  6.74350855e+00  6.44254682e+00
  5.45122046e+00  7.63670588e+00  6.27350694e+00
  5.72746427e+00  8.48678084e+00  5.92412482e+00

molecule   43
  6.50295597e+00  8.34909041e+00  6.60636305e-01
  6.47386862e+00  9.13140715e+00  4.78502786e-02
  6.79136665e+00  9.90106704e+00  1.00252035e+01
  6.35696184e+00  9.88513130e+00  9.06106241e+00
  6.27312775e+00  9.78402011e+00  8.08514139e+00
  6.29064034e+00  9.23944739e+00  7.26751189e+00
  6.38239527e+00  8.35944866e+00  6.75115716e+00
  6.43912995e+00  7.37834094e+00  6.41826517e+00

molecule   44
  3.11020409e-01  8.29987746e+00  9.94289454e+00
  4.07924209e-01  8.56677597e+00  9.09986532e+00
  5.91804996e-01  8.88657596e+00  8.21359132e+00
  5.52237181e-01  9.89163163e+00  8.08809942e+00
  1.02587109e+00  8.96912847e-02  7.51721454e+00
  1.03434942e+00  1.04390276e+01  6.51450294e+00
  4.95216969e-01  9.84170759e+00  5.92386288e+00
  6.52440879e-01  9.29212968e+00  5.21166541e+00

molecule   45
  6.81853274e+00  4.80325264e+00  8.34549332e+00
  6.56294432e+00  3.87210486e+00  8.13885401e+00
  5.86138992e+00  3.27595849e+00  7.78275106e+00
  5.05942870e+00  2.73706917e+00  7.79406010e+00
  4.13149778e+00  2.83180298e+00  7.48480880e+00
  3.34046986e+00  3.42952811e+00  7.40505270e+00
  2.87854240e+00  4.10047454e+00  6.72776290e+00
  2.87002209e+00  4.87634185e+00  6.01802439e+00

molecule   46
  1.66857785e-01  2.97633750e+00  7.90523041e+00
  1.60247518e-01  3.83756698e+00  8.37930557e+00
  2.53531340e-01  4.68692084e+00  8.96275145e+00
  2.67322387e-01  5.74535171e+00  9.03515143e+00
  2.76809145e-03  6.69808147e+00  8.93842354e+00
  1.00098851e+01  7.64928391e+00  8.79846702e+00
  9.83808083e+00  8.59270364e+00  8.70655305e+00
  9.19517202e+00  9.30699862e+00  8.46768882e+00

molecule   47
  1.03957328e+01  8.21080739e+00  5.49006163e+00
  8.92697359e-01  7.97415815e+00  5.75442139e+00
  1.64163856e+00  8.14751329e+00  5.16065189e+00
  2.30660763e+00  7.93930529e+00  4.44903776e+00
  3.12870910e+00  7.37057731e+00  4.39838408e+00
  3.24241047e+00  6.39136126e+00  4.68954081e+00
  2.39105267e+00  5.84764542e+00  5.17174387e+00
  1.77272875e+00  5.24396631e+00  5.42423544e+00

molecule   48
  9.20295336e+00  3.32882291e+00  2.30720950e+00
  8.75680736e+00  2.66735607e+00  2.90156501e+00
  8.53267578e+00  2.09204830e+00  3.69063969e+00
  7.89793014e+00  1.38886683e+00  4.06457895e+00
  7.73874738e+00  6.80068958e-01  4.62851216e+00
  7.43193346e+00  1.81726281e-02  5.20556491e+00
  7.71866737e+00  1.03207088e+01  6.11635368e+00
  7.34140215e+00  1.03334860e+01  6.92864110e+00

molecule   49
  3.91909003e+00  3.68230423e+00  4.11831932e-01
  3.72255960e+00  4.41027384e+00  9.66352290e-01
  3.98912557e+00  4.70050511e+00  1.84824475e+00
  4.34083337e+00  5.24992280e+00  2.65663980e+00
  4.34447189e+00  6.16147252e+00  3.02949994e+00
  4.39436559e+00  6.96134897e+00  3.61312559e+00
  4.80965117e+00  7.70992564e+00  4.18213703e+00
  4.82376869e+00  8.70791682e+00  4.18079832e+00

molecule   50
  7.96572235e-01  3.65471531e+00  4.97497590e+00
  9.26572611e-01  3.19181166e+00  5.87829203e+00
  5.12317154e-01  3.08197764e+00  6.79085016e+00
  9.92589706e+00  2.95247542e+00  6.98349762e+00
  9.45121127e+00  2.12430290e+00  7.35175723e+00
  9.03453928e+00  1.28227374e+00  7.40120030e+00
  8.93680300e+00  3.92038617e-01  7.11308508e+00
  9.64590029e+00  1.01480914e+01  7.28577035e+00

molecule   51
  8.17820155e+00  6.66272598e+00  2.45266118e+00
  8.70584427e+00  7.10991027e+00  3.11345168e+00
  9.29016911e+00  7.67276174e+00  3.55229071e+00
  9.91203281e+00  8.28337583e+00  3.87168550e+00
  8.00325346e-02  8.97649044e+00  3.88528827e+00
  3.92457883e-01  9.91861409e+00  3.79636141e+00
  7.78825481e-01  4.38522689e-01  3.81738944e+00
  1.12401587e+00  1.14587680e+00  3.39951357e+00

molecule   52
  2.08273765e+00  3.74365529e+00  4.08386908e+00
  2.69507068e+00  3.50203499e+00  3.35668348e+00
  3.38482484e+00  2.83692359e+00  3.24231919e+00
  4.44568905e+00  2.87246252e+00  3.40258066e+00
  4.95567505e+00  2.08211046e+00  3.29607028e+00
  5.18925212e+00  1.14747058e+00  2.97548806e+00
  4.34464583e+00  9.97557835e-01  3.35259575e+00
  3.75577858e+00  1.71137498e+00  3.01089043e+00

molecule   53
  1.56358769e-01  5.35011349e+00  7.50316784e+00
  1.07153724e+00  5.53513847e+00  7.11248987e+00
  1.83212156e+00  5.97177502e+00  6.60154942e+00
  2.82129391e+00  6.02014202e+00  6.41013894e+00
  3.35742373e+00  5.75526786e+00  7.19932726e+00
  4.17671682e+00  5.29776033e+00  7.37616966e+00
  4.83129948e+00  4.77550148e+00  7.91935868e+00
  5.52055189e+00  4.52498288e+00  8.59012320e+00

molecule   54
  9.61659876e+00  9.89255304e+00  1.64759734e+00
  9.25860955e+00  1.55041675e-01  1.16890114e+00
  9.09362754e+00  1.13786110e+00  8.15701187e-01
  9.92903623e+00  1.26048340e+00  1.27484800e+00
  3.61642205e-01  1.69879465e+00  9.92663936e-01
  9.40964100e-01  2.49725363e+00  8.64280178e-01
  1.74122439e+00  2.84228589e+00  2.80933470e-01
  2.65687283e+00  2.78734079e+00  1.02830113e+01

molecule   55
  4.62587972e+00  1.01574080e+01  9.61822092e+00
  5.15994325e+00  9.30993748e+00  9.65657202e+00
  6.08601474e+00  9.03404736e+00  9.57057222e+00
  6.75133898e+00  8.80912167e+00  8.93504887e+00
  6.86289935e+00  8.30960871e+00  8.02710958e+00
  7.46109645e+00  8.33113334e+00  7.24215696e+00
  7.24596477e+00  9.19587647e+00  6.75336563e+00
  6.81353398e+00  9.73840468e+00  6.07976236e+00

molecule   56
  5.84061948e+00  9.06694057e+00  4.13010635e+00
  5.12032372e+00  9.49481587e+00  4.78269871e+00
  4.78055406e+00  1.02787800e+01  5.31951009e+00
  4.28090769e+00  5.80805853e-01  5.42002042e+00
  3.60691130e+00  1.17484735e+00  5.63672049e+00
  2.68929154e+00  1.51256956e+00  5.64995180e+00
  1.68409420e+00  1.79361805e+00  5.60390094e+00
  8.53371136e-01  2.12919337e+00  5.50138463e+00

molecule   57
  5.77007537e+00  2.61311603e+00  2.77064704e+00
  5.86084272e+00  3.05939368e+00  3.69203679e+00
  5.83147303e+00  3.35690223e+00  4.64855905e+00
  5.79207526e+00  4.28869364e+00  4.94986076e+00
  5.73969193e+00  5.22458288e+00  4.61486835e+00
  5.90165237e+00  5.60390482e+00  3.75630394e+00
  6.48101352e+00  5.42531768e+00  2.95423557e+00
  7.11401044e+00  5.97296996e+00  2.69251767e+00

molecule   58
  6.34564950e+00  9.86314329e+00  3.48206848e+00
  5.63690314e+00  7.88492067e-02  3.13292503e+00
  4.75619191e+00  1.15087418e-01  2.61655507e+00
  3.94464122e+00  3.61366319e-01  2.35761595e+00
  3.27803406e+00  3.41542280e-01  1.68207292e+00
  2.30408296e+00  4.52821874e-01  1.87983871e+00
  1.48645016e+00  3.26162290e-02  2.22024362e+00
  8.95950398e-01  9.95893773e+00  2.81411135e+00

molecule   59
  8.71433563e+00  6.17841586e+00  1.28568194e+00
  8.54127709e+00  5.92805876e+00  3.56573414e-01
  8.37096437e+00  5.14439696e+00  8.01531148e-01
  8.10169210e+00  4.13693703e+00  7.42146340e-01
  7.69053873e+00  3.23477797e+00  1.08682196e+00
  6.82802613e+00  2.73975827e+00  1.43257668e+00
  6.16378407e+00  3.47098247e+00  1.20668220e+00
  6.00123762e+00  4.43655151e+00  1.12186233e+00

molecule   60
  3.13036276e-01  6.28340438e-01  5.53062818e+00
  9.81914825e+00  4.20227374e-01  5.57464708e+00
  9.05386961e+00  1.04378418e+01  5.87808617e+00
  8.58146880e+00  1.00086254e+01  6.58895646e+00
  8.99247875e+00  9.24424641e+00  7.18636388e+00
  9.70092206e+00  8.54817643e+00  7.51728762e+00
  5.49983257e-02  8.01788966e+00  7.95697945e+00
  5.56741533e-01  7.51643758e+00  8.62147409e+00

molecule   61
  2.57320027e+00  6.53223202e-01  2.82381950e+00
  2.67530141e+00  1.16740533e+00  3.68847344e+00
  1.99471447e+00  1.50371392e+00  4.26347917e+00
  1.11963714e+00  1.94963439e+00  4.46362448e+00
  6.43951676e-01  2.81552067e+00  4.25979170e+00
  1.03367841e+01  2.62163124e+00  3.74135438e+00
  9.81479155e+00  2.31838042e+00  2.96300382e+00
  1.00624995e+01  1.74477495e+00  2.21937290e+00

molecule   62
  9.48946083e+00  4.14450487e+00  7.60507763e+00
  8.78882712e+00  4.77396454e+00  7.89796917e+00
  8.49265885e+00  5.69168389e+00  8.00861222e+00
  8.76216366e+00  6.13498986e+00  7.16248882e+00
  8.99385178e+00  6.92405660e+00  6.54067018e+00
  9.36138488e+00  7.67301760e+00  6.14561816e+00
  9.46866701e+00  8.62549147e+00  6.33755192e+00
  9.71046255e+00  9.61623153e+00  6.17173950e+00

molecule   63
  7.85986747e+00  1.23411765e+00  3.24120775e-02
  7.24614871e+00  1.33508535e+00  9.77158749e+00
  6.34572848e+00  1.53306046e+00  9.45381452e+00
  6.34563978e+00  8.70739521e-01  8.66798955e+00
  6.89365544e+00  2.18843240e-01  8.16554125e+00
  7.35886657e+00  9.72347898e+00  8.04432781e+00
  8.10377786e+00  9.22649342e+00  7.92057430e+00
  8.49772418e+00  8.33685522e+00  7.98822895e+00

molecule   64
  6.21763285e-01  5.77646825e+00  1.32546936e+00
  6.04341336e-01  5.37064834e+00  4.93977966e-01
  1.32542009e+00  4.77317040e+00  2.60401727e-01
  1.98714241e+00  3.96845186e+00  1.72065650e-01
  2.32157456e+00  3.97742834e+00  9.60325215e+00
  2.28917315e+00  3.38604679e+00  8.79621649e+00
  2.29685814e+00  2.77004583e+00  8.03498825e+00
  3.02901687e+00  2.15430634e+00  7.70993939e+00

molecule   65
  2.39439408e+00  3.45003410e-01  6.60942106e+00
  2.45690723e+00  1.32551669e+00  6.78300269e+00
  2.26741894e+00  2.34617978e+00  6.65641900e+00
  1.86111736e+00  3.15965182e+00  6.83629382e+00
  2.04507539e+00  3.76427254e+00  7.48600326e+00
  2.29705534e+00  4.55881586e+00  8.02123145e+00
  2.67971881e+00  5.51517262e+00  8.11424420e+00
  2.48865678e+00  6.57422162e+00  8.26758805e+00

molecule   66
  9.06917726e+00  1.22076450e+00  3.45907782e+00
  8.30658561e+00  5.16892085e-01  3.62979711e+00
  7.97809032e+00  1.03239428e+01  2.87040704e+00
  6.98576448e+00  1.01065537e+01  2.63377748e+00
  6.07649104e+00  9.93970486e+00  2.31701163e+00
  5.36548688e+00  9.32917016e+00  1.81997919e+00
  4.97154403e+00  8.88397903e+00  9.29471725e-01
  4.21534326e+00  8.67527246e+00  3.73668009e-01

molecule   67
  2.63671130e+00  7.77380499e+00  7.02529647e+00
  2.69450722e+00  7.95070563e+00  8.00476089e+00
  2.58382601e+00  8.27626943e+00  8.83498014e+00
  1.70721009e+00  8.63831588e+00  8.75239641e+00
  1.35825820e+00  8.76972047e+00  9.63325280e+00
  9.71801305e-01  9.10361124e+00  1.03452910e+01
  8.07876500e-01  9.59168646e+00  7.98553777e-01
  5.68774799e-01  9.75048464e+00  1.82331177e+00

molecule   68
  6.40395000e+00  1.90471428e+00  2.24342299e+00
  5.86344558e+00  2.05050733e+00  1.44136410e+00
  5.36456786e+00  2.49942013e+00  6.14486575e-01
  4.36949360e+00  2.74472481e+00  7.87104361e-01
  3.39400389e+00  2.79051456e+00  9.83901474e-01
  2.64222612e+00  2.58938749e+00  1.48191006e+00
  2.28762056e+00  2.70795406e+00  2.49367186e+00
  1.68644425e+00  3.09634717e+00  3.18750109e+00

molecule   69
  7.07914562e+00  5.10872919e+00  9.78447873e-01
  6.33818534e+00  5.08445579e+00  2.64136071e-01
  5.67805167e+00  4.64601061e+00  1.01776023e+01
  4.84597057e+00  4.26815236e+00  9.90182616e+00
  3.85142617e+00  4.20842403e+00  9.77913535e+00
  3.08074946e+00  4.36338422e+00  1.04082243e+01
  2.83012462e+00  3.84938182e+00  7.72000258e-01
  2.13556571e+00  3.47141334e+00  1.39910444e+00

molecule   70
  3.46875425e+00  6.22303232e+00  3.37241688e+00
  2.80790009e+00  5.58715899e+00  3.90321413e+00
  1.82868153e+00  5.45330038e+00  4.21743984e+00
  1.32176565e+00  6.35750471e+00  4.14295176e+00
  1.26392310e+00  7.24090577e+00  4.59257676e+00
  1.43938464e+00  7.06039838e+00  5.50846979e+00
  1.46934210e+00  6.88083599e+00  6.54156251e+00
  1.49849685e+00  6.77436990e+00  7.57961179e+00

molecule   71
  2.40755419e+00  1.00101708e+01  7.46596885e+00
  2.26894783e+00  3.68436710e-01  7.84805913e+00
  1.64071221e+00  1.09461815e+00  8.01696113e+00
  1.20101786e+00  2.03299991e+00  8.05234641e+00
  1.25171067e+00  2.92922221e+00  7.74293810e+00
  1.29395909e+00  3.39859589e+00  8.66814399e+00
  1.48471386e+00  4.31874994e+00  9.02872151e+00
  2.09769168e+00  5.11635073e+00  8.87524600e+00

molecule   72
  8.83532516e+00  4.62750153e+00  9.88678744e+00
  9.11456987e+00  4.20995402e+00  2.43996528e-01
  9.93824156e+00  4.00240639e+00  8.08786423e-01
  1.00595136e+01  3.26912698e+00  1.92338708e-01
  1.02491188e+01  2.37597644e+00  1.03072958e+01
  1.01390991e+01  1.49969144e+00  1.83973299e-01
  9.11693771e-02  6.90178664e-01  1.03915197e+01
  5.56547231e-01  1.03440239e+01  9.86648293e+00

molecule   73
  9.60602618e+00  5.87753233e+00  7.92480832e+00
  9.41044606e+00  5.80147083e+00  8.86733546e+00
  9.43207674e+00  5.71489261e+00  9.95141238e+00
  9.61205065e+00  5.31410673e+00  3.22194324e-01
  1.01033655e+01  5.95624295e+00  9.53277197e-01
  1.01101392e+01  5.14969266e+00  1.37629523e+00
  4.31217458e-01  4.60428543e+00  1.12813037e+00
  5.11101336e-01  3.69526502e+00  5.62941186e-01

molecule   74
  3.01949856e+00  6.10688678e+00  2.17614733e+00
  2.86903745e+00  6.53873505e+00  1.22171569e+00
  2.70165835e+00  7.43105596e+00  7.17482219e-01
  3.08648067e+00  7.90248293e+00  1.03817603e+01
  3.80733180e+00  7.75154457e+00  9.67224805e+00
  3.94761386e+00  8.14578576e+00  8.76647345e+00
  3.71127296e+00  8.05512281e+00  7.77449671e+00
  3.65221039e+00  7.38673330e+00  7.02897072e+00

molecule   75
  8.83763848e+00  3.95639042e+00  3.66118522e+00
  7.95083687e+00  3.95608700e+00  3.28620232e+00
  7.18237277e+00  4.61886906e+00  3.10812434e+00
  7.49935170e+00  4.48424546e+00  4.02822554e+00
  7.20580570e+00  4.23080184e+00  4.93963242e+00
  6.66781064e+00  4.59492916e+00  5.65223145e+00
  6.18613247e+00  5.39875339e+00  5.90376907e+00
  6.44047081e+00  6.37747022e+00  5.89251925e+00

molecule   76
  3.55355943e-01  4.75255344e+00  2.29583336e+00
  1.02790677e+01  3.83823786e+00  2.21277112e+00
  1.01331605e+01  2.92715692e+00  1.96261491e+00
  1.01711860e+01  2.50349761e+00  1.09817889e+00
  9.33168189e+00  2.08920618e+00  6.78694961e-01
  8.41949470e+00  1.85948128e+00  1.12571185e+00
  7.96803156e+00  1.02572923e+00  1.20546061e+00
  7.30890710e+00  4.48330817e-01  7.18086816e-01

molecule   77
  7.81421141e+00  2.16382105e+00  8.58143868e+00
  8.52301822e+00  2.38862569e+00  9.16178614e+00
  8.50023548e+00  1.40175050e+00  9.38752940e+00
  8.99121200e+00  6.92560041e-01  9.84434519e+00
  9.33235980e+00  1.03472303e+01  1.02555505e+01
  9.16651919e+00  9.44368567e+00  1.46902932e-01
  8.91274784e+00  8.49536290e+00  2.88483030e-01
  9.45324904e+00  7.71091578e+00  4.21193795e-01

molecule   78
  4.94064940e+00  1.33411146e+00  1.76097151e+00
  5.70039886e+00  7.54940251e-01  1.72372728e+00
  6.49158015e+00  1.24703681e+00  1.41576591e+00
  7.00849231e+00  1.71645286e+00  7.50826367e-01
  7.34540513e+00  2.10731448e+00  1.03839857e+01
  7.04036262e+00  2.52733231e+00  9.63294090e+00
  6.76811329e+00  2.91148514e+00  8.68687983e+00
  6.16098939e+00  2.09817904e+00  8.34660710e+00

molecule   79
  3.49762420e+00  5.66014177e+00  7.64078164e-01
  2.58204522e+00  5.20109647e+00  1.11190357e+00
  2.05004945e+00  4.56322104e+00  1.47830488e+00
  1.21417352e+00  4.10645396e+00  1.68973388e+00
  8.37815555e-01  3.59779119e+00  2.51592997e+00
  1.77125239e-01  3.58826387e+00  3.31329507e+00
  1.00973487e+01  3.56311514e+00  4.02968718e+00
  9.52574011e+00  3.62408752e+00  4.89077367e+00

molecule   80
  3.52862219e+00  5.46601023e-01  6.85842646e+00
  3.12957663e+00  1.00625396e+01  6.72396349e+00
  2.55522077e+00  9.28427267e+00  6.79064436e+00
  1.92417302e+00  8.69188924e+00  7.25513887e+00
  1.22164650e+00  8.19402259e+00  7.48922517e+00
  6.59500149e-01  7.53977172e+00  6.95825123e+00
  1.03941278e+01  7.33609895e+00  6.25136000e+00
  3.38016715e-01  6.88037082e+00  5.45117909e+00

molecule   81
  5.96572839e+00  1.67699926e+00  4.11053797e-01
  6.32668521e+00  2.50848109e+00  3.07704197e-01
  6.97636817e+00  3.31523253e+00  3.76320668e-01
  7.72645467e+00  3.47847969e+00  1.03168525e+01
  8.60535626e+00  3.67702334e+00  9.76477898e+00
  9.18275794e+00  3.78641171e+00  9.00121750e+00
  9.27020977e+00  2.99640112e+00  8.48242369e+00
  8.66882878e+00  2.49824146e+00  7.88620137e+00

molecule   82
  7.61327741e+00  5.41350594e+00  7.46768641e+00
  7.75768599e+00  4.39226589e+00  7.88000414e+00
  8.27961860e+00  3.77784299e+00  7.26426684e+00
  8.67693946e+00  4.22737690e+00  6.51401692e+00
  9.43326975e+00  4.86666656e+00  6.42425913e+00
  9.71319657e+00  5.73909242e+00  6.75909873e+00
  9.92131500e+00  6.69070821e+00  6.95836434e+00
  9.52811940e+00  7.57526796e+00  7.32879920e+00

molecule   83
  1.03686150e+01  9.86129950e+00  9.19997193e+00
  9.97007250e+00  9.13092905e+00  9.60137913e+00
  9.45538138e+00  8.26425433e+00  9.81074623e+00
  9.16119646e+00  7.41326567e+00  9.30020752e+00
  9.18912971e+00  6.92355763e+00  8.36536466e+00
  8.54714252e+00  7.08190660e+00  7.62421862e+00
  8.02890925e+00  7.46559006e+00  6.86378555e+00
  7.51287414e+00  7.74989403e+00  6.05860423e+00

molecule   84
  3.25246625e-01  4.26954921e+00  6.92440379e+00
  1.01789359e+01  3.85075823e+00  6.26561341e+00
  1.21769979e-01  4.20987711e+00  5.48560673e+00
  6.21243428e-01  5.05732206e+00  5.47990553e+00
  9.83272162e-01  5.88370112e+00  5.23944280e+00
  7.87586119e-01  6.14162082e+00  6.19839612e+00
  4.11059866e-01  6.31795551e+00  7.03356153e+00
  4.38225868e-01  6.53295796e+00  7.96699778e+00

molecule   85
  3.30877915e+00  1.02115745e+01  7.96285243e+00
  4.34406823e+00  1.01933459e+01  7.87693688e+00
  5.26754734e+00  1.01828074e+01  7.61335844e+00
  5.71509120e+00  4.40983481e-02  6.83660117e+00
  5.92294364e+00  1.22375880e-01  5.86849950e+00
  6.02151434e+00  7.29943265e-01  5.03603120e+00
  6.66416987e+00  1.04154888e+00  4.32725902e+00
  6.89984402e+00  7.49089693e-01  3.44082949e+00

molecule   86
  4.51527229e+00  7.67317578e+00  2.15425645e-01
  3.71406946e+00  7.13544819e+00  2.50421842e-01
  3.17608418e+00  6.63810182e+00  1.00560088e+01
  3.20401150e+00  6.80694809e+00  9.03154036e+00
  3.85017835e+00  6.89257033e+00  8.24438533e+00
  4.73691535e+00  6.84357852e+00  7.75311915e+00
  4.75653168e+00  7.33641466e+00  8.73829685e+00
  4.91315495e+00  7.96218532e+00  9.47554585e+00

molecule   87
  1.36198766e+00  7.76865148e+00  9.88040183e+00
  1.19267850e+00  7.32723649e+00  3.00842429e-01
  1.79420163e+00  7.02682364e+00  1.05498078e+00
  2.09269402e+00  6.94773853e+00  2.05169131e+00
  2.97446097e+00  7.23529019e+00  2.21228196e+00
  3.69625215e+00  7.63766067e+00  1.75548354e+00
  4.58579277e+00  7.88443174e+00  1.43254228e+00
  4.78505359e+00  7.53765873e+00  2.37836583e+00

molecule   88
  2.57501092e+00  1.40709158e+00  1.40607994e+00
  3.52252052e+00  1.44616496e+00  1.77940316e+00
  4.27627090e+00  2.07698501e+00  2.24888706e+00
  4.25050849e+00  3.11125043e+00  2.46141993e+00
  4.62820611e+00  3.74434718e+00  3.07304726e+00
  4.27468595e+00  4.48094608e+00  3.56897050e+00
  3.56821898e+00  5.11019547e+00  3.30079761e+00
  2.99103476e+00  5.05895240e+00  2.58951808e+00

molecule   89
  8.03531634e+00  8.13443241e+00  3.27992548e+00
  8.72944130e+00  8.67808120e+00  3.90110456e+00
  9.19423730e+00  9.06603584e+00  4.71334378e+00
  9.81466365e+00  9.84037339e+00  5.14638784e+00
  5.29605897e-02  1.03651809e+01  4.71985891e+00
  1.03662992e-01  8.95135602e-01  4.58218032e+00
  1.03363635e+01  1.89623342e+00  4.64641847e+00
  1.02826770e+01  2.81745925e+00  4.99405466e+00

molecule   90
  2.80167636e-01  1.63542706e+00  2.99519837e+00
  1.10348921e+00  1.96617045e+00  2.68635093e+00
  1.55753827e+00  2.13128868e+00  1.87160164e+00
  1.81639799e+00  1.94637178e+00  8.92610914e-01
  2.57516249e+00  1.61731691e+00  3.12338272e-01
  3.29007167e+00  1.00911961e+00  1.02001235e+01
  4.25166071e+00  8.37309387e-01  1.03602580e+01
  4.91052350e+00  1.89245064e-01  1.09441308e-01

molecule   91
  3.17877294e+00  4.88758325e+00  4.78146592e+00
  3.95187404e+00  5.31100954e+00  4.33156088e+00
  4.82338594e+00  5.65896715e+00  4.06824026e+00
  5.32055356e+00  6.51148088e+00  3.76974224e+00
  5.95438816e+00  7.31784759e+00  4.08408112e+00
  6.66604549e+00  8.05404580e+00  4.23163661e+00
  7.07030497e+00  8.50212750e+00  5.02753322e+00
  7.78422217e+00  8.84667146e+00  5.52464275e+00

molecule   92
  6.60777358e+00  8.10570970e+00  9.99170298e+00
  7.44230149e+00  7.98415475e+00  1.24209768e-01
  7.88641705e+00  8.07149129e+00  9.50854973e-01
  7.60345780e+00  8.73762868e+00  1.67796029e+00
  7.73802423e+00  9.08654638e+00  2.66704601e+00
  7.95630988e+00  9.37887913e+00  3.61804956e+00
  7.80912169e+00  8.85518780e+00  4.32895031e+00
  7.84933960e+00  7.92881170e+00  4.50343820e+00

molecule   93
  8.72032483e+00  4.71596889e+00  2.19103438e+00
  9.29586532e+00  4.14623218e+00  1.65907200e+00
  9.02080921e+00  3.24631110e+00  1.20886531e+00
  8.92988463e+00  2.87549960e+00  2.51478222e-01
  9.29359366e+00  2.63195884e+00  9.75954770e+00
  9.65204923e+00  1.74130301e+00  9.47434983e+00
  9.74209357e+00  1.21259188e+00  8.70998545e+00
  9.76502329e+00  3.49689288e-01  8.18913949e+00

molecule   94
  7.19890816e+00  7.36594093e+00  8.05491562e+00
  7.59757764e+00  6.57473628e+00  7.54740032e+00
  7.61461185e+00  6.09097026e+00  6.60450303e+00
  7.34478209e+00  5.35791426e+00  6.05547200e+00
  7.95707330e+00  5.13564361e+00  5.33107864e+00
  8.43326667e+00  5.47345088e+00  4.51411195e+00
  9.12856076e+00  5.78060799e+00  3.86962747e+00
  9.57298362e+00  6.67311855e+00  3.59365961e+00

molecule   95
  1.74530211e+00  2.82205454e+00  4.86398203e+00
  2.49144883e+00  2.66861995e+00  5.51020119e+00
  3.33600170e+00  2.55374669e+00  6.11428740e+00
  3.90865899e+00  1.93896067e+00  6.30325244e+00
  4.31040277e+00  1.38174655e+00  6.97547975e+00
  4.90720730e+00  8.47112873e-01  7.60842424e+00
  5.46179188e+00  6.03035862e-01  8.42052690e+00
  5.78184873e+00  2.51306008e-01  9.23697744e+00

molecule   96
  9.71386901e+00  4.58010092e+00  3.02289416e+00
  1.01074792e+01  5.44854882e+00  3.38698974e+00
  1.03992281e+01  6.43224519e+00  3.18819434e+00
  2.77406104e-01  7.18078315e+00  3.56101907e+00
  1.07785834e+00  7.83037705e+00  3.41638415e+00
  2.04138889e+00  7.94343394e+00  3.22947429e+00
  3.07244764e+00  7.78981379e+00  3.28543629e+00
  3.80316893e+00  8.45397326e+00  3.18912364e+00

molecule   97
  4.27640510e-01  2.00641728e+00  6.72007834e+00
  1.02717986e+01  1.95969700e+00  5.94415103e+00
  9.31537124e+00  1.77389573e+00  5.47797465e+00
  8.36698641e+00  1.67923375e+00  5.21485941e+00
  7.38247452e+00  1.94968896e+00  5.18172146e+00
  6.60654369e+00  2.08857461e+00  4.51189647e+00
  6.25191723e+00  1.77352430e+00  3.53150302e+00
  6.24211342e+00  1.09206227e+00  2.81052289e+00

molecule   98
  8.09545468e+00  7.42409616e+00  8.46959007e+00
  8.28681667e+00  7.91255388e+00  9.27681057e+00
  8.19123241e+00  8.58100496e+00  9.96245546e+00
  7.64803182e+00  8.98149504e+00  1.94999571e-01
  7.24581252e+00  9.37171489e+00  8.92745622e-01
  6.89679141e+00  9.95964157e+00  1.43871661e+00
  7.42591492e+00  2.60963107e-01  1.72677452e+00
  7.76627442e+00  9.13313467e-01  2.40905008e+00

molecule   99
  3.53506588e+00  6.86883753e+00  6.03927494e+00
  2.63450774e+00  6.96898088e+00  5.73652363e+00
  2.30812164e+00  6.91901992e+00  4.68961822e+00
  2.31704087e+00  6.59447778e+00  3.94811041e+00
  1.93796042e+00  6.26201508e+00  3.23397688e+00
  1.30743942e+00  6.65830179e+00  2.51580592e+00
  7.08078980e-01  6.83117358e+00  1.66843409e+00
  1.73327774e-01  7.12145609e+00  8.18503582e-01
