BOUNDARY

cubic       1.0455159000e+01

MOLECULES

species               0
nMolecule           100

molecule            0
    3.4793282138e+00    7.8013640283e+00    8.9367236463e-01
    3.5968612897e+00    7.1522587505e+00    1.6425939260e+00
    3.9554066943e+00    6.8237742943e+00    7.7194086049e-01
    3.2635408437e+00    6.5978771263e+00    1.1044741969e-01
    2.5210333837e+00    6.3565383441e+00    6.7718804240e-01
    3.3335425803e+00    5.7605094012e+00    1.0245573641e+00
    3.7827951200e+00    4.8797217640e+00    8.9342542919e-01
    2.8178800624e+00    4.5913290314e+00    8.9593291301e-01

molecule            1
    2.9790228029e+00    5.1556543936e+00    9.9835677361e+00
    2.2123793169e+00    5.5102118078e+00    9.4791575591e+00
    2.2324270628e+00    5.1813886724e+00    8.4882455126e+00
    1.8889215373e+00    5.5510108656e+00    7.6255455114e+00
    1.1715333826e+00    4.8866240891e+00    7.4505705558e+00
    2.3415692349e-01    5.1464549307e+00    7.6896100793e+00
    1.8415932870e-01    4.1265475533e+00    7.7733726019e+00
    3.5311924323e-01    4.2985093463e+00    8.7384971284e+00

molecule            2
    8.0205294644e+00    1.0210540982e+01    6.5107359861e-01
    8.7488772661e+00    3.6707895120e-01    9.1276551365e-01
    9.3492910585e+00    4.1188679932e-01    1.6545039067e+00
    9.6334108460e+00    9.9098798954e+00    1.6823891742e+00
    9.1349235782e+00    9.0176277275e+00    1.5939121206e+00
    9.8056407099e+00    9.1583745234e+00    9.0078233855e-01
    1.0171849080e+01    8.6016538536e+00    1.6792854977e+00
    1.0380372460e+01    8.1889420331e+00    8.1009536227e-01

molecule            3
    3.9313432378e+00    5.6966709098e+00    1.7104097418e-01
    4.1858372160e+00    6.4995157418e+00    1.0124401315e+01
    3.6488724510e+00    7.0786264705e+00    9.4999648323e+00
    4.2923567109e+00    6.4787037104e+00    9.0149570566e+00
    3.7738511366e+00    5.6714258405e+00    9.3121950325e+00
    4.4912923533e+00    5.0020042596e+00    9.1107223110e+00
    3.8210615137e+00    4.5360277828e+00    8.4836419084e+00
    3.3585267365e+00    5.2312577089e+00    7.8862058093e+00

molecule            4
    3.1593502619e+00    1.0256929668e+01    6.3866449075e+00
    3.1621345233e+00    6.5568469495e-01    5.8059797392e+00
    4.0037409960e+00    1.1279210509e+00    6.1473669545e+00
    3.3693403208e+00    7.8089674461e-01    6.8227589216e+00
    2.7671125077e+00    1.5219147458e+00    7.0333779905e+00
    2.6666586196e+00    1.5260147028e+00    6.0732315936e+00
    2.3331019183e+00    2.4337146712e+00    5.7184811997e+00
    1.3950381919e+00    2.1513976761e+00    5.6629456139e+00

molecule            5
    4.3061697978e+00    1.6375836501e+00    3.6839995923e+00
    4.2969177984e+00    2.6015332766e+00    3.4209783691e+00
    4.5976497129e+00    3.5212653486e+00    3.4471983650e+00
    5.2868335251e+00    2.8135512821e+00    3.3154111936e+00
    5.9475220716e+00    2.5165101280e+00    3.9960816153e+00
    6.4253317094e+00    2.0211955248e+00    4.7907562420e+00
    7.1955075297e+00    1.9126732352e+00    4.1339174579e+00
    7.4139721361e+00    2.0205657377e+00    5.0899585714e+00

molecule            6
    2.1601044108e+00    5.2926490689e+00    1.7337073730e-01
    1.8672137111e+00    4.3404607804e+00    2.8947129194e-01
    1.0669767200e+00    4.9223598849e+00    2.3479539406e-01
    1.4259956528e+00    4.7493144925e+00    9.8031689700e+00
    5.1418839490e-01    4.3015762766e+00    9.8519538492e+00
    3.6280393772e-01    3.8406150629e+00    2.5323960563e-01
    7.0786614269e-02    2.8925939270e+00    3.8938579814e-01
    3.0606985974e-01    2.9381959143e+00    9.8834725602e+00

molecule            7
    7.0427530335e+00    6.7541663535e+00    4.4466464059e+00
    7.9363880338e+00    6.4686567400e+00    4.0599285423e+00
    7.5576533724e+00    6.3234759474e+00    3.1439371772e+00
    7.8319544697e+00    5.4616910336e+00    3.5471286065e+00
    8.3326763942e+00    5.0735025035e+00    4.3167526552e+00
    8.4069425081e+00    4.2771447073e+00    4.9420626399e+00
    8.5824970505e+00    3.4178335538e+00    5.3505906878e+00
    7.6405462772e+00    3.5128471949e+00    5.2240750470e+00

molecule            8
    6.4467103287e-01    7.4347421008e+00    1.2205554686e+00
    1.5230617966e+00    7.8527925954e+00    1.5561484572e+00
    2.4211909447e+00    7.4016343815e+00    1.2924528455e+00
    2.7471401867e+00    8.2163864462e+00    1.7454062275e+00
    3.0142944048e+00    8.9788061725e+00    2.2953266626e+00
    2.5023811602e+00    8.5330947927e+00    3.1254627870e+00
    3.2081827457e+00    9.0803161163e+00    3.5017472501e+00
    3.9575630217e+00    8.5912381193e+00    3.1008884924e+00

molecule            9
    3.4722576494e+00    3.0914093533e+00    9.8664473849e+00
    3.5231369754e+00    2.8059251940e+00    8.9482802616e+00
    4.3066811096e+00    2.1713209222e+00    8.8148823825e+00
    4.1121433520e+00    1.1925499668e+00    8.8182450248e+00
    4.7972085021e+00    9.4482544227e-01    9.5239307285e+00
    5.6208404911e+00    4.8689738862e-01    9.9092459421e+00
    5.3273652841e+00    8.9318234149e-01    3.0363401057e-01
    5.7993252369e+00    1.2084356156e-02    3.7212238807e-01

molecule            10
    8.9924530476e+00    1.5810590847e+00    8.9875141465e+00
    8.9416178778e+00    1.0163162606e+00    8.2005762851e+00
    8.4488541503e+00    4.6571314860e-01    7.5701301385e+00
    7.6329369230e+00    6.8833672963e-01    8.1284091440e+00
    7.4747818409e+00    1.0870541790e+00    9.0615852489e+00
    7.6940850258e+00    6.7419697510e-01    9.9478712910e+00
    8.4607269089e+00    1.2884948033e+00    9.9793961337e+00
    7.7173401031e+00    1.7489520353e+00    2.0917573283e-02

molecule            11
    9.3823065541e+00    4.5061523372e+00    6.4045472886e+00
    1.0308431824e+01    4.4131689770e+00    6.8486463629e+00
    7.4810716991e-01    3.9880416300e+00    6.6478175524e+00
    1.5592186092e+00    3.5989861480e+00    6.1529392124e+00
    1.8631270101e+00    4.2244418724e+00    5.3871979923e+00
    1.9991303442e+00    3.5573631844e+00    4.7148438981e+00
    2.8467409248e+00    3.1591981509e+00    5.0578509444e+00
    3.0828968149e+00    3.1084704301e+00    6.0160794715e+00

molecule            12
    9.8818894239e+00    1.0371095426e+01    4.7854400121e-01
    1.0397218135e+01    2.4697768870e-01    1.2634908943e+00
    4.0507216536e-01    5.6184225389e-01    4.1802531760e-01
    3.0269754246e-01    1.3035958746e+00    1.0254027251e+01
    1.0045087623e+01    1.9601080645e+00    9.9300808084e+00
    9.5688162580e+00    1.1661337649e+00    1.0380573136e+01
    9.0751465704e+00    4.4393349206e-01    9.9016357154e+00
    8.7276032077e+00    1.3838970303e-01    9.0225675642e+00

molecule            13
    9.4724633027e-01    5.7426647204e+00    9.5475805542e+00
    1.0334991686e+00    6.2879352421e+00    1.0419499983e+01
    7.8207842151e-01    7.2197205361e+00    4.6563021159e-02
    1.0271673763e+01    7.0267251290e+00    1.0261465877e+01
    1.0181590578e+01    6.3907834020e+00    5.5267026951e-01
    1.0149400200e+01    5.9024741810e+00    1.0118122042e+01
    1.0137120281e+01    4.9617371227e+00    9.7649020311e+00
    1.0120465960e+01    5.5758613037e+00    8.9601244748e+00

molecule            14
    7.9108250606e+00    4.6719132215e+00    9.3994833412e-01
    7.8873769861e+00    4.4108279313e+00    1.0415533381e+01
    7.8858769451e+00    4.4383744741e+00    9.4242214283e+00
    7.1891349593e+00    4.9992197793e+00    9.9296476717e+00
    6.4094099588e+00    4.4110153958e+00    9.9798254807e+00
    6.0428999933e+00    4.6467596919e+00    9.0874045756e+00
    6.1740701748e+00    3.6510021445e+00    9.2233380678e+00
    5.3844023944e+00    4.0881384439e+00    9.6750720251e+00

molecule            15
    1.5495481155e+00    1.0576694083e+00    9.1353323400e+00
    1.6375559963e+00    8.1066644478e-02    8.8304601424e+00
    1.4273279196e+00    9.8660751904e+00    8.1631672226e+00
    1.5668210701e+00    8.8724191871e+00    8.0242309306e+00
    2.4146262322e+00    9.3909891193e+00    7.8574471823e+00
    2.6403017952e+00    9.3109845284e+00    6.8815686315e+00
    3.4242694845e+00    9.4332222685e+00    7.4452521815e+00
    3.4116281192e+00    1.0008614783e+01    8.2579673666e+00

molecule            16
    9.9083845039e+00    9.5891368342e-01    9.3990331582e+00
    1.0297314642e+01    1.3520116071e-01    9.8462651686e+00
    7.9210024870e-01    1.0283145872e+01    9.9249994336e+00
    1.6538523704e+00    9.8365073385e+00    1.0242453969e+01
    1.5979409923e+00    9.3762059978e+00    9.3484897258e+00
    1.7197147459e+00    8.6775378212e+00    1.0082540816e+01
    1.9705888806e+00    8.8122862478e+00    5.8889294511e-01
    2.7465794450e+00    8.2110690917e+00    3.7009116539e-01

molecule            17
    9.4311119459e-02    7.6915805303e-01    3.3396430004e+00
    1.0290115272e+01    1.0314531333e+01    3.4258549679e+00
    9.6169885226e+00    3.4899149750e-01    4.0740213247e+00
    9.1437203437e+00    1.0452243428e+01    4.9086541558e+00
    9.6049424375e+00    7.7649127821e-01    5.2984731830e+00
    1.0169885516e+01    1.6594521733e-01    5.9400390058e+00
    1.0091042129e+01    9.9671224014e+00    5.2196362782e+00
    9.2168692485e+00    9.4721269732e+00    5.0056311577e+00

molecule            18
    3.6823301631e+00    3.9459665720e+00    5.4827734917e+00
    4.2303283299e+00    3.8500444997e+00    4.6403937077e+00
    3.7346713036e+00    4.6450972003e+00    4.2486581188e+00
    3.3635893212e+00    4.1820270098e+00    3.4672090734e+00
    3.4869928292e+00    3.3607429827e+00    4.0271213486e+00
    3.5473177922e+00    3.1301531162e+00    3.1083324266e+00
    3.9055171650e+00    3.7896454941e+00    2.4238202192e+00
    4.5212513539e+00    4.4918401746e+00    2.4234037543e+00

molecule            19
    5.7381691098e+00    7.5527147872e+00    1.2531402083e+00
    5.1340484276e+00    8.1363824674e+00    7.0761406763e-01
    4.7149269747e+00    7.4528423310e+00    7.3277856523e-02
    5.2454400046e+00    7.0821271161e+00    9.7577351695e+00
    5.4942295764e+00    6.3356130012e+00    1.0427819758e+01
    5.5976476487e+00    5.7208532559e+00    7.7262912399e-01
    4.6924668468e+00    5.9104994618e+00    9.8648412894e-01
    5.3483674755e+00    6.6651302111e+00    9.7136076100e-01

molecule            20
    7.5122030740e+00    5.2964810328e+00    2.0086927429e+00
    7.5794769741e+00    6.2718430844e+00    1.7963593328e+00
    7.3983965775e+00    7.1136074950e+00    2.2497091935e+00
    6.5837687850e+00    6.9291196446e+00    1.7436313042e+00
    6.8631711401e+00    6.2975891394e+00    1.0612636253e+00
    7.5799876401e+00    7.0215641994e+00    1.0771792170e+00
    8.2426770109e+00    6.3209341958e+00    7.2927936750e-01
    7.7896677592e+00    6.8720266346e+00    3.5549523666e-03

molecule            21
    6.9523653774e+00    3.0291268458e+00    3.8836852141e+00
    6.9127181099e+00    2.4519761321e+00    3.0783164023e+00
    6.8838373165e+00    2.4854175275e+00    2.0778058667e+00
    6.1010825967e+00    2.2318913251e+00    2.5990764194e+00
    5.1737605628e+00    2.2781645657e+00    2.3112106582e+00
    5.1636390876e+00    1.7785725833e+00    3.1687752379e+00
    5.3913814708e+00    8.4871455434e-01    3.4236266325e+00
    5.9774234263e+00    1.3905715698e+00    3.9880722262e+00

molecule            22
    5.3697605235e+00    4.9497594606e-01    7.8137810304e+00
    4.5287900239e+00    1.0663994528e+00    7.6854485397e+00
    3.8628218353e+00    2.9831996767e-01    7.5605404845e+00
    4.3005502958e+00    3.1543024440e-01    6.6954611646e+00
    4.8215682125e+00    1.0321616177e+01    5.9683788990e+00
    5.2090084052e+00    9.6114405654e+00    6.6002734047e+00
    4.2466851696e+00    9.4103037777e+00    6.6745569168e+00
    3.4070436225e+00    9.0460275191e+00    6.1944724362e+00

molecule            23
    1.5945380442e+00    6.6868713613e-01    2.2206383859e+00
    2.3278106308e+00    1.0405984939e+00    1.5837984239e+00
    1.5142060905e+00    1.3283989678e+00    1.0843732284e+00
    1.1251462092e+00    3.9423356388e-01    1.3413763782e+00
    6.0909318491e-01    9.0484613730e-02    2.1147850295e+00
    1.0484201552e+00    9.8107289559e+00    2.6696112531e+00
    9.6728413286e-01    9.9761219893e+00    3.6949869992e+00
    1.8548680194e+00    9.8060369723e+00    3.3663299263e+00

molecule            24
    9.4031421180e+00    7.4730970704e+00    9.8046235487e+00
    8.6696493188e+00    8.1221183525e+00    9.9124596293e+00
    7.8734002078e+00    8.4767795558e+00    9.4416176588e+00
    7.7882010561e+00    9.1361554190e+00    8.6881270276e+00
    8.5486630654e+00    8.5381134596e+00    8.6918032564e+00
    8.4042101293e+00    8.3231851804e+00    7.7370894372e+00
    8.3324730076e+00    7.4353185806e+00    8.1942803427e+00
    8.6333625595e+00    7.5770560381e+00    9.0933199194e+00

molecule            25
    9.0589115517e+00    4.4560028087e+00    1.7647846927e+00
    8.6205693802e+00    3.5649661878e+00    1.6844298531e+00
    7.7436446828e+00    3.9609349634e+00    1.9935351145e+00
    6.9823652891e+00    4.1534742739e+00    1.3680620409e+00
    6.2047400352e+00    4.6668015003e+00    1.7428669595e+00
    5.2531163610e+00    5.0553069361e+00    1.6918149553e+00
    4.2778390887e+00    5.2125657012e+00    1.6381620175e+00
    3.5449517422e+00    5.7594564840e+00    2.0555213061e+00

molecule            26
    1.0091860137e+01    9.1317871825e+00    7.7530785101e+00
    5.8070659843e-01    9.2824511032e+00    8.1171319037e+00
    1.0085410793e+00    9.5120319511e+00    7.2764919095e+00
    1.7116804901e+00    9.8529059823e+00    6.6066418253e+00
    2.1958769789e+00    1.0304924287e+01    7.2891477909e+00
    2.0561457681e+00    8.0980396842e-01    7.3912545489e+00
    2.5333952784e+00    1.3616313973e+00    8.1004585844e+00
    2.5133441536e+00    5.8045044788e-01    8.6965120784e+00

molecule            27
    3.6085229298e+00    7.3538069539e+00    8.4765991812e+00
    3.7912258900e+00    8.3040497252e+00    8.5287575882e+00
    3.8211025542e+00    8.3504800110e+00    7.5063212649e+00
    4.6142556243e+00    7.9340671145e+00    7.8368945336e+00
    5.2595096282e+00    7.3404287366e+00    7.3075529808e+00
    4.7165894462e+00    6.8593176991e+00    6.6371954066e+00
    4.0504901112e+00    7.3720306154e+00    7.1360374810e+00
    3.0888070361e+00    7.5744491607e+00    7.2404234477e+00

molecule            28
    7.0703231425e-01    6.0756202345e+00    6.5409746887e+00
    1.0847611122e+00    6.3513963340e+00    5.6668040656e+00
    1.2491503243e+00    6.1517779462e+00    4.7120517401e+00
    1.8208930512e+00    6.8639254022e+00    5.0979465519e+00
    2.0599966469e+00    6.6620168916e+00    4.1346023044e+00
    1.4184760288e+00    7.4250966680e+00    4.2103313772e+00
    1.0216297526e+00    7.9386287793e+00    4.9909666141e+00
    2.0747517856e-01    7.7574014600e+00    4.4951252034e+00

molecule            29
    1.4804542102e+00    9.4480733905e+00    1.8483138083e+00
    9.0891730606e-01    8.7437931643e+00    1.3769261729e+00
    4.9085685456e-01    9.5491953302e+00    1.0450609024e+00
    1.2001843867e-02    9.5427144321e+00    1.8710318297e-01
    3.5977743267e-01    8.7075994930e+00    1.0245179740e+01
    2.3204036096e-01    9.4694550933e+00    9.6381750869e+00
    9.7501384721e+00    9.1657019814e+00    9.8491357213e+00
    1.0156538343e+01    8.2430978025e+00    9.6140816928e+00

molecule            30
    6.7909478892e-01    4.7794589525e+00    3.2104749386e+00
    1.0266795067e+01    4.3165168038e+00    3.3693812674e+00
    9.4983139292e+00    4.0543340484e+00    2.7792060041e+00
    9.0388367076e+00    4.8917107332e+00    3.0288942000e+00
    9.8417501141e+00    5.5198556304e+00    3.2432109160e+00
    9.4854596726e+00    5.8901965235e+00    2.4037208971e+00
    5.0135548940e-02    5.7204457807e+00    2.4376205577e+00
    4.2443500896e-01    6.4809775456e+00    1.8264854653e+00

molecule            31
    6.9355133493e-01    5.6971186256e+00    1.0698760840e+00
    4.0436129143e-01    4.9819160599e+00    1.7623100552e+00
    1.3114863947e+00    4.8762324050e+00    1.4527793707e+00
    1.9815578852e+00    5.5847490304e+00    1.2124362222e+00
    2.1004987428e+00    5.8908910934e+00    2.1253649889e+00
    2.5019291690e+00    6.7501747135e+00    2.1786442402e+00
    2.1855553784e+00    7.6532112958e+00    2.4358573621e+00
    2.1607264255e+00    7.6003189406e+00    3.4663995293e+00

molecule            32
    5.7928988933e+00    3.9074576452e+00    2.9729463817e+00
    6.4212662926e+00    3.3375758672e+00    2.4469497891e+00
    7.2956446702e+00    3.4357581681e+00    2.9748063518e+00
    6.9199306577e+00    4.2768720252e+00    2.5249353062e+00
    6.7714266550e+00    4.2876210220e+00    3.5506571648e+00
    7.5211761871e+00    4.0087326517e+00    4.1901795154e+00
    8.3321078353e+00    3.9278416909e+00    3.6450688135e+00
    8.2807584258e+00    3.0884224779e+00    3.0704178110e+00

molecule            33
    7.8632888162e+00    8.1043387470e+00    1.5705731925e+00
    7.5417075886e+00    8.0117912187e+00    6.2038508631e-01
    7.1531398704e+00    7.6374161009e+00    1.0273826032e+01
    6.5970688856e+00    6.7784691723e+00    7.3304381348e-02
    6.7250583721e+00    5.8049715383e+00    9.1129224647e-02
    7.2746309920e+00    5.9889663060e+00    9.7072431167e+00
    6.9197067306e+00    6.8776890142e+00    9.4998462084e+00
    7.5877033342e+00    6.8968384529e+00    8.7617036462e+00

molecule            34
    1.0267929411e+01    4.5724748812e+00    5.4424879046e+00
    7.4319197261e-01    4.2070793852e+00    5.1812220777e+00
    9.7272788580e-01    5.1612643153e+00    5.1258056290e+00
    1.6492680207e+00    4.7550915547e+00    4.4709284481e+00
    2.4766057302e+00    4.4869513790e+00    4.0169218586e+00
    1.9216424035e+00    4.2757242876e+00    3.2225437949e+00
    1.5090766480e+00    4.4578038787e+00    2.3766081250e+00
    6.3023276511e-01    4.0459159072e+00    2.2574382496e+00

molecule            35
    9.7728903960e+00    4.6107358193e+00    8.5557253519e+00
    9.9819777169e+00    3.7696862778e+00    9.0209231763e+00
    9.7876129761e+00    3.4773598589e+00    8.0539547850e+00
    1.6190013452e-01    3.0570249190e+00    7.7508794279e+00
    1.0429468398e+00    2.5082004402e+00    7.6298823097e+00
    6.2326264358e-01    2.7491228915e+00    6.7141399872e+00
    8.1928857300e-01    1.7737602204e+00    6.4668388493e+00
    1.6737195208e+00    1.8529517412e+00    6.9931987544e+00

molecule            36
    5.9533411799e+00    3.5801742600e-03    1.9268171127e+00
    5.2511681361e+00    4.3075956548e-01    1.4442983633e+00
    4.8149496193e+00    1.0093108774e+01    1.8107243143e+00
    4.1462111520e+00    9.4560474871e+00    2.1725433941e+00
    4.5480759696e+00    9.8238137815e+00    2.9920857313e+00
    5.5739551289e+00    9.8570575553e+00    2.9717136632e+00
    5.2336397970e+00    9.4157329390e+00    3.8313824330e+00
    5.5476983940e+00    1.0333178688e+01    4.0434717477e+00

molecule            37
    4.2581964290e-01    8.5749332168e+00    2.5700847125e+00
    1.3057720848e+00    8.1984253073e+00    2.9166600409e+00
    1.3368873234e+00    8.9101113076e+00    3.6423006819e+00
    2.2113697121e+00    8.6145152238e+00    4.0609992222e+00
    2.0824609959e+00    9.3818914421e+00    4.6987777788e+00
    1.8865461734e+00    8.5447492434e+00    5.2257659668e+00
    2.0079209876e+00    8.8445271917e+00    6.1404783744e+00
    1.4814896185e+00    8.0628035748e+00    6.2680138216e+00

molecule            38
    1.7073684199e+00    7.8712804275e+00    7.4542836627e+00
    2.4805067476e+00    8.0708338712e+00    8.0930507481e+00
    1.8148435861e+00    7.3800138548e+00    8.4950184796e+00
    1.6321043424e+00    6.8539518923e+00    7.6878106914e+00
    2.0670427898e+00    6.3264743622e+00    8.4689211961e+00
    3.0890261883e+00    6.4352575870e+00    8.5008445937e+00
    3.6163205763e+00    6.4022334445e+00    7.6677940162e+00
    4.4800991429e+00    6.8178875963e+00    7.9983907014e+00

molecule            39
    4.5143165933e+00    2.9528404141e+00    8.2863016963e+00
    5.2936913796e+00    3.3204056505e+00    8.8104954976e+00
    5.7355835377e+00    2.5312900747e+00    8.4144280964e+00
    5.2756846417e+00    1.6104281760e+00    8.5329275548e+00
    5.7952880340e+00    1.6363726659e+00    7.6947012608e+00
    6.5530576649e+00    1.4454708280e+00    7.0102571267e+00
    6.6313098990e+00    9.2296311091e-01    7.8181001945e+00
    6.3968035813e+00    1.3509141592e+00    8.6720046089e+00

molecule            40
    2.4625979586e+00    3.8561221131e+00    9.3683941478e+00
    2.7335833178e+00    4.1215172069e+00    1.0313690898e+01
    2.3388736793e+00    3.1769158260e+00    2.1427671942e-02
    2.6660741481e+00    2.2960871453e+00    1.0138538064e+01
    2.0167224765e+00    1.5629837949e+00    1.0216172249e+01
    2.0786471295e+00    6.0265004457e-01    9.8872540579e+00
    1.6915573576e+00    3.4758883840e-01    2.9524960897e-01
    2.5230452854e+00    8.3299046275e-01    4.2033601352e-01

molecule            41
    6.0361859691e+00    1.3162988905e+00    5.8168771082e+00
    6.4490277330e+00    7.7756589666e-01    5.0508397864e+00
    7.2707638759e+00    7.1552771313e-01    4.4282414612e+00
    8.0549057083e+00    4.3511809007e-01    4.9935829167e+00
    8.5933812472e+00    1.2315092463e+00    5.2079169590e+00
    8.1319885789e+00    1.9060402962e+00    5.7902839920e+00
    7.3496088841e+00    1.5644291841e+00    6.3175147925e+00
    7.9509092964e+00    2.1544034853e+00    6.8147617688e+00

molecule            42
    6.5251460423e+00    7.6556789914e+00    5.1185302933e+00
    6.5472678382e+00    7.6328230980e+00    4.1119569380e+00
    6.7005719307e+00    7.8632738892e+00    3.2369267376e+00
    7.5546616450e+00    8.2447885806e+00    3.6366102837e+00
    8.2477139016e+00    8.8556676719e+00    3.4464782756e+00
    7.6039966774e+00    9.5554630722e+00    3.7427104092e+00
    8.3347916932e+00    9.5583209773e+00    4.4259919677e+00
    8.5255404580e+00    1.5862286163e-02    4.1272190299e+00

molecule            43
    4.5099353710e+00    9.4599447193e+00    7.7606781747e+00
    5.4507226275e+00    9.5949028941e+00    7.9706331663e+00
    5.1635788513e+00    8.6701886819e+00    8.2821830945e+00
    5.2252483881e+00    8.5746483795e+00    9.2985918662e+00
    6.0718264375e+00    8.1747297174e+00    9.6421601423e+00
    5.6380790045e+00    7.5727872486e+00    8.9284909682e+00
    6.0130508557e+00    7.7021016274e+00    8.0318666918e+00
    6.7406232507e+00    8.1343347606e+00    8.5805580735e+00

molecule            44
    6.4406405579e+00    9.2105330870e+00    5.5314439796e+00
    6.2561801142e+00    8.9177227125e+00    4.5670702587e+00
    7.2001434937e+00    8.7828530202e+00    4.8791066685e+00
    8.1566864518e+00    8.5434376022e+00    5.0524951369e+00
    9.1514674920e+00    8.3673721375e+00    4.9482814358e+00
    9.6833101471e+00    8.4684334169e+00    4.1291736191e+00
    1.0436794610e+01    8.8274697235e+00    4.7394913525e+00
    1.2670120921e-01    9.1704818667e+00    3.8387547906e+00

molecule            45
    8.0126107810e+00    2.6932308424e+00    8.2856942598e+00
    8.1105603309e+00    2.3248150930e+00    9.1935142681e+00
    8.8718550867e+00    2.5964777193e+00    9.6825526317e+00
    8.7333259480e+00    3.5182991810e+00    9.3420683800e+00
    9.2698608697e+00    2.9126188819e+00    8.7667723675e+00
    1.0255865809e+01    2.6997320922e+00    8.6789938227e+00
    1.0305948938e+01    1.7853477382e+00    8.4853481117e+00
    9.8973980620e+00    9.8999453019e-01    8.0901748001e+00

molecule            46
    8.0110167689e+00    7.3179370115e+00    3.1140614084e+00
    8.6688709260e+00    7.9016485584e+00    3.6052532158e+00
    8.5434111148e+00    8.2257073280e+00    2.6549731706e+00
    8.9724477811e+00    7.4585295318e+00    2.1594593202e+00
    9.9092526892e+00    7.4653878898e+00    1.8192284648e+00
    1.0098356267e+01    6.7746171701e+00    2.4833536927e+00
    9.5057360641e+00    7.1615037526e+00    3.1596207157e+00
    9.9198911464e+00    7.9449720784e+00    2.7238358939e+00

molecule            47
    6.9691704501e+00    4.1206129136e+00    5.8120023520e+00
    7.3990068543e+00    3.3202548866e+00    6.1713679662e+00
    7.2545598732e+00    3.0840329703e+00    7.1072347433e+00
    6.3179306897e+00    2.8583811561e+00    7.2168053780e+00
    6.4335780132e+00    3.8201288713e+00    7.5752423260e+00
    6.8802659976e+00    4.6993993281e+00    7.3342602215e+00
    7.1343509047e+00    4.6506856564e+00    8.2852369654e+00
    6.1348618143e+00    4.8306574680e+00    8.0669272934e+00

molecule            48
    3.1792805269e+00    7.6285090494e+00    2.9868435623e+00
    4.0960868960e+00    7.7084818033e+00    2.5616538268e+00
    3.7755528496e+00    6.7882916798e+00    2.7832987784e+00
    2.9414419049e+00    6.4530923736e+00    3.3035557052e+00
    3.5799767793e+00    7.0369372687e+00    3.8227940752e+00
    3.1050278314e+00    6.8143558956e+00    4.6470154077e+00
    3.3159105897e+00    6.6575140470e+00    5.5583469762e+00
    3.7878660341e+00    6.3479316149e+00    6.3770385939e+00

molecule            49
    3.9106543678e+00    7.8530155608e+00    4.5840742531e+00
    3.1764358089e+00    8.1728727184e+00    4.0212758362e+00
    3.0410069420e+00    8.9614067204e+00    4.6744734225e+00
    3.4063761734e+00    8.4335595654e+00    5.4059414721e+00
    3.4435020769e+00    7.6726513068e+00    6.0343286471e+00
    2.6253898293e+00    7.4185575308e+00    5.4635310023e+00
    2.3787192794e+00    6.5624739937e+00    5.9423518488e+00
    1.6207955814e+00    7.0005854903e+00    6.4734893275e+00

molecule            50
    3.2606600022e+00    1.0191163618e+01    9.7810336493e+00
    2.6874560192e+00    1.0073298771e+01    8.9967706580e+00
    2.6868166561e+00    9.0716577269e+00    9.0581580275e+00
    3.0308114738e+00    8.5065701154e+00    9.8211195679e+00
    3.9705431043e+00    8.1549252452e+00    9.8202917485e+00
    3.9242796226e+00    9.1541557973e+00    9.6842106450e+00
    4.3709254980e+00    9.5763999483e+00    8.8896676339e+00
    4.5489986105e+00    1.0359753918e+01    8.3537454777e+00

molecule            51
    9.7393053742e+00    2.5469789951e+00    7.4222764134e+00
    1.0093486315e+01    2.9605108053e+00    6.5964926525e+00
    9.3202054162e+00    3.5026440846e+00    6.8043228052e+00
    8.7452047113e+00    3.2460884133e+00    7.5877593019e+00
    7.9901580910e+00    3.9268005405e+00    7.6457050338e+00
    8.0980157916e+00    4.8911819450e+00    7.5363344373e+00
    7.9315509742e+00    5.2968207589e+00    6.6517334936e+00
    8.1668512284e+00    4.4899341278e+00    6.0843770913e+00

molecule            52
    1.7625399070e+00    1.8562415493e+00    8.4234555342e+00
    1.0588957144e+00    2.4667795984e+00    8.7794086807e+00
    4.6043549158e-01    1.9005465170e+00    9.3088019582e+00
    5.9535892401e-01    8.6848499919e-01    9.3889952965e+00
    3.4406241734e-01    3.6425694372e-01    8.5316969432e+00
    1.0858936517e+00    3.1681816980e-01    7.8641484968e+00
    1.0208616676e+00    1.1303059194e+00    7.2932164093e+00
    7.5186799012e-01    1.5393975875e+00    8.1575443786e+00

molecule            53
    6.2548825316e+00    5.8450764694e+00    8.3379824361e+00
    5.5046251163e+00    6.2849205692e+00    8.8401306545e+00
    5.2438398552e+00    5.8295412424e+00    7.9775599264e+00
    4.5408575351e+00    5.8168922254e+00    7.3047776069e+00
    4.5697467749e+00    4.8906416056e+00    7.7144630817e+00
    5.1158321339e+00    4.4594803212e+00    8.3578528847e+00
    4.6052968969e+00    3.8842806471e+00    7.7495458697e+00
    5.1019718764e+00    3.1221522260e+00    7.3958166105e+00

molecule            54
    6.7127077640e+00    9.4996096984e+00    8.7563530659e+00
    6.6151649226e+00    6.6426230995e-02    8.8157331892e+00
    7.5746324522e+00    1.0233075683e+01    8.9183514006e+00
    7.6406738133e+00    1.0021163963e+01    7.9201698063e+00
    6.6727367127e+00    9.8835725471e+00    7.8267625422e+00
    6.8180564193e+00    8.8673882529e+00    7.6067367219e+00
    6.0221894366e+00    8.8651038352e+00    7.0677025284e+00
    6.4544000483e+00    9.6708872580e+00    6.6372082453e+00

molecule            55
    2.7142771145e+00    5.7418279056e+00    4.4467971665e+00
    3.5334923382e+00    5.6415322402e+00    5.0501632277e+00
    4.0556425123e+00    6.3589914708e+00    4.5896311358e+00
    4.7824663039e+00    6.7551967133e+00    5.1678793949e+00
    5.4598328158e+00    6.4047757127e+00    4.4984854667e+00
    4.7418914874e+00    7.0033670086e+00    4.1583543226e+00
    4.3575289376e+00    7.7018698938e+00    3.5293370511e+00
    4.7154052325e+00    6.8772544806e+00    3.1184856222e+00

molecule            56
    1.6946027803e+00    3.7544265389e+00    1.3630240026e+00
    1.6292761394e+00    2.9406941491e+00    1.8748695480e+00
    1.8970576252e+00    2.0912483220e+00    1.5521175226e+00
    2.6166830303e+00    2.2638964355e+00    8.9967444499e-01
    2.9654657827e+00    2.9409243830e+00    1.5783716939e+00
    3.9020648744e+00    3.1042757355e+00    1.6540962361e+00
    4.0857209358e+00    2.1677265117e+00    1.9511220751e+00
    3.1583767141e+00    2.1762504174e+00    2.3459032762e+00

molecule            57
    7.2335257688e+00    3.1302001556e+00    1.3314386025e+00
    7.8980808577e+00    2.3579411593e+00    1.3455624138e+00
    7.0145517968e+00    2.0586294888e+00    1.0458938364e+00
    7.2977257389e+00    1.3228786271e+00    1.5554588586e+00
    6.9037636698e+00    6.7660143598e-01    2.1132045816e+00
    6.1414113467e+00    1.1854177768e+00    2.5096477572e+00
    6.2947048178e+00    1.2789274379e+00    1.5086730121e+00
    6.0304039249e+00    1.6632330137e+00    5.9854035021e-01

molecule            58
    5.5926154636e+00    3.6826563873e+00    2.7586325577e-01
    5.5721830065e+00    3.6390556875e+00    1.2407459547e+00
    6.1029229855e+00    2.8368482338e+00    1.2202235416e+00
    6.6677671430e+00    2.9609538631e+00    4.1863985031e-01
    7.4090159534e+00    3.6341285669e+00    4.0938056917e-01
    8.3864860920e+00    3.6936621026e+00    5.1917474927e-01
    9.1721937517e+00    3.7772685678e+00    1.0327012694e+01
    9.8133778103e+00    3.5846291174e+00    5.9289529303e-01

molecule            59
    9.2756241738e+00    6.8523222259e+00    8.4197073070e+00
    9.3748938457e+00    7.7694967077e+00    8.1868375565e+00
    1.0144822392e+01    7.3909793434e+00    7.7048286097e+00
    3.5315431310e-01    6.7975938566e+00    7.3004278320e+00
    6.5204715400e-01    7.3968749968e+00    8.0630720507e+00
    1.8838360836e-01    6.5425992350e+00    8.4347824794e+00
    4.5784738501e-01    6.6292064253e+00    9.4019494056e+00
    1.0157513628e+01    7.1642771932e+00    9.0187671641e+00

molecule            60
    9.3072099324e+00    3.2578508888e+00    4.2630214597e+00
    9.8887953076e+00    3.1169524653e+00    5.1153987086e+00
    1.0284443794e+01    3.8003346606e+00    4.4680747712e+00
    5.3354026882e-01    3.6469531329e+00    3.7344370773e+00
    1.0222447657e+01    3.0750547883e+00    3.3883967240e+00
    9.4951605930e+00    2.4768135116e+00    2.9923186812e+00
    8.7558729217e+00    2.2222047035e+00    2.3386152463e+00
    8.0892690570e+00    1.7866300760e+00    2.8838185217e+00

molecule            61
    1.0276467919e+01    3.2913013909e+00    2.2396120616e+00
    3.4656974145e-01    2.4100291218e+00    2.3059886220e+00
    8.5686258648e-01    2.9570387453e+00    2.9639639356e+00
    6.7698212205e-01    2.2858416937e+00    3.6766016035e+00
    1.0684294543e+00    1.5880842711e+00    4.2479633331e+00
    2.0385792311e+00    1.8550722631e+00    4.3772847990e+00
    2.9292994786e+00    2.2151305779e+00    4.6149288118e+00
    3.2154424718e+00    2.1210657163e+00    3.6555258911e+00

molecule            62
    5.5453163644e+00    4.5995424099e+00    4.4377727527e+00
    6.0287841187e+00    3.7838286150e+00    4.2328410860e+00
    5.6119610738e+00    3.0920055212e+00    4.8401773661e+00
    5.1230557011e+00    3.6863328109e+00    5.5313529703e+00
    5.9311359147e+00    3.5050126093e+00    6.1232097965e+00
    5.9397790068e+00    2.6003051526e+00    5.6865963550e+00
    5.4620062376e+00    2.2822846443e+00    6.5017836975e+00
    5.1331286109e+00    1.8275559485e+00    5.7328765908e+00

molecule            63
    4.9751832893e+00    2.8607819654e+00    1.6735321455e-01
    4.9451986643e+00    2.2332715911e+00    9.8342566150e+00
    5.9048723530e+00    2.3067645541e+00    1.0144310212e+01
    6.7142268557e+00    2.0586175664e+00    9.6398774004e+00
    5.9030185789e+00    1.4430512457e+00    9.5457649888e+00
    6.6565191328e+00    7.8208587570e-01    9.7620742195e+00
    6.8571903175e+00    8.7411099375e-02    1.0408688264e+01
    6.8778908190e+00    1.0361689510e+00    3.2026178671e-01

molecule            64
    1.1924340461e+00    1.0558875267e+00    3.2908713419e+00
    1.0735484321e+00    1.6570986009e+00    2.4561019401e+00
    3.5866732976e-01    1.0386925113e+00    2.0381171317e+00
    1.0102858652e+01    5.8115035425e-01    2.5253023237e+00
    1.0145201446e+01    1.5362473641e+00    2.8084172217e+00
    9.3595274620e+00    1.0963572910e+00    3.2279293295e+00
    9.1143980626e+00    1.3201868258e+00    4.1800948099e+00
    8.3617837788e+00    1.1217823997e+00    3.5809825937e+00

molecule            65
    4.8968709746e+00    8.6362589393e+00    4.4684539682e+00
    5.5996672150e+00    8.1402922660e+00    3.9562427183e+00
    6.0819703845e+00    8.9113989638e+00    3.5803574498e+00
    5.5521478794e+00    8.6725662215e+00    2.7774069360e+00
    5.5826413025e+00    9.0869641762e+00    1.8886347718e+00
    5.9439794311e+00    8.8644335809e+00    1.0172383620e+00
    6.7763641446e+00    8.3812316970e+00    1.2839103206e+00
    6.4981690106e+00    8.1070605670e+00    2.2086677798e+00

molecule            66
    9.5079230982e+00    6.2947945339e+00    3.7651926477e+00
    8.6911987054e+00    6.3053467079e+00    3.2277071648e+00
    8.3513479836e+00    5.7094729883e+00    2.4966545019e+00
    8.6358164812e+00    6.1226253473e+00    1.6251796978e+00
    9.4965422510e+00    6.5887009285e+00    1.5144579881e+00
    1.0043035817e+01    5.7793518959e+00    1.3883509876e+00
    1.0073374798e+01    4.7889061776e+00    1.1392404908e+00
    3.4508718571e-04    5.1405987406e+00    3.3934217313e-01

molecule            67
    6.2466993352e+00    6.7262288274e+00    3.6446829411e+00
    5.9629925790e+00    7.1887569523e+00    2.8011690791e+00
    5.2285265683e+00    7.3163461834e+00    2.1599648985e+00
    5.0337674130e+00    6.3469373870e+00    2.3036520774e+00
    5.6898892487e+00    5.6711342619e+00    2.6074410136e+00
    6.5412819999e+00    5.9622011659e+00    2.1612520021e+00
    6.8528503631e+00    5.4633657471e+00    2.9862323491e+00
    6.2506597233e+00    5.2820375303e+00    3.7630474816e+00

molecule            68
    7.9962943339e+00    6.2675100760e+00    6.5806174042e+00
    8.8622934293e+00    5.8211418319e+00    6.2734726887e+00
    8.4641573607e+00    5.3340697758e+00    5.4625286411e+00
    8.9442727184e+00    6.1300004954e+00    5.0730343807e+00
    9.4224105114e+00    5.4425030323e+00    4.5557093984e+00
    1.0045004841e+01    6.1608957126e+00    4.8931011069e+00
    9.6970087370e+00    7.0911066411e+00    5.0755508879e+00
    1.0104589601e+01    7.9269716532e+00    5.4436091001e+00

molecule            69
    4.3828767529e+00    7.7928704882e+00    1.4293095668e+00
    4.6728641769e+00    8.4461421230e+00    2.1329721935e+00
    4.2697436514e+00    8.8039327870e+00    1.3284470225e+00
    3.9948203491e+00    8.6279159761e+00    4.0513037896e-01
    4.7786725936e+00    8.4807660930e+00    1.0312904201e+01
    5.1502425551e+00    9.3385389372e+00    1.8111443073e-01
    4.2773756067e+00    9.8059760508e+00    3.0401865397e-01
    4.6076482352e+00    1.3120681299e-01    1.0230580524e+01

molecule            70
    7.7503025716e+00    9.4452094087e+00    5.6921039057e+00
    8.6599523767e+00    9.9332262166e+00    5.9141205161e+00
    8.8135903798e+00    2.7269769871e-01    6.4463922494e+00
    7.9128192413e+00    1.0359258045e+01    6.7144954655e+00
    7.9574839320e+00    9.2923075796e-01    6.8654203084e+00
    7.7077778582e+00    6.2608438837e-01    5.9466061605e+00
    6.9648012765e+00    1.4132326572e-03    5.8512143172e+00
    6.0424357840e+00    1.0359254789e+01    5.5268533288e+00

molecule            71
    9.9299581911e+00    9.0647393879e+00    5.9259964481e+00
    3.9712095336e-01    8.9880001491e+00    6.2756751401e+00
    4.9565269853e-01    9.9202887330e+00    6.0758397769e+00
    1.0326690533e+01    9.8427051598e+00    6.8545208056e+00
    9.4034381250e+00    9.8931215655e+00    7.1811972812e+00
    9.4037255457e+00    1.0095332000e+01    8.1819822981e+00
    1.0124377334e+01    9.9365181754e+00    8.8199044536e+00
    9.7979709979e+00    8.9947915860e+00    8.7658918189e+00

molecule            72
    6.6680381778e+00    1.4800531683e-01    7.0486315425e+00
    5.8293635296e+00    2.7727419956e-01    6.5523919275e+00
    5.1491000718e+00    1.0595922869e+00    6.3872753485e+00
    5.3125531849e+00    7.9411580855e-01    5.4505809860e+00
    5.2771293817e+00    1.3606328362e+00    4.6574797177e+00
    4.5014268569e+00    2.0057443182e+00    4.6326563400e+00
    3.9788129517e+00    2.1937177146e+00    5.4972277907e+00
    4.5472208525e+00    2.9160572019e+00    5.0388610778e+00

molecule            73
    8.2522951349e+00    9.4110829229e+00    6.8258809314e+00
    8.5149441037e+00    9.5321090307e+00    7.7626230307e+00
    8.7562440044e+00    9.5800202007e+00    8.6800490089e+00
    8.7924587462e+00    9.5147978720e+00    9.6658585456e+00
    8.8761895180e+00    1.0060379011e+01    4.6621647287e-02
    8.9321529100e+00    9.1349767220e+00    4.1368976511e-01
    9.4380594247e+00    8.3107082885e+00    2.6616737862e-01
    9.1003941829e+00    7.5547910378e+00    8.1619934146e-01

molecule            74
    1.4302592122e+00    2.8683303792e+00    9.8847647444e+00
    9.7676390526e-01    3.5195260966e+00    9.2775366134e+00
    1.6199251914e+00    3.8908875167e+00    8.6808291551e+00
    1.7137019271e+00    2.9772900083e+00    8.2868029875e+00
    2.6853984785e+00    2.8893629675e+00    8.2772371473e+00
    2.4095981143e+00    2.9422076596e+00    7.3207888363e+00
    2.2147782193e+00    3.8176917664e+00    7.8130763310e+00
    3.0979833263e+00    4.2054152370e+00    7.4598412634e+00

molecule            75
    5.2921905027e+00    1.0030786634e+01    9.3660091518e+00
    5.9081800922e+00    9.2826465184e+00    9.6130384537e+00
    6.4529724259e+00    9.1271344723e+00    1.0449571008e+01
    7.2119257161e+00    9.2057504464e+00    9.7566764512e+00
    7.9114738564e+00    9.7885498551e+00    1.0154368236e+01
    7.5315519754e+00    9.1147049742e+00    3.5087573090e-01
    7.3508803735e+00    9.2898207245e+00    1.3289684369e+00
    6.8604231490e+00    1.0121583803e+01    1.1547906026e+00

molecule            76
    2.7031214553e-01    5.7447166601e-01    6.6943152084e+00
    1.0425585854e+01    1.3854007219e+00    7.1432708587e+00
    9.6246574955e+00    7.9645533171e-01    7.0117254996e+00
    9.8346898344e+00    1.3056431462e+00    6.1866653433e+00
    1.0250766912e+01    2.0623393721e+00    5.6912656888e+00
    9.4255912434e+00    2.0330785288e+00    5.2032763971e+00
    8.7394775466e+00    2.4022626584e+00    4.5972855820e+00
    7.8422678498e+00    2.7304828474e+00    4.3360304962e+00

molecule            77
    7.7862609555e+00    6.6511850323e-01    9.9642691116e-01
    8.5221032257e+00    1.0642867387e+00    1.6016500855e+00
    8.5491421046e+00    6.5022172544e-01    2.4936131541e+00
    8.0708758792e+00    2.2766602537e-02    1.9651211102e+00
    8.7441391811e+00    9.9036624088e+00    2.3401301690e+00
    7.8222982487e+00    9.5452021245e+00    2.3545786978e+00
    7.2170524493e+00    8.8835814756e+00    2.7843366751e+00
    6.8212912632e+00    9.8194593406e+00    2.5912683367e+00

molecule            78
    7.4466105217e+00    7.6464056676e+00    4.8432118047e+00
    7.5712226684e+00    7.2538220432e+00    5.7496893422e+00
    8.4442882374e+00    7.5457254988e+00    5.3784311494e+00
    9.2502059545e+00    7.5278551363e+00    6.0100370760e+00
    9.4776570091e+00    6.9062868911e+00    6.7945867838e+00
    8.8663188182e+00    6.6047973481e+00    7.5254276690e+00
    9.6873657393e+00    6.1199130566e+00    7.6520878560e+00
    9.8593536081e+00    5.4412904546e+00    6.9393048323e+00

molecule            79
    2.0001575106e+00    1.7177319239e+00    3.2591326302e+00
    2.5118363262e+00    9.9481382803e-01    3.7065972785e+00
    1.8450504117e+00    6.8007049819e-01    4.3739877297e+00
    1.5574424384e+00    1.1734454707e+00    5.1862075932e+00
    6.8983313995e-01    6.4430192009e-01    5.3196008895e+00
    4.8017040075e-01    1.5474546892e+00    5.0386705149e+00
    1.0296406409e+01    2.1215796516e+00    4.5464626472e+00
    1.0200149266e+01    1.2338176804e+00    4.1348474370e+00

molecule            80
    3.1064655027e+00    3.4722573231e+00    7.2954310907e-01
    3.3738859523e+00    3.9675137578e+00    1.5663573500e+00
    2.4550556686e+00    4.2183610589e+00    1.8224292124e+00
    2.3992623801e+00    3.5506186494e+00    2.5310156107e+00
    2.4284901513e+00    2.6419453969e+00    3.0493741038e+00
    2.0214879776e+00    3.3830122535e+00    3.6020282525e+00
    1.5302547560e+00    2.7567016557e+00    4.1733411131e+00
    9.3826808656e-01    2.8309243612e+00    4.9560065484e+00

molecule            81
    2.7633333334e+00    5.0768856205e+00    2.4177082344e+00
    2.6213347460e+00    5.3862261949e+00    3.3182803036e+00
    3.5392501955e+00    5.3168700463e+00    3.0757798530e+00
    4.4979698658e+00    5.1356079907e+00    3.3435011269e+00
    5.0982562259e+00    5.4674322046e+00    4.0908687842e+00
    4.7664327802e+00    5.3181930808e+00    5.0258024706e+00
    5.2832219565e+00    4.9940998951e+00    5.8171859072e+00
    5.3032966580e+00    5.9731068850e+00    5.5153558405e+00

molecule            82
    4.4877842390e+00    5.3296612819e+00    6.4221140791e+00
    3.6220603306e+00    4.9379974799e+00    6.6649879985e+00
    3.1891038518e+00    5.5281570003e+00    5.9591420878e+00
    2.7241595414e+00    4.8559528458e+00    5.4169043745e+00
    2.8186842861e+00    4.1898064858e+00    6.1691848884e+00
    2.0357295365e+00    4.2720430383e+00    6.8055298609e+00
    1.3627350776e+00    4.8402938101e+00    6.4073054825e+00
    2.0898515959e+00    5.5395640963e+00    6.5007196390e+00

molecule            83
    1.6904170634e+00    9.9946581788e+00    9.7064866357e-01
    2.5714398774e+00    1.0179101244e+01    5.6436800731e-01
    3.1734571754e+00    9.4530073999e+00    2.0443007764e-01
    3.4490510507e+00    9.7049403744e+00    1.1593436573e+00
    3.7604496295e+00    1.0381536354e+01    1.8116303529e+00
    2.7999533325e+00    1.0399885809e+01    1.6459842237e+00
    2.3628513729e+00    9.7652012361e+00    2.2814973921e+00
    2.4584669699e+00    9.3986234516e+00    1.3647744817e+00

molecule            84
    1.2769114314e+00    2.8602143063e+00    5.9049709218e-01
    6.7038759988e-01    3.0890993476e+00    1.3628645578e+00
    3.9878588985e-01    2.1899723118e+00    1.0959093652e+00
    9.9686603086e+00    1.7475324386e+00    1.3562047206e+00
    1.0014393877e+01    2.7627422304e+00    1.3899464524e+00
    9.0264516184e+00    2.7772619222e+00    1.2940750453e+00
    8.8654166727e+00    2.7095385374e+00    3.1266482690e-01
    8.0525963544e+00    3.0042112510e+00    1.0320873711e+01

molecule            85
    7.1626801032e+00    6.8779299921e+00    7.7148202390e+00
    6.9989970645e+00    6.9347785810e+00    6.7395493682e+00
    7.8416182456e+00    7.3908877106e+00    6.8709894725e+00
    7.7171030944e+00    8.3863259430e+00    7.0225063617e+00
    6.9373451751e+00    8.5800038315e+00    6.3761039841e+00
    6.3408239855e+00    7.9358590519e+00    6.8990391708e+00
    5.4156714726e+00    8.0226411753e+00    6.4747738280e+00
    4.4764390223e+00    8.3080196530e+00    6.6244972835e+00

molecule            86
    7.0903650504e+00    9.9323815548e+00    4.8266169575e+00
    6.5922252234e+00    1.0420180425e+01    4.1302607013e+00
    6.7241386884e+00    2.4878675618e-01    3.2193936233e+00
    7.6519274542e+00    5.4589853557e-01    3.1031067265e+00
    8.3319980962e+00    1.0320080703e+01    3.1670524565e+00
    9.3301244082e+00    1.0179599905e+01    3.2381459800e+00
    9.2849309578e+00    9.5041217073e+00    3.9403495901e+00
    9.7029070931e+00    9.1810413022e+00    3.0882719773e+00

molecule            87
    6.1957889957e+00    5.6665553802e+00    9.5088757519e+00
    5.5113303237e+00    5.2776857645e+00    1.0194879661e+01
    5.7353791252e+00    4.7077381383e+00    4.7213978244e-01
    4.7683157856e+00    4.9994229974e+00    3.7175300007e-01
    4.8126938061e+00    4.0914827371e+00    7.9208703001e-01
    4.0950276961e+00    3.6492236985e+00    2.4525332001e-01
    3.9257456637e+00    4.2560795427e+00    9.9186981658e+00
    4.3573344965e+00    3.8411110928e+00    9.0924546962e+00

molecule            88
    3.8777515788e+00    9.9088919617e+00    5.7025126819e+00
    3.3361330983e+00    1.0079097274e+01    4.8414392272e+00
    2.4794793254e+00    1.0353870404e+01    4.4298145103e+00
    2.3950141280e+00    1.0130318044e+01    5.3919019127e+00
    2.0968814816e+00    4.9181244893e-01    5.7847016365e+00
    1.2064552895e+00    4.8100042116e-01    6.2356664612e+00
    1.3956590938e+00    1.0147622892e+01    5.6555522031e+00
    1.0159001142e+00    9.4821481451e+00    5.0416088022e+00

molecule            89
    3.3739330279e+00    1.0238928225e+01    3.5577984167e+00
    3.2678234638e+00    1.0005051823e+01    2.6484598001e+00
    3.1480139971e+00    4.9388202164e-01    2.7653113712e+00
    4.0065834976e+00    6.0022413283e-01    3.1928234626e+00
    4.2202590414e+00    1.3892396304e+00    2.6501157655e+00
    5.0781679910e+00    1.0411092397e+00    2.2621233619e+00
    4.2695698824e+00    1.0729260296e+00    1.6413789979e+00
    5.1341854897e+00    1.6213433962e+00    1.4550884316e+00

molecule            90
    3.4769820916e+00    1.4780017408e+00    5.0961831818e+00
    4.3914069785e+00    1.0685628733e+00    5.1370433018e+00
    3.8088553429e+00    5.9788152470e-01    4.4570686173e+00
    4.5867348533e+00    1.0430165000e+01    4.4008258212e+00
    4.1760089091e+00    9.5343507667e+00    4.5479343779e+00
    5.0186206799e+00    9.7200603153e+00    5.0749748401e+00
    5.5346291014e+00    8.8725830630e+00    5.3052684281e+00
    4.6213780274e+00    9.0647668382e+00    5.7579768817e+00

molecule            91
    7.1656278241e+00    3.6196720597e+00    9.5992248931e+00
    7.6721734499e+00    3.6963063253e+00    8.7533670441e+00
    6.8367602870e+00    3.2748769507e+00    8.4699434427e+00
    6.8253962183e+00    2.3319277694e+00    8.1743767920e+00
    7.4008842725e+00    1.6685421244e+00    7.7163183953e+00
    8.3411290658e+00    1.9182210341e+00    7.8175553996e+00
    8.9459541746e+00    1.9866018780e+00    6.9874870570e+00
    9.1035903674e+00    2.5803987030e+00    6.2017299981e+00

molecule            92
    2.0010699798e-01    8.4388543822e+00    8.5653064633e+00
    9.2819698177e-01    8.5242593476e+00    9.2231468941e+00
    8.7752572602e-01    7.5545470366e+00    9.4436684577e+00
    1.5715213620e+00    6.8177420426e+00    9.4003378592e+00
    2.4915806226e+00    7.0616029101e+00    9.2250517939e+00
    2.0278654957e+00    7.6803676307e+00    9.8054900488e+00
    1.8327053757e+00    7.1326820613e+00    2.0235788997e-01
    2.2698577015e+00    6.4696767649e+00    1.0071634841e+01

molecule            93
    6.3531880495e+00    5.6937694064e+00    4.7816832732e+00
    6.9690346761e+00    4.9303805433e+00    4.8541337798e+00
    7.3794348327e+00    5.8508304018e+00    4.8497286740e+00
    7.2651379797e+00    5.3744071579e+00    5.6766178800e+00
    6.3060051584e+00    5.6021446069e+00    5.8259933999e+00
    6.2192485943e+00    4.6756204504e+00    5.4018018491e+00
    6.1033219465e+00    4.4720780119e+00    6.3960458208e+00
    5.4991822059e+00    4.1408933609e+00    7.1214460326e+00

molecule            94
    8.0239914620e+00    6.0176940507e+00    7.5970203872e+00
    7.1107418319e+00    5.7477349052e+00    7.3731145123e+00
    6.2490245832e+00    5.5938803099e+00    6.8819240124e+00
    6.1120059402e+00    6.5134525233e+00    7.3372475151e+00
    5.6249403595e+00    6.2938254759e+00    6.4634862538e+00
    6.1306637591e+00    6.6240073350e+00    5.6822627958e+00
    5.5168062712e+00    7.4214688072e+00    5.5459581947e+00
    4.6223558475e+00    7.8735874888e+00    5.3777141435e+00

molecule            95
    3.6434859658e+00    1.5945102631e+00    9.7476962189e+00
    3.2430961767e+00    7.4512135826e-01    1.0113179983e+01
    3.4409493144e+00    7.5419807638e-02    3.5519027973e-01
    4.2210029057e+00    3.3523116683e-01    7.9269851261e-01
    3.5895528728e+00    1.1162115611e+00    7.5642146806e-01
    4.1903564969e+00    1.7541128929e+00    2.4162469882e-01
    3.6343679792e+00    2.4450208682e+00    6.6838558827e-01
    4.5135106753e+00    2.5787843142e+00    1.1156622549e+00

molecule            96
    9.1931764349e+00    6.1020631466e+00    4.3427835983e-01
    9.2495067764e+00    6.4926099332e+00    9.9482986727e+00
    8.3646116442e+00    6.4546920807e+00    9.4033947065e+00
    7.9635637110e+00    5.8487249823e+00    8.7139302954e+00
    8.5647371966e+00    5.1099865983e+00    8.5871186316e+00
    8.9918037578e+00    4.8299602323e+00    9.4308413919e+00
    8.6276665747e+00    5.5446547111e+00    1.0094236073e+01
    9.3413013840e+00    5.0641832249e+00    1.8878062678e-01

molecule            97
    1.5136115622e+00    6.4587757891e+00    1.5331556826e+00
    1.3280323117e+00    7.0325938974e+00    2.3198630058e+00
    1.4066185439e+00    6.7467536556e+00    3.2717890477e+00
    5.0009912632e-01    6.4525649022e+00    2.9963038326e+00
    2.5263770561e-01    7.3087327300e+00    3.4067034006e+00
    4.8740101096e-01    6.6244061505e+00    4.0874329623e+00
    3.3903839681e-01    5.7007757265e+00    3.8409382732e+00
    1.8335336876e-01    4.9984994434e+00    4.5258546520e+00

molecule            98
    8.8491203451e+00    8.4790062030e+00    6.2526396805e+00
    9.1743898085e+00    8.8720015510e+00    7.1244926644e+00
    9.8208922491e+00    8.1295416760e+00    6.9157218105e+00
    2.4504263709e-01    7.8027065807e+00    6.8225781684e+00
    6.3929103936e-01    7.7102348105e+00    5.8623105613e+00
    1.7957141718e-01    6.9583445060e+00    5.4166256391e+00
    9.9107580981e+00    6.5772997631e+00    5.9520779612e+00
    9.9614186616e+00    5.6010241275e+00    5.9094151106e+00

molecule            99
    3.2747013839e+00    1.8838680285e+00    8.6073244731e+00
    3.8052543172e+00    2.1080818052e+00    7.8369279376e+00
    3.4365302895e+00    2.3340203214e+00    6.9396398331e+00
    4.4421985854e+00    2.2430851781e+00    6.8508825205e+00
    4.2709816268e+00    2.9331963276e+00    6.1515270930e+00
    4.1570531392e+00    3.9081261301e+00    6.3931056423e+00
    3.8244927969e+00    3.2934927707e+00    7.1108937538e+00
    3.5506719762e+00    3.4679925457e+00    8.0585737283e+00

TETHERS

nTether     0
