BOUNDARY

orthorhombic     1.04551590e+01  1.04551590e+01  1.04551590e+01

MOLECULES

species    0
nMolecule  100

molecule   0
  5.37139290e+00  1.95418858e+00  3.96181151e+00  5.96812160e-01 -6.80785647e-01 -1.21898103e+00
  5.47592968e+00  2.92350380e+00  3.79912804e+00 -2.81959367e-01  1.51529326e-01 -3.60663208e-01
  6.38029937e+00  3.23431961e+00  4.08209126e+00 -2.69062562e-02 -4.08210701e-01 -6.28903200e-01
  6.66112414e+00  2.27370207e+00  4.21320350e+00  1.14004850e+00  1.85944670e+00 -1.66400238e+00
  5.88638580e+00  2.39716495e+00  4.81539279e+00 -1.35207421e+00  4.69820384e-01 -1.04105126e-01
  5.52745570e+00  2.80545805e+00  5.68254383e+00 -5.28572219e-01 -8.21253582e-01  1.29473359e-02
  5.77002769e+00  1.89495933e+00  6.02440823e+00 -1.05662430e+00  2.85451859e-01 -4.39804267e-01
  5.09348158e+00  2.11021815e+00  6.72972844e+00 -5.93283083e-01  6.52142773e-01  4.15568445e-01

molecule   1
  2.84012862e+00  6.43324196e+00  6.82549977e+00  1.09936391e+00 -2.43844923e-01 -3.26266143e-02
  2.09370053e+00  5.74365259e+00  6.66613555e+00  1.70757884e+00 -8.19125187e-01  1.82856035e+00
  1.49109165e+00  6.44477863e+00  6.26241635e+00 -4.00138157e-01 -6.54943690e-02 -1.62025141e+00
  7.24611144e-01  6.48064571e+00  5.57785783e+00  3.58702758e-01 -9.04448589e-01 -6.37949905e-02
  8.45291016e-01  7.14604042e+00  4.88305524e+00  8.59147020e-01 -1.48397466e+00  6.28336960e-01
  6.84215112e-01  7.04568511e+00  3.89025858e+00 -1.90463267e-01  3.62680954e-02 -1.13380016e+00
  1.06900820e+00  7.56288250e+00  3.14965109e+00  6.83845184e-02 -1.79859087e-01 -1.71570466e+00
  1.22077868e+00  6.58444115e+00  3.10501423e+00  9.83434967e-01  7.38527559e-01  6.70596990e-01

molecule   2
  1.01045962e+01  9.14179603e+00  9.56065535e+00  3.57045379e-01  1.38106268e-01 -2.35513233e+00
  9.41647838e+00  8.92934415e+00  8.89344790e+00 -2.00416067e+00  6.59598420e-01 -2.72126971e-01
  8.57686838e+00  9.40732737e+00  9.09167708e+00 -1.53681047e-01  1.06165842e+00  1.42428900e+00
  8.36865837e+00  9.77253265e+00  8.15943100e+00  7.70030653e-01 -1.01018728e+00  2.08773028e+00
  7.91010788e+00  9.35057628e+00  7.37148329e+00  3.51644471e-01  1.24489682e+00  9.37792107e-02
  8.89668611e+00  9.37493313e+00  7.32674286e+00 -2.22930337e+00  4.04009309e-01 -7.71386926e-02
  9.53994760e+00  1.00394263e+01  7.71073383e+00 -1.76555509e+00  1.83905387e-01 -9.30645740e-01
  1.04131853e+01  8.74576020e-02  7.84347718e+00  9.10510549e-01 -3.47355466e-01 -1.73965141e-01

molecule   3
  9.62102916e+00  5.87789810e-01  6.97717417e+00  1.04238203e+00 -2.95340740e-02  8.65114855e-01
  1.03579627e+01  7.43054642e-01  6.31349651e+00 -1.28373346e+00  5.42026475e-01 -2.61700618e-01
  4.04907385e-01  6.95088137e-01  7.20926002e+00  2.64456965e-01 -1.09566940e+00 -2.46019237e-01
  2.31577788e-01  1.62572968e+00  7.03315439e+00 -6.85846785e-02  1.62995686e-01 -5.18473362e-02
  1.21472787e+00  1.44141187e+00  7.06582103e+00 -4.84376627e-01  8.61566567e-01  1.60967359e+00
  1.64795981e+00  7.92601539e-01  7.69330876e+00  7.74161101e-01 -5.93787321e-01 -3.02004478e-01
  1.74679383e+00  1.62716874e+00  8.17342008e+00  8.27406466e-01  2.97665685e-01  1.70828992e+00
  2.12409657e+00  1.24415023e+00  9.09855150e+00 -4.81842757e-01 -1.14192933e+00 -3.30112950e-02

molecule   4
  5.19767246e+00  9.62163285e+00  4.22986509e+00  2.03680789e-01  7.57241946e-01 -3.68268388e-01
  5.68233842e+00  9.08834782e+00  3.49519889e+00 -5.14547544e-01  1.01628355e+00  7.27711437e-01
  6.44581276e+00  8.96846096e+00  2.86308920e+00  2.44299666e-01 -4.54131119e-01  9.96850899e-01
  6.79804616e+00  8.59364083e+00  3.73335149e+00  3.13478991e-01 -1.80620556e+00 -1.17989330e+00
  7.71441906e+00  8.58291987e+00  4.14583511e+00  2.99582272e-01 -2.78637068e-01 -2.09095230e-01
  8.16453617e+00  8.38862170e+00  5.05788059e+00 -1.51932631e+00 -8.10558027e-01 -5.73422708e-01
  7.51579434e+00  8.70695189e+00  5.70426963e+00  7.63683056e-02 -1.88993422e+00  3.36355160e-02
  7.05451403e+00  9.53973000e+00  5.48108332e+00  9.71907994e-01  6.03772281e-02 -3.56917321e-02

molecule   5
  4.09481659e+00  1.01302454e+01  8.49192072e+00  1.09866124e+00  6.13977391e-01  3.91602380e-01
  3.90075467e+00  9.15087066e+00  8.57733255e+00  1.92026550e-01 -1.27069174e+00 -2.72080058e-01
  3.91992959e+00  8.19253292e+00  8.36008705e+00 -4.32567630e-01 -3.06947725e-01  7.67614197e-01
  3.55588039e+00  7.32704447e+00  7.99236787e+00 -1.11379308e+00 -7.63136876e-01 -8.96381972e-01
  2.69197378e+00  7.58365239e+00  8.45297235e+00  2.00773452e-01  2.04499828e-01  2.11220744e+00
  2.29793874e+00  7.08107806e+00  7.66648873e+00  6.33833116e-01 -4.43621255e-01 -1.90134185e-01
  2.28508625e+00  7.69976751e+00  6.92485311e+00 -4.46751124e-01  5.76638506e-01  5.83007008e-01
  2.80159477e+00  8.54590757e+00  6.82233457e+00  3.85708835e-01 -1.48351268e+00 -4.88899172e-02

molecule   6
  1.01165764e+01  2.06289418e+00  8.39537641e+00 -4.30616045e-01  7.52194897e-01 -4.79762952e-01
  4.52149913e-01  2.59032168e+00  8.28212674e+00 -2.04985478e+00 -2.19660632e-01 -7.68790448e-01
  7.35904277e-01  3.54765099e+00  8.33052175e+00  2.94856013e-01 -3.45735074e-01 -1.42736553e+00
  5.29355329e-01  4.48036501e+00  8.61702399e+00  4.63142132e-01  7.50743811e-01 -8.66709124e-01
  1.01124194e+01  4.75239505e+00  8.99551240e+00 -1.08123618e+00 -1.59845739e+00  8.02495301e-01
  9.10376393e+00  4.89001889e+00  9.19875646e+00 -5.44479365e-01  8.37670580e-01  1.64143815e+00
  8.90358201e+00  5.77932605e+00  9.66378198e+00 -2.94871475e-01 -1.81445227e+00 -1.22808847e+00
  9.57034073e+00  5.34983106e+00  1.02635203e+01 -6.49899799e-01  9.75024652e-01  3.07913740e-01

molecule   7
  3.70113107e+00  9.94469951e+00  7.41249395e+00 -2.57585736e-01 -3.46386126e-02 -3.82764223e-01
  3.60077903e+00  9.62481658e+00  6.44474260e+00  5.73606933e-01 -1.49540483e+00 -9.34344397e-01
  3.06344459e+00  9.65890715e+00  5.57082432e+00 -1.55020958e+00  1.12267357e+00  1.06092908e-01
  3.61412358e+00  9.42957746e+00  4.81199790e+00 -4.46177150e-01  3.98332909e-01  2.33772572e-01
  4.39594082e+00  8.94820101e+00  4.29718937e+00  4.43023138e-01 -7.82854727e-01  1.01730358e+00
  3.67488911e+00  8.29512898e+00  4.17054846e+00 -4.41414588e-01 -6.98628387e-01 -5.60580202e-02
  2.80174996e+00  8.61849271e+00  3.80422550e+00 -1.38536311e+00 -4.63447894e-01  6.08337436e-01
  2.63788078e+00  7.79379207e+00  3.34161231e+00  1.91255842e+00 -1.28187770e-01 -3.34524817e-01

molecule   8
  4.07020132e+00  1.71810999e+00  7.58836001e+00  2.70093922e-01 -1.87377112e-01 -9.96774258e-01
  4.98646311e+00  1.43865626e+00  7.84902527e+00  1.27332993e+00  1.71156747e+00 -3.38795139e-01
  4.51344324e+00  9.79443253e-01  8.56597058e+00  8.91211799e-01  5.46013932e-01 -1.59734303e+00
  4.71229617e+00  1.43281360e+00  9.44989023e+00  1.10458969e-01 -9.44601385e-01  5.03651524e-01
  4.56768148e+00  7.46690843e-01  1.01392956e+01  1.12022795e+00  1.67729729e-01 -2.01761751e-01
  4.15604920e+00  1.20426719e+00  4.67772463e-01  1.36041841e+00  8.37279059e-01 -1.25499097e+00
  4.19501437e+00  2.00366725e+00  1.03197419e+01 -9.74510101e-01  1.68179217e+00 -7.81040746e-01
  5.16263404e+00  2.04193464e+00  1.03831360e+01  8.95406664e-01  1.39233794e+00 -5.74977128e-01

molecule   9
  6.49632065e+00  4.06770256e+00  5.01661626e+00  1.35967162e+00  1.37261897e+00 -1.66646503e+00
  6.40887904e+00  3.33504907e+00  5.73076848e+00  9.01616053e-01 -1.41556060e-01  1.00958726e-01
  7.05222706e+00  3.84795325e+00  6.25902598e+00 -6.50323602e-01  8.40351672e-01 -1.43689934e+00
  6.70500989e+00  3.94205618e+00  7.24101418e+00 -2.79321509e-01 -2.96013482e-01  1.13808185e-01
  6.18535634e+00  3.81626594e+00  8.06394412e+00  1.14097701e+00  1.32423045e+00 -1.62266306e+00
  6.82120778e+00  3.64175926e+00  8.86630921e+00  6.12351695e-01 -1.25286311e+00  5.26276747e-01
  7.78256485e+00  3.27751830e+00  8.82402587e+00  9.93578719e-02 -3.01142553e-01 -1.25993526e+00
  7.89226312e+00  3.57518485e+00  9.80066558e+00  4.67139803e-01 -3.36817510e-01 -4.42875257e-01

molecule   10
  8.13748336e+00  7.37427688e+00  2.13460090e+00 -1.33370499e+00  4.65479754e-01  2.56866411e-01
  8.62467177e+00  7.23892431e+00  2.99978235e+00 -9.20992853e-01 -2.33250651e-01  1.65721936e+00
  9.24100045e+00  7.43164940e+00  3.77706074e+00  2.03124890e-01  7.89981422e-01  3.67570022e-01
  9.15236486e+00  8.03362799e+00  4.58950024e+00  7.12713381e-01  1.05718004e+00  3.54343710e-01
  8.83223669e+00  8.98970090e+00  4.56410246e+00 -2.11021234e-01 -1.09851759e+00  9.31828380e-01
  9.20382028e+00  9.71440023e+00  5.12905973e+00  1.05422055e+00  4.80052207e-01  9.13224594e-01
  8.54266671e+00  9.13645746e+00  5.65356892e+00  5.67132034e-01 -2.56347152e-01  3.41635418e-01
  9.44905988e+00  8.85421608e+00  5.86083749e+00  1.39461438e+00 -1.51818350e+00  3.75295251e-01

molecule   11
  9.27449406e+00  1.50071029e+00  8.95999080e+00 -1.72839892e-01 -2.56247783e+00 -1.37487839e+00
  9.22700840e+00  2.47797039e+00  9.07504420e+00 -2.76650974e-01  8.36973944e-01 -1.72283004e+00
  9.81841794e+00  3.13931820e+00  8.69392267e+00 -4.70672131e-01 -2.07273890e+00  2.19238176e+00
  1.04322818e+01  3.80817565e+00  9.13953356e+00 -4.01179173e-02  5.38695875e-01 -8.31785151e-01
  4.39246543e-01  4.42102589e+00  9.77480048e+00  5.33114460e-02  1.62155097e-01  3.76487629e-01
  2.90052826e-01  3.84371023e+00  1.16464672e-01 -3.88496064e-01 -2.94439035e-01  3.72174721e-01
  1.02618632e+01  4.64883305e+00  3.59047780e-01 -1.14705453e+00  5.06414277e-01 -7.47872234e-01
  9.68293453e+00  4.31820318e+00  1.00982996e+01  2.67053570e-01  4.74747001e-01  8.51198862e-02

molecule   12
  3.58638124e+00  4.50364689e+00  6.96505487e-01  1.48093039e+00 -2.25570119e-01 -6.97130132e-01
  2.67227404e+00  4.95685068e+00  5.14324987e-01 -1.48352454e-01 -2.58171981e-02 -2.24814803e-01
  1.79944419e+00  5.04652697e+00  2.55837601e-02  1.81874797e+00  2.95091891e-02  9.26729593e-01
  8.54388062e-01  4.77013532e+00  2.18546982e-01  2.83998318e+00 -1.03869419e+00 -3.84144185e-01
  9.04140601e-01  5.62732087e+00  1.01402367e+01  1.79108956e-01  2.10555385e-01  5.33745457e-01
  2.94982978e-01  5.49378391e+00  9.32081412e+00 -4.49303228e-01  5.31150171e-01 -3.98501518e-01
  1.86416051e-01  6.02129983e+00  8.46358762e+00 -1.10883009e+00  5.01804767e-01  7.28559694e-01
  1.00352665e+01  6.82134329e+00  8.14915693e+00  2.26236857e-01 -2.61781695e+00 -1.96556912e-01

molecule   13
  9.34625310e-01  8.64107964e+00  3.12418055e+00  5.39693937e-01  2.19660435e-01 -8.21004700e-01
  1.26273236e+00  8.17542633e+00  2.30552188e+00 -6.12637826e-01 -3.35575173e-01 -1.27894132e+00
  4.24366859e-01  7.94031145e+00  1.77117534e+00 -1.15156237e+00 -5.57179944e-01  1.30269459e+00
  1.02361210e+01  7.72519539e+00  1.02945775e+00 -1.55428169e-01  6.69565035e-01 -1.51208077e+00
  6.83952833e-01  8.08737366e+00  6.54026809e-01 -3.02584135e+00  7.15817170e-01  4.60978757e-01
  1.89423376e-01  8.24836105e+00  1.02329864e+01  6.39825574e-01 -9.46072796e-01  5.19424266e-02
  9.72396948e+00  7.82491719e+00  1.00966323e+01 -2.06308474e+00  5.07796526e-01 -2.29112712e-01
  9.08606964e+00  8.55964681e+00  9.81118270e+00  1.42094867e+00  4.27340681e-01 -2.04615343e-01

molecule   14
  8.03993382e+00  7.91518841e+00  1.05672722e+00 -6.50222264e-01  4.78090101e-01 -2.31890349e+00
  7.34998772e+00  8.10817215e+00  1.78951322e+00 -7.03447613e-01  1.13849116e+00  1.60892327e+00
  7.09217488e+00  7.12926239e+00  1.77062911e+00  1.43546344e+00  1.02196818e+00 -1.66158304e+00
  6.20037809e+00  7.44985851e+00  1.90990448e+00  8.13098812e-01 -1.85325257e+00 -1.00850093e+00
  6.23118263e+00  6.70707469e+00  2.57589966e+00  1.85359105e+00  1.09344589e+00 -9.25240049e-02
  6.03610793e+00  5.94362130e+00  1.98803564e+00 -1.03981344e+00  3.35317936e-01 -1.54857251e-01
  6.55151924e+00  6.17974043e+00  1.18918964e+00 -1.65688563e+00 -4.08784670e-02 -6.71503082e-02
  6.56222983e+00  6.91578385e+00  5.14231598e-01 -2.28597482e-01 -5.24302433e-02 -9.02216140e-01

molecule   15
  1.48254081e+00  5.54597338e+00  9.26660580e+00  4.81754060e-01  1.41963279e+00  2.50425829e+00
  1.69668937e+00  5.24463873e+00  8.34528737e+00 -1.94484457e+00 -8.34029335e-01 -7.30818241e-01
  2.50854904e+00  5.76061123e+00  8.48546311e+00 -1.39306541e+00  1.63423732e+00  8.01775647e-01
  2.57443964e+00  4.79416673e+00  8.45997973e+00  1.65815400e+00 -1.57947364e-01  4.02486379e-01
  2.67527636e+00  5.24351738e+00  7.55646888e+00 -7.15850252e-01 -1.13203120e+00 -8.05722194e-01
  1.74269071e+00  5.02725490e+00  7.34984491e+00  9.55770574e-01  1.16643676e-01  2.43009341e-01
  2.44066154e+00  4.40614818e+00  6.98544545e+00  4.27102275e-01 -3.12522437e-01 -2.13806710e-01
  2.92756915e+00  5.18425632e+00  6.52738376e+00 -3.51383957e-01 -6.38477625e-01 -4.57350238e-01

molecule   16
  3.68667110e+00  3.46790924e+00  7.36399528e-01  3.22590602e-01  6.33016709e-01 -8.72546844e-01
  3.05049316e+00  3.80658589e+00  1.40822624e+00 -4.68815795e-01 -2.01306155e-01  1.20600687e-01
  3.41208752e+00  3.98120994e+00  2.34222879e+00  1.77795143e+00  8.43079588e-02  6.89969358e-01
  2.99325838e+00  4.02372550e+00  3.24423768e+00 -2.77851253e-01  4.34057566e-01  3.03827032e-04
  2.53932664e+00  4.88041448e+00  2.95630706e+00  1.23618278e-01 -1.30646359e+00  9.83004054e-02
  1.85526761e+00  4.64530385e+00  2.32388922e+00  9.76989547e-01  2.64288572e-01 -8.48692965e-01
  2.25703227e+00  4.67133400e+00  1.43933968e+00  1.36347038e+00 -1.73589705e-01  1.56047347e+00
  2.57107657e+00  5.61831577e+00  1.43232981e+00  3.91518505e-01 -2.11199277e-01  1.50011373e+00

molecule   17
  6.79648679e+00  5.50786959e-01  7.50496588e+00  2.02484783e-01  1.13545440e+00 -7.38171036e-01
  7.52505210e+00  1.96947104e-01  6.92060018e+00  4.30517403e-01  5.96883165e-01 -5.32849454e-01
  6.96607824e+00  9.87049725e+00  7.26489543e+00  1.42016142e+00 -6.70819560e-01  9.50791976e-01
  6.05088399e+00  1.00364376e+01  6.93976743e+00  1.08021630e+00 -3.94176016e-01  1.02791793e-01
  6.07680683e+00  1.00401648e+01  7.92200457e+00 -4.47917446e-01 -2.16329133e-01 -9.40353422e-01
  5.31031269e+00  9.50203256e+00  7.46568619e+00 -5.18310530e-01 -3.94476138e-01 -2.13418533e+00
  4.88151181e+00  9.11754697e+00  8.26618578e+00  3.92267711e-01  1.05576631e-01  1.27743840e+00
  4.80210719e+00  8.88916081e+00  9.20570902e+00 -1.78468336e+00  3.10181970e-01  4.33606925e-01

molecule   18
  4.50141316e-01  4.34582083e+00  7.25190891e+00 -1.35618990e+00 -2.21804193e+00  1.69508613e-01
  1.02344064e+01  3.86022997e+00  6.73123184e+00 -9.30003489e-01 -7.79686510e-01 -4.31873598e-01
  9.48927132e+00  4.29658494e+00  6.28201751e+00 -1.80761405e-01 -7.57788909e-01 -1.18891179e+00
  9.33806801e+00  3.30996996e+00  6.04840963e+00  5.60745604e-01  1.53588431e-01 -5.05935622e-02
  9.95122570e+00  2.55692271e+00  5.79541267e+00  4.47789787e-01 -8.28399161e-02  7.89149937e-02
  2.17867273e-01  2.86369426e+00  6.44421501e+00  1.51880099e+00 -1.94125977e+00  9.33727026e-01
  3.97218721e-01  1.98489465e+00  6.03518576e+00 -7.25914166e-01 -2.97826280e-01 -1.28960937e+00
  1.03955188e+01  1.48561486e+00  5.30654769e+00 -3.27166101e-02 -5.30240675e-01  9.36119210e-01

molecule   19
  3.06937465e+00  5.61094406e+00  5.33646714e+00  1.50801636e+00  2.64495230e-01 -4.73279401e-01
  2.32813129e+00  4.93235614e+00  5.48590191e+00  2.59349291e-01 -1.10839332e+00  1.05653529e+00
  2.61173597e+00  3.97212430e+00  5.47647193e+00  1.38589801e+00  1.43922702e+00  6.09707128e-01
  3.03878210e+00  3.58418026e+00  6.31367756e+00  1.18570716e+00  1.56293672e+00 -7.66148529e-01
  3.35164053e+00  3.99615729e+00  7.18571350e+00 -3.79803104e-01 -1.62487037e+00 -2.04131032e-01
  4.24669081e+00  4.36456841e+00  7.34346591e+00 -3.43857981e-01 -1.87101999e+00 -1.00166554e-01
  5.13917691e+00  3.93621944e+00  7.14871192e+00 -8.52221222e-01  4.40236701e-01  2.37695393e+00
  4.79652496e+00  3.35979790e+00  6.33217881e+00  1.69235273e-01 -3.98719100e-01  3.35712494e-01

molecule   20
  6.41781341e+00  1.13206061e+00  6.61275755e+00  1.30994006e+00 -8.67166524e-01  8.10202397e-01
  5.76423509e+00  5.21119001e-01  6.12710692e+00 -4.89446478e-01  1.61820924e-01 -1.72728574e+00
  5.23478898e+00  9.30475924e-01  6.90088163e+00  9.19991559e-02 -1.10820693e+00  1.14846360e-01
  4.82905975e+00  8.85368016e-02  6.58409765e+00 -8.43690879e-01 -3.11123793e-01  6.93093648e-01
  4.72263314e+00  9.63423020e+00  6.23640400e+00 -4.45763897e-01  7.98298102e-01 -9.56999869e-02
  4.97971611e+00  9.54490166e+00  5.23866649e+00  1.17845979e+00  3.37214041e-01 -1.03119380e+00
  5.40824310e+00  1.03932443e+01  5.10229945e+00  1.91337607e+00  9.95788353e-01 -3.58740441e-01
  6.02362212e+00  9.83520129e+00  5.68474929e+00 -4.39949819e-01  8.92995969e-02  5.21802791e-01

molecule   21
  5.70000023e+00  7.88522983e+00  7.05168009e-01 -1.03172116e+00  8.75850079e-01  2.75510651e-03
  5.54589643e+00  8.42105939e+00  1.54888650e+00 -7.46965777e-01 -2.09153197e-01  1.25949419e+00
  4.98653712e+00  8.61680336e+00  2.32694933e+00  6.31109272e-01 -4.27371757e-01  7.17237124e-01
  4.04930511e+00  8.97535272e+00  2.36265861e+00 -1.39395153e-02  2.43538239e-01  8.58863048e-01
  3.92650134e+00  9.23593523e+00  1.43469142e+00  2.13575503e-01  1.20158127e+00 -1.70236924e-01
  4.37093065e+00  8.32446858e+00  1.36302760e+00 -5.85064013e-01 -9.40638358e-01  5.97613573e-01
  4.79437743e+00  8.86654349e+00  6.16572495e-01  1.84567462e+00  1.43445823e-01 -4.21202822e-01
  4.76172601e+00  9.72699694e+00  1.13603470e+00 -4.43749240e-01  5.25733863e-02 -1.88256903e-01

molecule   22
  7.74506249e+00  1.54785889e+00  6.95462688e-01  4.93392226e-01 -3.58257089e-02  1.28938032e-01
  7.68150233e+00  1.27609158e+00  1.65019451e+00  7.67921078e-01 -6.67384043e-01 -1.58719798e+00
  7.98598529e+00  5.27750247e-01  1.04811264e+00  4.56939380e-01 -7.25015775e-02  9.74405996e-01
  8.89133705e+00  8.34078432e-02  1.03374439e+00 -1.14896443e-01 -7.65508941e-02  1.90767603e+00
  8.62522897e+00  8.03452153e-01  3.45877977e-01  9.38566432e-01  5.44143066e-01 -2.09987160e+00
  9.29466306e+00  8.89746165e-01  1.00825179e+01 -2.24629124e-01 -3.35511350e-01 -3.42932594e-01
  9.84021534e+00  2.00933951e-01  9.55715875e+00 -4.09310323e-01  2.20256337e+00  1.42945626e+00
  2.32174257e-01  1.01503861e+01  9.56044662e+00  9.87422999e-02 -1.95496409e-04 -9.98945744e-01

molecule   23
  4.41405297e+00  7.12566124e+00  8.80092476e+00  6.99803246e-01 -6.13364635e-01  2.18166898e+00
  5.10561266e+00  7.27364498e+00  9.51688771e+00  1.31264435e-01 -1.46526840e+00 -1.70076412e+00
  5.83535948e+00  7.45207483e+00  1.01526628e+01  2.63696760e-01 -2.95124309e-02 -6.02719247e-01
  6.20139242e+00  7.65639756e+00  9.23523605e+00  6.35049161e-01  3.58133294e-01  2.02567707e+00
  6.66464553e+00  8.56542883e+00  9.31361740e+00  1.84633128e+00 -5.91226015e-01  1.37866597e+00
  6.42006885e+00  8.85646128e+00  8.35454727e+00  1.56374672e+00 -1.33951183e-01  9.32743875e-01
  5.68880159e+00  8.52039430e+00  8.93164163e+00 -3.34236959e-01  9.85207257e-01 -4.87038788e-01
  5.20488266e+00  8.09513031e+00  8.14995878e+00  1.67939842e-01 -1.19131621e+00 -3.77308554e-01

molecule   24
  8.64019003e+00  6.45419998e+00  6.77450779e+00 -5.38955404e-02 -1.08412708e+00  1.03876792e-01
  9.38902647e+00  7.08408716e+00  6.56308871e+00  6.54407805e-01 -7.41010700e-01  1.14860785e+00
  9.40563505e+00  7.64487052e+00  7.33391668e+00  1.52294663e-02 -1.01931856e+00 -4.92291297e-01
  8.77838490e+00  8.24073885e+00  6.85651301e+00  1.58652534e+00 -1.70959923e+00 -1.56059667e+00
  7.92084963e+00  8.66537265e+00  6.61538194e+00 -1.35237226e-01 -1.55094454e+00  6.68495002e-01
  7.88872586e+00  7.72099484e+00  6.18412137e+00  1.75848376e+00 -4.99550984e-01 -5.60366926e-02
  8.43761903e+00  6.90345019e+00  5.84804231e+00 -6.03269681e-01  4.47010614e-01 -7.08414377e-02
  8.88247225e+00  7.74024155e+00  5.72916870e+00  6.52453188e-01  1.99981739e+00  4.46057802e-01

molecule   25
  9.48293589e+00  3.57108296e-01  5.87885873e+00 -1.43162074e+00 -2.18940524e-01  8.60516156e-01
  9.57250984e+00  1.31989204e+00  6.18638014e+00  3.67976442e-01 -4.22343176e-01  2.14809093e+00
  9.67471516e+00  2.13258327e+00  6.65310309e+00 -4.96536742e-01  1.18968063e+00 -1.60161957e+00
  9.32534331e+00  1.70011850e+00  7.47540287e+00 -3.43280407e-01 -1.68903036e-01 -1.39573691e+00
  8.68946921e+00  1.03487427e+00  7.83059522e+00 -4.47237774e-01 -2.43494377e-01 -1.88994830e+00
  9.46322533e+00  4.82457266e-01  8.28025191e+00  1.56204790e+00 -7.32526439e-01 -6.19155941e-01
  9.26388586e+00  1.01065883e+01  8.79923476e+00 -1.97747920e-01 -9.45056189e-01 -1.10469668e+00
  1.01610809e+01  9.73307481e+00  8.57576815e+00 -3.01775600e-01 -5.40393711e-01  1.44313485e+00

molecule   26
  7.34552443e+00  2.53632683e+00  9.46298632e+00 -5.14028256e-01  5.25728946e-01  5.72913038e-01
  6.60547740e+00  3.14222722e+00  9.90481818e+00  2.14886416e-01  2.05695406e-01  1.52776180e+00
  5.78868672e+00  3.54096686e+00  1.01885698e+01 -2.14161441e-01 -4.36111605e-01  4.70623624e-01
  5.77559009e+00  4.52383634e+00  1.00949041e+01 -1.85324765e-02 -8.94373236e-01  2.56632869e-01
  6.01676560e+00  4.45416142e+00  9.13326959e+00 -4.53125805e-02  7.08024142e-01  7.27804652e-01
  5.16190778e+00  4.00032708e+00  9.37850339e+00  4.24307647e-01 -4.72530877e-01 -1.05323192e+00
  5.74655014e+00  3.27317188e+00  8.97020677e+00 -1.06441570e+00  6.12355391e-01  7.69127196e-01
  5.68442964e+00  2.46685495e+00  9.53490699e+00 -1.66861097e+00 -5.08406196e-01 -4.16857664e-01

molecule   27
  2.51401786e+00  9.62739456e+00  7.13706273e+00 -5.69029324e-01 -8.14001299e-01  7.28374593e-01
  2.12258506e+00  1.02481363e+01  7.84554534e+00  2.68372932e-01 -5.03631877e-01 -1.67759615e+00
  2.11588588e+00  1.02407046e+01  8.83452588e+00  6.85127865e-01  1.34818804e+00 -1.41601947e+00
  2.99469110e+00  1.03626463e+01  8.39870001e+00 -1.30481548e+00 -2.30643984e+00  1.63492534e+00
  3.17325571e+00  9.82645638e+00  9.24046940e+00  2.12615804e-01  4.62265701e-01  8.81232900e-03
  3.07468549e+00  9.28662586e-02  9.84392008e+00  1.24387211e+00 -1.54825804e+00  5.85482869e-01
  3.76524828e+00  1.01220353e+01  1.03505169e+01 -9.11933274e-01  2.54525974e+00 -1.64994516e+00
  4.13768019e+00  2.82356289e-01  6.26194346e-01 -1.11328235e-01  3.25435696e-01  7.68927013e-01

molecule   28
  9.21206231e+00  9.59271710e+00  3.79745685e+00 -5.22961876e-01 -1.15541271e-01  5.26695853e-01
  9.05090444e+00  5.35180582e-02  4.14453539e+00 -3.04189852e-01  6.84110941e-01  1.15943058e+00
  8.73409704e+00  6.42184075e-01  4.90978109e+00 -1.64556641e+00 -2.69972135e-01  5.48556668e-01
  8.50872615e+00  1.59581870e+00  4.53597649e+00 -1.29468353e-02  2.21004688e-01  6.31560120e-01
  7.84206786e+00  1.86815189e+00  3.86775512e+00 -8.21609545e-01 -8.50623633e-01  1.07830222e-01
  7.52104574e+00  1.32636161e+00  4.62054530e+00 -7.15528109e-01 -2.48621129e-01 -8.47329134e-02
  6.69823395e+00  1.26021111e+00  4.10756127e+00  8.60513630e-02  2.12533945e+00 -7.47670610e-01
  6.40906854e+00  4.78625119e-01  3.52346183e+00 -6.72761649e-02 -2.08883730e+00 -1.69060278e-01

molecule   29
  5.90712126e+00  3.20343599e+00  2.39295329e+00  9.48254340e-01 -5.11541080e-01 -1.48073998e-01
  5.52338744e+00  4.05370269e+00  1.97221061e+00 -6.05517301e-02  2.12641624e-01  1.05556544e+00
  5.21820702e+00  4.91466069e+00  1.55968045e+00 -1.19286371e+00  1.40749734e+00 -1.55543081e+00
  4.60340448e+00  4.15347128e+00  1.48918140e+00 -2.40002488e-01 -6.97302709e-01 -8.93240982e-02
  4.57822009e+00  4.21144304e+00  4.87768027e-01 -5.51130771e-01  1.33365280e+00  2.97537038e-01
  4.00833108e+00  4.20600601e+00  1.01168154e+01  1.46565640e+00 -8.78098593e-01 -3.85739256e-01
  4.15332455e+00  4.37187392e+00  9.15058963e+00 -4.96002897e-01 -1.01672606e-01 -5.94875630e-01
  3.59169934e+00  4.71613474e+00  8.37177376e+00 -2.13929721e-01 -6.23453127e-01 -1.19420332e+00

molecule   30
  2.62864893e+00  9.67111008e+00  4.25211148e+00  9.07219652e-01 -6.68960685e-01  9.21605573e-01
  3.36757139e+00  9.49663150e+00  3.65111988e+00 -6.66899078e-01  1.99016464e+00  9.96474572e-01
  4.13983587e+00  9.97573342e+00  4.02328329e+00  7.09305957e-01  2.80930951e-01 -2.03237512e+00
  3.71369960e+00  1.02729866e+01  3.16138003e+00  1.97774658e-01  6.75866989e-01  3.55635403e-03
  3.54169513e+00  9.96540281e+00  2.20572746e+00 -4.43983712e-01  1.35922004e+00 -4.63952476e-01
  2.63915808e+00  9.63342195e+00  1.99283855e+00 -1.16972934e-01 -1.07168711e+00 -4.28149959e-01
  2.76152377e+00  9.94920875e+00  2.94722485e+00 -1.02370621e+00 -1.21397654e-02  1.19029539e-01
  2.88808629e+00  8.97109684e+00  2.76483456e+00  1.13668420e+00  8.45313998e-01 -6.45972625e-01

molecule   31
  1.53165806e+00  5.36745572e+00  1.09232769e+00 -4.45378373e-01 -1.05061495e+00  8.24637208e-01
  7.70298111e-01  5.87505762e+00  7.41497982e-01 -1.88470433e+00 -1.27984026e+00 -4.76077010e-01
  3.00655379e-01  6.30354766e+00  1.46512658e+00  1.54628414e-01  5.45777538e-01  9.38369059e-01
  1.03758279e+01  5.49580502e+00  1.92900745e+00 -1.41723267e+00  5.02600031e-01  7.13141142e-01
  4.68274293e-01  4.85518161e+00  2.46864087e+00  2.43352267e-01 -7.79915858e-01  1.44600117e+00
  8.06807594e-01  4.03816788e+00  2.89691317e+00 -1.53323774e+00  1.40544196e+00 -8.57487353e-01
  8.97641125e-01  4.09620576e+00  3.90818107e+00  4.52389174e-01  1.05043016e-01 -2.57273116e-01
  1.61828975e+00  4.62358903e+00  3.44171624e+00 -4.44726573e-01  8.26390023e-03 -4.85720157e-01

molecule   32
  1.20084746e+00  3.67680112e+00  6.88897655e+00  1.77885367e+00 -1.44870297e+00 -9.88969262e-01
  7.48922487e-01  2.89411171e+00  7.24599674e+00 -7.05890615e-01 -8.06954792e-01 -4.63567159e-01
  1.74116501e+00  2.81649299e+00  7.10572406e+00 -1.88209239e+00  2.29982928e+00 -3.14065253e-01
  2.29359896e+00  2.00239011e+00  6.83592180e+00 -1.34207917e-02  5.89325680e-01 -1.88993716e-01
  2.03891961e+00  1.16609557e+00  6.24862963e+00  7.44731274e-02  9.13111624e-01 -5.91871615e-02
  1.78049921e+00  2.05429673e+00  5.85633648e+00  5.84249050e-02 -6.39676979e-01 -1.34067154e+00
  1.52574350e+00  2.13681083e+00  4.91715984e+00 -3.68736215e-02  9.23835701e-01  6.03162066e-01
  5.68414005e-01  2.38283965e+00  4.94299391e+00  8.35967840e-01 -3.21580004e-01  3.33329751e+00

molecule   33
  9.21819575e+00  1.90781665e+00  5.42862300e+00  3.79963571e-01  1.18442431e+00 -7.69444029e-01
  8.91910334e+00  2.71880599e+00  4.99002967e+00  7.52818205e-01 -1.12986272e+00 -1.14134326e+00
  9.73644761e+00  2.62178695e+00  4.45628962e+00 -1.40365008e-01  1.43114267e-01 -1.40255867e+00
  9.66827245e+00  1.60640602e+00  4.30245059e+00  1.18707026e+00  1.57531971e+00  6.05742464e-01
  9.18052439e+00  2.00472900e+00  3.50619301e+00 -2.97984128e+00 -1.09465576e+00 -5.52893083e-01
  8.98532267e+00  1.02901444e+00  3.71511949e+00  6.46354786e-01  1.69060824e+00 -1.14940923e+00
  8.37223848e+00  4.88576230e-01  3.16647479e+00 -5.89955394e-01 -1.76315898e-01  4.73789960e-01
  7.68307229e+00  2.81300995e-01  3.89957146e+00  9.11842474e-01  5.71696445e-01  4.38696010e-01

molecule   34
  6.05520211e+00  1.12137522e+00  2.52047049e+00  1.60702471e+00  3.97456832e-01 -2.03039036e+00
  5.60173191e+00  1.08024809e+00  3.41059342e+00  7.79593943e-01  7.34686785e-01  9.84569206e-01
  4.88127649e+00  1.43261326e+00  2.85643655e+00  1.00010759e+00 -1.70598443e+00 -1.62208236e+00
  4.31895762e+00  1.73462887e+00  3.60553235e+00  4.44987662e-01 -8.51613216e-01  3.20249709e-01
  4.29740635e+00  2.63114730e+00  4.06487441e+00  1.04901133e+00 -6.29780542e-01  7.55971773e-01
  3.48195268e+00  2.63812694e+00  4.64979458e+00 -1.74634500e+00 -8.75823590e-01 -4.21490611e-01
  2.66256854e+00  2.22961948e+00  5.06913205e+00 -1.04477698e-01  1.22586348e+00 -2.49278915e-01
  3.01720863e+00  2.04066104e+00  6.01773055e+00 -9.87446804e-01  8.74944264e-01  1.27261614e+00

molecule   35
  1.94338685e-01  2.11695870e+00  3.82654795e+00 -1.65039463e-01 -2.24023959e-01  5.58501815e-01
  2.97380198e-01  3.03883331e+00  3.53382583e+00 -2.38712046e+00  5.77112952e-01 -5.19020201e-01
  1.10609414e+00  3.06238232e+00  4.18478328e+00  8.39933148e-01  6.05704540e-01 -5.62818157e-01
  1.28591381e+00  2.91629037e+00  3.21075279e+00  9.02602127e-01 -4.75152941e-01 -9.38470047e-01
  1.99573649e+00  3.62815652e+00  3.24027167e+00  3.66346300e-02 -8.01510715e-01  7.31917051e-01
  2.72183157e+00  2.93862733e+00  3.47393145e+00 -9.61320168e-01  6.37450990e-01 -1.97873242e+00
  2.11445194e+00  2.40996726e+00  2.89326042e+00  6.51739612e-01  7.60769966e-02  6.31976575e-01
  2.02707145e+00  2.32415808e+00  3.91033569e+00 -1.24401073e+00  1.17846505e+00 -1.20789464e-01

molecule   36
  2.17200353e+00  4.83887663e+00  9.56501530e+00  1.18076746e+00 -8.61639652e-01  2.12433965e-01
  1.45070264e+00  4.36498092e+00  8.99108552e+00  3.90004811e-01  1.25518283e+00  5.45760536e-01
  2.06578699e+00  3.63437665e+00  8.61493714e+00  1.68925148e+00  7.35604352e-02  8.36214067e-01
  1.90638954e+00  2.64518598e+00  8.44689200e+00  1.70641482e+00 -1.31037045e+00  5.19872876e-01
  2.31997746e+00  2.30027266e+00  9.26249951e+00 -4.31833800e-02  7.33907000e-01 -6.67555758e-01
  1.80442685e+00  2.10558945e+00  1.01146022e+01  2.19673350e+00 -4.85628422e-01 -8.32506980e-01
  1.40151554e+00  1.24532314e+00  9.79924834e+00  3.40996584e-01 -1.39045317e-01  7.57131996e-01
  1.21542411e+00  9.79179790e-01  2.53826907e-01  1.43878192e+00 -1.57756119e-01 -1.13195416e+00

molecule   37
  7.46187619e+00  5.19892000e+00  2.34757857e+00 -1.48832267e+00  2.57476863e-02 -8.51867936e-02
  7.53420818e+00  4.18083066e+00  2.21636802e+00  2.61679208e-01  1.29949866e+00  7.06406345e-01
  8.48081464e+00  4.47449467e+00  2.50535529e+00  4.52669057e-01  4.52576445e-01  1.46393430e+00
  8.21443256e+00  5.35551711e+00  2.97241221e+00  9.44896273e-02  5.69276325e-01 -1.27759714e+00
  8.95605954e+00  5.53604217e+00  3.58408091e+00 -7.45363902e-01  2.09449866e+00  1.85127588e+00
  9.42360103e+00  6.41512275e+00  3.44849501e+00 -9.59810609e-02  2.21811822e-01  4.50147761e-01
  9.72543765e+00  6.39618815e+00  2.50491242e+00  8.01954821e-01  7.94735956e-01 -1.02549090e+00
  9.20716220e+00  5.80199538e+00  1.91667147e+00 -5.82596853e-01 -9.23053298e-01  7.06192407e-01

molecule   38
  1.48132381e+00  3.81504928e+00  1.00854792e+01  6.80730280e-01 -8.28680599e-01  1.19403669e+00
  7.89134557e-01  3.09041830e+00  9.91372875e+00  4.29971296e-01 -1.36183778e-01  1.46836874e+00
  1.35596665e+00  2.96628604e+00  2.74092468e-01  1.50949829e+00 -4.30871906e-01 -1.91785543e-02
  9.09309019e-01  3.63314310e+00  8.56025682e-01 -5.31909484e-01  1.77881400e+00 -3.94870700e-02
  1.29386909e+00  3.00402390e+00  1.50919679e+00 -1.07035122e-01  2.32811498e+00  1.57752540e-01
  1.52792397e+00  3.59330461e+00  2.31551469e+00 -3.58303409e-01  3.70573064e-01  5.25465732e-03
  6.10665217e-01  3.19963047e+00  2.29689440e+00 -6.39921539e-02 -5.91827048e-01 -1.64251622e-01
  1.04081903e+01  2.40159732e+00  2.41303663e+00  2.17990215e+00  2.27219322e+00 -7.81921170e-01

molecule   39
  7.35742769e-01  7.05253403e+00  8.05010903e+00 -4.59482853e-01 -9.25571430e-02 -5.42373982e-01
  5.40212800e-01  7.99292732e+00  7.71063406e+00 -6.44991367e-01 -7.74708911e-01 -9.70660559e-01
  1.98935688e-01  8.79789421e+00  7.17174271e+00 -3.79449464e-01  3.43861070e-01  7.49328489e-02
  9.79855386e+00  9.05173604e+00  7.63037850e+00 -7.75167849e-01 -1.27205123e+00 -5.27023240e-01
  1.01732747e+01  9.75569502e+00  6.95204522e+00 -1.38920268e-01 -6.03889937e-01 -1.00667043e+00
  9.38394641e+00  9.73434435e+00  6.36201280e+00 -2.18682229e-01  1.35035864e+00 -5.60881992e-01
  1.01623298e+01  9.66584271e+00  5.67504091e+00 -8.95682834e-02 -1.50508155e+00  1.35587193e+00
  2.89887783e-01  1.03135343e+01  6.20651553e+00 -1.09481922e-01 -9.04618084e-02  9.54860558e-01

molecule   40
  8.64971417e+00  5.67743689e+00  5.81121033e+00 -8.75386818e-01  1.24731122e+00  1.22448136e+00
  7.95725912e+00  4.96788864e+00  5.44257927e+00  1.20822652e+00 -1.37973473e+00 -7.23479125e-01
  7.61079588e+00  4.81273841e+00  6.37297362e+00 -1.39189064e-01  3.37423614e-01  5.71094671e-01
  6.65562681e+00  4.77948378e+00  6.64932454e+00 -9.54195621e-01  1.93954583e+00  1.54849295e+00
  5.70423336e+00  4.60733565e+00  6.49705149e+00  7.43156467e-04 -7.41608728e-01  1.01279991e+00
  6.01583941e+00  4.74547617e+00  7.45496617e+00  1.91421897e+00 -2.04417865e+00  3.20131102e-01
  6.59856351e+00  4.76325512e+00  8.27949620e+00 -1.58259663e+00 -1.55150122e+00 -1.11233042e+00
  7.36150838e+00  5.02086318e+00  7.74280504e+00 -5.44164974e-02 -1.09562176e-01 -1.67547626e+00

molecule   41
  9.24278734e+00  4.35789199e+00  7.92187485e-01  6.40412885e-01 -1.56119771e+00 -5.25315091e-02
  9.70807663e+00  5.17942891e+00  1.12346247e+00  1.74387319e+00  5.69544609e-01 -5.43333386e-01
  9.29200947e+00  4.63709275e+00  1.84792432e+00  1.75888381e-01  1.40682797e+00  5.20213449e-01
  8.41769430e+00  5.05528891e+00  1.61020274e+00 -1.64507908e-01  3.61934604e-01  1.76884840e+00
  7.94886322e+00  5.91621285e+00  1.80991599e+00 -1.40579376e+00 -6.88877322e-01  4.58458416e-01
  7.43139135e+00  5.42042307e+00  1.10623547e+00 -6.16142090e-01 -5.24731786e-01 -1.27101907e+00
  7.24647938e+00  5.95476956e+00  3.70843049e-01 -1.76606647e+00  1.57408603e+00 -8.49455526e-01
  8.10586785e+00  5.75312486e+00  1.03826132e+01  2.47776316e+00  4.61477940e-01 -1.88140687e+00

molecule   42
  6.73177107e+00  8.14516537e+00  8.25799283e-01  1.95222505e+00  9.40758402e-02  7.82979735e-01
  7.10333155e+00  8.80766487e+00  1.35291313e-01 -1.88161827e+00  6.60251438e-01 -2.44452877e+00
  7.98078440e+00  9.18798501e+00  4.82498174e-01  5.12179985e-02 -1.22325242e+00 -1.93656469e+00
  7.99271843e+00  9.24907475e+00  9.94210863e+00 -4.39611247e-01 -1.34690811e+00  1.28900881e-01
  7.62045886e+00  9.99306540e+00  9.41792314e+00  1.32216334e-01  5.82305210e-01  4.40530535e-01
  6.79833831e+00  9.47634136e+00  9.67056150e+00  7.04364475e-02 -5.63515480e-01  5.70363342e-01
  6.45412226e+00  1.03052691e+01  9.30060983e+00 -8.42438721e-01 -6.50175571e-01 -4.13179297e-01
  5.88164437e+00  9.65629383e+00  8.87855246e+00  7.81744210e-01 -1.58754388e+00 -2.10997836e+00

molecule   43
  3.69450443e+00  9.96935983e-01  9.44173144e+00 -1.10222112e-01 -2.52034176e-01  4.37456083e-01
  3.00076789e+00  1.70379210e+00  9.72512620e+00  4.83742108e-02 -3.04279151e-01  5.72322607e-01
  3.12048024e+00  2.67352287e+00  9.80499793e+00 -1.95889544e-01 -1.51541047e+00 -9.51049947e-02
  3.20524709e+00  3.62161126e+00  9.39826276e+00  1.28833510e-01 -2.07578648e+00  8.10755001e-02
  3.54958697e+00  3.13042588e+00  8.67098535e+00 -3.64612144e-01 -5.59719736e-01  1.53828144e+00
  3.99940999e+00  2.23140578e+00  8.65447098e+00 -1.91744340e+00 -1.60325622e+00  1.69062757e+00
  3.22751085e+00  1.75430297e+00  8.26875421e+00 -9.31882984e-01 -5.44594704e-01  1.26158734e+00
  3.49495446e+00  8.46485593e-01  7.90388988e+00 -9.71849420e-01 -9.20701293e-01  2.55320982e-01

molecule   44
  5.38704864e+00  5.92049499e-01  8.93703019e-01  7.17255108e-01 -2.67244076e-01 -2.21847611e+00
  5.88231620e+00  1.14185334e-01  1.54795683e-01 -3.31539794e-01  5.62982505e-01  4.42765591e-01
  5.65581795e+00  9.64252365e+00  1.03854896e+01  9.08526390e-01  6.71217258e-01  1.54112212e-01
  4.80308937e+00  9.80569190e+00  9.84492149e+00  6.12614363e-01 -5.30042216e-01  7.74803183e-01
  5.30279100e+00  1.03243923e-01  9.48343065e+00 -1.26295748e+00  1.00083086e+00 -1.04182479e+00
  5.59954089e+00  9.80065571e-01  9.07848824e+00  8.19494643e-01 -4.62239759e-01 -4.79882587e-01
  5.28797098e+00  3.16900879e-01  8.37787766e+00 -4.33192408e-01 -1.12495281e+00 -5.86413542e-01
  4.59847308e+00  1.85113068e-01  7.66587909e+00  8.76156104e-01 -1.43142803e+00  2.25263634e+00

molecule   45
  1.94676819e+00  9.02167414e+00  7.82389097e+00  5.92552174e-01 -1.71002491e-01  9.26317726e-01
  1.65949155e+00  8.07444640e+00  7.71255511e+00  1.62575047e-01  7.19635935e-01  8.05949610e-01
  1.40960742e+00  8.33042383e+00  8.66708272e+00  1.83444277e+00  2.52293702e+00 -1.80510492e+00
  1.52554949e+00  7.90146244e+00  9.52674496e+00  1.25812279e+00  6.73101292e-01 -1.86201860e-02
  1.26256477e+00  6.95219350e+00  9.61729047e+00  9.05547460e-01  1.71731413e+00 -2.05420559e-01
  2.03513427e+00  6.29537055e+00  9.56488588e+00 -1.31879004e+00 -9.68852831e-01 -1.59750758e+00
  1.44274533e+00  6.42998451e+00  8.74289115e+00  7.11004496e-01 -7.70430990e-01  2.04276300e+00
  1.53534264e+00  6.12279549e+00  7.78172433e+00  2.89382153e-01  1.16091949e+00 -2.29646414e-01

molecule   46
  6.25082693e+00  9.05016309e+00  7.36411897e+00 -1.48548500e+00  7.05849138e-01 -7.11063256e-01
  5.68874597e+00  8.51485209e+00  6.79306559e+00 -7.92566541e-01 -1.49743412e+00  3.09462068e+00
  5.54890601e+00  7.68611273e+00  7.32630790e+00  1.71796303e+00  1.64597084e+00  5.47661484e-01
  6.33735794e+00  7.93396587e+00  7.94868288e+00 -8.00096860e-01  1.47166539e-01  1.77991428e+00
  7.03159308e+00  7.68154847e+00  8.57322724e+00 -5.88991473e-01 -4.64474342e-01  6.35155625e-01
  7.22308690e+00  6.96778788e+00  9.29105144e+00 -4.67279913e-01 -9.11487763e-02  6.01427727e-01
  7.34128871e+00  6.95744812e+00  1.02673039e+01 -5.81485633e-01 -1.07096717e-01  2.91429146e-01
  7.74482819e+00  7.01442206e+00  7.20889395e-01 -1.32261978e+00  1.91072516e-01 -1.67520339e+00

molecule   47
  3.35449198e+00  4.97525569e+00  2.13381249e+00 -1.27528547e+00 -4.90915501e-02  3.13243191e-01
  3.29759264e+00  5.97044795e+00  2.27909256e+00  1.50436908e+00 -2.97535737e-01 -1.00570012e+00
  3.14832344e+00  6.81128070e+00  1.86535178e+00 -6.48714631e-01  1.17142484e-01 -7.32870930e-01
  2.28069826e+00  7.25455314e+00  2.13249437e+00  4.68455184e-01  8.29145046e-02 -8.70311406e-01
  1.93379179e+00  6.32832350e+00  2.38722659e+00 -2.51500245e+00  2.48033688e+00  8.09424282e-01
  1.18938491e+00  6.90833519e+00  1.94981934e+00  1.41500277e-01  1.07832096e+00 -1.57655438e+00
  3.04748157e-01  6.92758931e+00  2.34056306e+00 -2.41890996e+00 -1.36119979e-01 -4.32614482e-01
  9.95099574e+00  7.03806439e+00  1.74016680e+00  1.15970570e+00 -5.50202316e-02 -4.15171713e-01

molecule   48
  6.44479892e+00  1.51882359e+00  9.11934217e-01  1.22762906e-01  1.83437042e+00  2.30923758e+00
  6.51162155e+00  2.29412118e+00  3.09424171e-01 -9.73256805e-02  1.85961132e-01 -9.25144953e-01
  6.19006206e+00  2.67630599e+00  1.19178208e+00  1.30362885e+00 -6.00692205e-01  2.14920800e-01
  5.38429383e+00  3.23919315e+00  1.06211813e+00  1.62112990e+00  3.40030811e-01 -5.45285589e-01
  5.09062076e+00  2.30830163e+00  1.25838717e+00  1.97030121e-01 -2.74386364e-01  7.62825493e-01
  5.68919753e+00  2.01530587e+00  1.98074558e+00 -2.13147086e+00 -1.58454118e+00  5.98712772e-01
  5.31561900e+00  2.33132441e+00  2.87983637e+00  2.17787347e+00 -1.23418630e+00 -1.00788594e+00
  6.21854634e+00  2.50233956e+00  3.27490744e+00  1.61182456e+00 -8.37761765e-01 -1.00308595e+00

molecule   49
  1.55442469e+00  1.99941315e-01  3.55118354e+00  2.21980367e-01  4.38726800e-01 -2.95863677e-01
  7.23132857e-01  6.66944072e-01  3.25179159e+00  5.07992196e-02 -1.52002443e+00  8.08309554e-01
  1.18693946e+00  1.45296435e+00  2.91004180e+00  7.02561573e-01  3.14681344e-01  2.80564713e-01
  8.15162094e-01  1.92614201e+00  2.14184758e+00 -1.12482531e+00 -1.73450666e-01 -3.05336462e-01
  1.04540186e+01  1.51608464e+00  1.81761451e+00  9.57210328e-01 -1.78657100e+00 -1.17748516e+00
  3.82021011e-01  1.40955060e+00  9.19785017e-01 -1.24815338e+00 -2.79529984e+00 -1.58333420e+00
  6.11897461e-01  4.09672211e-01  1.03978791e+00  1.17948369e+00 -1.69157910e-01  7.29521933e-02
  1.00655898e+01  3.41734756e-01  8.46566787e-01 -5.04667078e-01  1.48640020e-01  6.92881521e-01

molecule   50
  1.83987672e+00  9.35879116e+00  3.33898285e+00 -1.28177237e+00  1.24230812e+00 -3.10738752e-01
  1.88264484e+00  9.03220532e+00  2.36606541e+00 -1.58455958e+00 -2.07870212e+00  1.12334538e+00
  1.62243756e+00  9.97047280e+00  2.28960942e+00 -2.27832249e+00  4.56218302e-01  3.85961132e-01
  9.13160172e-01  9.23433331e+00  2.19152382e+00 -5.29572476e-01  6.86567375e-01 -1.38173430e+00
  1.71182469e-01  9.20146272e+00  1.52450961e+00 -1.38527464e+00  2.08530001e+00 -8.89325393e-01
  2.95136912e-01  1.01964312e+01  1.64899971e+00  8.69670324e-01 -5.48319606e-01  3.59111505e-01
  1.01978699e+00  3.17069174e-01  2.00392152e+00  8.16916363e-01 -1.00957902e+00  1.79125874e+00
  7.28812293e-01  1.01325250e+01  2.75457869e+00  1.04420500e+00 -1.31157648e+00  1.80113797e+00

molecule   51
  8.06569823e+00  3.96237986e+00  7.90690118e+00 -1.74800599e+00 -4.46827884e-01  1.42514502e-01
  8.54546364e+00  4.76384134e+00  7.54072585e+00 -2.46427598e-01 -1.08473129e+00  1.80183947e+00
  8.93555796e+00  5.18736636e+00  6.69660267e+00  9.66723735e-01  2.59290539e-01 -1.02359557e+00
  9.63076325e+00  4.66008025e+00  7.23093582e+00  1.43838555e+00 -4.64211077e-02 -9.40068341e-01
  9.18347256e+00  3.96670254e+00  7.80389381e+00 -2.01127413e-01  4.93146365e-01 -9.20420677e-01
  9.07149074e+00  2.97906712e+00  7.88318684e+00 -5.35483571e-01 -9.85519532e-02 -5.12552517e-01
  1.00442984e+01  3.09991368e+00  7.60778606e+00  5.82324643e-01  1.27283256e+00 -1.25082604e+00
  1.02114075e+01  3.99425437e+00  8.04042025e+00  3.33942997e-01  4.94331162e-02  6.18598046e-01

molecule   52
  3.31913439e+00  7.16469101e+00  4.12307199e+00 -4.60048242e-01 -3.69189252e-02  6.37075375e-01
  4.06188824e+00  7.49966215e+00  3.47379558e+00 -9.70165698e-01 -6.60615654e-01  8.58041164e-01
  3.34026549e+00  6.92773447e+00  3.13001309e+00  2.06810362e-01  5.38242191e-02 -5.56339792e-01
  3.48018419e+00  7.72771513e+00  2.51842050e+00  3.77190240e-01 -1.30804659e+00  1.27414751e+00
  3.46628300e+00  7.66864748e+00  1.46899419e+00 -7.40172127e-01  1.72757128e+00 -1.21219255e+00
  3.28781635e+00  8.02496494e+00  5.31136805e-01  1.74614644e+00  8.90240216e-01  1.81177883e-01
  3.50471393e+00  8.96330734e+00  4.84800859e-01 -5.43217054e-01  1.24216742e+00 -1.09424557e-02
  4.16118067e+00  9.20798131e+00  1.02606285e+01 -7.19215987e-01  1.36672872e+00  4.61367020e-01

molecule   53
  2.62511667e+00  6.04326373e+00  3.37132736e+00  8.97173376e-02 -1.47126887e+00  8.91343959e-01
  2.30556199e+00  5.77843387e+00  4.31075367e+00 -3.36923573e-02 -6.59660684e-01  1.64059815e+00
  1.37924848e+00  6.00306017e+00  4.00084226e+00 -5.79861683e-02 -8.17600043e-01 -1.82042840e+00
  1.92398754e+00  6.82025009e+00  3.89243434e+00 -7.56922221e-01  5.30885878e-01 -4.36611156e-01
  1.78017491e+00  7.81269750e+00  4.10344569e+00 -1.32242537e+00 -7.60492609e-01 -3.49427972e-02
  2.45438479e+00  7.75430838e+00  4.78619050e+00  1.59624701e-01  1.66411487e-01  9.22350471e-01
  2.52375269e+00  8.71698851e+00  5.10884357e+00  3.12921764e-01  5.83150135e-01 -9.98431888e-01
  2.10125207e+00  9.04733512e+00  5.95386276e+00 -1.00882340e+00  4.61924218e-01  6.37138949e-01

molecule   54
  5.62221404e-01  9.20870797e+00  6.10445329e+00  9.71589624e-02  1.03906345e+00  2.75373328e-02
  9.51261763e-01  9.99580614e+00  5.57681207e+00 -6.93605264e-01 -4.34503822e-01 -1.00311507e+00
  1.20942747e+00  9.13462354e+00  5.16108800e+00 -5.10881287e-01 -2.07999379e-01  4.40273816e-01
  1.59375162e+00  8.20824043e+00  5.05230891e+00  2.24633875e+00  1.55213901e-02 -4.76473536e-02
  2.17521144e+00  7.76999559e+00  5.77759672e+00 -1.04292781e+00  9.25340415e-01  9.42539010e-01
  1.31558436e+00  7.67686663e+00  6.24686997e+00 -1.01759213e+00  7.95654861e-01  3.47528506e-02
  3.53597253e-01  7.55445180e+00  5.88973240e+00 -3.53804719e-01 -1.71915452e+00  1.04988323e+00
  1.01872293e+01  8.10436818e+00  6.43467952e+00 -1.66012464e+00 -1.08969224e+00 -7.73742135e-01

molecule   55
  4.50286173e+00  4.25484113e+00  2.64272035e+00 -6.08213467e-01  3.00204147e+00 -1.63666177e+00
  4.57451796e+00  3.24395868e+00  2.71862398e+00  1.82939823e+00  3.03122122e-01 -1.45206791e+00
  3.88595620e+00  2.56669019e+00  3.03937335e+00  1.74504344e+00 -4.43260120e-01  3.18459937e-01
  4.19759167e+00  2.11281082e+00  2.21991524e+00  2.62169266e-01  6.53295548e-02  1.17017896e+00
  4.14520537e+00  2.94734966e+00  1.64519272e+00  1.53733765e+00 -7.86337396e-01  1.21805856e+00
  3.83773093e+00  2.04341273e+00  1.24335906e+00 -1.22024959e+00 -9.40502305e-01  3.94740083e-01
  3.16250800e+00  1.35504214e+00  1.02485937e+00  3.40526038e-01  6.05164695e-01  1.45128944e-02
  3.10253271e+00  2.13871823e+00  4.16293553e-01  6.17422007e-01  3.47629749e-03 -2.35440215e-01

molecule   56
  7.96065010e+00  8.75033728e+00  8.16936986e+00 -7.82932179e-01  2.89455109e-01 -4.61975200e-01
  7.86843275e+00  8.40489250e+00  9.09838947e+00 -1.20106034e+00 -1.15137849e+00  2.12236152e+00
  8.00096538e+00  7.55243512e+00  8.53480289e+00  4.64218772e-01  9.86947957e-01 -4.53130285e-01
  7.52848182e+00  7.00053240e+00  7.85816048e+00  4.17002874e-01 -7.72811320e-01  1.30019770e+00
  8.45045332e+00  7.31273463e+00  7.65717552e+00 -7.89692351e-02 -1.50493474e+00 -2.80391716e-01
  9.07697573e+00  6.53888024e+00  7.79768071e+00 -4.62151469e-01  7.73135315e-01  1.61425089e+00
  9.42008047e+00  6.00079628e+00  8.57650984e+00  3.94601893e-01 -3.71712971e-01  1.43011367e+00
  9.61990629e+00  5.60449914e+00  7.64636545e+00  1.09804400e+00  8.36712592e-01  1.11418338e-02

molecule   57
  2.71023912e+00  5.69601633e+00  1.02486165e+01 -1.25013303e+00 -4.24404382e-01  1.18307280e+00
  1.98891672e+00  6.11519256e+00  3.21803262e-01 -1.18212888e+00 -1.60054795e+00  2.76146720e-01
  2.88162299e+00  6.55398768e+00  5.87027388e-01 -2.63715264e-01 -1.09025786e+00 -2.44409044e-01
  3.34432074e+00  5.75040808e+00  6.72403782e-01 -1.46374466e+00  3.86669591e-01  6.54431539e-01
  3.83994960e+00  5.24049757e+00  1.04129431e+01 -3.73726464e-01  1.46030497e-02 -9.85131599e-01
  3.32983670e+00  5.08156295e+00  9.55174218e+00  1.46740105e+00 -7.19913328e-01  4.62222703e-01
  3.44033254e+00  5.84490582e+00  8.97818843e+00 -1.05878930e+00  5.00844575e-01 -1.25669154e+00
  4.09392775e+00  5.94001256e+00  9.70004666e+00 -1.82001816e-01  1.15899599e+00 -1.62375307e+00

molecule   58
  2.10378815e+00  9.47574309e-02  1.00948651e+01 -7.52367495e-03 -1.79199235e-01  3.87282884e-01
  1.15009766e+00  2.20822341e-01  9.97380954e+00 -1.16428326e+00 -8.76116112e-01  1.53542932e+00
  4.02682037e-01  1.04533759e+01  9.55995705e-02 -7.02859064e-01 -2.77489709e-01  5.49032425e-01
  1.64635094e-01  8.42335372e-01  1.00595498e+01 -4.36316819e-01 -4.25685732e-01  1.41198679e-01
  4.34253646e-01  1.03537685e+00  9.11718753e+00  2.32003763e-01 -6.25676141e-01  2.19552504e+00
  1.34450770e+00  7.09361650e-01  8.79616455e+00 -3.51070955e-01  7.79271835e-01 -4.91034512e-01
  6.56690332e-01  1.15367215e+00  8.14324549e+00  5.62790681e-01  1.99217121e+00 -3.50614164e-01
  1.01753255e+01  1.21247456e+00  7.87090638e+00 -6.25597161e-01  1.87580912e-01 -4.50803839e-01

molecule   59
  1.44138686e+00  1.34935852e+00  3.93457522e+00 -1.04840988e+00  6.38409177e-01  1.38989513e+00
  2.24447267e+00  1.07577613e+00  3.38743311e+00 -4.02774100e-01  6.45193718e-01 -1.58803585e-01
  2.18088493e+00  3.05601715e-01  2.75738649e+00 -6.48590057e-02  1.66733316e+00 -1.15051014e+00
  2.53647309e+00  1.11834533e+00  2.24640993e+00 -1.94841757e-01  9.88944211e-01 -1.03738439e+00
  3.41984064e+00  1.52055093e+00  2.04270328e+00 -2.32696869e-01  2.71686810e-01  1.59785411e+00
  3.67189349e+00  1.03905818e+00  2.86382738e+00 -1.01274591e+00 -1.36784133e+00  1.01681020e+00
  4.46391668e+00  4.49662778e-01  2.62025402e+00  1.49547499e+00 -1.33489042e+00 -9.10085406e-01
  4.51074313e+00  9.77146178e-01  1.75697160e+00  3.91426887e+00 -2.38688220e+00 -6.44781110e-01

molecule   60
  2.94499279e+00  9.02823414e+00  7.88271610e+00  1.78170390e+00 -1.23446501e+00  1.21808593e+00
  2.89917518e+00  8.78120655e+00  8.81402594e+00 -8.64968401e-01  5.32393027e-01  5.12093848e-01
  3.46693655e+00  8.73495797e+00  9.55594735e+00  1.80976222e-01 -2.20631065e-01  1.29745968e+00
  3.63635964e+00  7.81817755e+00  9.96191442e+00 -2.58307760e-01  1.10330743e+00 -9.84837009e-01
  3.41740711e+00  7.17849191e+00  9.23530462e+00  6.26958028e-01 -1.57953162e+00 -5.72197228e-01
  3.23318928e+00  6.51766598e+00  9.98343330e+00 -1.43493443e-01  1.16572895e+00  4.04729834e-01
  3.86389514e+00  6.69000685e+00  2.99512891e-01  5.01109579e-01 -1.67743718e+00  1.00835661e+00
  4.20104851e+00  7.24298949e+00  1.10778741e+00  2.76327174e-01  4.80097040e-01 -1.92525076e+00

molecule   61
  1.15029020e+00  1.04277532e+01  6.93687588e+00 -1.10044198e+00  4.62847115e-01  1.20638952e-01
  1.18277783e+00  9.61491606e+00  7.47012611e+00 -2.64398825e+00 -7.23681960e-01  9.05878602e-01
  8.19432893e-01  9.97659249e+00  8.31807829e+00  3.37722675e-01 -3.02303006e-01 -3.21833882e-01
  1.45447153e+00  9.54163389e+00  8.92154802e+00  1.01710859e+00 -1.85407877e-01 -3.10913192e-01
  1.02350918e+00  9.06708343e+00  9.64507059e+00  1.69290117e-01 -5.93271413e-02 -1.37108872e+00
  1.80509591e+00  8.70359440e+00  1.02265119e+01 -2.51092334e-01  9.01264061e-01  2.38328311e-01
  2.30234676e+00  8.51379240e+00  6.11404225e-01 -1.54530052e+00 -1.00651826e-01 -2.61391145e+00
  2.60693864e+00  8.30432836e+00  1.53291356e+00  4.31343981e-01 -2.11467604e-01 -2.09038260e+00

molecule   62
  5.39385135e+00  6.59461103e+00  4.85281539e+00  2.96727922e-02 -1.87033063e+00 -1.16895882e+00
  6.14127200e+00  6.34763534e+00  5.43829887e+00 -3.83500864e-01 -7.85569311e-01  2.34829218e+00
  6.87992394e+00  7.00537527e+00  5.66642326e+00 -1.05522796e+00  7.93110850e-01  1.00054100e+00
  7.01607822e+00  6.07399916e+00  5.90062300e+00 -5.93851115e-01 -9.89554631e-02  2.59727546e+00
  7.29471832e+00  6.54341680e+00  6.72546394e+00  8.95144735e-01 -6.76924510e-01  8.32227832e-01
  6.64933828e+00  7.20922336e+00  7.10576127e+00 -4.38700902e-01  1.73939196e+00 -1.42501166e+00
  6.07714322e+00  6.82868429e+00  7.81397170e+00 -4.40652079e-01 -6.97940390e-02  8.75974087e-01
  6.36449643e+00  6.60303437e+00  8.75210847e+00 -8.97764012e-01  1.45171360e+00 -7.32281766e-01

molecule   63
  5.20100840e+00  7.12284383e+00  1.33801066e+00  1.16542157e+00 -9.20107857e-01  8.24164441e-01
  4.74692873e+00  6.51788736e+00  2.02022810e+00  1.36752700e+00  1.94912217e+00 -9.42416574e-02
  4.40511726e+00  5.58929952e+00  1.76496024e+00  1.64274020e+00 -4.29963335e-01 -2.06063049e-01
  4.36625078e+00  5.70475295e+00  7.52946761e-01  1.59055881e-01 -1.49040090e-02  2.30290373e-01
  4.89246243e+00  5.61243260e+00  1.03767453e+01 -5.02561027e-01  1.47412922e+00  5.08094728e-02
  5.20144940e+00  6.06432093e+00  9.53080099e+00  8.26148446e-01  6.08965090e-02 -2.13395081e-01
  5.13942802e+00  5.19991484e+00  9.05708098e+00 -1.11087303e+00  4.23589918e-01 -5.09969102e-01
  4.26717751e+00  5.43067560e+00  8.67470988e+00 -2.03426202e+00 -1.17573230e+00 -1.13079976e+00

molecule   64
  9.04606921e+00  5.12627939e+00  4.90026331e+00  1.40406565e+00  1.27264846e+00  1.04282193e+00
  9.27859606e+00  6.00740187e+00  4.52139587e+00 -1.63759567e-01 -9.49741552e-02  8.69083079e-01
  9.49857669e+00  6.63039933e+00  5.25803962e+00 -8.56821155e-01  6.07049151e-01  5.60486917e-01
  1.01697708e+01  6.40824142e+00  5.99127358e+00  1.76818032e-03  3.61385465e-01 -9.20299566e-01
  9.61796024e+00  5.94256196e+00  6.71137153e+00  1.49359204e+00  9.34606089e-01 -4.54709572e-01
  4.72508986e-02  6.00951803e+00  7.18453967e+00  5.68492146e-01  8.80958171e-01  1.06235994e+00
  2.44145940e-01  6.94581176e+00  7.04120855e+00  1.38178564e-02  5.28505004e-01  7.94867862e-01
  1.23148268e+00  7.17817620e+00  7.09169511e+00 -2.91826709e-01  7.04580323e-01 -1.09319899e+00

molecule   65
  3.98097546e+00  5.53067973e+00  7.57209252e+00  8.65373675e-01  9.18366914e-01 -1.88924645e+00
  4.65691053e+00  5.16801460e+00  6.93497479e+00  9.36494776e-01 -2.80866557e-01 -4.25526477e-01
  4.89503309e+00  4.94133635e+00  7.90413382e+00  1.29638695e+00  3.76130354e-01 -2.64413624e-01
  5.52406844e+00  5.66414893e+00  7.69201520e+00 -3.37552365e-02  8.16012018e-01  3.67051451e-01
  4.78843416e+00  6.19284376e+00  8.16702616e+00  4.88405391e-01 -2.13924000e-01  7.25704477e-01
  5.05543902e+00  7.08672768e+00  7.95478500e+00 -9.63750853e-01  6.77193876e-01  6.72729389e-01
  4.56102098e+00  7.49873527e+00  7.19737963e+00 -6.94533706e-02  3.05189582e-01 -1.13428764e+00
  4.93374066e+00  7.67251933e+00  6.24967693e+00  1.50234347e+00 -6.27428084e-01 -3.97119485e-01

molecule   66
  9.24684647e+00  7.44124077e+00  7.29165298e-01 -4.64097002e-02 -3.73943165e-01 -2.43240664e-01
  8.84291742e+00  6.84127471e+00  1.41945324e+00  1.28118337e+00 -2.40948044e+00  1.89790350e+00
  8.61987878e+00  5.92210248e+00  1.05636997e+00 -9.48566654e-02  7.31475183e-01 -3.82459021e-02
  9.52895931e+00  6.21686638e+00  8.68095176e-01 -1.45128985e+00  7.20588380e-01  1.55725953e+00
  9.24374388e+00  6.54965603e+00  1.04073960e+01 -1.24442221e-01  4.37396813e-01 -2.42672284e-01
  1.02038218e+01  6.23004178e+00  3.82817083e-02 -2.50747752e-01 -1.48225971e+00  7.88774477e-01
  1.03880540e+01  6.65235236e+00  9.59128542e+00 -9.19255927e-01  3.14883513e-01  2.85411909e+00
  1.01940823e+01  7.33916541e+00  8.93045494e+00  4.64601937e-01 -5.54803614e-01 -1.90331517e+00

molecule   67
  4.47495056e+00  3.79608175e+00  5.19034357e+00  1.13263613e-01  1.99858824e-01 -1.85863497e-01
  5.38826507e+00  3.84220307e+00  5.55468936e+00  3.57333880e-01  7.65022216e-01  1.64743107e+00
  5.42946136e+00  3.90674199e+00  4.53499261e+00  1.38897399e-01 -1.94577591e-01 -1.22569799e-01
  4.99753341e+00  4.16029327e+00  3.68142157e+00  1.75970029e+00  2.13519615e-01 -1.79394114e+00
  4.26387848e+00  3.71323273e+00  4.08840438e+00 -1.93174346e-01  4.01626771e-01  8.33796406e-01
  3.99433323e+00  4.63576832e+00  4.07326045e+00 -1.42167948e+00  6.67568484e-01 -5.97392313e-01
  3.25497131e+00  4.58706324e+00  4.72370539e+00  9.74121364e-01  2.23026888e-01 -4.84183674e-01
  3.25993793e+00  3.59350313e+00  4.64451094e+00 -2.69449420e-02 -4.65277427e-01  1.89829185e+00

molecule   68
  6.43621542e+00  9.58115840e+00  4.40041398e+00  4.30151743e-01 -1.67661125e+00 -9.50420372e-01
  5.85897197e+00  9.01390033e+00  4.97260887e+00  9.42981434e-01  3.30233379e-01 -1.70607054e+00
  5.37693061e+00  8.58346165e+00  5.75776000e+00  3.55789782e-01  8.73361745e-01 -1.06127623e+00
  5.18854125e+00  7.74156976e+00  5.18833841e+00  8.30369974e-02  6.55339167e-01  6.07937224e-01
  4.24098316e+00  7.76032123e+00  4.95755773e+00 -1.55851963e-01  1.05180611e+00  1.26235945e-01
  3.47174657e+00  8.17987448e+00  5.48206713e+00  8.22904209e-01  1.15549709e-01  6.95528331e-01
  4.39377058e+00  8.49841912e+00  5.57281165e+00 -1.79127573e+00 -6.44932348e-01 -3.93339986e-01
  4.02206999e+00  8.16990161e+00  6.40659950e+00  1.10586171e+00  2.08995087e+00  4.16057984e-01

molecule   69
  1.15076051e+00  2.30235386e+00  9.04803938e+00 -7.04669255e-01 -1.34977308e-01  1.51337994e+00
  1.90638326e-01  2.18431877e+00  9.39665788e+00  1.83692746e-01  1.22168642e+00 -6.35754576e-01
  1.30281504e-01  2.28229856e+00  1.03910954e+01  2.52687914e-01 -5.87519701e-01 -9.74855407e-01
  1.00535399e+01  1.45477840e+00  1.35514995e-01 -4.02897768e-01  2.55689409e+00  2.50973531e-01
  9.65210045e+00  2.36249987e+00  2.55388465e-01  1.34805393e+00  9.85667735e-01  6.06233973e-01
  8.69787704e+00  2.02515742e+00  3.91991825e-01  1.91108121e-01  9.04057395e-01  1.29321129e-02
  8.40836211e+00  2.70731234e+00  1.01223107e+01  2.04460129e+00 -1.14332732e+00  6.84562493e-02
  7.63327579e+00  2.21569140e+00  1.04106599e+01  1.85946630e-01 -1.21021016e+00 -3.99644737e-01

molecule   70
  8.46047120e+00  2.71409431e+00  5.97578538e+00  1.41230995e+00 -9.16381495e-01  4.83872411e-01
  8.54396300e+00  1.86355211e+00  6.48438079e+00 -7.16697696e-01 -3.03637369e-01 -1.23582074e+00
  8.17474992e+00  1.97959596e+00  7.40997046e+00  3.14549973e+00 -1.41304856e+00  4.56428788e-01
  8.67816110e+00  1.99015217e+00  8.27757236e+00 -8.29442568e-01 -1.44291687e-01 -8.10619206e-01
  7.91406687e+00  1.51908583e+00  8.76929868e+00  2.56670872e-01  1.18379243e+00  1.90565602e+00
  7.61057840e+00  1.24576372e+00  7.83506751e+00  1.88947757e+00  2.29394411e+00  6.86900678e-01
  7.91055233e+00  3.01388869e-01  8.07998839e+00 -1.60038950e+00 -1.73718423e+00 -1.02208852e+00
  7.07408469e+00  1.02311516e+01  8.23727628e+00 -7.79597018e-01 -1.29899908e-01 -2.20827654e-01

molecule   71
  4.44765675e+00  3.08074926e+00  1.00975034e+01  6.38149063e-01 -2.93284136e-01  1.08443978e-01
  4.73255681e+00  3.03410515e+00  9.16177215e+00  2.58424919e-01  1.40273845e+00  5.56109410e-01
  5.27218215e+00  2.49055277e+00  8.49236404e+00 -7.71675581e-01  6.15385700e-01  4.70868060e-01
  4.86395260e+00  2.56752805e+00  7.60559622e+00 -7.72770370e-02 -1.04621153e+00  4.11053753e-01
  3.95260415e+00  2.98112783e+00  7.39826021e+00 -8.55075025e-02 -1.44646085e+00  6.14300042e-01
  3.77496662e+00  2.56059124e+00  6.50563676e+00  6.36676445e-01 -6.88795642e-01 -4.37667518e-01
  3.87730394e+00  3.00764588e+00  5.63562367e+00  1.18133686e+00  1.44150698e+00  2.95185544e-01
  4.46470836e+00  2.27639751e+00  5.40397580e+00  2.84203649e-01 -4.13269066e-01 -6.18294802e-01

molecule   72
  6.00514821e+00  3.73729174e+00  3.20357830e+00 -4.13909067e-01 -4.13752078e-01 -6.30552392e-01
  6.80683500e+00  4.21479105e+00  3.41859094e+00 -1.08310553e+00  1.11994831e+00  5.58720415e-01
  7.71635193e+00  4.60523528e+00  3.54498504e+00 -1.62939981e-01  1.80059568e-01  8.77657837e-01
  7.47746989e+00  3.83578158e+00  4.11811707e+00  3.75138848e-01  5.74094365e-01  1.67430694e+00
  8.26872838e+00  4.34829261e+00  4.46580262e+00  4.29783670e-01 -1.80147192e-01 -5.14580791e-01
  7.62957794e+00  3.96909877e+00  5.15625242e+00  2.17546888e+00  2.41112766e-01  1.02693257e-01
  8.51368359e+00  3.94727597e+00  5.65972457e+00 -2.51580904e-01 -1.71809210e-01 -1.20166701e-01
  8.00294490e+00  3.54681218e+00  6.41608831e+00 -7.79028765e-02 -2.73115297e-01  3.57773846e-01

molecule   73
  6.38362064e+00  7.84624084e+00  5.15332266e+00 -2.17942010e+00 -7.22775094e-01 -1.61408770e+00
  5.88429297e+00  7.65047726e+00  4.32532523e+00  3.47298008e-01 -1.06928665e+00  1.09579114e+00
  6.11491933e+00  7.53253862e+00  3.33676584e+00 -1.08586981e-01  1.54944865e-01 -2.74252580e+00
  6.94064959e+00  8.02909508e+00  2.96451545e+00  2.35045760e+00  1.51869445e-01  5.99109545e-01
  7.99590931e+00  8.03399286e+00  2.90980216e+00 -5.51619725e-01  1.62945391e+00  3.08738547e-02
  8.92044761e+00  8.25632825e+00  2.54160377e+00  1.73079557e+00  1.03339116e+00 -1.47283617e-01
  8.84999861e+00  8.38986138e+00  3.56517232e+00  8.80196881e-01  1.66041120e-01 -7.39930996e-01
  8.34271418e+00  9.14942926e+00  3.10233758e+00  1.38605118e-01 -1.07845358e+00  1.58276511e-01

molecule   74
  4.92311608e+00  4.98450138e+00  4.52236511e+00 -1.97745444e+00  2.17534966e+00 -5.34160452e-01
  4.39228760e+00  5.62369761e+00  5.08448058e+00  5.22397503e-01  1.16935851e+00  4.74418295e-01
  5.21258173e+00  5.58162434e+00  5.68252117e+00 -9.42998146e-01 -1.26829738e-01  1.20914979e-01
  5.85883782e+00  5.84191193e+00  6.40076274e+00  2.16144848e+00  4.61930396e-01  2.35826036e+00
  5.27930610e+00  6.57597421e+00  6.03568840e+00  3.26347205e-01  8.50127369e-01  1.28414611e+00
  4.37634777e+00  6.09135509e+00  6.11698374e+00 -1.77941860e-01  1.00282074e-01  7.45578883e-01
  3.86143990e+00  5.18102318e+00  6.03085023e+00  1.35934879e+00 -1.36354496e-02 -1.37421480e+00
  4.10758217e+00  4.24756438e+00  6.20576018e+00  7.85055844e-02 -5.27017561e-01 -1.90340575e+00

molecule   75
  4.47662600e+00  6.77249687e+00  5.26878971e+00  8.54630517e-01 -1.67498772e+00  4.80678299e-01
  4.46452284e+00  6.70974863e+00  4.26444632e+00 -5.01949768e-01 -2.78709411e-01 -1.23376582e+00
  5.30833379e+00  6.96401669e+00  3.79049510e+00 -3.03241875e-01 -1.33529930e+00  5.44518175e-01
  5.14802756e+00  7.01520643e+00  2.81838313e+00 -1.29464992e-01  8.73744229e-01 -5.59272941e-01
  4.88543587e+00  6.03787699e+00  3.11323052e+00 -1.42190942e+00  8.54023397e-01 -4.48549543e-01
  5.20316477e+00  5.09829021e+00  2.91034259e+00 -5.35659648e-01 -1.66804379e+00  1.83717703e+00
  6.03585739e+00  4.82831356e+00  2.43631388e+00 -4.14167915e-01  7.56774865e-01  5.82959629e-01
  6.40873740e+00  4.52306801e+00  1.55623363e+00  7.16834812e-01 -4.56959413e-01  1.17141981e+00

molecule   76
  3.05698867e+00  2.68196720e+00  1.60000306e+00  8.97837118e-01 -2.61235337e+00  9.34082859e-01
  2.23883122e+00  3.09631662e+00  1.96843613e+00 -4.05953753e-02  1.35096766e+00  1.99226561e-01
  2.07287865e+00  2.10754437e+00  1.82397699e+00 -4.43069822e-01 -2.14281484e+00 -9.14230254e-01
  1.84584386e+00  1.30370591e+00  1.25149310e+00 -6.58431867e-01  2.83202783e+00 -1.50409376e+00
  1.41024332e+00  2.00686783e+00  7.07074436e-01 -1.79737226e-01  7.59200248e-01  5.04182787e-01
  2.19479502e+00  2.58822339e+00  9.12780338e-01 -2.52313068e-01  1.10131815e+00 -1.37289630e+00
  2.67796299e+00  3.13340766e+00  2.16514060e-01  1.21496698e-02  8.53521467e-01 -8.27943677e-02
  2.04500507e+00  3.63165829e+00  8.21264405e-01  8.57449647e-01 -8.47437029e-02  1.06158281e+00

molecule   77
  4.77317746e+00  6.41599817e+00  7.08682649e+00  4.03005679e-01 -1.80657758e+00 -7.57259294e-01
  3.78298024e+00  6.56203112e+00  7.00693332e+00 -5.14215278e-01  3.66469293e-02  2.35019105e-01
  3.38227991e+00  7.45654787e+00  6.86019373e+00  1.59475388e-01 -1.57841647e+00 -9.46789193e-03
  3.55811521e+00  7.33185289e+00  5.90792355e+00  1.36267151e+00 -7.85752364e-02 -1.02027504e-01
  2.65070062e+00  6.82568240e+00  5.81225692e+00  2.50592881e-01  6.58002515e-01 -6.42316268e-01
  2.78338813e+00  6.59200055e+00  4.86522573e+00 -1.82944214e+00  1.41534193e+00 -1.63011258e+00
  3.64655273e+00  6.17992397e+00  4.47293872e+00 -1.01650656e+00  6.32674304e-01  6.02176120e-01
  3.77362455e+00  5.92609121e+00  3.52291715e+00 -1.98957633e-01  4.63873767e-01 -2.37049809e-01

molecule   78
  7.02781576e+00  4.84853948e+00  4.41784519e+00 -4.50285274e-01 -9.16536075e-01  5.66257242e-02
  6.41578019e+00  5.40024308e+00  3.91371465e+00  4.65885011e-01 -1.21939155e+00 -1.12176098e-01
  6.93622931e+00  6.20924628e+00  3.67181115e+00 -1.14880280e+00 -5.99910563e-02 -1.71090568e+00
  7.21684090e+00  6.85320629e+00  2.94914577e+00 -4.50249543e-01 -4.83900777e-01  6.53367627e-01
  7.86664501e+00  6.57023382e+00  3.62985110e+00 -2.01538134e-01 -2.38408049e-01  2.41573315e+00
  7.52453028e+00  6.48142056e+00  4.58066082e+00  3.09430060e-01 -4.63851730e-01 -1.89741198e-01
  8.29686589e+00  7.12922584e+00  4.37785932e+00 -5.66853888e-01 -3.51551395e-01 -3.35516039e-02
  7.51521497e+00  7.60447806e+00  3.93254221e+00 -3.33432724e-01 -2.08953560e+00  9.84087101e-01

molecule   79
  1.00670330e+01  8.95255486e+00  3.36460270e+00  3.15194295e+00 -1.91581750e+00 -7.75914584e-01
  1.01865227e+01  9.65563139e+00  2.60556182e+00  1.06856372e+00  7.50887968e-01  1.62137150e+00
  9.35888564e+00  9.20618315e+00  2.25459233e+00  2.02301106e+00  3.96643915e-01 -1.17716598e+00
  9.99536421e+00  8.45398185e+00  2.23078949e+00  1.64773835e+00 -9.23710706e-01 -6.06270605e-02
  1.04548813e+01  7.98688616e+00  2.99270092e+00 -2.77018518e+00 -6.53676147e-01 -1.08981403e-02
  1.02247787e+01  7.69374422e+00  3.90185172e+00  3.85558429e-01 -4.67318753e-01 -1.80100771e+00
  1.03684104e+01  7.89772740e+00  4.81159739e+00  2.44178402e-01  1.55776350e-01  4.34263087e-01
  6.48916019e-01  8.10685885e+00  4.18577001e+00  1.54687403e-01 -6.41238744e-01 -1.37647024e+00

molecule   80
  5.09095732e-02  9.28538424e+00  2.23755641e-01 -7.50316844e-01  5.99592437e-01  1.29653161e+00
  7.52381755e-01  9.70847986e+00  7.20913160e-01 -3.58469253e-01  1.63440334e+00 -6.05320322e-01
  1.52445890e+00  1.02804712e+01  1.13326601e+00  5.52752426e-01  1.68054411e-01  8.40053488e-01
  1.53478181e+00  9.24979348e+00  1.18070721e+00  7.83402934e-01  2.37099819e-02 -7.51154001e-01
  2.22760889e+00  9.49646481e+00  4.62893427e-01 -1.64050850e+00 -2.45964222e-01  5.74688051e-01
  2.86277124e+00  1.02223277e+01  6.43378332e-01  7.99145207e-01 -1.81205741e+00  7.00367327e-01
  2.50502920e+00  3.77287859e-01  1.28562296e+00 -2.54740468e+00  1.23322561e+00 -2.23596551e+00
  3.47990373e+00  3.80614384e-01  1.44702767e+00 -1.09812246e+00 -5.17004374e-01 -5.88966773e-01

molecule   81
  7.76383377e+00  4.28736157e+00  1.12589504e+00 -6.78019421e-01 -4.28804980e-01 -7.66928670e-01
  8.25223764e+00  4.93362111e+00  5.44974948e-01  7.80319666e-01  1.85544021e+00  2.21348531e-01
  8.46134016e+00  3.99027735e+00  1.44832773e-01  1.01453410e+00 -1.47654792e+00 -1.62859015e+00
  8.28141123e+00  4.57623516e+00  9.86412303e+00 -1.16119132e+00 -1.99468398e-01  7.64518295e-01
  8.05900295e+00  4.27489725e+00  8.89890262e+00 -9.50966615e-01  2.97955710e-01  1.42298667e+00
  8.91292328e+00  3.77544818e+00  9.19132690e+00 -7.06603708e-01 -4.60202115e-02  2.43219640e+00
  9.20622551e+00  3.29869428e+00  9.98881283e+00  1.52747576e+00 -1.35242044e+00  1.47903613e+00
  9.59790207e+00  3.33006638e+00  4.84910022e-01 -8.68926352e-01  1.63721227e-01  5.33849826e-01

molecule   82
  8.42481866e+00  1.00354822e+01  2.37300070e+00  2.86367210e-01  1.15308163e+00  4.44271440e-01
  9.29054201e+00  1.04527155e+01  2.05473781e+00  3.47875186e-01  7.49825145e-01 -1.20356899e+00
  1.01049729e+01  3.04791574e-01  2.61790130e+00 -1.91675176e+00  1.26348983e+00  1.53689024e+00
  9.84342148e+00  3.13526022e-01  3.60247051e+00 -2.76902884e+00  9.04175376e-01 -7.45861065e-01
  1.02370637e+01  1.22263359e+00  3.31537009e+00 -2.01186777e+00  4.62211758e-01 -1.74972456e+00
  9.38821574e+00  1.06969814e+00  2.77131038e+00  1.92228450e-01 -4.21136043e-01  5.08464710e-01
  9.09235518e+00  9.90383352e-01  1.78472445e+00  3.11772702e-01  1.37877999e-01 -4.45366376e-01
  9.17166495e+00  1.98287364e+00  1.64294713e+00  2.52923159e+00 -6.82653606e-01 -3.67112328e-02

molecule   83
  1.54840995e+00  3.03308987e+00  6.09238809e+00  7.61940005e-01  7.10474542e-01  2.66278675e-01
  8.20641765e-01  3.24744643e+00  5.46680278e+00 -9.65015445e-01 -2.82640451e-02 -5.11260650e-02
  1.03038058e+01  3.30413493e+00  5.15208367e+00 -1.62217518e+00 -1.03608332e+00  4.84315692e-01
  1.03678375e+01  4.27737568e+00  5.34964738e+00  8.33641545e-01  1.87899664e+00  4.94770411e-01
  9.48548062e+00  3.91920115e+00  5.05954909e+00  1.12462644e+00 -6.91299403e-01 -7.04728140e-01
  9.77562638e+00  3.65735977e+00  4.11478193e+00  1.67913835e+00  9.52001134e-01  1.64726964e+00
  8.90334709e+00  3.21619495e+00  3.90844178e+00 -2.28825867e+00  1.55167156e+00 -2.32834723e+00
  8.86274357e+00  4.17264924e+00  3.57970379e+00  5.42715802e-01  1.54330996e-01 -1.85446966e-01

molecule   84
  7.20648080e+00  3.26635948e+00  5.00298777e-01 -9.69206640e-01 -9.13880242e-01 -2.36840957e-01
  6.32119355e+00  3.74940265e+00  7.16543502e-01 -2.00801707e+00  1.01815818e+00 -2.39388717e+00
  6.63913319e+00  3.49344102e+00  1.68864630e+00  1.71740893e-01  7.26298467e-01 -3.71913070e-01
  7.64591089e+00  3.36480766e+00  1.50753083e+00 -5.23895572e-02  5.79270889e-01 -2.50984660e+00
  8.07532418e+00  2.48030215e+00  1.34142503e+00 -1.28606109e+00  1.39489420e+00  1.49777334e+00
  8.19737038e+00  2.19783914e+00  2.29585141e+00  3.13581228e-01 -2.08809235e-01  5.42306958e-01
  9.07424854e+00  2.65987176e+00  2.48660812e+00  2.78660096e-02 -8.79998689e-01 -1.73937639e+00
  9.77238666e+00  2.95415948e+00  3.14518943e+00  5.74767713e-01 -2.37341119e-01 -1.32208141e+00

molecule   85
  6.30229319e+00  5.53036160e+00  9.77133337e+00 -1.95517438e+00 -7.39779318e-01 -1.77575333e+00
  5.87550644e+00  6.19237351e+00  1.03858680e+01 -2.62080949e+00  1.08571977e+00 -3.37046734e-01
  5.03248487e+00  6.55641997e+00  3.65598962e-01 -5.57483140e-01 -9.92597722e-01 -1.24683403e+00
  5.44145654e+00  5.88639703e+00  1.02252456e+00 -3.74878909e-01  1.65418915e+00  5.24938136e-01
  5.94247943e+00  5.15475331e+00  6.68942399e-01  1.01253708e+00 -1.41843991e-01 -1.84613348e+00
  6.86746059e+00  5.09602954e+00  2.68195603e-01 -1.84592977e+00  1.77652595e-01 -9.80499805e-01
  7.03324151e+00  4.15124694e+00  1.03677003e+01 -9.45460708e-01 -3.03788687e-01 -1.91633156e+00
  7.09461063e+00  4.61422546e+00  9.48363019e+00 -4.10850005e-01 -1.19470738e-01  3.02174755e+00

molecule   86
  8.53014761e+00  1.68687973e+00  9.90773410e+00 -1.65751707e-01  5.76619780e-01  8.96959859e-01
  7.71712495e+00  1.18342470e+00  1.00083586e+01 -2.15768885e-01 -3.57859329e-01 -1.17812352e+00
  6.94051933e+00  7.38434883e-01  1.04026625e+01 -6.06388319e-01 -4.67388247e-01 -9.51279808e-01
  6.10438699e+00  1.25925933e+00  1.03441474e+01  6.31850447e-01  2.29153940e+00 -8.95721901e-01
  6.34332690e+00  1.59543880e+00  9.41121589e+00 -2.03461580e+00  1.49284242e+00 -1.34830710e+00
  6.07476624e+00  1.77495005e+00  8.44169620e+00 -2.75885702e-01 -5.97845837e-01  1.26788969e+00
  6.56267927e+00  2.68518363e+00  8.50954314e+00 -9.52294299e-01  1.26069742e+00 -9.72300330e-01
  7.43113285e+00  2.69434223e+00  7.97582468e+00  1.33179041e+00  1.51763312e+00  3.99829746e-01

molecule   87
  6.07042123e-01  7.90877865e-01  5.02331411e+00 -9.19486677e-01  1.78310919e-01 -1.14591311e+00
  1.11084572e+00  5.90634618e-01  5.84892592e+00  1.08452184e+00  8.60393248e-01 -5.73418681e-01
  1.58776314e+00  1.17026128e+00  5.16444924e+00  4.97557047e-01 -3.79385611e-01  1.75328512e+00
  1.86779536e+00  3.77755935e-01  4.63508243e+00 -5.44102770e-02 -4.61864747e-01  3.85169525e-01
  1.67859705e+00  9.86120133e+00  4.49866305e+00 -2.13929411e-01  1.55603301e-01  7.75968415e-01
  1.38277362e+00  8.95728597e+00  4.12645126e+00 -9.26052717e-01 -6.95216653e-01 -1.74333909e+00
  6.76291575e-01  9.63296846e+00  4.37784545e+00 -4.14721426e-01 -6.38803015e-01  6.77985007e-01
  1.01354416e+01  9.60766422e+00  4.43638989e+00 -8.73623687e-01  1.96914454e+00 -1.15909364e+00

molecule   88
  1.02767168e+00  5.80596315e+00  2.05314881e+00  1.48297715e-01 -2.60168375e+00  9.66251972e-01
  1.06813211e+00  5.49393457e+00  2.98155506e+00 -2.19495193e+00 -5.42301432e-01 -4.08904456e-01
  3.07771592e-01  6.16882866e+00  3.19845388e+00  1.13951345e+00  1.02662150e+00 -4.14596110e-01
  1.01007896e+01  5.41639340e+00  3.24749994e+00  8.27436517e-01 -5.07438192e-01 -1.11997590e-01
  9.41446664e+00  4.87374765e+00  2.84619931e+00  4.64772338e-01 -2.39794023e-01 -9.33950141e-01
  9.31509960e+00  3.83686593e+00  2.70788349e+00 -9.38787390e-01  5.23946081e-01 -9.95504460e-01
  9.09238385e+00  3.54811327e+00  1.71193380e+00 -9.04293419e-01 -2.01730173e+00  2.04814148e-01
  1.00140506e+01  3.16411765e+00  1.61830124e+00  6.76586366e-01 -9.31535532e-01 -1.50404469e+00

molecule   89
  4.33085332e-01  4.96342722e+00  1.18345448e+00 -8.53106189e-01 -1.38192427e-01  2.71271351e-01
  2.76066548e-01  4.13360163e+00  1.69440384e+00  7.52550050e-01 -7.97705395e-01  6.58606963e-01
  1.02819930e+01  4.09222952e+00  2.56674431e+00 -9.84687090e-01  1.54641135e+00  6.53019773e-02
  1.03394069e+01  4.25943949e+00  3.55802482e+00 -7.81183727e-01 -7.71155608e-02  4.94023965e-02
  9.63989216e+00  4.81985705e+00  4.02348154e+00 -5.12653242e-02 -2.10836956e-01 -4.70044295e-01
  1.06845497e-01  5.07699148e+00  4.31917315e+00 -1.82619955e+00 -1.64576160e+00 -7.74976776e-01
  3.55412191e-01  5.96901740e+00  4.61881671e+00 -4.55729520e-01  4.56716260e-03  6.90184806e-01
  1.00540725e+01  5.51407420e+00  5.10756998e+00  8.82517699e-01  2.96110792e-01  1.88993955e-01

molecule   90
  3.21520053e+00  1.01535575e+00  6.48229965e+00  1.32477804e+00  1.46748131e+00 -1.64316685e-01
  4.18994548e+00  1.38074673e+00  6.40722080e+00  7.57099243e-01 -1.48544129e-01 -1.55431040e-01
  4.60293201e+00  7.52836783e-01  5.75669559e+00  5.06462946e-01 -1.00818340e+00  7.45074947e-01
  4.86833594e+00  1.38006469e+00  5.02320042e+00 -6.33332404e-01  1.73505045e+00  1.29199200e+00
  4.81480222e+00  8.08102219e-01  4.21785205e+00  1.66048259e-01  1.01430575e+00  8.75438191e-01
  4.88096911e+00  1.25987928e-01  3.49212268e+00 -6.76998583e-01  8.34099954e-02 -5.89140535e-01
  5.73373080e+00  1.03438633e+01  3.02052218e+00 -1.45192255e+00 -8.00967565e-01 -2.09815778e+00
  6.54429982e+00  9.92501884e+00  3.39646374e+00  9.77386377e-01 -1.86529234e-01  9.41460197e-01

molecule   91
  7.17911961e+00  1.02959193e+01  4.67197078e+00  3.84232015e-01 -6.16195159e-01  9.64481457e-02
  7.83316684e+00  9.55342497e+00  4.58954144e+00 -1.39096624e-01  8.87739337e-01 -1.19583435e+00
  8.12109976e+00  1.02589079e+01  5.22967579e+00 -1.02498394e+00  2.61031844e-01  1.67842606e+00
  7.96059305e+00  9.94753351e+00  6.17031459e+00  4.66728653e-01  1.33924732e+00  8.31254881e-01
  8.56158838e+00  6.63329679e-02  6.71300182e+00  9.93999497e-02 -1.03807728e+00  1.36170216e+00
  8.12543545e+00  9.36306447e-01  6.46207082e+00  2.61217809e+00 -1.05399469e-01 -5.67059421e-01
  7.98506849e+00  7.73501640e-01  5.48042826e+00  9.84626730e-01 -1.14662906e+00  7.65576053e-01
  7.29860060e+00  2.87351568e-01  5.95383572e+00 -1.39927868e+00 -6.09960110e-01  1.18440966e+00

molecule   92
  7.95235237e+00  9.10461946e+00  1.75102739e+00  2.14616047e-01 -5.36560259e-01  2.52207819e-01
  8.76897241e+00  9.32205173e+00  1.24719941e+00 -8.74588699e-02  1.08980002e+00 -1.57314295e-01
  8.94332407e+00  8.35230399e+00  1.43213010e+00  8.76916534e-01 -1.74170913e+00  1.14750079e+00
  9.74195633e+00  8.78920899e+00  9.53471212e-01 -1.31699578e+00  5.42905039e-02 -1.11921856e+00
  9.02479685e+00  8.98009852e+00  3.22804115e-01 -4.02571823e-01 -4.10113725e-01  1.72958214e+00
  9.29418152e+00  9.92129963e+00  1.23014085e-01 -1.81976490e+00  1.14362955e+00  9.53162004e-01
  8.35764492e+00  1.02675611e+01  9.67465745e-02 -2.27993930e+00 -7.07843862e-01  4.94339832e-01
  8.62706691e+00  2.09455828e-02  9.60189079e+00  6.57287431e-01  1.95081416e-01  5.49705217e-01

molecule   93
  7.35335253e+00  5.91590384e+00  9.43078868e+00 -8.82042113e-02 -6.26496370e-02  2.05007207e-01
  7.35283810e+00  5.82577852e+00  8.42468123e+00  4.51360060e-01 -3.92571023e-01 -6.50305679e-01
  8.25615565e+00  5.73013482e+00  8.04699900e+00  5.12806940e-01 -1.24444151e+00 -1.22245658e+00
  8.48337346e+00  6.42465338e+00  8.68570103e+00 -8.48418353e-01 -2.46064861e-01  2.42818602e+00
  8.13861292e+00  6.64746705e+00  9.56724724e+00  8.96538980e-01 -4.35075917e-01  2.90277405e-01
  8.90708885e+00  7.29393081e+00  9.60764453e+00 -1.26465073e-01  1.09936960e+00 -1.87597430e-01
  8.35332425e+00  7.74369673e+00  1.03159022e+01 -2.42992955e-03 -8.78284778e-01 -1.60153760e+00
  7.48200244e+00  7.94835492e+00  9.93377003e+00 -9.36667823e-01  1.16300927e+00  3.49032210e-01

molecule   94
  6.95081360e+00  9.81064731e+00  2.26493618e+00 -1.09775600e-01  8.08398604e-02 -1.42138765e+00
  6.25902959e+00  1.59354894e-02  2.00477530e+00 -3.77678625e-01 -8.75809407e-01  1.68545963e+00
  6.71674736e+00  2.81376788e-01  1.15867995e+00  5.52163317e-01  1.17084604e+00 -1.40329248e+00
  6.93634522e+00  9.84936201e+00  7.52636225e-01  8.17154801e-01  7.65474670e-01  5.90090927e-01
  6.21365727e+00  9.25817859e+00  1.17237572e+00 -1.52790905e+00 -6.26474118e-01  2.63252840e+00
  5.77606322e+00  1.01425586e+01  1.05874101e+00  1.08266650e+00 -2.50956899e-02 -7.09377596e-02
  5.20558208e+00  1.03024421e+01  1.83455277e+00 -1.17996458e+00 -9.67674461e-02  7.40002592e-01
  5.04329489e+00  9.70665408e+00  2.63693863e+00  7.40072451e-01  1.80912832e+00  1.49645258e+00

molecule   95
  3.75185302e+00  1.27142042e+00  4.99311119e+00 -5.16164428e-01 -2.38863389e+00 -6.13625645e-01
  2.78480157e+00  1.14979036e+00  4.83735197e+00  2.09928705e+00 -1.54916753e-01  5.27646633e-01
  3.25413973e+00  1.53316069e+00  4.04011647e+00  2.14256038e+00  4.65109334e-02 -3.60384030e-01
  3.74350338e+00  6.91049625e-01  3.85444442e+00 -2.56143271e-01  1.83531085e-01  2.27196061e-01
  2.93014646e+00  1.14087267e-01  3.68373443e+00  4.31341344e-01  2.92943267e-01 -1.98519456e-01
  2.97019368e+00  1.34181505e-01  4.70548855e+00 -3.16533830e-01  6.68636887e-02 -1.43132390e+00
  2.89034323e+00  2.36238604e-01  5.70236468e+00  2.14898559e-01  5.08873155e-01 -2.59218203e-02
  3.80836469e+00  1.03225426e+01  5.40996737e+00  6.90338586e-02  1.15190859e+00  1.95952313e+00

molecule   96
  5.87249951e+00  1.04370437e+00  4.94871515e+00  8.02739338e-01  1.04178502e+00  7.81411739e-01
  6.52023161e+00  1.60282104e+00  5.44389311e+00  7.10221795e-01  1.68082412e+00  1.01259542e-01
  7.24059542e+00  1.37699914e+00  6.13203972e+00 -9.96961453e-01  3.60178840e-01 -4.54867907e-01
  6.99383483e+00  1.95358613e+00  6.88181094e+00 -4.34620824e-03 -2.52712460e-01 -1.33825339e-01
  6.12970488e+00  1.93284791e+00  7.44148311e+00  1.56345365e-01 -1.21459847e+00 -4.54342759e-01
  6.25751962e+00  2.82664567e+00  6.95799102e+00  1.16451254e+00  3.74913256e-01 -8.01331580e-01
  7.26219778e+00  2.91722402e+00  7.02568350e+00 -3.14098048e+00 -1.59486492e+00 -2.13227496e+00
  7.26326424e+00  2.74735291e+00  6.05479249e+00  1.43213138e-01 -3.67121696e-01 -1.35873198e+00

molecule   97
  7.98100919e+00  1.83174266e+00  5.59631916e+00 -1.37724446e+00  8.12758772e-01  6.87383693e-02
  7.84146399e+00  2.64475707e+00  5.07482808e+00 -2.84613855e-01 -7.70466270e-01  6.10679745e-01
  7.75707936e+00  2.90084230e+00  4.13819239e+00 -7.08929452e-01 -2.56501848e-01  2.32154305e+00
  7.18435374e+00  3.05560826e+00  3.35489104e+00  9.34381495e-02  2.17626468e+00  2.45101248e-01
  7.31838491e+00  2.62596156e+00  2.46131228e+00 -4.51984415e-01  1.53707190e+00  1.29709037e-01
  6.88737171e+00  1.75447256e+00  2.19634471e+00 -7.94690225e-01 -2.46962557e+00  9.19958953e-01
  7.02141294e+00  1.17201300e+00  2.96533907e+00  1.22382415e+00 -7.55639891e-01 -1.57781267e+00
  7.47951136e+00  5.21268599e-01  2.41880981e+00  2.39480421e-01  8.44929555e-01 -1.45261066e+00

molecule   98
  2.64399777e+00  7.40421182e+00  1.02534701e+01  3.59873507e-01  1.49436738e+00  3.80226926e-01
  1.71733534e+00  7.64955451e+00  8.37859004e-02 -8.33037553e-01 -4.92440056e-01  5.49812089e-01
  1.48472695e+00  7.53963981e+00  1.06246330e+00  8.10376409e-01  2.05043081e+00  1.50704741e+00
  6.19097364e-01  7.06437544e+00  7.76697984e-01 -6.16368571e-01 -3.22580965e-01 -2.28410737e-01
  5.73518721e-02  7.26272683e+00  1.04403987e+01 -1.53658936e+00  6.77122252e-01  3.83518623e-01
  4.23057943e-01  7.57384833e+00  9.57379674e+00 -3.68746914e-02 -5.22503645e-01  6.67603260e-01
  2.24477230e-02  8.40751208e+00  9.12022263e+00 -8.41366107e-01  9.94434179e-01  4.86752436e-01
  9.92093231e+00  8.25250261e+00  8.29302826e+00 -3.65320122e-01  4.72408870e-01 -1.19420983e+00

molecule   99
  1.59898070e+00  4.82860286e+00  6.38584769e+00  2.21852538e-01 -1.08340015e+00  2.75679894e-01
  6.90969875e-01  4.46381982e+00  6.17039984e+00  6.09809941e-01  2.52465742e+00  9.17824885e-01
  7.42515301e-01  5.42432856e+00  5.83125975e+00  3.59447468e-01 -2.02724678e+00 -1.50461680e+00
  1.46717664e+00  5.75854550e+00  5.23042997e+00  1.00589446e+00 -8.37337643e-02  1.88907975e+00
  1.19774977e+00  4.98342008e+00  4.58741948e+00  3.76572779e-01 -6.81322258e-01 -1.17864574e+00
  1.31307049e+00  4.12997532e+00  5.08741796e+00  1.53791924e+00  2.97081730e-01 -1.84095173e-01
  2.03106107e+00  4.25621773e+00  4.36850335e+00  2.50650883e-01 -1.19840042e-01  1.60103828e-02
  2.13142686e+00  3.26346525e+00  4.56508839e+00  1.25006057e+00  9.88824535e-02  2.18974626e+00
