BOUNDARY

orthorhombic     1.04551590e+01  1.04551590e+01  1.04551590e+01

MOLECULES

species    0
nMolecule  100

molecule   0
  2.54988356e+00  5.45956192e+00  9.78025871e+00
  3.16193175e+00  5.15493434e+00  9.05526983e+00
  3.42146976e+00  5.20955508e+00  8.08963702e+00
  2.48171763e+00  5.47165840e+00  8.20134210e+00
  2.50322763e+00  6.41848466e+00  8.44553553e+00
  1.55301419e+00  6.68345036e+00  8.70986654e+00
  1.66702358e+00  5.73944670e+00  9.04554698e+00
  1.68122116e+00  4.76984402e+00  8.88430960e+00

molecule   1
  1.18063682e+00  1.01648982e+01  6.83764854e+00
  5.80827656e-01  9.53425690e+00  6.35531272e+00
  1.02815620e+01  9.73296381e+00  7.01626181e+00
  9.95488464e+00  9.21762069e+00  6.25757895e+00
  8.93869680e+00  9.31930943e+00  6.26917112e+00
  8.76070613e+00  8.48221563e+00  5.75855675e+00
  8.44836470e+00  8.77856710e+00  4.82520802e+00
  7.61074350e+00  8.27152729e+00  4.69828253e+00

molecule   2
  2.20326974e+00  1.17393076e+00  8.30642859e+00
  1.38375362e+00  9.29024856e-01  7.77383707e+00
  2.10959263e+00  2.73361706e-01  7.81174934e+00
  1.57207180e+00  9.90011582e+00  7.87132815e+00
  7.41770908e-01  9.37222566e+00  7.77394562e+00
  1.55121764e+00  9.01834794e+00  7.34797033e+00
  2.03504006e+00  8.34650973e+00  7.92923338e+00
  1.19890737e+00  8.04238222e+00  8.46735768e+00

molecule   3
  3.88862164e+00  8.33284616e+00  4.03133851e+00
  4.70900441e+00  8.82829435e+00  4.29505304e+00
  5.32853014e+00  8.33835454e+00  4.95372565e+00
  5.03558483e+00  7.40721017e+00  5.08721125e+00
  4.12915383e+00  7.73818970e+00  4.89621134e+00
  3.45868842e+00  7.00033355e+00  4.78216662e+00
  4.02706361e+00  6.17702256e+00  4.63370964e+00
  4.11938708e+00  6.75451702e+00  3.84925957e+00

molecule   4
  5.47537132e+00  1.24231698e+00  1.09007469e+00
  5.16637759e+00  1.54362364e+00  1.80041943e-01
  5.01795914e+00  5.40774802e-01  5.48643839e-01
  4.22446140e+00  2.45669511e-01  1.07458186e+00
  4.33721663e+00  1.26680158e+00  1.14919183e+00
  4.21405978e+00  2.06590070e+00  1.81665202e+00
  4.48268359e+00  2.95754768e+00  1.41481546e+00
  4.91518693e+00  2.14099270e+00  1.06767323e+00

molecule   5
  3.86844520e+00  8.82690256e+00  1.81867338e+00
  4.01917474e+00  9.14947588e+00  8.67317751e-01
  4.01266276e+00  9.80626308e+00  1.24653897e-01
  4.06405075e+00  9.19829595e+00  9.75709756e+00
  3.09324732e+00  9.04555878e+00  9.55454699e+00
  2.26079145e+00  8.65138974e+00  9.15262083e+00
  1.38100288e+00  8.97367508e+00  9.36174245e+00
  1.83454645e+00  9.35555945e+00  1.01980525e+01

molecule   6
  3.45392279e+00  9.64581923e+00  3.67477598e+00
  3.05248299e+00  8.97318898e+00  4.26747632e+00
  2.40437064e+00  9.70503562e+00  4.03874459e+00
  2.15977781e+00  8.95645412e+00  3.43585275e+00
  1.41045421e+00  8.59068915e+00  3.97098908e+00
  8.38418461e-01  9.36704644e+00  3.67480815e+00
  3.67415974e-01  9.72085080e+00  4.47044903e+00
  1.34146325e+00  9.70055120e+00  4.75193822e+00

molecule   7
  3.50227236e+00  3.63693334e+00  6.87480738e+00
  3.37163187e+00  3.46158945e+00  7.83909449e+00
  3.00655277e+00  4.31022457e+00  8.19312220e+00
  3.37676035e+00  3.98250060e+00  9.04575226e+00
  4.27012313e+00  4.29118559e+00  8.77556344e+00
  4.57224662e+00  4.81084032e+00  7.94603812e+00
  4.66818732e+00  5.68852357e+00  7.44294089e+00
  4.86994962e+00  5.47756921e+00  6.46624475e+00

molecule   8
  5.76823197e+00  9.55379874e+00  8.04196806e+00
  6.32489425e+00  1.03643361e+01  7.69530368e+00
  6.64593200e+00  1.02782377e+01  8.61767915e+00
  7.35355260e+00  1.02846090e+01  9.33399794e+00
  7.48657819e+00  2.16001720e-01  1.02187293e+01
  7.14600485e+00  9.97443270e+00  4.10101619e-01
  8.10577858e+00  9.76422486e+00  2.60390136e-01
  8.63692016e+00  9.91422699e+00  1.08254693e+00

molecule   9
  7.28713739e+00  8.97924434e+00  7.32620645e+00
  8.23839831e+00  8.70648723e+00  7.52103973e+00
  8.22940584e+00  9.54717858e+00  6.95822170e+00
  9.19133330e+00  9.59069175e+00  7.25983896e+00
  9.24874652e+00  1.27530681e-01  7.21945100e+00
  9.46444424e+00  1.03519743e+01  6.25131699e+00
  1.04464937e+01  1.47608339e-01  6.10537011e+00
  6.14393212e-01  1.00423855e+01  5.51026149e+00

molecule   10
  2.62194767e+00  2.72263680e+00  5.99272740e+00
  3.16102639e+00  2.99952211e+00  5.18325910e+00
  2.63102228e+00  3.74982021e+00  4.69112363e+00
  2.29925161e+00  4.18499858e+00  5.51469054e+00
  2.40805824e+00  5.03163092e+00  5.98337098e+00
  2.63273686e+00  4.40942075e+00  6.73743858e+00
  2.18185095e+00  5.23124291e+00  7.08461438e+00
  3.01480441e+00  5.66622440e+00  6.70186049e+00

molecule   11
  1.03429110e+01  6.58501520e+00  1.00746149e+01
  6.76078005e-01  6.65814579e+00  2.45532662e-01
  9.36349464e-01  7.13085064e+00  9.80430445e+00
  1.93090923e+00  7.02086519e+00  9.68647253e+00
  2.37601216e+00  6.44903016e+00  1.03894880e+01
  1.46950703e+00  6.14987497e+00  1.00864092e+01
  1.55917527e+00  5.17170663e+00  9.99517482e+00
  2.13518783e+00  4.71790734e+00  2.25821760e-01

molecule   12
  1.64606977e+00  6.56497496e+00  4.42113369e+00
  8.01213490e-01  6.58433297e+00  4.85842846e+00
  7.89524294e-01  5.58230204e+00  4.94631546e+00
  1.09294551e-01  5.71816157e+00  4.21618498e+00
  9.73580213e+00  6.10568105e+00  4.65030862e+00
  1.00750445e+01  6.52653933e+00  3.82445639e+00
  3.22238482e-02  7.42295960e+00  3.92614481e+00
  1.01897111e+01  7.47316937e+00  4.91805162e+00

molecule   13
  8.04589554e+00  5.51706171e+00  2.06867753e+00
  7.68848743e+00  5.97871692e+00  1.22741481e+00
  8.42731747e+00  6.39893655e+00  7.00678069e-01
  8.31200278e+00  7.36077159e+00  4.36534111e-01
  7.99843655e+00  7.85758376e+00  1.26285315e+00
  7.61529538e+00  8.58389930e+00  6.99066170e-01
  7.67679586e+00  9.34328524e+00  1.36357025e+00
  8.36521897e+00  8.90666373e+00  1.90219590e+00

molecule   14
  2.22764803e-01  2.86258002e+00  5.80038094e+00
  1.03353122e+01  2.71457458e+00  4.84499075e+00
  3.46392232e-01  1.95153203e+00  4.42520044e+00
  1.78100902e-01  1.03237498e+00  4.81956463e+00
  3.19944805e-01  2.89846993e-01  4.21482446e+00
  6.42057914e-02  9.99676542e+00  3.53687533e+00
  9.57257160e+00  9.88442759e+00  3.23662502e+00
  8.84828697e+00  9.44107576e+00  2.82435429e+00

molecule   15
  6.02183151e-01  2.66965850e+00  9.62001463e+00
  6.44255191e-01  2.32915945e+00  8.68996118e+00
  1.10597842e+00  1.48449609e+00  8.58880799e+00
  1.68362947e+00  9.56384858e-01  9.25316891e+00
  2.65718367e+00  7.80290084e-01  9.26953723e+00
  2.82806300e+00  1.74966164e+00  8.96373204e+00
  2.66326521e+00  2.11929922e+00  8.06533536e+00
  2.86924132e+00  2.93435525e+00  8.59776928e+00

molecule   16
  4.04916242e+00  8.81241920e+00  5.99561346e+00
  4.96892227e+00  9.05917384e+00  5.66641858e+00
  4.46046355e+00  9.85989902e+00  5.78099434e+00
  3.88236350e+00  1.28599119e-01  5.98409943e+00
  4.55384177e+00  6.80245970e-01  5.46231047e+00
  3.71454778e+00  1.08054936e+00  5.13360525e+00
  2.95833601e+00  1.77484157e+00  5.27643918e+00
  3.78561240e+00  2.25947113e+00  5.43920150e+00

molecule   17
  1.43809422e+00  2.38832560e+00  1.09482376e+00
  1.88867759e+00  2.99847164e+00  1.76452304e+00
  2.46122859e+00  3.79550139e+00  1.52780591e+00
  1.51013272e+00  3.99033253e+00  1.56241925e+00
  2.17403330e+00  4.79058519e+00  1.49000567e+00
  3.15410703e+00  4.85882392e+00  1.56584079e+00
  3.78139169e+00  4.06055484e+00  1.76064102e+00
  4.67553843e+00  4.31025408e+00  2.09019266e+00

molecule   18
  1.21466467e+00  8.12152780e+00  1.62648517e+00
  1.81939638e+00  8.77370223e+00  2.02214821e+00
  1.34128711e+00  8.22855071e+00  2.72084218e+00
  1.68371539e+00  7.24160457e+00  2.62542983e+00
  2.30391341e+00  6.52696425e+00  2.41276186e+00
  2.26966129e+00  5.53804947e+00  2.34281027e+00
  2.75975519e+00  4.71444204e+00  2.51583039e+00
  3.66742706e+00  4.56141275e+00  2.90194068e+00

molecule   19
  8.37685372e+00  6.72466488e-01  1.03906190e+01
  9.04068418e+00  6.76117166e-02  2.15368767e-01
  9.86060728e+00  6.73281762e-01  2.15065264e-01
  9.28157533e+00  1.14781632e+00  1.00030695e+01
  8.35458621e+00  1.27304279e+00  9.59099179e+00
  7.85902655e+00  2.00887668e+00  1.00509234e+01
  6.95650232e+00  2.30309073e+00  9.88154064e+00
  7.56365413e+00  2.28862682e+00  9.08184848e+00

molecule   20
  6.91756277e+00  9.79930330e+00  3.80457510e+00
  6.21189005e+00  1.02657536e+01  4.32345252e+00
  6.49424345e+00  9.75856750e+00  5.14598609e+00
  6.81694068e+00  1.98728273e-01  5.56303728e+00
  6.40517133e+00  1.44356385e-01  6.48092547e+00
  5.80913410e+00  1.02716075e+01  5.74896927e+00
  5.91854697e+00  9.43057031e+00  6.25966469e+00
  6.36621423e+00  8.56366212e+00  6.14540897e+00

molecule   21
  7.64231536e+00  4.93341242e+00  2.78434783e+00
  8.24204433e+00  4.26847288e+00  2.36749682e+00
  7.82768773e+00  3.40858226e+00  2.00886039e+00
  6.91660784e+00  3.47947409e+00  1.66904074e+00
  5.96179712e+00  3.79328969e+00  1.88556317e+00
  5.60436559e+00  3.26068412e+00  2.64148661e+00
  4.86355830e+00  2.56211294e+00  2.56151442e+00
  3.99521310e+00  3.05926911e+00  2.39263405e+00

molecule   22
  7.91767623e+00  9.02400372e+00  8.57983604e+00
  7.55739254e+00  9.12559513e+00  9.51163119e+00
  7.91922066e+00  8.26830704e+00  9.74638799e+00
  8.72147709e+00  8.81794448e+00  9.72173602e+00
  8.85640594e+00  9.48764316e+00  8.95907113e+00
  8.58000577e+00  9.99698211e+00  9.75094655e+00
  9.36495046e+00  1.03787676e+01  9.33068500e+00
  9.25697179e+00  1.03220848e+01  8.31688807e+00

molecule   23
  2.02437726e+00  3.52634108e+00  3.80396133e+00
  2.87787037e+00  3.84359133e+00  3.42748437e+00
  2.40630923e+00  4.71336618e+00  3.71331037e+00
  1.70375974e+00  4.73512291e+00  3.02808217e+00
  7.11172785e-01  4.75550778e+00  2.91526601e+00
  8.50617789e-01  5.56727488e+00  3.51816821e+00
  1.64595754e-01  5.59991631e+00  2.80745056e+00
  1.02072520e+01  5.92684469e+00  1.94324619e+00

molecule   24
  6.63615671e+00  9.04202422e+00  9.85167552e+00
  6.38262619e+00  8.83094051e+00  8.89875132e+00
  5.54994300e+00  8.42289637e+00  9.27502762e+00
  5.14531332e+00  7.77366880e+00  9.93951615e+00
  5.71080634e+00  7.23961475e+00  9.28015010e+00
  6.17543455e+00  7.69385669e+00  8.53328455e+00
  6.96108643e+00  7.78657980e+00  9.16793242e+00
  7.05701755e+00  8.19387950e+00  8.28303471e+00

molecule   25
  3.09081715e+00  7.26785567e+00  7.93391796e+00
  3.11550001e+00  8.25199990e+00  7.90010262e+00
  3.15980077e+00  9.19913069e+00  8.28385811e+00
  3.08168674e+00  1.01421302e+01  8.12934342e+00
  4.03367097e+00  1.04096220e+01  8.18950599e+00
  3.68264645e+00  1.03514991e+01  9.14927828e+00
  3.11060783e+00  1.02317099e+01  9.93760908e+00
  2.28374629e+00  1.03106455e+01  3.07332532e-02

molecule   26
  8.61415258e+00  2.15591249e+00  5.50231808e+00
  8.42641537e+00  2.74209775e+00  6.27187101e+00
  7.69839490e+00  3.16656670e+00  6.80058569e+00
  6.88244983e+00  2.58105498e+00  6.62406903e+00
  6.62451303e+00  1.99504653e+00  5.83907258e+00
  7.32389827e+00  2.71808116e+00  5.63274613e+00
  7.98377426e+00  3.42977627e+00  5.44665995e+00
  7.67573247e+00  3.06061689e+00  4.56586408e+00

molecule   27
  5.78232611e-01  8.28140781e+00  7.16815194e+00
  3.72902739e-01  8.48434457e+00  8.11937699e+00
  3.61245675e-01  9.35859583e+00  8.67154675e+00
  1.01162564e+01  9.20826714e+00  7.96582948e+00
  9.69964036e+00  8.56779453e+00  7.31609467e+00
  9.82241434e+00  7.74780365e+00  6.77989794e+00
  1.04367843e+01  8.10797413e+00  6.08580146e+00
  9.08491305e-01  8.49269875e+00  6.15617601e+00

molecule   28
  7.92414879e+00  9.85961201e+00  5.41493886e+00
  8.75589737e+00  1.02046328e+01  5.08168521e+00
  9.65192905e+00  1.02892303e+01  4.69523434e+00
  9.31710280e+00  9.41639214e+00  4.33015153e+00
  9.90313432e+00  8.63126335e+00  4.35748633e+00
  9.70452371e+00  8.44943745e+00  5.34976639e+00
  9.04212017e+00  7.99807374e+00  4.76376098e+00
  8.70119403e+00  8.14279845e+00  3.81172349e+00

molecule   29
  3.42991011e+00  8.10718171e+00  7.58201137e-01
  3.21983969e+00  7.29925242e+00  2.18237830e-01
  3.74368772e+00  6.48095296e+00  1.03969260e+01
  4.11174024e+00  5.98120169e+00  7.08254543e-01
  3.70028374e+00  5.44292792e+00  1.04377859e+01
  3.60090434e+00  4.56012113e+00  1.00278667e+01
  4.33145265e+00  4.31255039e+00  1.76434558e-01
  4.55093306e+00  4.92606778e+00  9.17011091e-01

molecule   30
  8.33223850e+00  1.54767564e+00  2.78113814e+00
  8.36731091e+00  6.17178409e-01  3.21576934e+00
  8.00380134e+00  6.03331660e-01  2.28631591e+00
  7.47870514e+00  1.02311751e+01  2.53447883e+00
  7.42247889e+00  6.86533934e-02  1.57461374e+00
  8.26153387e+00  5.47677457e-01  1.28081144e+00
  9.06100763e+00  1.05970381e+00  1.03050037e+00
  8.78950770e+00  1.70632481e+00  1.74037150e+00

molecule   31
  4.82198922e+00  1.13426257e+00  6.77065290e+00
  3.96606210e+00  1.10753078e+00  6.31108177e+00
  4.18305477e+00  2.04103920e+00  6.44971011e+00
  4.99659760e+00  1.74412115e+00  5.85776316e+00
  5.55310362e+00  2.27074620e+00  6.48136665e+00
  5.10606895e+00  3.14362876e+00  6.55849463e+00
  4.31846574e+00  3.03346352e+00  6.04413797e+00
  4.40593999e+00  3.33897624e+00  5.09639111e+00

molecule   32
  6.86416512e+00  5.63183449e+00  7.03899651e+00
  7.64989823e+00  5.69053177e+00  7.60349754e+00
  7.34718963e+00  6.46778941e+00  8.13453480e+00
  7.04578895e+00  6.62559176e+00  7.18496742e+00
  6.40471327e+00  7.33207094e+00  7.44249712e+00
  6.15568673e+00  7.38769726e+00  6.47290300e+00
  6.65551670e+00  6.91540114e+00  5.74143302e+00
  6.61344140e+00  7.33423592e+00  4.81319713e+00

molecule   33
  7.74840665e-01  7.12845967e+00  3.24111206e+00
  6.37740533e-01  6.64306862e+00  2.37662122e+00
  7.72165510e-01  6.97664406e+00  1.42569449e+00
  1.03257216e+01  7.29372264e+00  1.79659582e+00
  9.59733092e+00  6.71429746e+00  2.20887399e+00
  9.14351934e+00  5.86388236e+00  2.57230732e+00
  8.48146976e+00  6.53771177e+00  3.01905022e+00
  8.22515103e+00  7.46642672e+00  2.69714936e+00

molecule   34
  9.81996975e+00  9.48517449e+00  9.96108992e+00
  9.58104720e+00  9.63840631e+00  4.87944675e-01
  1.02906240e+01  8.94315276e+00  3.48072743e-01
  5.13501839e-01  8.57106509e+00  9.54738984e-01
  1.28440924e+00  8.52307733e+00  3.09378076e-01
  8.95864868e-01  8.20717181e+00  9.94691845e+00
  2.68350113e-01  7.86383362e+00  1.85516642e-01
  1.03570821e+01  7.12340996e+00  7.33171629e-01

molecule   35
  1.03983998e+01  7.59959303e-01  1.63185564e+00
  8.90604782e-01  1.01402704e+00  1.25892909e+00
  9.34700651e-01  1.15764573e-01  8.36982855e-01
  5.88057820e-01  9.71633520e+00  1.23772896e+00
  3.36936709e-01  9.22555031e+00  2.05290984e+00
  1.01903952e+01  8.96344757e+00  2.78860580e+00
  1.03955813e+01  8.00564394e+00  2.78295736e+00
  5.52746915e-01  8.19372971e+00  3.52042783e+00

molecule   36
  3.51034947e+00  6.36366298e+00  2.32526187e+00
  4.39272218e+00  6.50128114e+00  1.84342593e+00
  4.20603110e+00  5.57857143e+00  2.17904390e+00
  3.90321282e+00  5.45629674e+00  3.15964855e+00
  2.95292257e+00  5.63018697e+00  3.53566892e+00
  3.56359057e+00  4.91956836e+00  3.94049261e+00
  3.67736892e+00  4.14326340e+00  4.51464757e+00
  4.23730093e+00  4.73963617e+00  5.08669719e+00

molecule   37
  9.88098091e+00  5.53200066e+00  7.62847846e+00
  9.63957147e+00  6.20244630e+00  6.88978211e+00
  8.94350541e+00  6.84346336e+00  6.58233967e+00
  9.34580504e+00  7.27392796e+00  5.81739483e+00
  9.09832659e+00  6.39390555e+00  5.45936493e+00
  8.76368315e+00  5.43961017e+00  5.52608695e+00
  8.68965673e+00  5.21972063e+00  6.47742847e+00
  9.41362100e+00  4.76955928e+00  6.99774304e+00

molecule   38
  5.98736249e+00  6.66538342e+00  1.02099724e+01
  6.61621531e+00  6.77736805e+00  9.48430029e+00
  6.41703834e+00  5.82740673e+00  9.37629750e+00
  5.65363607e+00  5.66026591e+00  8.74196558e+00
  5.20036858e+00  6.25881055e+00  9.43763002e+00
  4.57829590e+00  5.89180620e+00  8.76446163e+00
  4.47228686e+00  5.25210184e+00  9.51189713e+00
  4.68050934e+00  5.69555345e+00  1.03580628e+01

molecule   39
  8.21142411e+00  1.51201915e+00  8.53294371e+00
  8.96384587e+00  1.85834562e+00  8.99987543e+00
  9.34826174e+00  1.23150179e+00  8.33083933e+00
  1.00414463e+01  9.24315507e-01  8.96811974e+00
  1.01963375e+01  1.80820095e+00  9.38916193e+00
  4.68668241e-01  1.70403706e+00  1.00533567e+01
  6.42624853e-01  8.93076813e-01  9.47868557e+00
  6.21742797e-01  7.80364992e-01  2.22640491e-02

molecule   40
  9.27402619e+00  4.71560546e+00  9.13283503e+00
  9.47165293e+00  4.18363029e+00  8.30333730e+00
  8.75178338e+00  3.80108917e+00  7.73272734e+00
  8.60972460e+00  2.95407846e+00  7.23384654e+00
  9.40745602e+00  2.56907082e+00  6.79910632e+00
  9.77478253e+00  3.46918825e+00  7.06993993e+00
  1.01408820e+01  3.74134738e+00  6.14667525e+00
  9.58281155e+00  3.02320200e+00  5.79342709e+00

molecule   41
  5.32439567e+00  4.22154399e+00  8.32451819e-01
  5.06955942e+00  3.29985846e+00  4.86072799e-01
  5.90562176e+00  2.86032772e+00  1.99287382e-01
  6.54560607e+00  3.62470078e+00  2.90498711e-01
  5.71662460e+00  3.99001692e+00  1.02780839e+01
  4.79121576e+00  4.00173944e+00  9.84572857e+00
  5.06451559e+00  3.42731917e+00  9.09901445e+00
  5.76245180e+00  2.88714662e+00  9.55505647e+00

molecule   42
  9.66317419e+00  8.00152833e+00  3.55046479e+00
  9.09848747e+00  8.48699358e+00  2.92649990e+00
  9.15373966e+00  7.97947557e+00  2.06399307e+00
  9.92228254e+00  8.53666818e+00  1.83253802e+00
  9.42237494e+00  9.27023074e+00  1.43080385e+00
  8.76253049e+00  8.87832565e+00  9.09337964e-01
  9.45487006e+00  8.17082174e+00  7.00649347e-01
  9.28032105e+00  7.36201980e+00  1.24924709e+00

molecule   43
  4.98689013e+00  5.33885728e+00  3.59180606e+00
  4.73370734e+00  4.48382249e+00  3.03201957e+00
  5.71334547e+00  4.46353783e+00  3.32355153e+00
  6.68909842e+00  4.61706065e+00  3.60344036e+00
  7.11382225e+00  5.47208751e+00  3.57068961e+00
  8.10367484e+00  5.32912714e+00  3.73283444e+00
  7.86020486e+00  6.32301471e+00  3.81571943e+00
  8.15283797e+00  7.25440731e+00  4.12261590e+00

molecule   44
  8.49882263e+00  1.01472081e+01  2.03410125e+00
  9.03098190e+00  3.58362709e-01  2.57020365e+00
  9.49210975e+00  1.16703461e+00  2.87632386e+00
  9.42918790e+00  6.99906029e-01  3.73101762e+00
  1.02516967e+01  1.19953358e+00  3.50481876e+00
  1.83570664e-01  6.05888033e-01  2.73340949e+00
  1.03737617e+01  1.01397785e+01  2.34864508e+00
  9.53774175e+00  1.01504567e+01  1.80609183e+00

molecule   45
  6.81185242e-01  6.36201302e+00  9.10087066e+00
  1.03798818e+01  6.53644205e+00  8.44060633e+00
  9.46930662e+00  6.77788526e+00  8.03488218e+00
  8.67531219e+00  7.25250340e+00  7.69746883e+00
  8.08874620e+00  7.84631389e+00  8.16252653e+00
  7.72453137e+00  7.73795079e+00  7.23976114e+00
  6.87930355e+00  8.09132501e+00  6.89086830e+00
  7.74278482e+00  8.40683053e+00  6.49955661e+00

molecule   46
  5.87349157e+00  2.49735484e+00  1.55072395e+00
  6.42385552e+00  2.24002393e+00  2.36062879e+00
  7.30530438e+00  2.62532612e+00  2.59107833e+00
  8.15130660e+00  2.51635445e+00  3.03500099e+00
  8.36546070e+00  2.38000112e+00  4.01127233e+00
  9.17689147e+00  2.57070048e+00  4.55493289e+00
  9.40333656e+00  3.10944250e+00  3.75018002e+00
  8.79164882e+00  3.64289252e+00  3.12134096e+00

molecule   47
  1.54817543e+00  1.05009449e+00  6.38809489e+00
  2.27740907e+00  1.15576877e+00  7.07682055e+00
  2.74669264e+00  7.34810414e-01  6.32868190e+00
  3.02937148e+00  1.71679302e+00  6.45352237e+00
  3.58633781e+00  1.69975438e+00  7.28823104e+00
  3.24561852e+00  8.45754051e-01  7.67677489e+00
  4.22026050e+00  7.81789453e-01  7.66698420e+00
  4.98258514e+00  1.72783662e-01  7.51249010e+00

molecule   48
  3.11664978e+00  1.61639009e-01  5.23755925e+00
  2.91859035e+00  9.29373571e-02  4.21686859e+00
  2.14944958e+00  6.75409672e-01  3.99257036e+00
  1.30198891e+00  2.60965606e-01  4.37166569e+00
  1.16803910e+00  7.88682148e-01  3.52978652e+00
  1.60324943e+00  8.61129630e-02  2.93607255e+00
  1.12845274e+00  9.85561260e+00  2.38620856e+00
  8.97503729e-01  2.28292846e-01  1.89502747e+00

molecule   49
  5.40745689e+00  4.68495819e+00  8.52942808e+00
  6.08476583e+00  4.00360723e+00  8.72935334e+00
  6.53517678e+00  4.30870996e+00  7.88784610e+00
  7.37005241e+00  4.36930979e+00  7.34621230e+00
  7.84912518e+00  4.27983094e+00  8.19100597e+00
  8.60920383e+00  4.89463130e+00  8.19861260e+00
  8.62381825e+00  5.90321359e+00  8.23658669e+00
  8.66636654e+00  6.04838344e+00  7.26953705e+00

molecule   50
  8.95349950e+00  6.57181290e+00  9.32081650e+00
  8.67052659e+00  7.24612214e+00  9.97494876e+00
  9.63910456e+00  7.46405672e+00  9.98241116e+00
  9.80075534e+00  6.98336297e+00  9.10884871e+00
  1.67669967e-01  7.56530737e+00  9.31801985e+00
  1.03830879e+01  8.55276598e+00  9.39689975e+00
  9.82755119e+00  8.28891391e+00  8.61215825e+00
  8.87064043e+00  8.46155751e+00  8.52354560e+00

molecule   51
  5.18475342e+00  6.66133832e+00  5.87924222e+00
  5.81887167e+00  5.99257372e+00  5.47329094e+00
  5.28579848e+00  6.06026289e+00  4.59592240e+00
  5.12639428e+00  6.93225157e+00  4.08283557e+00
  6.03570266e+00  6.53245692e+00  4.23010185e+00
  6.05309971e+00  5.69824425e+00  3.68060043e+00
  6.02156657e+00  5.79254547e+00  2.69346327e+00
  5.30219535e+00  6.01329177e+00  2.04964706e+00

molecule   52
  3.34612540e+00  4.24681805e+00  5.81196935e+00
  4.06254108e+00  4.77414887e+00  6.19911471e+00
  4.78790549e+00  4.16483378e+00  6.35125563e+00
  5.44592670e+00  4.52083255e+00  7.02154662e+00
  5.68429620e+00  5.44808083e+00  7.32127866e+00
  5.89729575e+00  6.11642978e+00  6.62934898e+00
  5.38445332e+00  6.47052820e+00  7.43058808e+00
  6.26210542e+00  6.36323236e+00  7.89391089e+00

molecule   53
  6.13349671e+00  8.59353428e+00  7.82088688e+00
  5.68306516e+00  8.71914600e+00  6.96488929e+00
  4.92313609e+00  8.27082773e+00  6.51508000e+00
  4.28163246e+00  8.48507469e+00  7.21536998e+00
  4.61289455e+00  9.40530944e+00  7.02829233e+00
  3.62542616e+00  9.27583276e+00  7.15807824e+00
  3.57804389e+00  1.03061330e+01  7.10018880e+00
  2.65512295e+00  9.92295908e+00  7.01625208e+00

molecule   54
  6.81936869e+00  1.46051369e+00  6.83091860e+00
  5.96728907e+00  1.03157212e+00  7.27039021e+00
  6.83103949e+00  8.83157408e-01  7.77132950e+00
  7.11295520e+00  1.26587876e+00  8.63949428e+00
  7.23291677e+00  1.21379118e+00  9.65500761e+00
  6.28337583e+00  1.51239636e+00  9.38637881e+00
  6.15917748e+00  6.92065614e-01  9.95407664e+00
  6.44792579e+00  1.02302131e+01  9.90215175e+00

molecule   55
  6.67008320e+00  3.17990680e+00  7.53762915e+00
  6.19280989e+00  3.72596436e+00  6.82293276e+00
  6.57485426e+00  4.61817373e+00  6.59093584e+00
  7.39781782e+00  4.21023495e+00  6.24857595e+00
  8.31842591e+00  3.86248557e+00  6.31148013e+00
  8.98197206e+00  4.30711860e+00  5.73120428e+00
  8.10948529e+00  4.64394697e+00  5.51695601e+00
  7.17326366e+00  4.90476998e+00  5.40263630e+00

molecule   56
  2.25809629e+00  3.37063035e+00  2.59313152e+00
  1.29328240e+00  3.44974648e+00  2.90276353e+00
  7.20960452e-01  3.76278497e+00  3.67276369e+00
  3.16760740e-01  2.79780016e+00  3.57577443e+00
  1.03824364e+01  2.04660228e+00  3.01237318e+00
  9.35318958e+00  2.27458331e+00  3.02227335e+00
  9.09643774e+00  2.64908374e+00  2.14841811e+00
  9.81108283e+00  3.34437078e+00  2.38153491e+00

molecule   57
  1.15847754e+00  6.11976489e+00  7.70670758e+00
  9.69938487e-01  5.22707474e+00  8.02771369e+00
  1.10286067e+00  4.97818164e+00  7.04893495e+00
  1.27457810e+00  4.03526551e+00  7.30367447e+00
  1.63869520e+00  4.10767868e+00  6.36063677e+00
  8.10939182e-01  4.16483281e+00  5.78602444e+00
  2.55048406e-01  4.60265758e+00  5.11130490e+00
  2.25182895e-01  3.58555938e+00  5.04426553e+00

molecule   58
  6.23906159e+00  3.48276716e+00  3.63328646e+00
  6.08344626e+00  2.52353017e+00  3.33939274e+00
  5.84405772e+00  1.87791141e+00  4.09775900e+00
  5.30632883e+00  1.44500370e+00  4.82794606e+00
  6.07390739e+00  1.06353408e+00  5.36915004e+00
  6.86331597e+00  8.57281813e-01  4.79776772e+00
  6.94609373e+00  7.66800608e-01  3.78702030e+00
  6.02421084e+00  8.44397192e-01  4.20892311e+00

molecule   59
  4.51574256e+00  3.65089237e+00  4.02403156e+00
  4.89213085e+00  4.51879049e+00  4.26161066e+00
  5.89683710e+00  4.63160095e+00  4.30775721e+00
  6.10560966e+00  5.10069411e+00  5.14125300e+00
  5.82205778e+00  4.57335281e+00  5.94054269e+00
  6.37150156e+00  3.75915886e+00  5.77636984e+00
  5.50810966e+00  3.20471955e+00  5.58998576e+00
  5.19258740e+00  4.00992864e+00  5.13797391e+00

molecule   60
  7.98923983e+00  4.54377053e+00  9.18758436e+00
  7.33957046e+00  5.28575996e+00  9.20995209e+00
  8.27518961e+00  5.50785657e+00  9.11875883e+00
  8.46240729e+00  5.10210102e+00  1.00264975e+01
  8.95463986e+00  5.59381811e+00  3.27040178e-01
  8.80166855e+00  5.40759998e+00  1.28871218e+00
  9.50055887e+00  4.82144412e+00  1.58027909e+00
  9.53514722e+00  3.84608411e+00  1.34848554e+00

molecule   61
  2.16942220e+00  1.80916849e+00  2.95754451e+00
  1.77239264e+00  2.65266399e+00  3.29661926e+00
  1.69300529e+00  2.28233815e+00  4.23237697e+00
  2.67539724e+00  2.20539427e+00  4.16681379e+00
  3.63671042e+00  2.27822095e+00  4.43403838e+00
  4.44023057e+00  2.05372925e+00  3.84126963e+00
  5.03204634e+00  2.81781516e+00  3.92240462e+00
  4.72085650e+00  2.31015200e+00  4.73058127e+00

molecule   62
  5.09544913e+00  7.54120424e+00  7.83033764e+00
  4.51163760e+00  6.84670933e+00  7.39576818e+00
  3.92449123e+00  6.24763372e+00  6.89420580e+00
  3.06896513e+00  6.71848310e+00  7.10450705e+00
  3.77054080e+00  7.43122324e+00  7.05169312e+00
  4.08446833e+00  6.99331686e+00  6.25465885e+00
  3.18800446e+00  6.87611758e+00  5.84233674e+00
  3.81384820e+00  6.13658540e+00  5.70861223e+00

molecule   63
  7.49770102e+00  6.85845799e+00  1.88855972e+00
  6.53365708e+00  7.11107759e+00  1.68943439e+00
  6.66148413e+00  6.88526649e+00  7.39826869e-01
  7.35145304e+00  7.23531885e+00  1.06081482e-01
  6.69191739e+00  7.88013916e+00  1.01878961e+01
  6.56225703e+00  8.35822731e+00  6.30202786e-01
  5.86115293e+00  8.52337961e+00  1.03877733e+01
  6.09525891e+00  9.28576068e+00  5.53254735e-01

molecule   64
  3.16871428e+00  8.63062987e+00  5.42660703e+00
  3.22642610e+00  9.57819004e+00  5.04678359e+00
  4.14520622e+00  9.16864047e+00  5.04496912e+00
  4.41102460e+00  1.00676361e+01  4.69874835e+00
  4.97380772e+00  1.00335405e+01  3.91126378e+00
  5.66213173e+00  9.37634879e+00  3.60570322e+00
  5.65106967e+00  8.42283286e+00  3.83734880e+00
  6.25898127e+00  7.64245918e+00  3.81963385e+00

molecule   65
  5.85859928e+00  4.77675642e+00  2.31084479e+00
  6.06077537e+00  5.52052377e+00  1.68131528e+00
  6.63316286e+00  5.87519722e+00  9.53825920e-01
  6.58501134e+00  4.92004850e+00  9.38735738e-01
  7.46775727e+00  4.78347893e+00  1.37833838e+00
  7.34954621e+00  4.30540658e+00  4.79462788e-01
  7.85780070e+00  3.57830889e+00  9.79807552e-01
  7.89741787e+00  2.88050900e+00  2.40270917e-01

molecule   66
  1.00919112e+01  1.73508028e+00  1.88523334e+00
  5.09457219e-01  1.88634239e+00  1.35405323e+00
  3.98030811e-01  2.60169360e+00  7.14358194e-01
  3.61717193e-01  3.54764065e+00  8.47540417e-01
  8.57365942e-01  3.10251038e+00  1.57755687e+00
  5.93721415e-01  2.48909070e+00  2.32710992e+00
  9.33332652e-01  1.70611305e+00  2.87269261e+00
  1.58961414e+00  1.50683654e+00  2.13287341e+00

molecule   67
  3.19028670e-01  3.74923405e+00  2.64110392e+00
  1.00442195e+01  3.86318199e+00  3.37389553e+00
  4.20723731e-02  4.64040060e+00  3.85602214e+00
  9.81654729e+00  5.34410816e+00  3.50380003e+00
  9.05512086e+00  5.26143047e+00  4.11556586e+00
  8.91378648e+00  4.61740947e+00  3.40061617e+00
  9.43069377e+00  4.17283534e+00  4.12205595e+00
  9.38718375e+00  3.54899412e+00  4.92644156e+00

molecule   68
  9.66044812e+00  5.22390607e+00  5.17338366e+00
  9.79098799e+00  4.73257848e+00  6.07228878e+00
  3.01000852e-01  4.87821236e+00  6.38918547e+00
  1.90332310e-01  5.80142462e+00  6.71985901e+00
  4.17633781e-01  6.37068222e+00  5.91868717e+00
  4.31368226e-01  7.03501453e+00  6.62721946e+00
  7.01919107e-01  7.33165716e+00  7.48215366e+00
  1.02792683e+01  7.55004511e+00  7.96539121e+00

molecule   69
  7.36520302e+00  3.65852605e+00  3.56188117e+00
  8.29466459e+00  3.71918294e+00  3.99003358e+00
  8.47931115e+00  4.43390598e+00  4.57481893e+00
  7.50830420e+00  4.43967495e+00  4.52393987e+00
  6.70731837e+00  3.84966725e+00  4.46004485e+00
  6.34636686e+00  2.91247568e+00  4.47206046e+00
  6.98614248e+00  2.13296509e+00  4.27796617e+00
  6.83856869e+00  1.82290950e+00  3.33967502e+00

molecule   70
  5.76985019e+00  9.61240663e+00  9.47984773e+00
  5.26530970e+00  9.95740439e+00  1.02337219e+01
  5.25929362e+00  8.13273223e-03  9.36685753e+00
  5.73844118e+00  3.02415571e-01  8.52587076e+00
  4.99496067e+00  1.01089945e+01  8.56519301e+00
  4.89386600e+00  9.31588794e+00  9.16144071e+00
  4.29086126e+00  8.61356277e+00  8.78309093e+00
  4.59491746e+00  9.31273013e+00  8.17231694e+00

molecule   71
  1.96229358e+00  1.99068489e+00  6.66400909e+00
  1.47069744e+00  2.05048060e+00  7.56585660e+00
  1.63811146e+00  2.97256890e+00  7.33222938e+00
  2.28003368e+00  3.68031497e+00  7.28345053e+00
  2.03550946e+00  4.06940914e+00  8.18666358e+00
  1.05619125e+00  3.71864586e+00  8.31112943e+00
  1.82543513e+00  3.03919619e+00  8.51819093e+00
  1.62527198e+00  2.26339217e+00  9.15567773e+00

molecule   72
  8.21884116e+00  7.50224591e+00  5.20693422e+00
  7.95152420e+00  6.55349551e+00  5.17122869e+00
  7.61486692e+00  5.76967830e+00  4.72673658e+00
  6.73308568e+00  6.15962668e+00  4.91327407e+00
  6.80688447e+00  5.84243144e+00  5.86974534e+00
  7.68377636e+00  6.26776656e+00  6.07584141e+00
  7.46450389e+00  7.21429671e+00  6.22435663e+00
  7.19862817e+00  7.92323942e+00  5.55311170e+00

molecule   73
  5.46993074e+00  3.84685263e+00  7.83831889e+00
  4.47457756e+00  3.78452023e+00  7.59123891e+00
  4.14085650e+00  2.84247619e+00  7.49859240e+00
  4.86087745e+00  2.78483280e+00  8.13801690e+00
  4.75282234e+00  1.87717154e+00  7.70340686e+00
  4.69274361e+00  1.23407638e+00  8.50298276e+00
  3.71065431e+00  1.06341488e+00  8.66451257e+00
  3.94316142e+00  1.97083056e+00  8.31111667e+00

molecule   74
  4.97882403e+00  8.88769398e+00  2.74102209e-01
  5.21824806e+00  8.81404030e+00  1.25759078e+00
  5.71587389e+00  8.00779773e+00  1.37497688e+00
  4.81023661e+00  8.07579707e+00  1.78776702e+00
  5.49262694e+00  8.05620133e+00  2.56335278e+00
  6.38855471e+00  8.50162303e+00  2.28774442e+00
  6.44230455e+00  9.36163638e+00  1.75368774e+00
  5.74408606e+00  9.26798290e+00  2.45838973e+00

molecule   75
  3.44192287e+00  2.92280548e+00  3.61715005e+00
  3.46236343e+00  1.94680944e+00  3.45028321e+00
  3.45854501e+00  1.76671503e+00  2.49980320e+00
  2.73550183e+00  2.46954405e+00  2.29647151e+00
  3.04423719e+00  2.05701171e+00  1.40816377e+00
  2.56370460e+00  2.06906616e+00  5.53373519e-01
  2.66915064e+00  2.57614696e+00  1.01494717e+01
  2.13373121e+00  3.18737596e+00  2.86833460e-01

molecule   76
  9.39185495e+00  1.79667119e+00  3.97211816e+00
  9.54832574e+00  1.79608820e+00  4.95735717e+00
  9.65937192e+00  8.96052680e-01  5.38064814e+00
  8.68336856e+00  1.20048619e+00  5.40304174e+00
  8.27649010e+00  1.46024985e+00  4.53399797e+00
  8.26234477e+00  5.01248080e-01  4.29724401e+00
  7.69479933e+00  1.01679132e+01  4.50633889e+00
  8.19404146e+00  9.93928126e+00  3.70649996e+00

molecule   77
  3.37707971e+00  8.06560047e+00  6.44486730e+00
  2.56106545e+00  8.13385400e+00  7.03540559e+00
  1.79664415e+00  7.77108756e+00  6.54841410e+00
  2.40147184e+00  8.00395769e+00  5.76556946e+00
  2.51938311e+00  8.85939388e+00  6.24814962e+00
  2.00772331e+00  9.14864159e+00  5.44218647e+00
  1.43040660e+00  8.50662992e+00  4.88632284e+00
  6.02634819e-01  8.05817233e+00  4.83432686e+00

molecule   78
  6.75550069e+00  4.54730723e+00  9.92200187e+00
  7.14682424e+00  3.64199605e+00  9.93792496e+00
  8.04506559e+00  4.02321836e+00  1.02591513e+01
  8.99547625e+00  4.18723323e+00  1.01712454e+01
  8.83875713e+00  4.58734881e+00  6.47640291e-01
  8.02604339e+00  5.21268923e+00  5.78216321e-01
  7.42688626e+00  5.34238064e+00  1.02231017e+01
  7.57637673e+00  6.22029628e+00  9.69267605e+00

molecule   79
  6.58901765e-01  5.51408297e+00  8.45536636e-02
  4.46149769e-01  5.74141546e+00  1.02989922e+00
  1.25793175e+00  5.84126598e+00  1.55730439e+00
  8.68009596e-01  4.94735179e+00  1.84705428e+00
  2.41581207e-01  4.70202038e+00  1.10775817e+00
  1.08763289e+00  4.70859857e+00  6.26922457e-01
  1.24206415e+00  3.87548461e+00  9.78271838e-02
  1.40500360e+00  3.07510693e+00  9.95695109e+00

molecule   80
  3.53231762e+00  3.06770799e-01  3.74474411e-01
  4.28657319e+00  5.57927653e-01  1.02168820e+01
  3.81226703e+00  1.21338163e+00  9.59348610e+00
  4.08566603e+00  1.59182507e+00  4.27932078e-02
  3.95361732e+00  2.54059366e+00  4.04161691e-01
  3.55677354e+00  3.26354430e+00  1.03068039e+01
  3.92530066e+00  3.25319612e+00  9.39049192e+00
  3.75410316e+00  2.25561574e+00  9.34705231e+00

molecule   81
  7.18805263e-01  3.38423684e+00  6.47477470e+00
  3.86645716e-01  3.15802537e+00  7.37432215e+00
  2.33035004e-01  2.18136436e+00  7.52420576e+00
  6.68669645e-02  1.42509097e+00  8.14160683e+00
  1.00358036e+01  1.34233896e+00  7.29872690e+00
  9.71873768e+00  8.60377322e-01  6.54203467e+00
  8.95486975e+00  1.12321392e+00  7.08748648e+00
  8.37666487e+00  4.40595757e-01  6.59740645e+00

molecule   82
  2.08761446e+00  6.30210983e+00  3.46193692e+00
  2.87575521e+00  6.78908651e+00  3.95434412e+00
  3.06187737e+00  7.75001966e+00  3.97941645e+00
  2.53422878e+00  7.40231000e+00  3.18783684e+00
  1.71654593e+00  7.61330138e+00  3.64922617e+00
  2.19925454e+00  7.55439122e+00  4.53476412e+00
  2.00691833e+00  7.12848324e+00  5.41332142e+00
  1.04674937e+00  7.36560253e+00  5.47022729e+00

molecule   83
  2.42238146e+00  5.57129221e-01  3.01213541e+00
  2.48927607e+00  1.07745377e+00  2.15419545e+00
  3.23338185e+00  8.35231708e-01  1.50164136e+00
  2.52674663e+00  6.69579858e-01  8.14134861e-01
  1.84384378e+00  3.82534450e-01  1.47265211e+00
  1.80254807e+00  1.31785853e+00  1.17786410e+00
  1.46817548e+00  1.31077884e+00  2.40698994e-01
  2.29771024e+00  1.04154898e+00  1.01914002e+01

molecule   84
  2.08173242e+00  1.00758555e+01  6.05107596e+00
  1.99301223e+00  1.04478220e+01  5.15674244e+00
  2.31600566e+00  9.10580566e-01  5.00415586e+00
  1.48500843e+00  1.44855144e+00  4.88805954e+00
  1.16718573e+00  6.62327208e-01  5.39935987e+00
  8.25880069e-01  1.57849465e+00  5.66772173e+00
  4.95485484e-02  1.54444903e+00  6.27118581e+00
  6.96227811e-01  1.34303872e+00  6.98600319e+00

molecule   85
  9.95110024e+00  2.01056109e+00  8.58005442e-01
  1.00015774e+01  2.91643764e+00  1.28996418e+00
  9.14113701e+00  2.65239697e+00  9.40946462e-01
  9.61898326e+00  3.27816528e+00  3.57015351e-01
  6.96865734e-02  3.40573210e+00  1.03549321e+01
  1.64148413e-01  4.41364938e+00  3.63386415e-02
  1.00013173e+01  5.24173179e+00  1.05131807e-02
  9.98153621e+00  5.70771359e+00  9.58322455e+00

molecule   86
  6.74272872e+00  2.77792261e+00  9.53327455e-01
  6.33105884e+00  1.86835373e+00  8.69390928e-01
  6.50464962e+00  9.70961666e-01  5.22119183e-01
  7.20108278e+00  1.68208520e+00  3.83388597e-01
  8.10623663e+00  1.61323094e+00  7.46765965e-01
  7.66683522e+00  2.34198722e+00  1.25364874e+00
  7.46122329e+00  1.44672355e+00  1.68747306e+00
  7.00049353e+00  1.06680970e+00  2.49038808e+00

molecule   87
  3.56270335e+00  7.49382612e+00  2.13489840e+00
  2.70096015e+00  8.02651343e+00  2.22988431e+00
  3.26395324e+00  8.18831491e+00  3.04656584e+00
  3.11579331e+00  9.03642887e+00  2.62885642e+00
  2.99884134e+00  1.00192070e+01  2.67199680e+00
  2.74546669e+00  1.02185314e+01  1.75362781e+00
  3.13178784e+00  9.69973510e+00  9.91580109e-01
  3.00544488e+00  9.12987169e+00  1.29765846e-01

molecule   88
  3.27820479e+00  6.06198982e+00  1.38204541e+00
  3.01297195e+00  5.40224456e+00  6.90788596e-01
  2.02143414e+00  5.65644482e+00  7.77836091e-01
  1.85658934e+00  6.65879347e+00  1.11751307e+00
  1.78766727e+00  7.41152270e+00  4.14304250e-01
  2.30402591e+00  7.92865575e+00  1.08275327e+00
  2.52460432e+00  8.89188089e+00  1.18007345e+00
  1.79861239e+00  9.57692786e+00  9.50691952e-01

molecule   89
  7.25606515e-02  4.62841925e+00  7.39673753e+00
  1.04424611e+01  4.41065761e+00  8.39123573e+00
  1.22241300e-01  3.43156123e+00  8.50063860e+00
  9.81496656e+00  2.74874157e+00  8.75119906e+00
  9.37091292e+00  2.44514424e+00  7.89290366e+00
  8.55130731e+00  2.68194272e+00  8.41586959e+00
  7.63909495e+00  3.09554212e+00  8.15378647e+00
  7.85796281e+00  3.37890609e+00  9.06418730e+00

molecule   90
  4.03801092e+00  7.10736058e-01  3.49239199e+00
  3.71907305e+00  3.69821120e-01  2.61437257e+00
  4.42765175e+00  1.03438539e+01  2.14655963e+00
  4.65181811e+00  9.40239184e+00  2.32282336e+00
  4.78202163e+00  8.67046407e+00  2.93627169e+00
  4.91331775e+00  7.76408144e+00  3.40980614e+00
  4.14761481e+00  7.33001609e+00  2.96552350e+00
  4.53654870e+00  6.39569451e+00  2.94902767e+00

molecule   91
  4.77894975e+00  2.48685496e+00  9.84791465e+00
  4.97461953e+00  1.59634908e+00  9.40330498e+00
  5.59820474e+00  2.04392092e+00  8.69275531e+00
  6.27033401e+00  2.70323318e+00  8.42902027e+00
  5.76264731e+00  2.54817917e+00  7.59896095e+00
  6.26242419e+00  1.71378517e+00  7.93758536e+00
  7.22797107e+00  1.93879335e+00  7.84444578e+00
  7.94607258e+00  2.22386368e+00  7.15914524e+00

molecule   92
  5.38201098e+00  6.12228390e+00  5.99936918e-01
  5.72532904e+00  6.79685908e+00  1.19852067e+00
  5.50014830e+00  7.42642984e+00  4.68852787e-01
  4.72721688e+00  7.26247889e+00  1.11138376e+00
  4.46827251e+00  7.93526907e+00  3.71891345e-01
  4.00494781e+00  7.63994471e+00  1.00010038e+01
  4.22399118e+00  6.84668022e+00  9.46112255e+00
  4.58242105e+00  7.58522103e+00  8.85186747e+00

molecule   93
  8.81227668e+00  2.40956547e+00  1.02936089e+01
  8.88162418e+00  2.81940947e+00  9.42008883e+00
  8.94822280e+00  3.74233074e+00  9.20364061e+00
  9.89450161e+00  3.88765870e+00  9.48780227e+00
  2.06806845e-01  4.52864836e+00  9.46546485e+00
  8.42987394e-01  3.74181415e+00  9.43243432e+00
  1.81719058e+00  3.93824041e+00  9.52897151e+00
  2.65528913e+00  4.01858086e+00  1.00497728e+01

molecule   94
  4.52599369e-01  1.04095305e+01  8.00288287e+00
  3.53130252e-02  2.23466750e-02  8.91007152e+00
  1.02761970e+01  1.96235782e-01  9.86870365e+00
  1.30147583e-01  1.00626469e+01  1.27158198e-01
  4.28137398e-01  9.64802853e+00  9.71507685e+00
  1.01895798e+00  1.04431217e+01  9.85349712e+00
  1.18480765e+00  1.02519590e+01  8.90019972e+00
  2.11067689e+00  1.02090354e+01  9.31040045e+00

molecule   95
  3.26718821e+00  7.10681690e+00  9.65749300e+00
  2.59570548e+00  7.86242333e+00  9.67507324e+00
  2.22456768e+00  7.56520828e+00  8.81676256e+00
  2.08822399e+00  7.34527441e+00  7.87564938e+00
  1.98166710e+00  6.64090117e+00  7.16146077e+00
  2.30590702e+00  6.50708325e+00  6.24418685e+00
  1.63713797e+00  5.80263585e+00  6.41697637e+00
  1.65641220e+00  6.11703376e+00  5.44261922e+00

molecule   96
  7.16743399e+00  8.99782559e+00  5.47859133e+00
  6.33570704e+00  8.78874254e+00  5.03017439e+00
  6.97095769e+00  8.97928868e+00  4.30652028e+00
  7.39336957e+00  8.50296673e+00  3.54876616e+00
  7.62949000e+00  8.36304354e+00  2.60659579e+00
  7.08894574e+00  7.51006683e+00  2.56816001e+00
  6.64324999e+00  6.62563341e+00  2.78056299e+00
  5.73351554e+00  6.97257538e+00  2.89421450e+00

molecule   97
  5.38051320e+00  1.49301317e+00  3.26176803e+00
  5.30988144e+00  1.61310130e+00  2.30666994e+00
  4.51060535e+00  1.16168104e+00  2.72107216e+00
  5.10120879e+00  3.88238121e-01  2.99057291e+00
  5.85237397e+00  1.01768902e+01  2.94057759e+00
  5.81462231e+00  3.14200683e-01  2.09263409e+00
  6.32278372e+00  1.09459249e-02  1.29474893e+00
  5.45315590e+00  1.01440525e+01  1.07317117e+00

molecule   98
  1.70419240e+00  2.30822308e+00  5.31892729e+00
  1.56118405e+00  2.97043284e+00  6.01199896e+00
  1.62967874e+00  3.43001701e+00  5.12889872e+00
  1.34514289e+00  4.18829643e+00  4.53154532e+00
  1.69717504e+00  5.00975629e+00  4.97462849e+00
  2.03765462e+00  5.67602035e+00  4.28176300e+00
  2.70390178e+00  6.14994095e+00  4.83550146e+00
  3.21516180e+00  5.38463223e+00  5.09838136e+00

molecule   99
  7.39791269e+00  9.64641016e+00  6.29722743e+00
  7.34305346e+00  4.74559975e-02  6.79747445e+00
  7.33927417e+00  1.00025862e+01  7.66128358e+00
  8.30021965e+00  1.02618245e+01  7.65977333e+00
  7.77050667e+00  4.95114607e-01  8.12868156e+00
  7.96775759e+00  1.14650685e+00  7.42737591e+00
  8.02448686e+00  1.45542050e+00  6.47166748e+00
  7.41420173e+00  1.04694521e+00  5.87489570e+00
