BOUNDARY

cubic     9.0000000e+00

MOLECULES

species    0
nMolecule  100

molecule   0
  6.02733120e+00  8.72851661e+00  8.71640299e+00
  6.30514983e+00  8.07418016e+00  8.93943010e+00
  6.88299743e+00  8.22583949e+00  8.26253887e+00
  5.94343476e+00  8.75187804e+00  8.90737194e+00
  5.23356492e+00  4.32581527e-01  8.00336065e+00
  5.54279388e+00  8.76602510e+00  8.51558514e+00
  6.33024361e+00  8.13432246e+00  7.59833614e+00
  6.76094500e+00  2.44081649e-01  7.29293840e+00

molecule   1
  6.57682836e+00  7.71650156e+00  7.54669036e+00
  7.96194421e+00  8.40107991e+00  7.68256837e+00
  7.23627395e+00  2.12086404e-01  7.79524748e+00
  7.75292481e+00  1.27822276e+00  7.18559934e+00
  6.94358277e+00  1.87873390e+00  8.44094272e+00
  7.92413874e+00  2.24515749e+00  8.64766864e+00
  7.78533566e+00  1.51135955e+00  4.06335714e-01
  8.94043394e+00  8.09005547e-01  8.13765962e+00

molecule   2
  5.57802997e-01  4.70516788e+00  1.64176940e+00
  7.89109667e-01  4.05379774e+00  1.53487703e+00
  1.46269691e+00  4.62611429e+00  1.32327326e+00
  1.94872339e+00  4.89869257e+00  2.53875486e-01
  1.12434436e+00  5.17197339e+00  8.97472834e+00
  2.17479128e+00  5.50555119e+00  8.61518075e+00
  1.50216731e+00  7.18981013e+00  8.62090863e+00
  6.26296922e-01  8.35011516e+00  5.99985560e-01

molecule   3
  6.95682365e+00  3.88594733e+00  3.15153814e+00
  5.42751804e+00  3.10198624e+00  3.67945642e+00
  6.42248049e+00  3.17841024e+00  3.84019375e+00
  7.34190509e+00  3.65859359e+00  4.91836444e+00
  7.65280510e+00  3.22153359e+00  4.43362809e+00
  6.49158591e+00  4.07961427e+00  5.92521116e+00
  6.75909518e+00  5.17244746e+00  3.24954343e+00
  7.75578559e+00  5.83054743e+00  3.29009178e+00

molecule   4
  3.71461339e+00  5.06905659e+00  3.81293047e+00
  4.45395143e+00  5.55424329e+00  4.34956927e+00
  4.16519569e+00  5.80221382e+00  4.17286535e+00
  3.68334859e+00  4.90193079e+00  4.48655994e+00
  3.10608655e+00  5.66754634e+00  4.92930013e+00
  4.45744844e+00  4.70829397e+00  5.49460468e+00
  4.86756309e+00  4.10504809e+00  5.10828794e+00
  5.05267662e+00  4.24371959e+00  5.45721072e+00

molecule   5
  7.22656865e+00  5.51097509e-01  8.20591366e+00
  6.49079705e+00  8.30032224e+00  1.22961205e+00
  5.57220524e+00  7.46834496e+00  1.15963136e+00
  4.93746434e+00  1.98040716e-02  1.96593213e+00
  4.79609388e+00  7.92241215e+00  2.87268845e+00
  3.65733810e+00  7.94261684e+00  4.48484220e+00
  1.59051482e+00  7.47922683e+00  4.32463937e+00
  1.39292495e+00  7.43338069e+00  4.65958179e+00

molecule   6
  5.46548982e+00  3.21913134e+00  7.62166997e+00
  5.87688341e+00  2.25291643e+00  7.62210378e+00
  7.90848078e+00  1.86458019e+00  6.27087857e+00
  4.57380385e-01  1.02473260e+00  5.95734942e+00
  9.37338076e-01  2.45631001e-01  6.04540513e+00
  8.46667657e+00  8.79417672e+00  5.36161206e+00
  7.05255151e+00  7.06532784e-01  5.05876712e+00
  6.68058465e+00  8.66073488e+00  4.26992203e+00

molecule   7
  4.01161046e+00  4.24451733e+00  1.03438814e+00
  5.12444575e+00  5.03561093e+00  2.30105262e-01
  7.19936415e+00  6.60373926e+00  1.28408338e+00
  6.42454072e+00  7.23523467e+00  2.10405060e+00
  8.17998884e+00  7.81060265e+00  3.13347992e+00
  7.78985886e-02  1.49646888e-01  3.75439975e+00
  7.76042901e-01  1.08321260e+00  3.13414665e+00
  8.40522516e+00  9.44377519e-01  3.14743600e+00

molecule   8
  3.22371804e+00  8.84152243e+00  8.55844698e+00
  3.83761818e+00  6.76256683e-01  2.89718398e-01
  4.73506699e+00  1.43615026e+00  8.80880499e+00
  3.93968175e+00  1.35032480e+00  8.60925749e+00
  3.76477785e+00  2.30808528e+00  6.87279829e+00
  4.44438447e+00  2.82329577e+00  6.79277471e+00
  3.54757487e+00  4.08498095e+00  7.62463563e+00
  3.76038490e+00  3.13541960e+00  2.78171286e-02

molecule   9
  4.00724651e+00  3.86981044e+00  8.23419064e+00
  2.31815395e+00  4.65917820e+00  7.18020749e+00
  1.11754634e+00  4.12269817e+00  7.12517393e+00
  1.04379164e+00  3.86031966e+00  8.60337495e+00
  1.30296355e+00  2.75101536e+00  8.39316878e+00
  1.46004785e+00  4.19720620e+00  6.51283777e+00
  9.19682053e-01  5.35637677e+00  6.99147328e+00
  1.95125485e+00  7.41695479e+00  5.39132537e+00

molecule   10
  5.92684650e+00  2.59454496e-01  7.76759041e+00
  6.62247570e+00  4.56644979e-01  8.89401334e+00
  8.16388279e+00  6.23584762e-02  1.61424818e-01
  7.67338454e+00  8.58369309e+00  8.11401353e+00
  8.24938141e+00  7.67260823e+00  7.98372900e+00
  8.37624613e+00  7.93189749e+00  7.06534717e+00
  6.84433469e-02  8.10714235e+00  8.16285059e+00
  4.32249621e-01  8.07153877e+00  6.89329593e+00

molecule   11
  6.72475093e+00  4.63328498e+00  1.03147111e+00
  6.74814786e+00  4.31179535e+00  4.04156944e-01
  6.38347443e+00  4.68384313e+00  7.66457153e+00
  8.49210179e+00  5.00828454e+00  7.91471211e+00
  7.93747575e+00  5.13182083e+00  8.12262813e+00
  8.46353504e+00  5.15376954e+00  7.53190513e+00
  6.97601524e-01  4.37942643e+00  7.69170939e+00
  1.43633593e+00  5.38560889e+00  7.87558338e+00

molecule   12
  7.93421524e+00  7.09127703e+00  5.28299484e+00
  7.92521313e+00  6.36778154e+00  6.81967163e+00
  7.00739137e+00  6.82280930e+00  8.27923399e+00
  7.22185109e+00  6.42862172e+00  6.88676258e+00
  7.08160346e+00  7.10028281e+00  5.87978176e+00
  7.07017842e+00  7.18293365e+00  5.14616755e+00
  7.93369330e+00  7.50607394e+00  4.60895480e+00
  7.48234581e+00  6.76621702e+00  4.51355750e+00

molecule   13
  6.32049177e+00  4.75867534e+00  4.61489880e+00
  5.99208959e+00  5.07893912e+00  3.90829093e+00
  6.48038975e+00  6.02633485e+00  4.94686183e+00
  6.82309699e+00  5.69078882e+00  5.77465662e+00
  6.02314525e+00  5.04996805e+00  7.33302928e+00
  6.05554567e+00  5.91366013e+00  6.70709940e+00
  5.50502270e+00  4.44016075e+00  7.63509416e+00
  5.33399969e+00  3.78210357e+00  6.38984384e+00

molecule   14
  6.32867272e+00  5.50233236e+00  1.99342231e+00
  5.93322511e+00  4.75839330e+00  1.42421296e+00
  6.07176488e+00  6.96454071e+00  8.21828747e-01
  5.38207308e+00  5.97906566e+00  1.23900230e+00
  4.55508232e+00  5.58326862e+00  2.23760655e-02
  5.89053108e+00  6.71495675e+00  8.02970761e+00
  5.35747128e+00  6.80943178e+00  8.60166264e+00
  6.37326282e+00  5.13839121e+00  8.97806537e+00

molecule   15
  1.73099952e+00  4.73667087e+00  8.22222029e+00
  1.65458061e+00  4.19838818e+00  7.78163760e+00
  2.44866754e+00  4.85367622e+00  6.39703912e+00
  1.85865791e+00  5.57934525e+00  6.25462985e+00
  2.55272503e+00  5.29126394e+00  5.85018480e+00
  3.02548297e+00  5.05747239e+00  6.74821760e+00
  3.50801366e+00  5.19267369e+00  5.32751449e+00
  2.72074291e+00  4.55755904e+00  6.06907412e+00

molecule   16
  8.10550148e+00  2.80007147e-01  2.77181848e+00
  7.24658308e+00  9.28842420e-01  2.41230956e+00
  7.44551003e+00  8.66683584e+00  2.69439858e+00
  6.69247157e+00  8.86694747e+00  1.56587803e+00
  7.82010012e+00  8.57056100e+00  3.00129133e+00
  8.75448732e+00  8.37812791e+00  2.46610240e+00
  5.15417954e-01  7.96355878e+00  2.41066830e+00
  1.68898621e+00  8.10280489e+00  2.66266934e+00

molecule   17
  4.92545305e+00  2.32801539e+00  6.58356119e+00
  4.62988086e+00  3.29051173e+00  7.63132496e+00
  4.01074601e+00  2.46221250e+00  8.54096123e+00
  4.73741657e+00  1.93956434e+00  8.62171685e+00
  5.16633376e+00  1.40176968e+00  7.50626092e+00
  5.50784957e+00  1.00279680e+00  6.54971037e+00
  5.17890493e+00  8.89983922e+00  6.65544331e+00
  4.78406792e+00  5.94293484e-01  6.83652015e+00

molecule   18
  7.67827753e+00  2.39318260e+00  1.58334577e+00
  6.65559282e+00  1.64690453e+00  7.27336360e-01
  6.44210548e+00  1.60125297e+00  7.99393753e+00
  6.81030719e+00  3.89011071e+00  7.77873415e+00
  7.31318517e+00  5.54751771e+00  8.24948835e+00
  8.63256684e+00  5.76806636e+00  6.33177741e-02
  1.31487836e+00  5.88406027e+00  8.72100838e+00
  1.63594420e+00  6.11766615e+00  5.69099155e-01

molecule   19
  2.12964451e-01  4.89646424e+00  7.26182760e+00
  1.40970197e+00  5.74585585e+00  7.09268270e+00
  5.64844632e-01  5.04964868e+00  7.36106128e+00
  8.54998239e+00  5.49555366e+00  6.99791194e+00
  7.57820241e+00  5.69617820e+00  6.15959979e+00
  7.49687581e+00  5.98933621e+00  4.25472375e+00
  8.77876367e+00  5.78705286e+00  4.50411783e+00
  3.11379779e-01  4.70142513e+00  3.64165176e+00

molecule   20
  2.55769150e+00  1.82521244e+00  5.88808813e+00
  2.02908015e+00  2.73065115e+00  6.94514053e+00
  2.10288933e+00  2.10584768e+00  7.57885949e+00
  1.43994528e+00  2.28103668e+00  6.48059080e+00
  7.32019332e-01  6.20897752e-01  6.89578771e+00
  1.13727899e+00  8.70187933e+00  5.66450339e+00
  1.35687677e+00  8.20995330e+00  6.85639768e+00
  6.63629673e-01  7.43820985e+00  8.29916439e+00

molecule   21
  8.80926021e-01  3.70421519e+00  7.95001395e+00
  8.16599512e-01  3.28623495e+00  7.31798635e+00
  8.93397533e+00  2.16841768e+00  6.65291096e+00
  8.76892824e+00  2.91579359e+00  5.86324172e+00
  8.17705249e+00  3.30333094e+00  6.07922897e+00
  8.42434386e+00  2.82231455e+00  5.24651785e+00
  8.61508272e+00  2.04373692e+00  4.72624104e+00
  7.95025830e+00  1.28102100e+00  3.13732338e+00

molecule   22
  7.14344507e+00  8.70606957e+00  6.91870392e+00
  7.02981305e+00  7.96120973e-01  6.41828787e+00
  6.12497584e+00  4.30151475e-01  6.16163010e+00
  5.71537125e+00  1.97954629e-01  6.77891564e+00
  4.82749687e+00  5.60260553e-02  6.14642146e+00
  4.70930449e+00  8.25488222e+00  6.89371591e+00
  5.59394112e+00  7.14639593e+00  6.95784309e+00
  6.36986315e+00  7.00164839e+00  5.73090630e+00

molecule   23
  7.39012819e+00  2.99472116e-01  2.96220224e-01
  7.59750154e+00  8.18132089e+00  8.44294332e+00
  7.83683574e+00  7.50710887e+00  7.69456022e+00
  2.31675174e-02  7.43530549e+00  6.37755584e+00
  8.92754868e+00  7.90098463e+00  6.06066296e+00
  1.82336005e+00  8.63732312e+00  6.29068313e+00
  2.93163445e+00  8.45400857e+00  6.24559794e+00
  1.98981287e+00  8.57621581e+00  5.48611182e+00

molecule   24
  3.43782031e+00  7.24583721e+00  2.34002942e+00
  3.50885906e+00  6.54276615e+00  2.27265225e+00
  4.04238390e+00  7.59860461e+00  3.53904742e+00
  5.26122229e+00  7.85642906e+00  3.31912244e+00
  6.40869978e+00  7.47456416e+00  5.04341171e+00
  6.99467537e+00  5.84329119e+00  4.65482635e+00
  7.75473894e+00  5.39096686e+00  5.02642990e+00
  8.91120785e+00  5.52792513e+00  5.25743988e+00

molecule   25
  4.38303447e+00  4.54022779e+00  2.49016104e+00
  4.75001738e+00  3.73677817e+00  3.04782336e+00
  4.89708130e+00  5.07156775e+00  4.47119309e+00
  4.68410066e+00  5.74818610e+00  3.66404571e+00
  4.13596613e+00  6.67970476e+00  5.35401329e+00
  5.38474785e+00  7.01606118e+00  6.25445702e+00
  5.01009746e+00  6.30387462e+00  5.17848360e+00
  5.52732231e+00  5.69046485e+00  5.13160940e+00

molecule   26
  3.22333073e+00  2.26621745e+00  2.26617179e+00
  2.83258138e+00  1.96373468e+00  3.14268061e+00
  3.48104055e+00  3.42318679e+00  4.13648873e+00
  4.65982374e+00  3.05164772e+00  4.64980921e+00
  4.84692514e+00  1.62610322e+00  3.95808914e+00
  5.54603375e+00  2.15511308e+00  2.58199684e+00
  5.37287543e+00  2.50974017e+00  1.94780635e+00
  5.52325147e+00  1.84849696e+00  1.55471296e+00

molecule   27
  4.39322477e-01  7.22144841e+00  4.22849267e+00
  8.33965106e-02  6.87781435e+00  3.62748342e+00
  6.70416034e+00  6.03830704e+00  4.34772782e+00
  7.72600999e+00  5.72807523e+00  4.10221152e+00
  8.03443635e+00  4.51491232e+00  4.12254269e+00
  8.19402127e+00  4.45883369e+00  2.71691756e+00
  8.06849932e+00  3.39910385e+00  3.58386629e+00
  7.33217354e+00  3.17430058e+00  4.07274266e+00

molecule   28
  2.97215659e+00  8.25155066e+00  7.86935431e+00
  4.11776298e+00  6.76897799e+00  7.69508666e+00
  4.41628179e+00  7.04776626e+00  7.31088462e+00
  4.88638229e+00  7.37683744e+00  5.94879801e+00
  4.94329096e+00  7.24095470e+00  5.58278623e+00
  4.20649305e+00  7.34511971e+00  5.09010555e+00
  3.98269221e+00  6.04796592e+00  5.42046425e+00
  4.32353289e+00  5.85152345e+00  4.53052911e+00

molecule   29
  2.66679282e+00  4.37360460e+00  1.93154217e+00
  2.22264518e+00  5.77272789e+00  2.84567230e+00
  2.48363156e+00  5.46604558e+00  3.29985407e+00
  3.36143185e+00  5.17217534e+00  2.40256969e+00
  3.09715937e+00  5.25669677e+00  3.24443359e+00
  2.61139982e+00  6.18310293e+00  2.28744160e+00
  3.06794916e+00  7.30845897e+00  1.30703700e+00
  3.07373090e+00  8.22550113e+00  6.86749160e-02

molecule   30
  3.10936525e+00  5.82441296e+00  1.62527482e+00
  3.00842703e+00  5.77273660e+00  1.15530257e+00
  2.01957238e+00  4.49666473e+00  5.11289303e-01
  2.77790877e+00  4.35328561e+00  8.06650423e+00
  2.63413150e+00  3.53558343e+00  8.56810016e+00
  3.42381187e+00  2.98178676e+00  8.11685353e+00
  1.99530948e+00  3.33422948e+00  8.00604804e+00
  1.80509936e+00  2.19151040e+00  3.85916256e-02

molecule   31
  7.22364673e-01  1.51480469e+00  7.41889996e+00
  9.60090642e-01  2.23874299e-01  7.40723150e+00
  1.75663376e+00  7.03312950e-01  7.31500091e+00
  2.01819904e+00  4.79025412e-01  7.94627717e+00
  2.37527365e+00  1.98005174e+00  6.81506678e+00
  2.33653189e+00  1.37537610e+00  7.17914990e+00
  2.27846844e+00  1.28227212e+00  6.24680972e+00
  1.84265034e+00  3.60264269e-01  6.09670291e+00

molecule   32
  4.88888253e+00  5.97192743e-01  3.74466119e-01
  4.51826361e+00  9.98219037e-01  8.16579091e+00
  4.00734624e+00  4.80843737e-01  8.48914827e+00
  3.68114364e+00  2.13268749e+00  8.92173729e+00
  2.61263152e+00  1.67794324e+00  1.74417271e+00
  2.29053263e+00  2.68815916e+00  1.19264456e+00
  2.79498732e+00  3.30554380e+00  2.62105464e+00
  3.44974015e+00  3.96390436e+00  2.36368772e+00

molecule   33
  6.39368756e-01  9.02568207e-02  8.57846728e+00
  1.24679438e-01  3.96755308e-01  1.26621820e-01
  1.36387743e+00  7.85244722e+00  8.65699452e+00
  2.34474502e+00  7.57039557e+00  6.94584300e-02
  2.34134495e+00  7.51324304e+00  8.35933510e+00
  2.35026784e+00  1.45869396e-02  7.07946330e+00
  3.02528456e+00  1.25069290e-02  6.03566234e+00
  3.37920873e+00  8.07393967e+00  5.59381962e+00

molecule   34
  5.08810752e+00  1.57118657e+00  5.65519625e+00
  6.94108559e+00  8.77949115e+00  5.30408070e+00
  8.17066166e+00  2.63057977e-01  5.29100810e+00
  7.77811788e+00  7.78430503e+00  4.74090890e+00
  7.62755623e+00  8.62388581e+00  4.97669769e+00
  7.26992548e+00  8.80788675e+00  6.06439274e+00
  8.04042573e+00  8.04533891e-01  6.27764480e+00
  3.81593008e-01  9.69823048e-01  6.60402768e+00

molecule   35
  4.07874766e+00  1.33098362e+00  5.85673876e+00
  4.04897736e+00  1.79644649e+00  6.17893684e+00
  2.04887683e+00  2.52251272e+00  5.66739858e+00
  3.37866112e+00  1.21184861e+00  5.10541568e+00
  2.69153597e+00  7.21809984e-01  5.72872883e+00
  3.62111766e+00  8.74251110e+00  5.73096419e+00
  2.84654426e+00  8.32269922e+00  5.07262985e+00
  1.92312069e+00  8.02384384e+00  4.45461819e+00

molecule   36
  3.60917595e+00  1.06559351e+00  1.30406640e+00
  3.55734945e+00  6.70148741e-01  1.36904752e+00
  3.35559631e+00  8.26299952e+00  1.51558836e+00
  3.70713446e+00  8.92081969e+00  8.94683603e+00
  4.28936459e+00  8.25131349e+00  1.04358841e+00
  2.78886648e+00  7.93476861e+00  1.69922495e+00
  1.85583740e+00  6.97352791e+00  1.95614514e+00
  1.54226904e+00  8.74850037e+00  5.42013409e-01

molecule   37
  7.16379669e+00  4.78282534e+00  1.86322599e+00
  8.49530448e+00  5.98615590e+00  3.17372704e+00
  1.69773988e+00  5.62294003e+00  3.55903925e+00
  2.71301291e-01  5.26924860e+00  2.96091687e+00
  2.53987910e-01  5.84569366e+00  7.96413335e-01
  5.27876970e-01  6.08384432e+00  2.39967666e+00
  1.54859762e+00  6.36548776e+00  1.27512377e+00
  8.31998386e-01  5.93937770e+00  1.22222473e+00

molecule   38
  1.36123061e+00  1.68571274e-01  2.45013462e+00
  1.72374231e+00  9.66950758e-01  2.08580676e+00
  8.77115771e-01  8.48088721e+00  1.81056299e+00
  2.54699726e-01  3.79615099e-01  1.35612569e+00
  9.91881744e-01  2.62987368e-01  5.75602715e-01
  8.69657102e-01  8.75277384e+00  8.78878793e+00
  1.55231095e-01  2.49647805e-02  7.80912092e+00
  1.12550639e+00  8.97396651e+00  6.79893318e+00

molecule   39
  6.86854620e+00  2.25791354e+00  1.90731574e+00
  7.03473461e+00  3.77679261e+00  1.64741734e+00
  7.53242394e+00  3.44379728e+00  3.30048631e+00
  7.27599877e+00  3.11342258e+00  1.76598313e+00
  2.64652116e-01  3.67881852e+00  3.55564548e-01
  1.03107786e+00  3.28633735e+00  8.99049499e+00
  8.26487315e+00  4.03728281e+00  5.51896162e-01
  8.34298578e+00  3.89453831e+00  8.92842616e+00

molecule   40
  2.08899554e+00  3.55647495e+00  5.09399373e+00
  2.74458415e+00  4.27276428e+00  4.61968763e+00
  2.50079060e+00  4.05337568e+00  3.72260138e+00
  1.46342450e+00  4.21115409e+00  3.73392304e+00
  1.09930101e+00  5.13913358e+00  3.33392272e+00
  1.39819648e+00  4.42595170e+00  3.99625485e+00
  4.88208089e-01  4.88929836e+00  4.76273376e+00
  2.50653860e-01  5.47403186e+00  6.42640756e+00

molecule   41
  7.46316637e+00  7.74164540e+00  2.90961791e+00
  5.90239193e+00  6.87815994e+00  3.21696513e+00
  5.39717510e+00  6.23028462e+00  3.81802341e+00
  5.67281159e+00  6.45837573e+00  5.97076614e+00
  6.50893464e+00  7.45108894e+00  5.63857240e+00
  6.58754878e+00  8.17160714e+00  6.15185015e+00
  5.16679660e+00  7.88563408e+00  5.13035444e+00
  3.01548390e+00  8.36280712e+00  6.91892416e+00

molecule   42
  6.35993886e-01  7.56180405e+00  6.04142629e+00
  8.50018326e+00  8.50722490e+00  6.67891385e+00
  7.96518176e+00  8.83288286e+00  6.46831629e+00
  7.99893027e+00  7.49962116e+00  6.56221733e+00
  7.96067861e+00  6.48649670e+00  6.18320498e+00
  8.46465674e+00  5.96825076e+00  5.49344609e+00
  8.98679235e+00  6.38609129e+00  5.21568128e+00
  2.48386658e-01  6.67317686e+00  5.65338792e+00

molecule   43
  4.51080636e+00  2.53429385e+00  7.33239901e+00
  4.71154800e+00  3.27696500e+00  8.27422185e+00
  4.88006240e+00  4.42268073e+00  1.04072161e-01
  5.70419416e+00  3.86074667e+00  8.67418064e+00
  6.20688472e+00  3.27656516e+00  7.85393414e+00
  7.32882055e+00  4.62008989e+00  6.21121170e+00
  7.07955345e+00  3.16934942e+00  5.35282547e+00
  8.27679341e+00  2.90543788e+00  4.77788540e+00

molecule   44
  4.70775065e+00  8.16013573e-01  7.47463689e-01
  4.62766357e+00  8.98010087e+00  1.06917687e+00
  4.69443624e+00  6.91758925e+00  2.53481874e+00
  3.57618097e+00  6.75420784e+00  2.47684677e+00
  4.62198236e+00  6.86172950e+00  4.25281100e+00
  3.99733650e+00  6.72690163e+00  4.50406814e+00
  4.17917209e+00  6.40965304e+00  3.83608775e+00
  3.32137289e+00  6.91182023e+00  4.24333296e+00

molecule   45
  3.74482643e+00  6.44203095e+00  2.85190055e+00
  1.82831097e+00  6.20395461e+00  2.15466694e+00
  1.15279122e+00  5.86813266e+00  2.00325602e+00
  1.21107644e+00  6.89808572e+00  3.65378542e+00
  8.22948021e+00  7.85414077e+00  4.00792917e+00
  8.44539810e+00  6.50812533e+00  3.74610449e+00
  1.71450949e-01  7.42059189e+00  2.77820778e+00
  1.15074383e+00  6.21537055e+00  2.27821321e+00

molecule   46
  8.37522761e+00  1.27747845e+00  1.11381623e+00
  7.96085045e+00  2.02156097e+00  6.96167310e-01
  8.45588641e+00  1.41123881e+00  8.50676278e+00
  8.70725268e+00  2.72427902e+00  8.25372770e+00
  7.91973780e+00  2.59605292e+00  7.84216399e+00
  7.02880751e+00  1.58819150e+00  7.71862624e+00
  6.42533249e+00  3.21127022e-01  6.52215790e+00
  6.67209998e+00  7.40011737e-01  7.15261087e+00

molecule   47
  6.18477764e+00  8.57438785e+00  5.83829848e+00
  6.10999207e+00  8.53959070e+00  7.02470508e+00
  5.69208144e+00  8.83702221e+00  4.94572474e+00
  6.75868632e+00  1.55580482e+00  4.35289584e+00
  7.52743071e+00  1.21071553e+00  4.45703169e+00
  6.68830408e+00  1.02556907e+00  4.24919834e+00
  6.41776685e+00  1.60991442e+00  4.86157770e+00
  5.69705812e+00  9.56980374e-01  5.00705787e+00

molecule   48
  1.94466055e+00  6.49328493e+00  5.93980350e+00
  8.63577791e-01  6.81814011e+00  7.18030964e+00
  1.56769789e+00  6.93387374e+00  6.85129258e+00
  1.49772711e+00  7.48440911e+00  6.49701596e+00
  1.79975818e+00  7.42971162e+00  7.58895749e+00
  2.44980293e+00  7.68861424e+00  7.26527194e+00
  1.93064717e+00  6.52983689e+00  8.40518725e+00
  1.34835870e+00  6.31698216e+00  8.61871539e+00

molecule   49
  5.26555018e+00  9.71173689e-01  3.38749370e+00
  4.84391935e+00  3.97584522e-01  4.61744999e+00
  4.23626470e+00  8.33580750e+00  4.69294886e+00
  6.88723959e+00  7.78566709e+00  4.96108534e+00
  6.27985252e+00  7.96129146e+00  4.31486304e+00
  6.30569550e+00  8.01326781e+00  3.77924182e+00
  5.49535778e+00  8.45986348e+00  2.83464333e+00
  4.89841117e+00  8.70656874e+00  3.83290059e+00

molecule   50
  2.57808040e+00  6.03519697e+00  8.20500927e+00
  3.35955546e+00  6.20487336e+00  7.99743767e+00
  3.04430219e+00  5.71504019e+00  8.29604320e+00
  3.55792910e+00  5.47782311e+00  7.96487628e+00
  4.18477405e+00  5.40058771e+00  7.81726081e+00
  3.70624627e+00  5.23736203e+00  8.48638177e+00
  2.99348508e+00  5.11962176e+00  6.65576957e+00
  2.77606676e+00  6.61830930e+00  5.57339094e+00

molecule   51
  8.59369535e+00  8.92218174e+00  6.81769328e-01
  8.55274475e+00  8.97018598e+00  7.87870504e+00
  4.82676001e-01  8.72086650e+00  6.07488959e+00
  1.54376883e+00  7.55133247e+00  5.70822754e+00
  7.05527548e-01  8.46845356e+00  4.32408505e+00
  7.34345888e-01  8.06319026e+00  2.90083501e+00
  8.44947735e+00  7.86787106e+00  2.59722824e+00
  8.21046866e+00  7.19189873e+00  2.35145532e+00

molecule   52
  3.29437837e+00  6.93135024e+00  7.36610275e+00
  2.90485519e+00  7.25196648e+00  7.04489126e+00
  3.61106866e+00  7.95203126e+00  7.94218813e+00
  3.79691076e+00  7.17144556e+00  8.53021404e+00
  3.49056886e+00  7.26190060e+00  7.43338710e+00
  2.95051285e+00  6.33605704e+00  6.14025874e+00
  2.64040784e+00  6.05116965e+00  4.63229921e+00
  3.24719221e+00  5.81732333e+00  4.34889779e+00

molecule   53
  4.78256957e+00  8.04415709e+00  5.12306576e+00
  5.61167504e+00  7.37293201e+00  4.07536972e+00
  5.40076119e+00  7.59341997e+00  2.63954670e+00
  7.00030445e+00  8.37366831e+00  3.71000228e+00
  5.77497879e+00  6.37415594e-01  4.19071418e+00
  4.57066393e+00  1.04906996e+00  5.03532869e+00
  3.07557274e+00  1.48958488e+00  4.35525978e+00
  3.73459493e+00  9.57419689e-01  3.62440787e+00

molecule   54
  5.81610211e+00  3.17944843e+00  2.48785037e+00
  6.97478773e+00  3.31144153e+00  2.13254804e+00
  6.13400261e+00  2.93844568e+00  1.78949984e+00
  5.39366425e+00  2.34848840e+00  2.93809682e+00
  4.67262011e+00  2.52126745e+00  2.84521673e+00
  4.68218999e+00  7.05503680e-01  3.75179353e+00
  4.43798741e+00  8.91862483e+00  3.33422266e+00
  3.57407006e+00  8.30161498e-01  4.48312872e+00

molecule   55
  4.97939457e+00  2.46475675e+00  5.26691175e+00
  4.74745556e+00  2.34314007e+00  4.27929565e+00
  3.57380275e+00  2.89512965e+00  5.34911507e+00
  3.55692198e+00  3.11620709e+00  6.02989196e+00
  3.64463149e+00  2.39705788e+00  5.12457097e+00
  2.78105095e+00  1.46249701e+00  5.27361053e+00
  3.07408574e+00  2.07190462e+00  5.04323998e+00
  2.32674556e+00  3.10468369e+00  4.46824848e+00

molecule   56
  2.76199369e+00  5.05786873e+00  2.47027680e+00
  3.35717177e+00  4.64861034e+00  9.91528176e-01
  4.57897242e+00  3.65594462e+00  1.62051655e+00
  4.18377749e+00  3.11185727e+00  1.58458370e+00
  5.37450600e+00  4.00360924e+00  2.93441044e+00
  6.30716715e+00  4.52800939e+00  3.49569637e+00
  7.35313996e+00  4.26099452e+00  3.45408345e+00
  7.24371265e+00  4.62402224e+00  2.78415280e+00

molecule   57
  7.15346940e+00  6.43073522e+00  6.01222944e+00
  8.00541107e+00  6.19526843e+00  7.67825428e+00
  8.68432448e+00  6.94638479e+00  7.07569415e+00
  8.32154559e+00  6.97463286e+00  7.81890045e+00
  6.28356862e-02  7.64707820e+00  7.38061314e+00
  5.73751578e-01  8.45615948e+00  7.92602633e+00
  8.16062969e+00  8.12116340e+00  8.48377476e+00
  8.65743802e+00  8.28904498e+00  4.16596119e-01

molecule   58
  5.34813506e+00  8.15064909e+00  8.24791724e-01
  5.55577002e+00  7.60445449e+00  2.74596646e-01
  5.42894168e+00  6.12259827e+00  5.52320336e-01
  4.85021851e+00  7.48520528e+00  5.39144336e-01
  2.49836755e+00  6.34054010e+00  9.60389569e-01
  1.00612214e+00  6.57865843e+00  1.50057372e+00
  8.55783766e+00  5.36801954e+00  1.30144889e+00
  8.09733820e+00  5.50711447e+00  2.27186654e+00

molecule   59
  4.26179810e+00  8.68815348e+00  3.27418178e+00
  3.56212789e+00  8.14368580e+00  3.05450520e+00
  1.88310826e+00  1.60303159e-01  3.54101479e+00
  2.85415904e-01  5.53641401e-01  3.68788358e+00
  2.54592495e-01  8.81241577e+00  2.48482279e+00
  1.30767084e-01  4.01433304e-01  2.90176769e+00
  7.28220432e+00  5.76124463e-01  3.29914742e+00
  6.72688176e+00  1.60976335e+00  3.12099859e+00

molecule   60
  2.40970792e+00  3.98386006e+00  2.24434028e+00
  2.02578815e+00  3.04212651e+00  1.87550616e+00
  2.07690978e+00  2.52981588e+00  2.47432831e+00
  1.20412480e+00  2.80977527e+00  1.09092137e+00
  1.13181859e+00  1.91649839e+00  1.09694909e+00
  1.30382635e+00  1.41306521e+00  8.86648731e+00
  2.54995065e-01  1.21448940e+00  5.67788957e-01
  3.46866654e-01  1.17022163e+00  1.24992150e+00

molecule   61
  8.68345514e+00  4.69269421e+00  8.62952738e+00
  8.54206240e+00  4.31844537e+00  7.84784316e+00
  7.97418835e+00  2.86931353e+00  8.53349208e+00
  8.10194915e+00  3.69138895e+00  7.62367443e+00
  7.67915845e+00  4.55416233e+00  6.69194265e+00
  7.67510742e+00  4.62312534e+00  5.37542011e+00
  8.63485989e+00  3.89387764e+00  4.78557735e+00
  3.96955912e-01  3.86675257e+00  4.69715942e+00

molecule   62
  6.14403751e+00  1.17889860e+00  1.79216936e+00
  5.12755235e+00  4.03890546e-02  1.32307836e+00
  5.58552228e+00  8.96683314e+00  2.02046816e+00
  6.23331157e+00  7.00383456e-01  2.55543357e+00
  5.98658816e+00  1.36236766e+00  2.64962684e+00
  5.84200753e+00  2.35285938e+00  3.35233716e+00
  5.84047366e+00  1.48043631e+00  3.95246962e+00
  6.07263038e+00  1.16488779e+00  4.16807342e+00

molecule   63
  1.80914695e+00  8.81932292e+00  8.36326716e+00
  2.58021647e+00  3.28215191e-01  8.07699210e+00
  2.46298785e+00  2.42383401e-01  8.63592886e+00
  2.26917935e+00  3.34863457e-01  3.51102864e-01
  1.09003726e+00  1.08369998e+00  8.39945261e+00
  7.60325020e-01  1.75010461e+00  8.42482951e+00
  6.14648530e-02  2.29603179e+00  8.15841069e+00
  8.76660371e+00  2.66534379e+00  1.97101411e-01

molecule   64
  5.80707471e+00  3.07955785e+00  5.35069463e+00
  6.06194723e+00  3.94723071e+00  5.00014064e+00
  4.54771277e+00  4.27497384e+00  4.01799088e+00
  5.22671793e+00  4.21875186e+00  4.39313285e+00
  5.39510145e+00  4.49748619e+00  3.97215077e+00
  6.04789288e+00  3.98999634e+00  3.24159561e+00
  6.04203622e+00  6.10531600e+00  2.74265140e+00
  6.22226134e+00  4.79684882e+00  2.37345982e+00

molecule   65
  2.28375832e+00  7.01128413e+00  6.59876861e-01
  8.89857031e-01  7.33631607e+00  6.45863044e-01
  2.26667479e+00  8.30889302e+00  1.29654515e+00
  1.78606527e+00  8.82524147e+00  8.87707664e-01
  4.75955260e-01  8.18568836e+00  1.20074943e+00
  2.18093928e+00  8.55713976e+00  7.24085160e-03
  4.06123715e+00  8.02835717e+00  4.78311978e-01
  2.50347866e+00  7.85996246e+00  5.20825759e-01

molecule   66
  6.03121177e-01  6.56899720e+00  8.51337860e+00
  8.97884071e+00  7.39704790e+00  2.82470302e-01
  7.51266898e+00  8.06979735e+00  6.38638773e-01
  8.27083151e+00  6.66673602e+00  1.96382634e-02
  8.96871631e+00  7.13175689e+00  2.15248967e+00
  8.52421591e+00  6.44934284e+00  1.63430613e+00
  7.99994136e+00  7.74614071e+00  9.15708298e-01
  8.94621092e+00  7.92664825e+00  8.97605710e-01

molecule   67
  4.94688424e+00  2.55295946e+00  5.18400714e-01
  4.01743455e+00  1.51978237e+00  1.77842077e+00
  5.59287092e+00  2.35499170e+00  1.17655881e+00
  5.55405719e+00  3.56965963e+00  1.96436897e+00
  5.38389799e+00  3.35082946e+00  5.54566478e-01
  6.00846460e+00  4.06244896e+00  1.52679610e+00
  5.41520821e+00  5.25347060e+00  1.97513492e+00
  5.93965972e+00  5.58897427e+00  4.44467567e-01

molecule   68
  5.40755055e+00  5.76318019e+00  2.32660403e+00
  3.78348337e+00  4.82942184e+00  2.24701106e+00
  4.28512009e+00  5.70374577e+00  9.63096436e-01
  3.95081430e+00  5.68938845e+00  1.55602474e+00
  4.46334149e+00  5.64651951e+00  1.15771376e+00
  4.83815582e+00  6.34604622e+00  1.74978694e+00
  4.09941789e+00  7.15309611e+00  1.57753843e+00
  4.72890466e+00  6.32873394e+00  5.39386364e-01

molecule   69
  1.52517619e+00  7.53485599e+00  3.48723318e+00
  1.08846082e+00  6.90750920e+00  2.61658807e+00
  9.13253608e-01  6.06031696e+00  2.92802990e+00
  4.33148718e-01  6.56301957e+00  3.27902054e+00
  1.73940990e-02  6.50804360e+00  2.84571245e+00
  1.21276870e+00  6.56349866e+00  3.58995611e+00
  1.53358473e+00  6.78298347e+00  5.25718351e+00
  2.95154764e+00  6.41236260e+00  7.15384140e+00

molecule   70
  4.85933599e+00  7.02977324e+00  3.27912481e+00
  6.75224534e+00  6.13861087e+00  3.81494306e+00
  5.26488392e+00  6.46982055e+00  2.86860275e+00
  5.76042147e+00  5.47000659e+00  3.11314436e+00
  6.37558790e+00  6.39555276e+00  1.58122170e+00
  6.95877063e+00  5.85105065e+00  1.21836070e+00
  8.01740450e+00  6.40138485e+00  1.22405112e+00
  7.93854893e+00  6.79256005e+00  1.31999883e+00

molecule   71
  1.94842961e-01  4.32843781e+00  2.81948990e+00
  4.17839290e-02  5.53819066e+00  1.96902488e+00
  6.28414121e-01  4.73099892e+00  5.32661298e-01
  9.81070989e-01  6.15283981e+00  6.61464010e-01
  2.05014349e+00  5.00981284e+00  1.76136981e+00
  2.26945479e+00  4.78760900e+00  8.57551183e+00
  2.84380453e+00  5.11192505e+00  1.96882223e-01
  2.87904367e+00  6.76312531e+00  1.64244877e+00

molecule   72
  5.91747066e+00  1.49088288e+00  4.29939003e-01
  5.18217386e+00  2.45678945e+00  8.75458977e+00
  5.72066700e+00  2.63726942e+00  8.28741665e+00
  6.24861734e+00  2.91689901e+00  8.73894433e+00
  6.21117781e+00  3.55744906e+00  2.60293909e-01
  6.70041237e+00  4.48475567e+00  8.76043829e+00
  6.75171780e+00  3.09036731e+00  8.34735452e+00
  6.78774641e+00  3.57913073e+00  2.45969968e-02

molecule   73
  1.00437676e+00  3.09955385e+00  4.68280989e+00
  1.17101306e+00  3.84601583e+00  4.97766470e+00
  1.03593177e+00  4.65203842e+00  5.13362633e+00
  2.23232528e+00  4.24764349e+00  4.58619561e+00
  1.63814532e+00  4.53080337e+00  5.44259509e+00
  2.71633485e+00  4.24341527e+00  5.22578849e+00
  2.55594274e+00  3.14253083e+00  6.36960815e+00
  2.02023238e+00  3.52584291e+00  6.54091579e+00

molecule   74
  6.69196565e+00  4.14766440e+00  6.92483878e+00
  7.22182926e+00  3.86777438e+00  6.36284899e+00
  7.63404030e+00  2.55610083e+00  6.26282260e+00
  8.62991658e+00  2.38207221e+00  7.58817386e+00
  8.12408050e+00  2.33383169e+00  5.72989078e+00
  8.93884296e+00  1.81148429e+00  5.50594661e+00
  8.88729576e-01  2.15330566e+00  5.13256037e+00
  3.63634173e-01  2.48257138e+00  4.60382296e+00

molecule   75
  4.65797935e+00  3.68131636e+00  6.61494134e+00
  4.13227385e+00  4.24206810e+00  7.50997371e+00
  3.11516197e+00  4.75650689e+00  7.51250432e+00
  4.13273488e+00  5.63609480e+00  7.63939541e+00
  4.28278677e+00  4.62451331e+00  8.80322426e+00
  5.12746786e+00  4.88981025e+00  8.25776110e+00
  6.04002296e+00  5.37433499e+00  6.47406877e+00
  4.82179891e+00  5.01553577e+00  7.36381860e+00

molecule   76
  8.00929862e+00  8.41664626e+00  1.78626981e+00
  7.11440655e+00  7.75305654e+00  1.47815913e+00
  7.83227639e+00  6.99678990e+00  1.71738993e+00
  7.68950883e+00  6.39896182e+00  2.57184897e+00
  7.63905797e+00  5.84697502e+00  3.15998447e+00
  5.91559935e+00  5.14638204e+00  5.48243207e+00
  4.69574595e+00  5.48816803e+00  4.94580205e+00
  4.79393744e+00  6.68200817e+00  4.86534299e+00

molecule   77
  4.13449650e+00  2.71091966e+00  5.62052556e-01
  3.21333613e+00  2.76347382e+00  1.47275414e-01
  2.87708728e+00  2.45184339e+00  1.08262769e+00
  2.50672622e+00  3.46144953e+00  7.39101076e-01
  4.92635050e-01  3.07419665e+00  9.97244695e-01
  9.59481845e-01  1.19401757e+00  2.37482811e+00
  1.37161376e+00  1.43837082e+00  2.30572890e+00
  1.09179889e+00  1.56437085e+00  3.06052319e+00

molecule   78
  2.22941904e+00  4.21935231e+00  8.83109934e+00
  3.14588983e+00  4.79120357e+00  8.64026171e+00
  3.68219225e+00  5.03719892e+00  1.71020842e-01
  3.65757015e+00  5.19286992e+00  6.85772656e-01
  5.73437897e+00  5.84763753e+00  8.52947231e+00
  5.38103219e+00  5.87619574e+00  7.36554236e+00
  5.34555133e+00  7.82088227e+00  7.04410511e+00
  3.98404346e+00  8.59204601e+00  6.85702609e+00

molecule   79
  8.15250698e+00  4.98855151e+00  3.83162712e-01
  7.37329297e+00  4.60645989e+00  1.15857947e+00
  6.29097468e+00  3.08756378e+00  9.27230562e-01
  6.78491718e+00  3.56491462e+00  1.55847422e+00
  8.37293318e+00  3.33719095e+00  7.22637541e-01
  7.05082627e+00  1.90389602e+00  1.07616501e+00
  6.06315363e+00  6.04533877e-01  9.08380503e-01
  6.67156490e+00  8.74680919e+00  8.28456183e-01

molecule   80
  3.31913976e+00  2.20527269e+00  8.37764206e+00
  3.10203767e+00  1.11472865e+00  8.57352429e+00
  4.47436152e+00  1.17513456e+00  7.13387893e+00
  4.61774441e+00  2.25714740e+00  5.85084593e+00
  3.49697750e+00  3.15029195e+00  4.61671700e+00
  4.04205728e+00  2.50554736e+00  4.04567548e+00
  3.85507534e+00  1.80759142e+00  5.63309030e+00
  3.24420831e+00  6.53248828e-01  6.36231562e+00

molecule   81
  6.69975567e-01  4.55812260e+00  2.72023677e+00
  2.32345361e-01  4.14057383e+00  1.32219696e+00
  8.61343571e-01  5.47810204e+00  2.12239459e+00
  1.60243361e+00  4.72182079e+00  2.05989435e+00
  1.82752960e+00  5.39518089e+00  1.44267822e+00
  2.64374237e+00  5.57920070e+00  6.79823721e-01
  2.38858280e+00  6.69657204e+00  8.93281794e+00
  1.82991468e+00  7.52004583e+00  7.01700452e+00

molecule   82
  2.55472533e+00  8.84674792e+00  1.54698766e+00
  3.06506250e+00  8.56407268e+00  2.38104351e+00
  2.59549623e+00  8.89641897e-01  2.18325632e+00
  2.63102877e+00  1.95781939e+00  7.77340737e-01
  3.32160412e+00  1.33627053e+00  1.87625819e+00
  3.78619478e+00  2.67358221e+00  1.94316503e+00
  4.20257788e+00  1.63672265e+00  3.11845560e+00
  3.71693999e+00  6.53428187e-01  2.61591580e+00

molecule   83
  4.24281761e+00  3.86808872e+00  6.83140235e-01
  3.54935609e+00  3.90375676e+00  1.58795005e+00
  4.51382444e+00  3.81819066e+00  2.22190156e+00
  4.00150610e+00  5.69167004e+00  2.42102314e+00
  3.45908166e+00  5.36335862e+00  2.05242313e+00
  4.20617566e+00  4.98301566e+00  1.38268175e+00
  4.07132262e+00  6.23947300e+00  1.53048132e+00
  3.42988920e+00  6.45377462e+00  1.04381691e+00

molecule   84
  8.58074365e+00  3.09309285e-01  8.89641184e+00
  7.82252172e+00  7.11288072e-02  1.23565897e+00
  8.24879917e+00  8.62458490e-01  6.33027211e-01
  7.37837043e+00  2.00503555e+00  1.44542327e-01
  6.66193683e+00  1.21837406e+00  5.13839458e-01
  7.24758368e+00  8.63184696e-01  1.27524777e+00
  8.39461471e+00  1.15587646e+00  1.71866229e+00
  8.24456408e+00  2.54108540e+00  1.92091883e+00

molecule   85
  4.25288184e+00  3.62366187e+00  5.94080518e+00
  6.52668251e+00  3.54611887e+00  5.51101524e+00
  8.28692279e+00  3.99955065e+00  6.18365942e+00
  8.29445446e+00  2.98361308e+00  7.13249939e+00
  2.90252639e-01  2.71855750e+00  7.19105809e+00
  7.50888320e-02  1.87979676e+00  7.01571915e+00
  8.53674524e+00  1.42246152e+00  6.63384652e+00
  7.80580234e+00  6.39008641e-01  7.58934105e+00

molecule   86
  4.64715821e+00  5.47142915e+00  5.33981581e+00
  4.26989072e+00  3.62719053e+00  4.70294359e+00
  4.01710815e+00  3.47337243e+00  3.52208492e+00
  4.77464518e+00  4.59124011e+00  2.93579924e+00
  4.62612316e+00  2.87465401e+00  1.32584504e+00
  5.00595256e+00  4.05706763e+00  6.94408723e-01
  5.73903920e+00  4.95392131e+00  8.37793390e+00
  6.60572837e+00  6.17427936e+00  2.44800445e-01

molecule   87
  7.06005561e+00  7.22019136e+00  4.43298573e+00
  7.07765398e+00  7.37602706e+00  3.13838910e+00
  6.65466024e+00  7.60226812e+00  3.56771365e+00
  6.37190062e+00  1.97587197e-01  3.09983610e+00
  6.56772310e+00  8.28466542e+00  3.04604344e+00
  7.30348948e+00  1.66862201e+00  2.72637615e+00
  7.86960285e+00  1.72915935e+00  4.03606666e+00
  3.38588375e-02  2.62131488e+00  4.19339131e+00

molecule   88
  5.43118542e+00  4.51486100e+00  7.28748233e+00
  6.49784522e+00  4.57535146e+00  6.17268287e+00
  6.95965327e+00  5.45437797e+00  6.41399019e+00
  7.49492356e+00  3.83292226e+00  6.58515578e+00
  7.93093497e+00  3.42679299e+00  5.70053814e+00
  3.76157420e-02  3.91693276e+00  5.79310772e+00
  9.48930457e-01  2.83877787e+00  5.47573042e+00
  9.94195839e-01  3.65649987e+00  5.86484984e+00

molecule   89
  8.25080449e+00  5.42904342e-01  4.48158248e+00
  8.73600753e+00  1.14406310e+00  4.59149144e+00
  1.41063302e+00  8.06647887e-01  4.91401230e+00
  2.21772674e+00  8.52111465e-01  4.34196428e+00
  3.16913612e+00  1.48502812e-01  3.19820410e+00
  3.76498596e+00  8.45577653e+00  2.57573138e+00
  2.39640211e+00  7.65313246e+00  2.08171385e+00
  3.03854666e+00  7.34294222e+00  2.94390359e+00

molecule   90
  2.39702129e-01  7.77810469e+00  3.31487795e+00
  6.79893293e-01  5.40106604e-01  2.48280419e+00
  1.72762760e-01  1.43229846e+00  2.88248219e+00
  8.56432818e+00  1.72829982e+00  3.37211576e+00
  8.19666877e+00  2.27858213e+00  3.26613612e+00
  8.92593607e-03  3.22243283e+00  4.93218018e+00
  8.67520618e-01  1.59673102e+00  5.57458982e+00
  4.63535726e-01  1.67493095e+00  6.36826138e+00

molecule   91
  3.28563300e+00  5.16521899e-01  4.81822095e+00
  3.14001657e+00  8.77822604e+00  4.42154719e+00
  3.63039091e+00  7.57013938e+00  4.33209111e+00
  2.60709720e+00  6.57738964e+00  4.25963763e+00
  2.42515602e+00  7.98435837e+00  3.97990816e+00
  1.47792807e+00  8.12285989e+00  3.76725748e+00
  3.79357959e-01  6.10130328e+00  4.04349776e+00
  8.65791889e+00  4.82172457e+00  5.55803809e+00

molecule   92
  2.99904729e+00  7.52037964e+00  5.13297435e+00
  2.22523400e+00  5.29387694e-02  5.74843631e+00
  3.42073183e-01  4.81485983e-02  4.93564109e+00
  8.47559156e+00  8.66461572e+00  4.50159899e+00
  8.59801597e-01  4.07021272e-01  3.56692932e+00
  2.36579814e+00  7.88168934e+00  3.10561273e+00
  1.56896731e+00  8.30043521e+00  3.32179799e+00
  2.66619390e+00  8.81604718e+00  2.05514427e+00

molecule   93
  2.45478209e+00  5.40136343e+00  6.77750345e+00
  6.24832791e-01  5.99520196e+00  8.03720575e+00
  4.88855635e-02  6.03049190e+00  8.62866918e+00
  8.29894004e+00  6.41692848e+00  8.66258603e+00
  6.78685612e+00  6.45381096e+00  8.07126807e+00
  6.32351144e+00  6.64104398e+00  8.95185356e+00
  7.77253297e+00  7.04773771e+00  8.09412799e+00
  7.38971113e+00  7.97315902e+00  6.83116219e+00

molecule   94
  8.91305736e+00  2.44342500e+00  1.63767463e+00
  2.20780748e-01  2.19877369e+00  2.21835976e+00
  1.06226685e+00  3.64463396e+00  2.12942044e+00
  2.67231536e+00  3.61382983e+00  1.99470379e+00
  3.28522490e+00  3.11860987e+00  2.12412602e+00
  3.89438766e+00  3.63865946e+00  2.76322574e+00
  3.41018856e+00  2.65754112e+00  3.64633461e+00
  3.38276254e+00  1.30602209e+00  3.84311807e+00

molecule   95
  3.68853502e+00  7.13154239e+00  4.13988349e-01
  5.83761138e+00  7.44765539e+00  1.79517344e+00
  5.27997282e+00  9.44114348e-01  7.85299638e-01
  4.69815231e+00  7.49252412e-01  1.57365244e+00
  4.03122750e+00  8.68512219e+00  4.71504044e-01
  4.74659849e+00  8.79742929e+00  7.53877707e+00
  4.78587161e+00  7.80810037e+00  8.08159318e+00
  5.04703168e+00  7.15345864e+00  8.06425652e+00

molecule   96
  8.85899291e+00  1.69174318e+00  4.91649804e+00
  6.90938452e-01  1.41351418e+00  5.28083857e+00
  1.55185613e+00  2.00861110e+00  4.84605924e+00
  1.26285997e-01  1.99914248e+00  5.68482555e+00
  3.95111393e-02  3.13306161e+00  5.39605224e+00
  8.80816553e+00  3.85203773e+00  6.71709543e+00
  1.25326456e+00  2.86957239e+00  6.99375318e+00
  3.29429379e+00  2.20540987e+00  5.96279818e+00

molecule   97
  4.13833060e+00  7.73861296e-01  5.29081566e+00
  4.58808127e+00  1.62578596e+00  4.81773087e+00
  5.98412625e+00  1.38518343e+00  4.93352248e+00
  5.81913995e+00  2.33859617e+00  4.15744014e+00
  5.17710892e+00  3.16289727e+00  4.79363523e+00
  6.60879053e+00  2.31227412e+00  5.48729654e+00
  6.78563014e+00  3.23665876e+00  6.84037142e+00
  7.37534229e+00  2.74292576e+00  6.99080622e+00

molecule   98
  8.47696406e+00  4.33748674e+00  1.71266236e+00
  7.90353151e+00  4.53411642e+00  1.82521685e+00
  7.63196077e+00  5.54672144e+00  8.04597187e-01
  8.68715774e+00  5.44844956e+00  8.22214430e-01
  8.39623836e+00  5.91724104e+00  1.94474018e+00
  8.35460983e+00  5.11562564e+00  4.02492909e+00
  6.69549014e+00  4.19469788e+00  2.26029580e+00
  7.13646813e+00  4.22143052e+00  4.34455797e+00

molecule   99
  3.46094275e+00  4.06028903e+00  5.12321260e+00
  3.57517859e+00  4.25779003e+00  3.85204855e+00
  4.05359526e+00  4.96496732e+00  4.71477790e+00
  3.44348944e+00  5.01331256e+00  6.94717709e+00
  2.81313619e+00  5.68845381e+00  6.83079676e+00
  3.47197230e+00  5.96736610e+00  5.75351567e+00
  3.47555912e+00  6.15150903e+00  6.64179538e+00
  4.58390404e+00  7.00143271e+00  5.93221605e+00

LINKS

nLink               67
       0      48       1          0      48       4          0
       0       2       3          0       9       3          0
       0      61       5          0      76       5          0
       0      50       4          0      75       5          0
       0       2       2          0      81       4          0
       0      23       7          0      33       6          0
       0      78       1          0      99       3          0
       0      50       3          0      75       2          0
       0      58       5          0      66       4          0
       0      66       4          0      70       7          0
       0      29       3          0      83       5          0
       0      23       2          0      57       4          0
       0      50       0          0      83       7          0
       0      36       7          0      65       7          0
       0      58       1          0      58       3          0
       0      85       3          0      97       7          0
       0      59       4          0      90       1          0
       0      28       6          0      52       6          0
       0      38       2          0      82       1          0
       0      65       7          0      82       0          0
       0      36       6          0      71       3          0
       0      39       7          0      84       3          0
       0      25       3          0      70       0          0
       0      52       3          0      95       0          0
       0       0       6          0      41       5          0
       0      82       2          0      92       7          0
       0      38       7          0      57       5          0
       0      13       4          0      88       2          0
       0      71       0          0      91       6          0
       0      84       2          0      84       5          0
       0      21       7          0      59       6          0
       0      32       2          0      95       4          0
       0      32       2          0      95       6          0
       0       4       1          0       4       3          0
       0      62       4          0      87       5          0
       0      84       1          0      84       5          0
       0      47       3          0      59       7          0
       0      85       6          0      90       6          0
       0      24       7          0      40       7          0
       0      19       6          0      40       7          0
       0      10       0          0      17       6          0
       0      10       0          0      17       7          0
       0      17       4          0      47       7          0
       0       6       4          0      34       6          0
       0      34       6          0      85       6          0
       0      47       2          0      53       0          0
       0      15       4          0      73       5          0
       0      12       7          0      24       6          0
       0      12       4          0      12       7          0
       0       6       5          0      89       1          0
       0      20       0          0      74       6          0
       0      14       1          0      67       3          0
       0      40       3          0      40       5          0
       0       8       5          0      35       1          0
       0       8       5          0      43       0          0
       0       3       0          0      54       0          0
       0      48       0          0      69       5          0
       0      26       2          0      80       5          0
       0      26       3          0      80       4          0
       0      26       3          0      80       5          0
       0       7       6          0      89       3          0
       0      54       2          0      79       3          0
       0      37       1          0      37       5          0
       0      31       0          0      31       2          0
       0      20       4          0      74       5          0
       0      20       4          0      31       1          0
       0      27       2          0      76       5          0
