BOUNDARY

orthorhombic       1.0455159000e+01    1.0455159000e+01    1.0455159000e+01

MOLECULES

species    0
nMolecule  100

molecule  0
    7.4274328438e+00    8.7168027927e+00    3.8226876407e+00
    6.5452150469e+00    8.7391175612e+00    3.3300069279e+00
    5.5695208277e+00    8.6924148283e+00    3.2908603512e+00
    5.8396467675e+00    8.2675796215e+00    4.1975504840e+00
    5.6421189488e+00    9.1354553840e+00    4.6530828114e+00
    5.2883974692e+00    8.5295902503e+00    5.3607856958e+00
    5.5530318670e+00    8.1765212322e+00    6.2291449885e+00
    5.1617914010e+00    9.0178754641e+00    6.5475129066e+00

molecule  1
    2.4162268569e+00    9.8531960589e+00    3.5749296649e+00
    2.4393372569e+00    9.5393421815e+00    2.6623191231e+00
    2.7315216818e+00    9.4399380384e+00    1.6630480361e+00
    3.1114598691e+00    8.9566679235e+00    9.4806308142e-01
    2.1015043979e+00    9.0171584791e+00    1.0247005192e+00
    1.5998225919e+00    9.4173007204e+00    1.8067430247e+00
    8.2884236592e-01    8.8569283654e+00    2.1249640939e+00
    4.3886347445e-01    8.8950060030e+00    3.0622022272e+00

molecule  2
    9.5917921396e+00    2.4274859144e+00    5.0048280143e+00
    9.2415917798e+00    2.8039456977e+00    4.1775161215e+00
    9.5151133530e+00    3.1279374003e+00    3.2824368846e+00
    9.1001842600e+00    3.8725028453e+00    3.8176162200e+00
    9.5309576130e+00    4.1066661026e+00    2.9264648859e+00
    8.5488408560e+00    4.0637030044e+00    2.6454049738e+00
    8.2338886685e+00    3.5418210542e+00    3.4295924381e+00
    8.1123911583e+00    3.6203334796e+00    4.4105583867e+00

molecule  3
    4.3205576248e+00    4.2746183513e+00    2.3161715754e+00
    5.1302163904e+00    4.3596472321e+00    1.7711520727e+00
    5.3221895795e+00    5.0455811771e+00    1.1311397047e+00
    6.1676565872e+00    5.4725014140e+00    1.3587315974e+00
    6.3142483019e+00    6.4370497128e+00    1.1832832870e+00
    7.2668005949e+00    6.5755546602e+00    1.0155170053e+00
    7.9918675121e+00    5.9654045203e+00    1.1726627930e+00
    7.7033506321e+00    6.2975421160e+00    2.0486478761e+00

molecule  4
    5.6427802261e+00    1.8196256208e+00    5.8073413032e+00
    6.0277754475e+00    9.1804518481e-01    5.4516171528e+00
    5.8275263516e+00    4.7233126035e-01    4.5797300681e+00
    6.1932339168e+00    1.0119468645e+01    4.9521409893e+00
    6.3631613171e+00    1.0417782985e+01    5.8812841222e+00
    6.0091819455e+00    2.8995713737e-02    6.7913419969e+00
    6.7882972511e+00    1.0052211758e+01    7.2400218455e+00
    7.6883687601e+00    1.0413747420e+01    7.0549761534e+00

molecule  5
    6.5348738215e+00    6.7646572885e+00    7.0397104289e-02
    7.3210249103e+00    7.3526327278e+00    1.0204315597e+01
    7.0546857056e+00    8.1660079390e+00    2.8811044409e-01
    6.8935651099e+00    7.5296380650e+00    1.0459305028e+00
    7.6735252331e+00    7.8151883643e+00    1.6811296729e+00
    8.3127047286e+00    7.1437239385e+00    1.1981757380e+00
    8.8090952431e+00    7.9782495875e+00    1.5336123839e+00
    8.9097468591e+00    7.0959808027e+00    2.0088717147e+00

molecule  6
    6.0837849357e+00    6.3305684969e-01    2.6296985220e+00
    6.6950459804e+00    1.0291839596e+01    2.5352427453e+00
    7.4181904647e+00    9.7502704700e+00    2.9715259701e+00
    8.1596250824e+00    1.0388070176e+01    2.9830289904e+00
    8.4364335847e+00    9.4392690591e+00    3.1835554703e+00
    7.9883420674e+00    9.1548556358e+00    2.2928632744e+00
    7.3370903106e+00    9.1998872924e+00    1.5427758449e+00
    8.0470887269e+00    8.7134160714e+00    1.1016050455e+00

molecule  7
    8.3207158852e+00    1.0004688580e+01    5.9338392479e+00
    8.0690682369e+00    9.8125377126e+00    5.0172013080e+00
    7.5797002849e+00    9.3358476908e+00    5.7388418356e+00
    7.0364701979e+00    9.5555333876e+00    4.9507327075e+00
    7.0565942197e+00    8.5514444120e+00    4.9742531603e+00
    6.4229073080e+00    8.8412625714e+00    5.6829538697e+00
    7.1275716406e+00    8.6439526646e+00    6.3906523904e+00
    8.0332612969e+00    8.2011074792e+00    6.3372449398e+00

molecule  8
    1.0114104948e+01    6.6310399330e+00    8.5048438915e+00
    1.0268996790e+01    6.1589247485e+00    9.3885726044e+00
    7.1238929476e-01    5.7895630456e+00    9.7197631279e+00
    1.3161086028e+00    5.0347388968e+00    9.4975647596e+00
    1.3229676927e+00    4.5644075450e+00    1.0359533605e+01
    1.7789947641e+00    3.6906594678e+00    1.0448250029e+01
    2.0634491904e+00    4.4673382388e+00    6.1079840692e-01
    1.5419348498e+00    5.1542368375e+00    1.1687154512e+00

molecule  9
    6.9044001301e-01    4.9319369977e+00    8.1147778530e+00
    1.5410105454e+00    5.4650059802e+00    8.0295976995e+00
    2.1467134325e+00    5.1173238100e+00    8.7257265348e+00
    2.5494176913e+00    4.2790578435e+00    8.2713547440e+00
    3.2622380207e+00    4.5267295407e+00    7.6241578022e+00
    3.7568859664e+00    4.6729488975e+00    6.7471853322e+00
    4.3104099985e+00    4.5226592987e+00    7.5854719326e+00
    4.7008407944e+00    3.6918381306e+00    7.2939411442e+00

molecule  10
    3.3314286380e+00    1.7830016035e+00    1.0145428123e+01
    2.9959903308e+00    1.9982800138e+00    9.1896948621e+00
    2.1051886797e+00    1.8950707540e+00    9.6144477796e+00
    1.2792708520e+00    2.0568049176e+00    9.0995555186e+00
    1.6081549211e+00    2.5186613652e+00    8.3578546142e+00
    1.7904458492e+00    1.7963439328e+00    7.6762687897e+00
    1.1857427679e+00    2.3662399310e+00    7.1417329011e+00
    1.2988230365e+00    2.9154306126e+00    6.2956958880e+00

molecule  11
    2.4870589909e+00    9.5939960729e+00    8.4640702596e+00
    2.3133219489e+00    8.8747971863e+00    7.7968396730e+00
    2.3340233190e+00    9.7722268931e+00    7.3435005672e+00
    2.8457191750e+00    9.4074277503e+00    6.5597559491e+00
    3.3509536091e+00    8.7932525871e+00    5.9879714136e+00
    3.6859936701e+00    9.6896227540e+00    5.8872274549e+00
    3.8992052925e+00    9.3243262378e+00    6.7869680967e+00
    4.0231513614e+00    1.0122884375e+01    7.3948605852e+00

molecule  12
    1.4894881083e+00    8.0792891909e+00    8.0753062609e+00
    1.8373564023e+00    7.2062635066e+00    8.2108289323e+00
    1.0966651918e+00    7.0443404495e+00    7.6532375721e+00
    4.7668756340e-01    6.3894788368e+00    8.0541748268e+00
    1.1973888654e+00    6.4054482692e+00    8.7704769865e+00
    6.5949681704e-01    7.2131204812e+00    8.8001877935e+00
    6.1312957648e-01    8.1560660057e+00    9.0116180774e+00
    6.5495897927e-01    7.8956404090e+00    9.9683798629e+00

molecule  13
    6.2381918733e+00    5.9266852212e+00    5.9144126419e+00
    6.0040763347e+00    5.4806937504e+00    6.8005676835e+00
    6.5094844782e+00    5.9166089951e+00    7.5378395472e+00
    7.4378230147e+00    5.7873737797e+00    7.2436270386e+00
    8.0079933891e+00    5.0664662911e+00    7.6759869118e+00
    8.7557077769e+00    4.5069905654e+00    7.2976277951e+00
    9.1463054589e+00    4.5500273473e+00    8.2391074636e+00
    8.3474742451e+00    4.6768370904e+00    8.8086223054e+00

molecule  14
    6.0440109067e+00    8.7198465817e+00    1.8018273839e-01
    5.7408576787e+00    7.7899898952e+00    4.1475440934e-01
    5.2965262947e+00    7.8170347828e+00    1.2696137807e+00
    4.4271759169e+00    8.2320307614e+00    1.3023071678e+00
    4.4608185514e+00    7.2381035364e+00    1.2219663214e+00
    3.9056600556e+00    7.0301601338e+00    4.1681092697e-01
    3.3034641076e+00    6.4034389753e+00    8.2017361586e-01
    2.9019427697e+00    7.1125528895e+00    1.3283497342e+00

molecule  15
    3.9918281541e+00    1.2660588264e+00    5.3929731680e+00
    4.9444174858e+00    1.4484731715e+00    5.0833690113e+00
    4.3294568199e+00    1.9988624890e+00    4.5686557047e+00
    5.1016396928e+00    2.5744192503e+00    4.9167426404e+00
    4.4559856087e+00    2.9989093420e+00    4.2775360272e+00
    5.1115695311e+00    2.7504618731e+00    3.6133222970e+00
    5.6287280186e+00    3.2982256363e+00    4.2959087245e+00
    5.6112737013e+00    3.4513883917e+00    5.2617137069e+00

molecule  16
    6.0182508957e+00    5.9064391818e+00    3.1767750372e+00
    6.4833617781e+00    5.2149904194e+00    3.7193153803e+00
    5.5029820333e+00    5.2486848841e+00    3.9893029474e+00
    5.1337927401e+00    5.4827554076e+00    4.9240897681e+00
    5.3122074074e+00    5.2115677285e+00    5.8802795731e+00
    4.3065208607e+00    5.0610782544e+00    5.6650273574e+00
    4.8523550106e+00    4.2255991794e+00    5.7491778515e+00
    5.8303151660e+00    4.3487070870e+00    5.9429246153e+00

molecule  17
    8.7158220918e+00    9.9066395986e+00    9.1870192812e+00
    7.8291895557e+00    1.0235188730e+01    9.4976630251e+00
    8.4083094379e+00    6.1562610878e-01    9.2192679277e+00
    9.0746289664e+00    1.0814040062e+00    8.6690445734e+00
    9.2018221075e+00    1.3903591804e+00    7.7510393118e+00
    1.0046715062e+01    1.2596309087e+00    8.3329720664e+00
    2.2927094652e-01    5.5969347630e-01    7.9605145179e+00
    5.4753818027e-01    1.4740431914e+00    7.8626654108e+00

molecule  18
    6.2793156613e+00    5.2159057287e+00    8.1733601157e+00
    5.7976372349e+00    5.0297905462e+00    8.9853600629e+00
    6.0984598849e+00    5.4196681166e+00    9.8402437725e+00
    6.3497673592e+00    5.7518212216e+00    2.8833575820e-01
    7.3739667448e+00    5.7347874370e+00    2.3267969353e-01
    7.8753820067e+00    5.1595439152e+00    1.0029201100e+01
    7.9552748869e+00    6.1773360572e+00    9.9412265058e+00
    8.8406183922e+00    6.1192392139e+00    9.4289192779e+00

molecule  19
    3.4975801711e+00    9.0662675810e+00    1.0132572015e+01
    2.9566153645e+00    8.2280445371e+00    9.8712475920e+00
    3.5646940578e+00    7.9898714686e+00    1.2369365540e-01
    4.5058362520e+00    8.1627639835e+00    3.5573647677e-01
    5.0070444639e+00    7.5011600824e+00    1.0249874060e+01
    5.4695574256e+00    8.2140228105e+00    9.7276283225e+00
    6.1631932128e+00    7.5260157378e+00    9.6378432715e+00
    6.3398775472e+00    7.9010569085e+00    8.7152469188e+00

molecule  20
    2.9781139895e+00    6.0781851068e+00    2.0123225276e+00
    3.3336576032e+00    5.1328930227e+00    1.8567299718e+00
    4.2602312833e+00    5.3902244039e+00    1.6067993622e+00
    5.0477933807e+00    5.9619381185e+00    1.7156946735e+00
    5.4298723348e+00    6.8267019873e+00    1.4490521051e+00
    6.1636636959e+00    7.1626330694e+00    2.0420403393e+00
    5.9419902883e+00    8.1246112690e+00    2.0563703898e+00
    6.2687823433e+00    8.5893865899e+00    1.2326897899e+00

molecule  21
    7.2027599707e+00    4.4933399791e+00    3.2246010111e+00
    7.5397464649e+00    5.0111370373e+00    4.0158834965e+00
    7.2617379465e+00    5.9519260396e+00    3.8011561570e+00
    6.8877559620e+00    6.3221047398e+00    4.6697596259e+00
    6.0731960395e+00    6.1172060994e+00    4.1698549023e+00
    6.2204914566e+00    7.1326429903e+00    4.1635474953e+00
    7.1687688181e+00    7.3625746239e+00    4.0244324932e+00
    7.0786265610e+00    7.4783623343e+00    5.0147938411e+00

molecule  22
    8.4282730825e+00    9.9034342854e+00    1.0314043949e+01
    8.2454419882e+00    4.2032611570e-01    1.0283601310e+01
    8.6139631715e+00    4.0384864659e-01    7.5834894731e-01
    8.7515765100e+00    1.0091211736e+01    1.3380688029e+00
    7.8502804797e+00    1.0402851497e+01    1.5925570029e+00
    7.5727886994e+00    1.0864329510e-01    6.5042033491e-01
    6.8110041190e+00    1.0165972917e+01    1.2338759950e+00
    6.2221898729e+00    9.5604528106e+00    1.7595539488e+00

molecule  23
    1.7975393164e+00    8.0602578611e+00    6.1491499645e-01
    8.9669759701e-01    8.5217562038e+00    4.9876313781e-01
    1.0469777638e-01    8.6894556403e+00    1.0779493555e+00
    9.8380036537e+00    9.1305062234e+00    4.9371114030e-01
    9.9892153997e+00    8.9808684040e+00    9.9628444134e+00
    5.2902549799e-01    8.9915454581e+00    9.8436859968e+00
    1.4970054136e+00    8.8255100392e+00    1.0061114811e+01
    1.5195571706e+00    8.8063468097e+00    9.0623019643e+00

molecule  24
    2.2304916837e+00    3.4340742432e+00    6.2289139736e+00
    2.1806805406e+00    3.3241022979e+00    7.2108307315e+00
    1.7235001307e+00    4.1650186939e+00    6.9615629921e+00
    1.0584301081e+00    4.8623501016e+00    6.7585504239e+00
    1.0790749404e+00    4.0912841167e+00    6.1112125253e+00
    1.5617396303e+00    3.6635265629e+00    5.3338959423e+00
    2.0168105106e+00    3.4282198452e+00    4.4520393217e+00
    2.5650406594e+00    4.1720955397e+00    4.1109425049e+00

molecule  25
    2.3151622962e+00    8.1842948793e+00    8.7262479491e+00
    2.9482773762e+00    7.4067868799e+00    8.9354325224e+00
    3.4179877073e+00    8.2667817667e+00    8.8071878867e+00
    3.4904538748e+00    8.8229177920e+00    7.9845479578e+00
    3.1985148494e+00    8.5337433552e+00    7.0375489343e+00
    4.1419173917e+00    8.2635512845e+00    6.8271173510e+00
    5.0295142114e+00    8.1290425549e+00    7.2637616764e+00
    4.5456543380e+00    7.2345866015e+00    7.1509877201e+00

molecule  26
    9.8072820923e+00    5.2703077881e+00    7.5324269805e+00
    1.0175596290e+01    6.0725084172e+00    7.0370026779e+00
    9.8935641974e+00    7.0131720783e+00    6.6920673048e+00
    1.0416917350e+01    6.4172925946e+00    6.0876064142e+00
    4.9266286958e-01    5.6544392803e+00    6.3080171578e+00
    1.0114887803e+00    6.1554892474e+00    6.9929205412e+00
    7.5661360886e-01    7.0721183319e+00    6.6738039556e+00
    1.1612919259e+00    7.4103971171e+00    5.8287353170e+00

molecule  27
    4.2080251136e+00    3.9633228375e-01    2.0259916881e-01
    5.0065605279e+00    2.5741977302e-01    7.5798093433e-01
    5.0373846896e+00    1.0551257084e+00    2.0075066666e-01
    5.6809927828e+00    1.3871272153e+00    8.7958989696e-01
    5.0392074398e+00    9.4693948038e-01    1.4733247549e+00
    4.1296221850e+00    1.1670184680e+00    1.7515886436e+00
    4.4150648204e+00    2.1295908647e+00    1.8577008911e+00
    4.4943877453e+00    1.4258117820e+00    2.6267192304e+00

molecule  28
    1.9850655175e+00    4.8946323358e+00    2.6443467018e+00
    2.1346812575e+00    5.5844379615e+00    1.9576069239e+00
    2.0030979163e+00    5.9657688322e+00    1.0071023998e+00
    2.8716729312e+00    5.5391969654e+00    8.4149368727e-01
    3.6061574862e+00    5.6037971239e+00    1.5801461919e-01
    3.3679790955e+00    6.4472026434e+00    1.0117176189e+01
    2.5178533615e+00    6.8666447119e+00    9.7626064139e+00
    1.6164042852e+00    6.4559120571e+00    9.6893030341e+00

molecule  29
    5.5772573159e-02    7.0788401808e+00    9.8551022118e+00
    9.6166095223e+00    6.9761566946e+00    9.3957111271e+00
    8.7529297983e+00    7.0834166805e+00    9.8619742282e+00
    8.8265143067e+00    7.3200466521e+00    3.5388225183e-01
    8.1880782350e+00    8.0125463928e+00    3.7892573445e-01
    8.1517677371e+00    8.9314752915e+00    1.0391447837e+01
    7.3015596824e+00    9.4704711240e+00    1.0221002117e+01
    6.9515838225e+00    9.6651280019e+00    9.3419887463e+00

molecule  30
    4.9190322620e+00    2.1432491483e+00    7.5446363201e-01
    5.8119194546e+00    2.4985297934e+00    9.6286974267e-01
    6.5827763353e+00    3.0925010252e+00    7.2933980566e-01
    7.4412088928e+00    3.3221602400e+00    1.1899625040e+00
    8.1173849581e+00    3.8844956059e+00    1.6587797934e+00
    8.0016706752e+00    4.8781706596e+00    1.8386512084e+00
    7.3231765603e+00    4.8962914860e+00    1.1308471704e+00
    8.1356262944e+00    4.5945090178e+00    5.6198298362e-01

molecule  31
    7.3885030598e+00    2.3557848656e+00    3.3236729760e+00
    8.3417792142e+00    2.5220729746e+00    3.3404717026e+00
    8.5181844364e+00    1.5387047961e+00    3.1319156651e+00
    9.5137605333e+00    1.5018322628e+00    3.2593786068e+00
    9.1166048345e+00    6.5597998077e-01    2.9321782662e+00
    9.3131519765e+00    4.8573784402e-01    3.8689343628e+00
    1.0256254576e+01    2.4132669020e-01    4.0994276647e+00
    2.2883784169e-01    8.3093325244e-01    3.3646192557e+00

molecule  32
    6.7646732676e+00    3.5134680096e+00    2.5361286765e+00
    6.5903386830e+00    2.8624527383e+00    3.2583066963e+00
    6.3418953896e+00    2.3494890357e+00    4.0759736820e+00
    7.2810037320e+00    2.5256711719e+00    4.3950801913e+00
    6.5649828245e+00    2.1978587316e+00    5.0333556366e+00
    6.3590904574e+00    2.8860256101e+00    5.6691049101e+00
    6.6978130632e+00    2.2888704333e+00    6.4092322612e+00
    6.7061795627e+00    1.4166884607e+00    6.9263206473e+00

molecule  33
    1.0343992574e+01    3.1694973062e+00    7.1204798991e+00
    3.3514177637e-01    4.0196500181e+00    7.1772564431e+00
    9.8944947851e+00    4.3765244085e+00    6.8789019271e+00
    9.7574921342e+00    5.2854375133e+00    6.4698554937e+00
    8.8958536754e+00    5.7312457603e+00    6.8026532126e+00
    8.2450753327e+00    6.0002491482e+00    6.0606508288e+00
    7.5256181262e+00    6.4072341749e+00    5.4361062133e+00
    7.7093947134e+00    7.1026874236e+00    6.0646554428e+00

molecule  34
    2.0308205094e+00    5.6037890570e+00    4.0279624348e+00
    2.6985452948e+00    6.0439575099e+00    4.6710073622e+00
    3.6421145561e+00    5.8542181726e+00    4.4523473311e+00
    3.7781693460e+00    5.9098549447e+00    3.4491401663e+00
    3.0082663494e+00    6.5488467417e+00    3.6192574504e+00
    2.3859852379e+00    6.0335397771e+00    3.0306413589e+00
    1.5592114065e+00    6.2866468862e+00    2.5745133122e+00
    1.1203183335e+00    5.5657332224e+00    2.0964129227e+00

molecule  35
    5.2031107737e+00    6.4638817656e+00    4.3938425260e+00
    4.3245906866e+00    6.8803794676e+00    4.2112779936e+00
    4.4254442173e+00    6.3680853588e+00    5.0252693182e+00
    4.5663082875e+00    6.2165266620e+00    5.9938488718e+00
    3.6652698973e+00    6.2463743500e+00    5.6079399380e+00
    3.0574007073e+00    5.5582953379e+00    6.0369502584e+00
    2.1710578959e+00    5.4680595725e+00    5.5507359403e+00
    1.4882357947e+00    6.1086229240e+00    5.9587215194e+00

molecule  36
    6.1084467996e+00    3.1832217569e+00    6.7458793549e+00
    5.7070608012e+00    2.9918435336e+00    7.6477655273e+00
    5.2629228000e+00    2.5322181675e+00    8.3743736282e+00
    4.3874037109e+00    2.3773419080e+00    7.8908915707e+00
    4.3927452537e+00    2.1936543304e+00    6.9278118211e+00
    4.0557444432e+00    2.2627245054e+00    5.9826824023e+00
    4.4265181673e+00    3.1109384803e+00    6.2843222279e+00
    4.5172198575e+00    3.2832414408e+00    5.2896256316e+00

molecule  37
    9.1796772847e+00    8.2064576448e+00    3.5630075905e+00
    9.2343785163e+00    9.0099068207e+00    4.1240149433e+00
    9.9744120597e+00    8.4488050243e+00    4.3853357225e+00
    1.0202725629e+01    9.2804756876e+00    3.9078081827e+00
    2.2984526682e-01    9.9955903073e+00    3.3667974034e+00
    9.8191769448e+00    1.0086723523e+01    2.8065821120e+00
    1.2519770198e-01    9.7704908953e+00    2.2387677653e+00
    9.7933298496e+00    9.9971282077e+00    1.6608860360e+00

molecule  38
    4.6158795836e+00    9.4031268354e+00    5.5432574383e+00
    4.8259433726e+00    1.0308193963e+01    5.5246183122e+00
    4.1902491495e+00    4.7691235078e-01    6.0285016674e+00
    5.0636597329e+00    9.4690320150e-01    5.9929982776e+00
    5.6455838330e+00    1.0540157434e+00    6.7870435756e+00
    5.6343138258e+00    2.0384189086e+00    6.8006150909e+00
    5.5831018488e+00    1.7047569831e+00    7.7318091109e+00
    5.0255550756e+00    8.4558200667e-01    7.7140874029e+00

molecule  39
    5.0588270422e+00    9.1394636602e+00    1.0687620845e+00
    4.4821304121e+00    9.3363534439e+00    1.8665425885e+00
    4.4853459144e+00    1.0326354822e+01    2.0386856245e+00
    5.4656984460e+00    1.0329269409e+01    1.8903205433e+00
    5.3699113369e+00    9.4897950732e+00    2.4839473280e+00
    5.7227858297e+00    9.6719724803e+00    3.3945883620e+00
    4.9356439807e+00    1.0167504112e+01    3.1270265472e+00
    4.1880012543e+00    4.0266375764e-01    3.1481031955e+00

molecule  40
    1.0037905973e+01    4.0275571520e+00    7.9005984386e+00
    1.0031429714e+01    4.3177984923e+00    8.8755189594e+00
    9.9117233421e+00    5.3099185348e+00    8.6580297385e+00
    9.2909982289e+00    4.8796071093e+00    9.3123974577e+00
    8.8513639512e+00    4.3707873748e+00    1.0053331132e+01
    9.2793536644e+00    5.0698523727e+00    1.7266510534e-01
    1.0035216601e+01    4.6822709492e+00    1.0111450105e+01
    1.8627451323e-01    4.9375656272e+00    9.3470338011e+00

molecule  41
    3.6993104330e-01    3.3246407436e+00    2.9271826752e+00
    1.3260392635e+00    3.6117485250e+00    2.8971223425e+00
    1.4403822757e+00    3.9800421276e+00    3.8109672481e+00
    1.2443820344e+00    4.8931304067e+00    3.5629825654e+00
    1.1836632595e+00    4.7052482103e+00    4.5623487215e+00
    2.1061052976e+00    4.6531866453e+00    4.8874830388e+00
    2.0912495660e+00    4.4458363664e+00    5.8961432217e+00
    2.6175193125e+00    4.7357998641e+00    6.6402878688e+00

molecule  42
    6.6581289609e+00    1.0546445909e+00    1.7508987958e+00
    6.4144361937e+00    1.6562867622e+00    2.4655450321e+00
    7.0888646829e+00    2.1732377060e+00    1.9796433721e+00
    6.2042712743e+00    2.6438260253e+00    2.0844128331e+00
    5.5547850555e+00    2.2777020247e+00    2.7277187467e+00
    5.1172834510e+00    3.1581963187e+00    2.4281976870e+00
    5.6319209638e+00    3.4080605887e+00    1.6794133684e+00
    4.7961018219e+00    3.1617935345e+00    1.2572890702e+00

molecule  43
    1.0540564967e+00    8.6482260910e+00    7.2185365470e+00
    6.8498770872e-01    8.1824583005e+00    6.4003381895e+00
    9.0509610245e-01    9.1542679633e+00    6.2195305627e+00
    2.0502069857e-01    9.1039160499e+00    5.4946485293e+00
    8.7717187606e-01    8.3501817422e+00    5.3119692324e+00
    8.9146062081e-01    7.8220321734e+00    4.4509243027e+00
    9.1939701574e-01    8.7536517390e+00    4.0064501436e+00
    7.6525538290e-01    9.4754790576e+00    4.6373424948e+00

molecule  44
    1.8421598263e+00    5.5300002283e+00    1.6025290334e-01
    2.6425158890e+00    5.4257579239e+00    9.9902182234e+00
    2.6796201062e+00    4.4328166377e+00    1.0051946881e+01
    2.6929607274e+00    3.5060967431e+00    9.7666751271e+00
    2.9892590866e+00    3.3261333110e+00    8.7949712067e+00
    3.1239826575e+00    2.6972593664e+00    8.0437143970e+00
    3.7999256492e+00    3.2851728603e+00    7.5948701013e+00
    3.2936613734e+00    3.8055625338e+00    6.9431018431e+00

molecule  45
    2.8091401582e-02    1.8594785224e+00    3.8775810989e+00
    9.1617846171e-01    1.6499496490e+00    4.1527002941e+00
    1.2511087287e+00    1.8519150211e+00    3.1834411619e+00
    1.4127334201e+00    2.2877435079e+00    2.2931301482e+00
    2.0839162039e+00    2.4797642318e+00    3.0012672653e+00
    1.8362460840e+00    2.4348493577e+00    3.9588728004e+00
    9.7852704255e-01    2.9237544060e+00    4.0546792206e+00
    1.0416555373e+01    2.9526600397e+00    3.9095042296e+00

molecule  46
    5.3221457165e+00    6.3683169082e+00    5.7671007844e-01
    5.2345400134e+00    5.4757515963e+00    1.3475763256e-01
    4.5092669944e+00    6.1664239951e+00    1.0430370160e+01
    4.0919552933e+00    5.8331248713e+00    9.5844047091e+00
    3.5791233697e+00    6.3429900521e+00    8.9130330726e+00
    2.6382788902e+00    6.2109104055e+00    8.5794825707e+00
    2.6802044761e+00    5.6629940020e+00    7.7340810342e+00
    2.1207713087e+00    5.6337592869e+00    6.9458771168e+00

molecule  47
    7.7194091982e+00    4.3177670238e+00    5.1074894202e+00
    7.5902667716e+00    5.2954140153e+00    5.1282899189e+00
    6.5734422422e+00    5.1997740145e+00    5.2114319575e+00
    6.5186645754e+00    4.3475677094e+00    4.7005987187e+00
    6.7356394213e+00    3.4089661231e+00    4.8817991860e+00
    6.7684554032e+00    3.6657904003e+00    3.9022165077e+00
    6.0401617558e+00    4.1002576504e+00    3.3636099087e+00
    5.0236722592e+00    4.0155748703e+00    3.2131588178e+00

molecule  48
    1.2044223343e+00    9.7370856299e+00    9.7848713290e+00
    2.8272404870e-01    9.9778928807e+00    1.0108629051e+01
    1.0277877255e+00    9.8061744995e+00    3.1115244904e-01
    1.9246659646e-01    9.8131343574e+00    8.5293804150e-01
    1.0592819216e-01    3.9103199467e-01    8.3024199579e-01
    4.3018140122e-01    8.1554213224e-01    1.6715195520e+00
    8.9712813082e-01    1.0378466036e+01    1.5505550119e+00
    1.6476953660e+00    5.0198251173e-01    1.2532483537e+00

molecule  49
    6.9564308817e+00    1.0231357791e+01    3.7736721408e+00
    6.9772510520e+00    6.3716454000e-01    4.1877333947e+00
    7.2554804209e+00    9.1312950700e-01    3.2708865726e+00
    7.6445539183e+00    1.5793598644e+00    2.6654892712e+00
    8.1974092057e+00    7.9172744293e-01    2.3282195448e+00
    8.3503666114e+00    1.2307633593e+00    1.4533919563e+00
    9.3115163993e+00    1.3396492448e+00    1.4688990549e+00
    9.8796837511e+00    1.0194774740e+00    2.2268903479e+00

molecule  50
    2.8819598024e+00    3.8654236325e+00    1.8304514532e+00
    3.5672831384e+00    3.1618282953e+00    1.6749648538e+00
    2.9544361731e+00    2.9207135720e+00    2.3867632460e+00
    2.4303529205e+00    2.1158886894e+00    2.0261154737e+00
    2.8927793600e+00    1.2353719283e+00    1.7115050427e+00
    3.2845893954e+00    1.0695700279e+00    7.6953301406e-01
    2.3882656968e+00    1.1718211413e+00    2.5250940374e-01
    3.2041240533e+00    7.5619768145e-01    1.0289100609e+01

molecule  51
    7.2164587312e+00    2.0624124677e+00    7.7376973747e-01
    6.5557641863e+00    2.1722550818e+00    6.0560483176e-02
    5.5653151393e+00    2.3921328618e+00    1.0355050857e+01
    5.6977295528e+00    1.4569774972e+00    1.0076870866e+01
    6.2529470655e+00    1.5467415629e+00    9.2587967122e+00
    6.7292519874e+00    1.3019039199e+00    1.0102980751e+01
    7.6923016167e+00    1.6479255453e+00    1.0164595198e+01
    8.6213065171e+00    1.9323177440e+00    9.8038399228e+00

molecule  52
    1.5546361339e+00    1.8650595229e+00    9.9481389924e-01
    7.4609676320e-01    1.8805380663e+00    1.5528981580e+00
    5.4849007263e-01    1.5850007966e+00    2.4891527695e+00
    1.6596889303e-01    2.4792198701e+00    2.3275841366e+00
    9.6806703985e+00    2.1343274157e+00    2.1917162424e+00
    9.4243768165e+00    3.1231420510e+00    2.1029328227e+00
    8.5007297676e+00    2.8137699739e+00    1.9536170466e+00
    8.3910846665e+00    2.2574832125e+00    1.1144941991e+00

molecule  53
    1.0407756945e+01    6.9679508560e+00    2.8309765943e+00
    2.3391107610e-01    7.6732883507e+00    2.1837579748e+00
    1.1227792872e+00    7.8973560130e+00    2.6124251736e+00
    1.2006083123e+00    7.6439796945e+00    3.5869925741e+00
    8.8591886945e-01    6.7244587393e+00    3.4046298838e+00
    1.4493525158e+00    6.5497178886e+00    4.1580520075e+00
    1.3064460106e+00    5.8537037541e+00    4.8724632366e+00
    5.0883241861e-01    6.4600874521e+00    5.0627995753e+00

molecule  54
    3.6148320020e+00    2.0242742540e+00    2.6080896217e+00
    3.4578005323e+00    2.1084073228e+00    1.6093594248e+00
    3.8451434538e+00    1.9703072741e+00    7.5188510070e-01
    4.2072937364e+00    2.2672184887e+00    1.0337024520e+01
    4.8205734537e+00    1.7905702372e+00    9.6932280698e+00
    4.0447841480e+00    2.1268486301e+00    9.1580518025e+00
    4.2144520027e+00    1.3327134300e+00    8.5649781260e+00
    4.3374366534e+00    3.4968517539e-01    8.8400191768e+00

molecule  55
    8.8156343140e+00    1.0408549531e+01    8.1781688269e+00
    9.7816357050e+00    1.7786424864e-01    8.1455126460e+00
    9.7606303309e+00    9.6822358164e+00    7.9434982847e+00
    1.0182059151e+01    8.7324827857e+00    8.0472836762e+00
    5.7996136219e-02    8.6120990446e+00    7.0737312149e+00
    9.7488812677e+00    8.2074564001e+00    6.6041587109e+00
    9.3731332052e+00    9.1584176767e+00    6.6833909676e+00
    8.8598387048e+00    9.9882338449e+00    6.8829118154e+00

molecule  56
    4.2238085606e-01    3.8952639080e+00    5.3012350139e+00
    1.0222625557e+01    3.2981478184e+00    5.8158541477e+00
    9.4158021000e+00    3.0537093121e+00    6.3143444862e+00
    9.0580325989e+00    3.7463687447e+00    5.6810572881e+00
    9.8546472705e+00    4.3235486882e+00    5.6976174312e+00
    6.8487973746e-02    5.0364187665e+00    5.4971951489e+00
    9.9857561388e+00    4.8816862498e+00    4.7031989633e+00
    9.8003613352e+00    4.9958713312e+00    3.7317893566e+00

molecule  57
    5.4867494650e+00    1.8200875411e+00    4.2802699542e+00
    6.0713320581e+00    1.4298966981e+00    3.5252662901e+00
    5.1843916659e+00    1.0304939929e+00    3.7042614052e+00
    4.4223334915e+00    8.3911546489e-01    4.3237068991e+00
    4.0908226713e+00    1.4181393065e+00    3.5811154990e+00
    3.4816942150e+00    1.3680236298e+00    4.3554806136e+00
    2.6865198492e+00    1.9381727714e+00    4.1282207981e+00
    2.1296177674e+00    1.1222531856e+00    3.9562365772e+00

molecule  58
    5.2467875071e+00    5.0278545200e+00    2.5084298198e+00
    4.7121547059e+00    5.1677493376e+00    3.2913802116e+00
    3.9129765776e+00    4.7823608935e+00    3.7307008381e+00
    4.2156892449e+00    4.7480884323e+00    4.6456296031e+00
    3.2702086545e+00    4.6980835841e+00    4.8090335998e+00
    3.1354907748e+00    3.9332654767e+00    5.2988530558e+00
    3.5196241656e+00    3.7688023640e+00    4.3619808322e+00
    3.3901015313e+00    3.0149639654e+00    5.0275390086e+00

molecule  59
    2.3097757310e+00    8.2641207360e+00    5.1638542990e+00
    2.8039096518e+00    8.9180601724e+00    4.6499487675e+00
    3.5539423710e+00    9.4891089168e+00    4.2366234328e+00
    3.9239811568e+00    1.0398542287e+01    4.3459774641e+00
    3.0939615593e+00    3.6690317578e-01    4.6837426282e+00
    2.5919981716e+00    1.0064761516e+01    5.0859378727e+00
    2.0803185108e+00    2.7369324605e-01    4.5184946944e+00
    1.6970376654e+00    3.3528949641e-01    5.4480133844e+00

molecule  60
    1.1666048251e+00    1.1716253094e+00    2.8907611895e-01
    8.3201519328e-01    5.5602832176e-01    9.9984710554e+00
    2.6032291955e-01    8.8960756309e-01    9.2314356551e+00
    9.8746042250e+00    1.2147466390e+00    9.4645031963e+00
    1.0298696598e+01    2.1090362831e+00    9.2449419827e+00
    9.3781154754e+00    2.1106054010e+00    8.9397077883e+00
    9.5243122985e+00    3.0492746086e+00    8.6523955357e+00
    1.0037227907e+01    3.3019180982e+00    9.4780906918e+00

molecule  61
    7.2656491306e+00    2.2567948849e+00    7.5595633767e+00
    6.5872461709e+00    2.5774996002e+00    8.2438369172e+00
    7.2856894703e+00    2.0579565783e+00    8.7740951241e+00
    8.0325194108e+00    1.3979518016e+00    8.6892034324e+00
    7.8155925249e+00    6.5299911374e-01    8.1048813458e+00
    7.0725218610e+00    9.1129386130e-01    8.7597403837e+00
    6.8845488328e+00    3.1251673934e-01    9.4611569238e+00
    6.8013458445e+00    2.1268349001e-01    1.0450646927e+01

molecule  62
    6.4937094683e+00    3.9980543034e+00    7.7078904862e+00
    5.8394816674e+00    4.4026243573e+00    7.0573008289e+00
    6.7958237744e+00    4.3367663287e+00    6.7042591142e+00
    7.1012233694e+00    5.0697130965e+00    6.0897573222e+00
    8.0612937781e+00    4.8521449717e+00    6.3111144715e+00
    8.9369409961e+00    5.0405112438e+00    5.9267653043e+00
    8.9766861542e+00    5.1254608900e+00    4.8906619614e+00
    8.5914883489e+00    4.6414892783e+00    4.1664557537e+00

molecule  63
    4.8365594266e+00    4.8518259323e+00    9.6207145731e+00
    5.7440770161e+00    4.4314658677e+00    9.7487259403e+00
    4.9608498572e+00    4.0957591414e+00    1.0326182290e+01
    4.9202331378e+00    3.1628646041e+00    2.0172782418e-01
    4.6718700637e+00    3.1026620254e+00    9.6709197329e+00
    4.0343287263e+00    3.5606634144e+00    9.0975750967e+00
    3.7066523644e+00    4.3419262091e+00    8.5347809821e+00
    3.3747285871e+00    4.8879537653e+00    9.3540156303e+00

molecule  64
    1.9988663230e+00    1.5051059932e+00    5.1912711612e+00
    1.3402188545e+00    2.2422031187e+00    4.9469101711e+00
    5.4378688712e-01    2.8906347721e+00    5.0862456716e+00
    1.0439071330e+01    2.2202150729e+00    5.4868357260e+00
    7.2998943225e-01    1.9825352225e+00    6.1565062726e+00
    1.2670606730e-01    2.0623905464e+00    6.9518711778e+00
    9.9706879908e+00    2.2839993430e+00    7.7105104093e+00
    9.4401146324e+00    3.0927944810e+00    7.4960150101e+00

molecule  65
    3.3054985701e+00    7.9494100456e-01    8.7844593657e+00
    3.4359632823e+00    1.0312327802e+01    8.5085516041e+00
    2.5866079167e+00    1.3496150584e-01    8.0029423895e+00
    1.9726678787e+00    6.4329935752e-01    7.3749369170e+00
    2.3563541235e+00    1.2676875249e-01    6.5870773944e+00
    1.8166895883e+00    9.8216650978e+00    6.2007035283e+00
    1.8290884585e+00    9.0772645354e+00    5.5423141448e+00
    2.0059962262e+00    8.7009239277e+00    6.4271712293e+00

molecule  66
    2.3666839643e+00    7.0643395943e+00    4.5161853824e+00
    2.8561156085e+00    6.9591017550e+00    5.3782009582e+00
    3.5411845640e+00    7.1462290990e+00    6.0881889217e+00
    2.9928764617e+00    7.4377363657e+00    6.8569269618e+00
    2.5031421277e+00    6.7118093170e+00    7.2704283739e+00
    2.3768238694e+00    6.7066397934e+00    6.3066026695e+00
    2.3553523274e+00    7.7068324111e+00    6.0994223492e+00
    1.7257314652e+00    7.4141255903e+00    6.8229159676e+00

molecule  67
    3.3117191475e+00    9.3947972630e+00    9.1580515276e+00
    3.5048181262e+00    1.0101074815e+01    9.8151043170e+00
    2.7745175373e+00    1.7741669872e-01    9.3834247975e+00
    2.0803429117e+00    7.0871644886e-01    9.8833114779e+00
    2.2180573236e+00    1.0426086649e+01    1.1662472075e-01
    2.5729603239e+00    9.6599823740e+00    1.0094334983e+01
    3.0814231402e+00    9.9968429912e+00    4.5177743347e-01
    2.6844310106e+00    8.3450584926e-02    1.1841780611e+00

molecule  68
    6.7779096933e+00    6.1640853247e+00    9.5463867299e+00
    6.4642877753e+00    6.3299938587e+00    8.6185524014e+00
    6.0824576852e+00    6.9736687331e+00    7.9789971101e+00
    5.6221341536e+00    7.8501462606e+00    8.0077968578e+00
    6.0830049277e+00    8.0481061574e+00    7.1165562167e+00
    6.7978051163e+00    8.5878487337e+00    7.5033439827e+00
    6.1060988317e+00    9.2145040158e+00    7.1388042723e+00
    5.6981812364e+00    9.9752776488e+00    7.6321697359e+00

molecule  69
    1.0200248653e+01    6.8917655106e+00    1.5327583580e+00
    5.9913085237e-01    6.5012699447e+00    1.1254693257e+00
    8.0041910909e-01    6.0166159636e+00    2.6888422997e-01
    2.3545823646e-01    5.1761593900e+00    2.3150531501e-01
    1.0256547481e+01    6.0595838919e+00    2.5579111476e-01
    1.0031938058e+01    7.0084507456e+00    3.3695739684e-01
    9.4863939341e+00    6.4334090504e+00    1.0199805312e+01
    8.6464137707e+00    6.1841049707e+00    2.8111586090e-01

molecule  70
    3.9282806414e+00    4.6436256418e+00    1.0236760241e+01
    4.2790737155e+00    5.0396529382e+00    6.3447999424e-01
    4.4790488592e+00    4.0928617180e+00    1.0218441483e+00
    3.4776443858e+00    4.3335503524e+00    1.1261651655e+00
    3.3880481670e+00    3.9141306675e+00    2.1402007367e-01
    2.7210803122e+00    3.3850700621e+00    7.7679596265e-01
    2.7747946054e+00    2.7127158129e+00    3.9634469135e-02
    3.5897017800e+00    2.9546060341e+00    9.8896386745e+00

molecule  71
    9.1638348427e+00    8.2289700449e+00    5.1774108736e+00
    9.1592320666e+00    9.2347676750e+00    5.2465815925e+00
    8.6493918928e+00    8.8361814684e+00    5.9862440668e+00
    8.2213420002e+00    8.7452310376e+00    5.0726269873e+00
    8.1811299253e+00    7.7629587640e+00    5.0271715938e+00
    8.6949756989e+00    7.2484760163e+00    5.6856367811e+00
    9.4421075155e+00    6.5029314505e+00    5.6994618542e+00
    9.9231066948e+00    5.7934967695e+00    5.2074579439e+00

molecule  72
    9.6357919941e+00    7.7913683914e+00    9.6319967637e-01
    9.4465309279e+00    8.0131688008e+00    3.6912715125e-02
    9.1917101183e+00    8.0353035761e+00    9.5791627328e+00
    8.2349165917e+00    8.1005236317e+00    9.2946932329e+00
    7.4859662058e+00    8.7266900481e+00    9.5006378961e+00
    7.1735716218e+00    8.5203579692e+00    8.5874899803e+00
    6.3379578732e+00    8.7929417536e+00    9.0822999592e+00
    6.1110876918e+00    9.6605927599e+00    8.6149534756e+00

molecule  73
    1.0361766305e-01    7.5407728762e+00    7.6914149177e+00
    9.6270671891e+00    7.3151769197e+00    7.8992681578e+00
    9.4182159151e+00    8.0871993598e+00    8.5006445628e+00
    8.5375701510e+00    7.7869843128e+00    8.3286112345e+00
    8.3682454564e+00    7.7474214420e+00    7.3400997142e+00
    8.2400455967e+00    8.7528642510e+00    7.4557414456e+00
    7.4927645397e+00    9.2743286843e+00    7.8271594789e+00
    7.7087476751e+00    1.0061378590e+01    8.3492141310e+00

molecule  74
    1.4363831254e+00    4.2788710832e+00    8.6356129338e+00
    1.8409150151e+00    4.1391726110e+00    9.5347556977e+00
    1.5550955049e+00    3.1789291905e+00    9.3159882947e+00
    7.4004338417e-01    3.1381845975e+00    8.7377753355e+00
    7.6215452941e-01    3.8421215534e+00    9.3977581371e+00
    2.9376343860e-01    3.5910454733e+00    1.0265580432e+01
    6.6666807338e-01    3.0983359031e+00    5.4655156088e-01
    9.2948236755e-01    2.2445786793e+00    8.8736886165e-02

molecule  75
    4.7045677326e+00    5.9918812469e+00    8.7198001125e+00
    4.9339988981e+00    6.6607873831e+00    8.0431311608e+00
    5.4871014046e+00    5.8684699492e+00    7.8131529355e+00
    5.4447990065e+00    6.6561895069e+00    7.1273226703e+00
    4.9610239813e+00    5.8136826262e+00    6.9511184705e+00
    3.9653741604e+00    5.9325252461e+00    6.8416757764e+00
    3.7543578226e+00    6.6085768795e+00    7.5180387491e+00
    4.1757396501e+00    5.7366411173e+00    7.8369740560e+00

molecule  76
    8.8387666801e+00    1.6413612981e+00    4.4433369625e-01
    9.5938751278e+00    1.0054374126e+00    4.3306231819e-01
    9.5659902219e+00    1.0447041862e+01    4.3986126185e-01
    9.3329829456e+00    4.0195309692e-01    1.0028214508e+01
    1.0096850916e+01    5.4000005688e-02    9.5342844778e+00
    9.8427394837e+00    9.7012816152e+00    9.0018144390e+00
    9.1234862954e+00    9.0162697373e+00    8.8656729383e+00
    8.1351380444e+00    9.2093795107e+00    8.7214745562e+00

molecule  77
    8.0308268408e+00    2.7275473408e+00    5.3295043223e-02
    8.6260414459e+00    3.3048860568e+00    1.0074803230e+01
    8.4136128476e+00    3.5127905202e+00    5.9520214409e-01
    9.1861482604e+00    2.9423508077e+00    8.3503750824e-01
    1.0170366611e+01    2.7714518416e+00    1.0096690605e+00
    1.0021041877e+01    2.0953422770e+00    3.5615541264e-01
    9.5743579392e+00    2.8280433477e+00    1.0321148792e+01
    9.6065868635e+00    3.8225285158e+00    2.6901136892e-02

molecule  78
    4.5620226294e+00    8.4107132110e+00    9.4041182412e+00
    5.1840586402e+00    8.7012824675e+00    8.7135995211e+00
    4.3916791070e+00    8.4082970370e+00    8.1441209344e+00
    4.3811536813e+00    7.5817733597e+00    8.6581285487e+00
    4.0980825958e+00    7.5770619735e+00    9.6262620439e+00
    4.6994625475e+00    6.8252016921e+00    9.4245480583e+00
    5.5332765689e+00    6.6437503716e+00    8.8732779052e+00
    5.6688230321e+00    6.4886573999e+00    9.8707150109e+00

molecule  79
    8.0135901734e+00    6.0646451997e+00    4.5575505314e+00
    8.8432337553e+00    6.4616651680e+00    4.8944643137e+00
    8.8874768282e+00    6.1126274057e+00    3.9640920953e+00
    8.2137920140e+00    5.6637431150e+00    3.3074872355e+00
    9.0690336607e+00    5.1513014497e+00    3.1334452212e+00
    9.3853142077e+00    6.0183382138e+00    2.7589002744e+00
    8.5631970644e+00    6.5552065563e+00    2.9162414206e+00
    9.4140391835e+00    7.0009517574e+00    3.2161989666e+00

molecule  80
    6.8309724161e+00    1.0035850937e+00    7.8056551994e+00
    6.6176206157e+00    9.1461745273e-02    8.1282759274e+00
    5.6948532952e+00    3.5021235243e-01    8.4422638077e+00
    5.2392314816e+00    1.0109327239e+01    8.9355017182e+00
    5.3856637707e+00    2.9331979848e-01    9.7258232344e+00
    5.6044696855e+00    1.0027383632e+01    1.0378034694e+01
    4.9914602243e+00    9.4140465243e+00    9.8314507558e+00
    4.4034903207e+00    9.6472848900e+00    9.1318446346e+00

molecule  81
    8.9921194232e+00    1.0220492661e+01    4.6020213174e+00
    8.8145558259e+00    3.0687999586e-01    5.4177256020e+00
    8.3753532617e+00    5.1435119782e-01    6.2921309688e+00
    7.3664295883e+00    7.4388385764e-01    6.2928270511e+00
    7.2281874546e+00    5.4404246129e-01    5.3260155780e+00
    8.0297034303e+00    1.1502468185e+00    5.3049055228e+00
    8.4805304221e+00    1.9383718832e+00    5.6900671214e+00
    7.4925958415e+00    2.1758252960e+00    5.6962682057e+00

molecule  82
    5.7747038251e+00    6.8024068027e+00    5.6168129212e+00
    5.7631837378e+00    7.6143316962e+00    5.1114723584e+00
    4.7852816422e+00    7.5684588908e+00    4.8774468062e+00
    4.4933552561e+00    8.0258020151e+00    5.6818678001e+00
    3.6382598913e+00    8.0805076249e+00    5.1156821360e+00
    3.9638229713e+00    7.9821886408e+00    4.2197780620e+00
    4.3185152371e+00    8.8748965699e+00    4.3570174062e+00
    4.4620973673e+00    8.4891265071e+00    3.4399021414e+00

molecule  83
    8.1692926670e+00    7.3224448665e+00    3.6596630073e+00
    8.2078317899e+00    7.5806058599e+00    2.6717983796e+00
    7.3072779509e+00    7.8839295923e+00    3.0156838953e+00
    7.2835368816e+00    6.8590199964e+00    2.8848798052e+00
    6.7196173372e+00    6.2715667179e+00    2.3743746265e+00
    7.1178791411e+00    5.3395723224e+00    2.2231996162e+00
    6.2733109120e+00    4.8025627594e+00    2.1262545999e+00
    6.3383431320e+00    4.1625862748e+00    1.3562579555e+00

molecule  84
    4.1793068014e+00    9.7217353292e+00    9.6532345544e-01
    3.6506617542e+00    1.0421583166e+01    1.4233091449e+00
    3.4545063605e+00    1.0342876528e+01    2.4229251260e+00
    2.5490547250e+00    2.1427570461e-01    2.2901711569e+00
    2.7948308541e+00    4.5961944329e-01    3.2806649833e+00
    3.2419800192e+00    9.3537452767e-01    2.5393643431e+00
    2.8669793063e+00    1.5524098517e+00    3.1879012448e+00
    2.0435411231e+00    1.2191244648e+00    2.7264637517e+00

molecule  85
    6.9746470716e+00    4.5628375508e+00    9.1156228691e+00
    7.4207670344e+00    4.3887910020e+00    8.2147810386e+00
    7.6359662608e+00    3.9885178614e+00    7.3216347310e+00
    7.4911015769e+00    3.3709586389e+00    8.0740769445e+00
    6.8150537471e+00    3.5238694105e+00    8.7860969406e+00
    5.8605989436e+00    3.7711133596e+00    8.8223290696e+00
    4.9779688684e+00    3.6992496048e+00    8.4017850561e+00
    4.8840985576e+00    4.6449400242e+00    8.6258473440e+00

molecule  86
    8.2699802449e+00    6.8288628702e-01    3.7644759789e+00
    7.8093058604e+00    1.3403597026e+00    4.3871837080e+00
    8.3615639781e+00    2.1293371775e+00    4.5183919784e+00
    8.3935582649e+00    2.9022607359e+00    5.1154255412e+00
    7.8389311465e+00    3.4808662699e+00    5.7657861462e+00
    8.3461141475e+00    2.8156299858e+00    6.2952107550e+00
    8.1509324032e+00    2.9966237763e+00    7.2495583430e+00
    8.4949098739e+00    2.2956440212e+00    7.8586385693e+00

molecule  87
    9.4980208488e+00    1.0898813905e+00    4.7651516918e+00
    1.5193517964e-02    1.0641340741e+00    5.0149942178e+00
    9.5307673022e-01    1.2205195603e+00    5.4795376472e+00
    9.2820671127e-01    4.8494991617e-01    4.7442873108e+00
    1.2830581070e+00    4.3715071827e-01    3.7949271746e+00
    1.2659137586e+00    2.1959631754e-01    2.8083695364e+00
    1.3153646360e+00    9.7723446319e+00    3.2122866737e+00
    1.8162712891e+00    9.0956027383e+00    3.7109155582e+00

molecule  88
    6.3384480445e-01    3.3048171136e-01    5.7702671938e+00
    1.0368561114e+00    1.5707165911e-01    6.6613414679e+00
    9.4298006432e-01    1.0046010129e+01    7.4830301423e+00
    8.6448556401e-01    9.3151472733e+00    8.1268347981e+00
    9.5866107194e-01    1.0088289297e+01    8.7509631068e+00
    1.4491907900e+00    3.8976938867e-01    8.3597252311e+00
    2.1449679716e+00    8.1912123743e-01    8.9099222471e+00
    2.6307491654e+00    1.3623427287e+00    8.2091120854e+00

molecule  89
    3.7466638503e+00    7.7305207265e+00    2.8615035985e+00
    3.5088858573e+00    7.7182476479e+00    1.8737085173e+00
    2.7295644236e+00    8.1489826674e+00    1.4090498522e+00
    2.1773483923e+00    8.5086159201e+00    2.1414718604e+00
    2.5303336220e+00    8.5392940651e+00    3.0617730535e+00
    3.3894380534e+00    8.5631506172e+00    3.5691163623e+00
    3.0976009442e+00    7.6132659062e+00    3.6190102763e+00
    2.2641098403e+00    8.0322346093e+00    4.0028300652e+00

molecule  90
    9.2752284575e+00    6.3199883825e+00    7.5474079846e+00
    8.8668637070e+00    5.6405776995e+00    8.1247334326e+00
    7.9291257722e+00    5.7474130904e+00    8.5306888659e+00
    7.8437554536e+00    6.5165969384e+00    7.9232295256e+00
    7.4341504070e+00    7.0541223394e+00    8.6510805413e+00
    7.3291358660e+00    7.6382811820e+00    7.8171631549e+00
    6.8345730185e+00    7.0325737178e+00    7.1701479234e+00
    6.4480421175e+00    7.4110369443e+00    6.3085200578e+00

molecule  91
    3.3916044349e+00    2.5227615121e+00    6.7012481477e+00
    2.7200123720e+00    1.8009890477e+00    6.7640717271e+00
    2.1064574924e+00    2.0454022660e+00    6.0340022643e+00
    3.0887858508e+00    1.9423324218e+00    5.8728729880e+00
    3.0927382020e+00    9.0375475628e-01    5.8627260369e+00
    3.3811151810e+00    7.6007300533e-01    6.8159800075e+00
    4.0116738318e+00    9.0451964410e-01    7.6130631277e+00
    3.5669135149e+00    1.7674177383e+00    7.5351795241e+00

molecule  92
    9.5470248834e+00    5.9472956832e+00    1.3404012572e+00
    1.0177937367e+01    5.8143316153e+00    2.1123107208e+00
    9.9082995282e+00    4.9202153424e+00    2.3916314599e+00
    2.7836007984e-01    4.9322956347e+00    2.8867386832e+00
    1.6525897791e-01    5.9112520825e+00    3.0741199638e+00
    1.0317457228e+01    6.1563196626e+00    3.9993419924e+00
    3.9253837061e-01    5.3315594137e+00    4.1198905794e+00
    2.8913805565e-01    4.3788568018e+00    3.9244523778e+00

molecule  93
    3.0395522129e+00    7.0277171012e+00    2.5272619503e+00
    2.1592564533e+00    7.2407136789e+00    2.9311079365e+00
    1.9681441417e+00    7.1613623090e+00    1.9471218262e+00
    1.2771521980e+00    7.3674016307e+00    1.2864139569e+00
    2.0614067786e+00    6.9678335757e+00    8.3590947112e-01
    1.2912958587e+00    7.1661333976e+00    1.9082219375e-01
    1.8873830101e+00    7.7397849659e+00    1.0131948978e+01
    1.6056958455e+00    7.4743415345e+00    9.2644682289e+00

molecule  94
    8.8778928713e+00    5.1214770922e+00    1.1444438725e+00
    9.0038073118e+00    4.3492000752e+00    1.8304951316e+00
    9.4273343581e+00    4.2020011154e+00    9.1749154092e-01
    1.0159933053e+01    4.8349594172e+00    1.2183200205e+00
    1.8642798895e-01    4.1296327715e+00    6.4837640849e-01
    1.0151008789e+00    4.1859251983e+00    1.2547693581e+00
    3.9787149643e-01    4.4832738296e+00    2.0115389593e+00
    1.0013035343e-01    3.5921879167e+00    1.6582306400e+00

molecule  95
    7.7674772151e+00    3.9818405282e+00    9.6996216300e+00
    8.3475162251e+00    3.6457651555e+00    8.9349299881e+00
    7.9959940374e+00    2.7177687369e+00    9.0719731645e+00
    7.2770151170e+00    2.8815892676e+00    9.7280431880e+00
    6.3427089497e+00    2.7926083764e+00    9.3828565285e+00
    6.3817357543e+00    3.3558217441e+00    1.0170810837e+01
    6.8881821383e+00    4.1311972602e+00    7.3231892814e-02
    6.0071080327e+00    4.4473326389e+00    3.4203708697e-01

molecule  96
    3.9689429398e+00    6.4419367719e+00    1.7925574507e+00
    4.3835734774e+00    6.6809222911e+00    2.6911136817e+00
    5.1041220874e+00    6.5664328498e+00    3.3967249763e+00
    5.6966259571e+00    7.2048361633e+00    3.0949439012e+00
    4.8692093041e+00    7.5821742686e+00    3.5696962701e+00
    4.8803710808e+00    7.8957690178e+00    2.6405731665e+00
    4.1756136587e+00    8.5022835076e+00    2.3571147095e+00
    3.5276362030e+00    9.2312338087e+00    2.3464355174e+00

molecule  97
    8.3004941573e+00    1.9303354518e+00    6.7677137448e+00
    8.3506028992e+00    1.0215703525e+00    7.2021813256e+00
    9.0847342458e+00    1.2511852480e+00    6.5789509808e+00
    9.9433916065e+00    1.5768817844e+00    6.1380191842e+00
    1.0010615819e+01    7.8602635069e-01    6.7360700461e+00
    1.0283861843e+01    1.0340540264e+01    7.1614566046e+00
    1.0054078077e+01    9.9319062127e+00    6.2378734523e+00
    9.9649454745e+00    1.0439431393e+01    5.3368456080e+00

molecule  98
    8.9763109151e+00    8.9747956111e+00    9.3203285367e-01
    9.0079309093e+00    9.1758724640e+00    1.9187521875e+00
    9.7969483401e+00    8.6890510842e+00    2.2430955675e+00
    1.0009228224e+01    7.9816130873e+00    2.9696352768e+00
    1.0229378400e+01    7.5437080196e+00    3.8116898639e+00
    9.3475328871e+00    7.3278287123e+00    4.2164830310e+00
    9.9384370852e+00    7.3943060285e+00    5.0662383799e+00
    3.3362313511e-02    7.5238392999e+00    5.8371505041e+00

molecule  99
    1.0298217036e+00    3.0408694462e+00    1.6728843295e+00
    1.9891591185e+00    2.9462492483e+00    1.3904105232e+00
    2.1163414525e+00    3.3439680928e+00    2.2881541077e+00
    2.4813930734e+00    4.0455943547e+00    2.8603869446e+00
    2.7829125198e+00    4.9002790325e+00    3.2930476217e+00
    3.4977873126e+00    4.2489661086e+00    3.0028204707e+00
    3.9416720730e+00    3.4228130712e+00    2.9504500737e+00
    3.2949236111e+00    3.0090513044e+00    3.6346772552e+00
