    MdKineticEnergyAverage{
      interval                            1000
      outputFileName          kineticEnergyAve
      nSamplePerBlock                       10
    }

Average     1.2000253e+03
Variance    1.2139029e+03
Std Dev     3.4841110e+01

Hierarchichal Error Analysis:
              0              1  6.9682080e-02         250001
              1              2  8.8767752e-02         125000
              2              4  1.1095494e-01          62500
              3              8  1.1724857e-01          31250
              4             16  8.3534269e-02          15625
              5             32  8.0588119e-02           7812
              6             64  7.6261838e-02           3906
              7            128  7.3496801e-02           1953
              8            256  6.9912547e-02            976
              9            512  6.9679401e-02            488
             10           1024  6.7574937e-02            244
             11           2048  5.7943540e-02            122
             12           4096  5.9578250e-02             61
             13           8192  5.2239534e-02             30
             14          16384  5.2559077e-02             15
             15          32768  7.0445655e-02              7
