    MdPotentialEnergyAverage{
      interval                            1000
      outputFileName        potentialEnergyAve
      nSamplePerBlock                       10
    }

Average     5.8870341e+02
Variance    5.9695001e+02
Std Dev     2.4432560e+01

Hierarchichal Error Analysis:
              0              1  4.8865023e-02         250001
              1              2  5.4602855e-02         125000
              2              4  6.1276728e-02          62500
              3              8  6.2007894e-02          31250
              4             16  4.9493363e-02          15625
              5             32  4.8435259e-02           7812
              6             64  4.6977772e-02           3906
              7            128  4.5838366e-02           1953
              8            256  4.5936348e-02            976
              9            512  4.4281745e-02            488
             10           1024  4.4773286e-02            244
             11           2048  4.6066074e-02            122
             12           4096  4.5167533e-02             61
             13           8192  4.4104148e-02             30
             14          16384  3.5042230e-02             15
             15          32768  2.7195784e-02              7
