    RadiusGyration{
      interval                            1000
      outputFileName            RadiusGyration
      nSamplePerBlock                       10
      speciesId                              0
    }

Average     3.5042065e+00
Variance    7.1054685e-03
Std Dev     8.4293941e-02

Hierarchichal Error Analysis:
              0              1  1.6858755e-04         250001
              1              2  1.9873669e-04         125000
              2              4  2.3202536e-04          62500
              3              8  2.6216509e-04          31250
              4             16  2.8444083e-04          15625
              5             32  2.9676783e-04           7812
              6             64  3.0282975e-04           3906
              7            128  3.0498008e-04           1953
              8            256  3.0347075e-04            976
              9            512  3.0113323e-04            488
             10           1024  2.9651020e-04            244
             11           2048  3.0263070e-04            122
             12           4096  2.9496869e-04             61
             13           8192  3.6601923e-04             30
             14          16384  3.9190972e-04             15
             15          32768  4.1577647e-04              7
