BOUNDARY

orthorhombic     1.04551590000000001e+01  1.04551590000000001e+01  1.04551590000000001e+01

MOLECULES

species    0
nMolecule  400

molecule   0
  2.90525725168890858e-02  4.98242363218585727e+00  4.73970574136609724e+00

molecule   1
  7.66353739651634047e+00  6.88079806112688797e+00  3.60284756412358220e+00

molecule   2
  8.87804929233019813e+00  4.17796295758699010e+00  3.78789832602418164e+00

molecule   3
  1.02071349737786026e+01  5.76093824919988240e+00  5.85330091789507279e+00

molecule   4
  3.21402257875273856e+00  9.24918596172081742e+00  3.24506207904680899e+00

molecule   5
  4.65225210512184184e-01  3.41079498032101158e+00  3.10987381846168276e+00

molecule   6
  3.50124077790964572e+00  1.03020012715923492e+01  1.53074448743435454e+00

molecule   7
  3.14923862138454203e+00  8.28069200363226732e-02  3.70947587326466000e+00

molecule   8
  3.13762287614837015e-02  4.37948450764174790e+00  2.52251496757236504e+00

molecule   9
  1.01999270238484954e+01  2.99306768225664177e+00  6.52374691431800890e+00

molecule   10
  1.89497788858949501e+00  2.33997392091007095e+00  3.18470200121746627e+00

molecule   11
  7.09689550208155762e+00  5.91335977558812154e+00  7.28501970034798418e+00

molecule   12
  7.51163378911531421e+00  3.81685511907145258e+00  7.92661896113296294e+00

molecule   13
  1.85690572009337496e+00  7.86993971661391889e+00  4.36900161970666456e+00

molecule   14
  7.21462783428362719e+00  6.56078768133169365e+00  4.42632899148800707e+00

molecule   15
  9.13359342437911081e+00  5.36692299012972196e+00  6.23034693703611353e+00

molecule   16
  4.27450817451940301e-01  3.71773086343672610e+00  8.92467229256565986e+00

molecule   17
  5.74841975835621888e+00  9.70794640015182342e-02  9.73307935058554818e+00

molecule   18
  4.62825238702690278e+00  3.58284873498521694e+00  1.02219032524667686e+00

molecule   19
  5.64291910984893885e+00  4.33903195885230630e+00  2.85792532460106852e+00

molecule   20
  5.06527472982855986e+00  3.07116238883268000e+00  9.40980849639781169e+00

molecule   21
  7.27046881470481843e+00  2.49721224651155493e+00  5.39409886335726352e+00

molecule   22
  1.33460164175592144e+00  2.32325966068640755e+00  9.42217485691568823e-02

molecule   23
  1.31196033264316525e+00  4.38590802686864478e+00  8.65837053480308683e+00

molecule   24
  1.00758445473301794e+01  6.16369040088587816e+00  7.75135203503733905e+00

molecule   25
  8.13929545885273420e+00  8.46892887251132365e+00  7.20695534721512132e+00

molecule   26
  9.87012414011403294e+00  9.10995030680365758e+00  6.13895239572898799e+00

molecule   27
  2.60656316951852007e+00  9.02836452295993652e+00  4.05977536040435805e+00

molecule   28
  1.03406903432284878e+01  7.90097255030921986e+00  7.47936752600510690e+00

molecule   29
  5.94809354273604463e+00  7.19585590059338998e+00  8.31093034568036337e+00

molecule   30
  5.13164166640941755e+00  5.23711871960561748e+00  2.05388301080940350e+00

molecule   31
  2.14473197208639732e+00  1.01671188541563513e+01  8.81591279219286150e+00

molecule   32
  1.87143648010872399e+00  1.53345653967352624e+00  6.20172681430302575e-01

molecule   33
  6.85998067550823976e+00  9.27762516517824842e+00  3.23196679320941049e+00

molecule   34
  3.41621360484406722e+00  1.00352087874674059e+01  5.58573400589323832e+00

molecule   35
  2.58666647968615404e+00  2.12975059614717477e+00  7.33884348270900322e+00

molecule   36
  5.81555243005168077e+00  2.35593342392800331e-01  6.21450356672158488e+00

molecule   37
  4.44877986397229996e+00  1.37667516644669430e+00  5.62692183820882885e+00

molecule   38
  4.14127068916727392e+00  8.44959552555298821e+00  2.56136603083149739e+00

molecule   39
  3.01396882150182721e+00  1.22122676173030498e+00  4.21209657552012295e+00

molecule   40
  5.78147273713774723e-01  6.21841379742366573e+00  4.11100114598467048e+00

molecule   41
  9.44398942951493048e+00  7.15717132993945260e+00  7.93795922232530238e+00

molecule   42
  7.29917115589182508e+00  6.41710997098894698e+00  6.16701535021231795e+00

molecule   43
  1.51484547559801841e-01  8.55747374114611858e+00  6.49050296726076059e+00

molecule   44
  3.40838563513557524e+00  6.55120164795384330e+00  6.50757086758984471e+00

molecule   45
  7.78417249814424006e-02  9.26682449319591761e+00  4.12838108479987476e+00

molecule   46
  1.02862575736714259e+01  4.67239709766816613e+00  7.67944802130176907e+00

molecule   47
  2.85326262100596795e+00  5.06995110527157511e-01  9.99585699058146915e+00

molecule   48
  9.28004550964197605e+00  6.10690329293952594e+00  8.93524160946434343e+00

molecule   49
  5.33621368673663721e+00  3.68980972041119770e+00  8.40954551858084010e+00

molecule   50
  3.17874096021733310e+00  5.99931334816028183e+00  1.03849281424457946e-02

molecule   51
  5.62242546913821428e+00  5.07302879867121792e+00  1.00975717273737953e+01

molecule   52
  2.68756670426931432e+00  3.94777450044425304e+00  9.68692233880142339e+00

molecule   53
  2.39819758447225206e+00  2.85367794704435784e+00  9.51397281585059496e+00

molecule   54
  5.11208346794700752e+00  6.12446664320988621e+00  6.36894658472823050e+00

molecule   55
  6.66470626129508492e+00  5.17106037947247721e+00  6.02515605618472350e+00

molecule   56
  9.99358187271727871e+00  6.48620456134176626e-01  1.23801381662399423e+00

molecule   57
  7.14644329114176546e+00  7.23594286895533934e+00  9.44293573007304543e-01

molecule   58
  2.05749133910130011e+00  8.78133208898590745e+00  8.92078878904057504e+00

molecule   59
  2.66431743776079566e+00  8.58449133879953918e-01  1.03253767607377589e+00

molecule   60
  3.53806847906292909e-01  4.92370096509109167e+00  3.52958197478717817e-01

molecule   61
  3.72126156599041247e-01  4.94824402037127714e-02  9.40669713157431175e+00

molecule   62
  1.62304483021292723e+00  2.94714349294464917e+00  2.18711119418918853e+00

molecule   63
  8.86631728395171459e-01  2.28657346552568447e-01  5.34498508921485982e+00

molecule   64
  5.89134023671208329e+00  5.65506672061552029e-01  2.67493293078656302e+00

molecule   65
  4.01708656585890012e+00  1.40982991946774905e+00  4.40504605815516115e+00

molecule   66
  4.51787365974811550e+00  1.16892814560258484e+00  6.65223477497909688e+00

molecule   67
  4.64449327223281472e+00  7.14228745158327172e+00  8.19368219188413249e+00

molecule   68
  6.13862267334591127e+00  5.52719919167788731e-01  7.27613519358171157e+00

molecule   69
  2.05836470695854290e+00  9.69986964814753172e+00  6.35409809121637026e-01

molecule   70
  3.47968626897785782e+00  4.11805006406952234e+00  6.16839332070078150e+00

molecule   71
  6.27611799586038632e-01  1.08493197656968646e-01  8.02595776021079921e+00

molecule   72
  1.87761240451376432e+00  7.94952225172368010e+00  5.51993290185163410e+00

molecule   73
  5.82928608341334531e+00  1.54188742886168156e-01  5.16788126955255844e+00

molecule   74
  5.99361460776970745e+00  5.47721605034195402e+00  8.98332630522880926e+00

molecule   75
  1.52671024904809194e+00  9.49088084308261593e+00  6.35209932783819564e+00

molecule   76
  8.51808014963443050e+00  4.81555668696535921e+00  8.86963044164671643e+00

molecule   77
  5.51805868614769324e+00  9.32182823718162368e+00  9.35998910851953703e+00

molecule   78
  6.43689568977385473e+00  7.98188818573255876e+00  1.47049748860947016e+00

molecule   79
  9.69277185795196772e+00  6.49306405020155264e+00  3.27283071978248863e+00

molecule   80
  4.33896801911631247e+00  3.88778858027785529e-02  1.01286440793143839e+01

molecule   81
  3.33180281232997633e+00  6.58827870410131355e-01  5.41155818928615151e+00

molecule   82
  4.73963399217780967e+00  4.18877375515834594e-01  5.51485738341160125e+00

molecule   83
  9.32563671842917330e-01  1.57250672440313433e+00  9.13693109334989195e+00

molecule   84
  2.90832364154171330e+00  6.83943603932197419e+00  5.89857648750432673e-01

molecule   85
  5.19458471115043396e-01  6.30510523048727922e+00  1.52103985479897452e+00

molecule   86
  8.00335317065839646e+00  3.79010079287852841e+00  4.22963059167214350e+00

molecule   87
  1.24084957968215881e+00  4.15445067239292598e+00  3.27071542199598797e+00

molecule   88
  4.76179541588960387e+00  3.37285471314274998e+00  4.19964527578284574e+00

molecule   89
  1.98955017428589853e+00  3.49708744633415058e+00  1.44329268550766909e+00

molecule   90
  2.77015643337613815e+00  3.30010131653040606e+00  2.49703381484894305e+00

molecule   91
  4.81699701486633636e+00  3.58054996084329780e+00  3.15882197931320441e+00

molecule   92
  4.10123068486668885e+00  6.54289971509915258e+00  3.62503578076225752e+00

molecule   93
  6.00313635993843686e+00  3.73089429730657862e+00  5.22332653245082934e+00

molecule   94
  4.34534096674155279e+00  5.48932136288388506e+00  4.61310544186743954e+00

molecule   95
  5.07579998988625913e+00  8.14211324594390007e+00  3.07461249907100065e+00

molecule   96
  5.13352074056400642e+00  6.73963473364446664e+00  7.19838199342126206e+00

molecule   97
  3.35218373916890622e+00  3.94910593625389694e+00  3.93997406793237870e+00

molecule   98
  5.84215457055494714e+00  3.60463528709286729e+00  6.17319752574005864e+00

molecule   99
  8.28828583244770911e+00  1.82614366592766841e+00  1.66059299404009320e-01

molecule   100
  4.52045353282594498e+00  6.84016333107310182e+00  4.48818826866402887e+00

molecule   101
  2.11951522342779564e+00  6.73421683982567476e+00  5.88665384078037235e+00

molecule   102
  5.25879294993449520e+00  7.30817600674641632e+00  1.00747364492335656e+01

molecule   103
  2.51698896478349576e+00  5.85450996896020825e+00  6.55878277409975574e+00

molecule   104
  8.98462547954259527e+00  7.90700772187460821e+00  2.98370074697411347e+00

molecule   105
  5.93319168683181974e+00  5.42682620049733888e+00  4.47948886381097022e+00

molecule   106
  7.69674500509802328e+00  4.51001595227227980e+00  5.44136912917559901e+00

molecule   107
  4.13954513517778810e+00  9.75204667393724201e+00  1.01961262434193767e+00

molecule   108
  1.34788259737036964e+00  5.03427147610681835e+00  4.52262637601155149e+00

molecule   109
  3.28746838397439234e+00  5.94682136627244518e+00  3.64327529617790180e+00

molecule   110
  4.08406239592323850e+00  1.04044341316125588e+00  9.87743310169028277e+00

molecule   111
  4.92235108921434339e+00  9.19025867698779564e+00  2.12930603675452401e+00

molecule   112
  1.33579350122988605e+00  1.36363793326478255e+00  5.46669745718226441e+00

molecule   113
  1.01161229238638017e+00  8.20936911670295366e+00  4.80351634747397327e+00

molecule   114
  2.66501005154247483e+00  7.26611772929763777e+00  5.09379270802436945e+00

molecule   115
  6.93120372756355962e+00  9.50862478465652927e+00  2.03808683342938224e+00

molecule   116
  5.62770131813325747e-02  2.35997411613167740e+00  1.90788424025468406e+00

molecule   117
  7.65481575000249848e+00  2.89937472037673449e-01  3.70485792890479226e+00

molecule   118
  4.56347650547347605e+00  9.88428999401316766e+00  7.81626954982757738e+00

molecule   119
  6.24803402352395754e+00  1.79525959858101242e-01  8.70842817060718666e+00

molecule   120
  8.01709707893466295e+00  3.02195861784461961e+00  8.49554978297174124e+00

molecule   121
  3.77128510697083152e+00  1.88590217405366900e+00  1.10594132060776063e-01

molecule   122
  4.45939975897435659e+00  7.49799999267945960e+00  9.51663544410157414e+00

molecule   123
  3.48740919384783243e+00  4.81709045323649931e+00  9.65564611788718352e+00

molecule   124
  5.93074373233451801e+00  4.23610843838429041e+00  9.52118747145150834e+00

molecule   125
  7.25924463196171654e+00  5.10242212805546114e+00  1.34515167866371210e+00

molecule   126
  8.16493153752570677e+00  8.35369957584003053e+00  1.96688827829478274e+00

molecule   127
  3.42202590425908448e-01  8.90801863334444022e+00  3.05206509664252579e+00

molecule   128
  5.99029581063400673e+00  3.60698760231027915e+00  4.17668654251493621e+00

molecule   129
  4.69618621541067238e+00  1.96917498164295934e+00  6.04534815500927469e-01

molecule   130
  4.35118736654852079e+00  5.09796117041072616e+00  1.14773275460277024e+00

molecule   131
  1.92258475258067385e+00  1.25969255827725291e+00  2.75820020686902057e+00

molecule   132
  1.32111051735301288e+00  9.06386646693950054e-02  3.87375356041981078e+00

molecule   133
  6.07225455300428241e+00  1.55817521349896104e+00  9.39589612709521305e+00

molecule   134
  6.33616275377157745e+00  6.22971669565322017e+00  5.73298998800082282e-01

molecule   135
  6.43554643911054747e+00  1.66676894586733026e+00  7.04280488091234974e-02

molecule   136
  2.76047974109162908e+00  9.51686277636631495e+00  8.38267711587323383e+00

molecule   137
  7.42850890039667178e+00  1.01710849517081989e+01  1.32158282231675778e-01

molecule   138
  3.19556709527217420e+00  1.01324466236062882e+01  6.52935747134999733e+00

molecule   139
  1.04292425674870781e+01  1.02352540296566925e+01  6.14732771099849895e+00

molecule   140
  9.52733201797150819e+00  1.53154179359670128e+00  8.93481784800379586e+00

molecule   141
  1.22084688233754290e+00  9.24935475788976191e+00  9.77019227370827004e+00

molecule   142
  7.06330539441664662e+00  1.02802308662040982e+01  9.29229156630670161e+00

molecule   143
  7.38577374243855100e+00  9.72576321360723028e+00  8.14272207594319930e+00

molecule   144
  3.81218415364324992e+00  9.40155877561230469e+00  2.14089353633182755e+00

molecule   145
  3.19696370581487521e+00  5.42893639390407134e+00  1.33322219555863808e+00

molecule   146
  1.03704730388696280e+01  1.04187584824390065e+01  1.04427239717746616e+01

molecule   147
  5.29334309769133338e+00  2.90472196236841773e+00  5.11148896121760177e-01

molecule   148
  5.34774238588451745e+00  1.00121449292758324e+00  9.02979998636333825e+00

molecule   149
  2.37671124380523180e+00  5.15318857450402756e+00  1.96320067630385386e+00

molecule   150
  1.46702194812102560e+00  5.82066406718391161e+00  2.29991003401691385e+00

molecule   151
  2.12890135074233688e+00  6.65086416085660925e+00  7.00868379156054555e+00

molecule   152
  1.08846942975623628e+00  1.85955494421965173e+00  4.20927441828571958e+00

molecule   153
  1.51075654545229821e+00  5.83027137936153927e+00  7.04551178622364382e+00

molecule   154
  3.97819708037279751e+00  1.00820904108529916e+01  2.91729461358533460e+00

molecule   155
  7.94134883245493839e+00  9.53302764935788716e+00  5.72590168335897864e+00

molecule   156
  9.54563957710366218e+00  5.32272786558244881e+00  3.09442079899104527e+00

molecule   157
  3.05825818265002491e-01  5.63868833957901217e+00  2.22702217352016607e+00

molecule   158
  8.52384731544896290e+00  4.47233725698692108e+00  7.88704806100372968e-01

molecule   159
  9.00450083090314912e+00  8.53846440897545023e+00  4.38796277672833135e+00

molecule   160
  1.06912659674836563e+00  4.71721618241464480e+00  1.01216817176702953e+01

molecule   161
  1.02976358634368257e+01  7.94047145169987978e+00  1.34839251024951734e+00

molecule   162
  9.18293600742058302e+00  8.19064371207221864e-01  6.95163993845631545e+00

molecule   163
  3.12958043090262183e+00  8.65654144150645521e+00  9.18065077437586474e+00

molecule   164
  1.02097720963969856e+01  6.10389040266914318e+00  4.83610274837408038e+00

molecule   165
  3.63929814823245357e+00  4.03378693638411967e+00  7.33723696692214045e+00

molecule   166
  8.52474828015624020e+00  6.89625621337449157e+00  5.44680866784294171e+00

molecule   167
  5.28944067354078395e-01  6.35613285814088069e+00  6.07519814501465927e+00

molecule   168
  2.13598188242292242e+00  1.02576522106198134e+01  5.94730718812631753e+00

molecule   169
  8.08350267440557424e+00  9.24470503448486269e+00  2.57075468471562818e+00

molecule   170
  9.27044164774050827e+00  5.50096517957984954e+00  4.98505033318861024e+00

molecule   171
  7.27355889604796690e+00  7.21513877535311288e+00  5.23537664549385617e+00

molecule   172
  9.26661140237310832e+00  1.01917916815692475e+01  9.85504134467019277e+00

molecule   173
  1.02106199706834815e+01  1.23389447443373013e+00  3.45999839880214255e+00

molecule   174
  8.82707920550129366e+00  9.71345246102248616e+00  4.26550932233271674e+00

molecule   175
  7.05704409693473034e-01  8.13357785001912426e+00  3.75212450449062862e+00

molecule   176
  8.95038329030805535e+00  3.42029702834689786e+00  2.19250347611148255e+00

molecule   177
  4.58502470750703317e+00  6.58965898216530199e+00  1.01115835867126478e+01

molecule   178
  9.47159435528336680e+00  1.60328503777411746e+00  6.24209222496302996e+00

molecule   179
  8.53035801249451175e+00  7.15062740162261168e+00  9.87978307001625566e+00

molecule   180
  1.03762108940666167e+01  2.02338096825660063e+00  6.09657241030119046e+00

molecule   181
  1.20033132633465354e-02  9.48120966920205710e+00  2.20015265933032200e+00

molecule   182
  8.91550017316382615e+00  3.62872688431646218e-01  9.79274050680468688e-01

molecule   183
  6.28406077570758725e+00  9.67765965057735222e+00  5.02367963927463101e+00

molecule   184
  9.48230332064853521e+00  9.28279037982304978e+00  5.16944174963943226e+00

molecule   185
  8.41196811447377613e+00  6.14740329897801274e+00  2.01710331570610357e+00

molecule   186
  7.14932921155111334e+00  1.56605821506319604e-01  7.62764076950506098e+00

molecule   187
  5.67211006946252372e+00  1.94108144305052077e+00  9.30906822820753432e-01

molecule   188
  4.97692706113030070e+00  1.01180374798850181e+01  8.93999144253756839e+00

molecule   189
  6.50985650747403444e+00  2.75472427025237732e+00  6.09254131690901346e+00

molecule   190
  7.56334793734224942e+00  1.24179728321515870e+00  3.86081168948552111e+00

molecule   191
  4.91085854666619248e+00  1.45551330097151377e-01  1.03673230082041501e+00

molecule   192
  7.69679755769016793e+00  7.39666898648837012e+00  8.10983096023016792e+00

molecule   193
  5.85695565045744981e+00  3.87385137449847639e+00  7.19445532144574074e+00

molecule   194
  5.24845401945342882e+00  2.06170912051429767e+00  7.66634065874900461e+00

molecule   195
  5.33297148985760572e+00  2.78536587319177675e+00  6.88028644277846979e+00

molecule   196
  5.70366601887496838e+00  4.63316245110643798e+00  8.06918619064941645e+00

molecule   197
  5.20535043249391283e+00  7.94450808780711171e+00  8.34316573777601178e+00

molecule   198
  6.20899797367989503e+00  6.23746888841874370e+00  3.56450657853135899e+00

molecule   199
  7.86411507171949253e+00  5.73340035600086306e+00  4.34311708162864818e+00

molecule   200
  4.46381033516215719e+00  5.68436724290705087e+00  2.86538162485364367e+00

molecule   201
  1.20025118172660691e-01  3.96871057189238829e+00  6.01413414892867682e+00

molecule   202
  2.16311624467026853e+00  5.80588361708593492e+00  3.04289461166652231e+00

molecule   203
  9.31768355304189733e+00  6.69610872609606034e+00  4.85899089134997197e+00

molecule   204
  8.95419964378561595e+00  2.30462719528703586e+00  8.02334224695741582e+00

molecule   205
  9.74473309124383746e+00  4.62712135771619160e+00  5.45329794961300873e+00

molecule   206
  1.12637109793667056e+00  6.79325884001895020e+00  6.84346810945093065e+00

molecule   207
  1.43170348667162317e+00  9.48023448790130630e+00  2.04294925419246010e+00

molecule   208
  3.57645088252729826e+00  3.21598279148607791e+00  9.17624451228374838e+00

molecule   209
  8.50306380636962267e+00  2.56113411382736489e+00  7.16004853985889067e+00

molecule   210
  9.64222119937764255e+00  5.76391528943300369e-01  4.59482588246512780e+00

molecule   211
  6.95255954567221973e-02  2.63776333021251874e+00  9.73359850146433025e+00

molecule   212
  2.51456910889241714e+00  1.10501124320015159e-01  7.74218715125286927e+00

molecule   213
  3.42452193980646102e+00  1.66303467209558198e+00  6.50135486871029755e+00

molecule   214
  1.24582437934366275e+00  1.75824187955844979e+00  7.68923044464169081e+00

molecule   215
  9.51535546004750721e+00  4.65163219864984934e-01  2.19224061085837718e+00

molecule   216
  3.07959527415535073e+00  2.58460586494742506e+00  5.93629573672247535e+00

molecule   217
  6.85577606398655792e+00  3.73644227166531673e+00  9.54173336221561286e+00

molecule   218
  1.02276807601863418e+01  8.21562262642849817e+00  4.46958980370180914e+00

molecule   219
  2.96712258147018071e-01  5.86207061402169227e+00  6.95639815609183376e+00

molecule   220
  3.86422019067970446e+00  4.74652272276890752e+00  5.27054825879039601e+00

molecule   221
  3.23390480578194861e+00  5.95910269720388541e+00  8.85575286314947618e+00

molecule   222
  4.25187856777144191e+00  5.69805907524299737e+00  6.95272982457382227e+00

molecule   223
  3.53196149393312364e+00  2.96037559859801469e+00  7.65790800208881972e+00

molecule   224
  8.09649035992909738e+00  1.46466387294963529e+00  9.19408484455753694e+00

molecule   225
  3.15877218117288916e-01  4.88532017470221547e+00  8.54359681567964735e+00

molecule   226
  9.06196084352254161e+00  5.59139448647971804e+00  3.23986914556127631e-02

molecule   227
  3.10420849015315525e+00  8.38082576901726739e+00  1.76851816047438493e+00

molecule   228
  7.91216454160506277e+00  5.80687321941436529e+00  8.54128240845145825e+00

molecule   229
  3.66386533823692062e+00  3.93148758767404249e+00  2.93269838324656273e+00

molecule   230
  9.52255249505744139e+00  4.29211939536468368e+00  2.83367844966822124e+00

molecule   231
  8.43094242106676828e-01  7.04196957057004713e+00  7.73514293590499724e-01

molecule   232
  4.18220908653848689e+00  2.62771426191878144e+00  3.81422838688468646e+00

molecule   233
  4.93855077935208886e+00  1.53626473886688864e+00  3.87323514190371920e+00

molecule   234
  2.15152659932951718e+00  9.89237142154791371e+00  4.84995224340491671e+00

molecule   235
  1.55545191535941174e+00  2.88765261940895712e+00  4.66949798810259065e+00

molecule   236
  9.30544458477334047e+00  2.55037287280538072e+00  1.59305018245490060e+00

molecule   237
  7.91094774869081707e+00  1.33905637374767017e+00  2.68427846015586669e+00

molecule   238
  4.20006332568403806e-01  1.47016923222000884e-02  4.50799222917326148e+00

molecule   239
  3.74447082449617152e+00  2.49492814506292770e+00  1.03195110996288530e+00

molecule   240
  1.23621740440376837e+00  5.00112601183174466e+00  1.66430568781808153e+00

molecule   241
  7.27135447246543087e+00  5.25165036276423347e+00  2.32679967850863179e+00

molecule   242
  1.74266092283783158e+00  6.16102089718350854e+00  4.08868107422714733e+00

molecule   243
  3.55554764173076743e+00  4.98480813162671410e+00  4.33835413175304563e+00

molecule   244
  4.02979251941247085e+00  5.47171290818049538e+00  1.03655159865574369e+01

molecule   245
  2.88335789342357707e+00  3.70376978495334264e+00  5.40601605914542116e+00

molecule   246
  1.83141596454303990e+00  3.64189011340508939e+00  9.14810511155398487e+00

molecule   247
  8.38270374971952492e+00  4.79879368696418585e+00  1.75742417747947322e+00

molecule   248
  6.11671445006046799e+00  1.02169766582724506e+01  3.33320680791825597e+00

molecule   249
  6.20354170280319916e+00  2.13724691218680429e-01  4.19930565024955804e+00

molecule   250
  5.80393698590527674e+00  1.45628840777707547e+00  6.12675960289309085e+00

molecule   251
  4.56066988080234825e+00  4.22558851623589637e-01  7.32461604795579291e+00

molecule   252
  5.12771997201248464e+00  2.74331002013502356e+00  2.66764396137554760e+00

molecule   253
  9.85107744998234303e+00  4.74910957795695854e+00  1.64032767085922737e-01

molecule   254
  5.56925920285178133e+00  2.35678827650888856e+00  1.01382354526394156e+01

molecule   255
  6.71608852480407403e+00  4.62484642577546801e+00  8.88584665233712556e+00

molecule   256
  1.53835801408693351e-01  7.44062725876661224e-01  8.58420153277869602e+00

molecule   257
  6.78735706427408925e+00  9.38895707684146785e+00  8.96641696331196947e+00

molecule   258
  9.06698513054709565e+00  2.18569802740105823e+00  4.99485102728568275e+00

molecule   259
  8.74575953096739744e-01  4.28691195660697133e+00  7.38358692121943516e+00

molecule   260
  5.91534062801835070e+00  3.30078261726849354e+00  3.12602311209632422e+00

molecule   261
  5.28909638653403036e+00  1.56874753334346950e+00  4.97897143528510266e+00

molecule   262
  7.61956809365000343e+00  4.58969028458738837e+00  7.10905842565583956e+00

molecule   263
  6.92078035229360999e+00  8.52490645812138759e+00  4.34540711755320341e+00

molecule   264
  3.59301746230807550e+00  6.95779363014697250e+00  5.53577522854847448e+00

molecule   265
  2.15507484484095624e+00  8.61604403752031089e+00  9.98257327541270634e+00

molecule   266
  5.37006065965810375e+00  7.80702445669049716e+00  5.47037055948328366e+00

molecule   267
  2.95590941695616349e+00  7.85402318341914629e+00  2.46368571197549679e-01

molecule   268
  5.85276968066587511e+00  3.48272304566752311e+00  2.01192504264958716e+00

molecule   269
  5.04610053885157139e+00  1.19219799978337515e+00  1.51440792336432772e+00

molecule   270
  2.24270115539440873e+00  8.62589393261569981e+00  7.82258062765999806e+00

molecule   271
  2.49136464299441007e+00  7.65588466983648441e+00  2.40044989635474870e+00

molecule   272
  8.54537755448669323e+00  6.19741479111262628e+00  6.33135418880035861e+00

molecule   273
  6.79657045481280520e+00  5.50024253971984756e+00  3.95248182537388537e+00

molecule   274
  6.95767288372717374e+00  3.92293759773230288e+00  1.02776193197332333e+00

molecule   275
  6.73318573262558129e+00  1.97470459487144190e+00  1.07064850234817799e+00

molecule   276
  6.81952119072631291e+00  3.85724277804153814e+00  2.05820354189729882e+00

molecule   277
  5.10424907832527897e+00  6.58535010763652195e+00  2.26260191290195145e+00

molecule   278
  7.20765692591875062e+00  1.03875685582783761e-01  1.31539477542022398e+00

molecule   279
  3.17676904900953438e+00  1.76915484825163216e+00  1.54110674605823639e+00

molecule   280
  2.87380256555749636e+00  8.06852616728026106e+00  4.27504375307934925e+00

molecule   281
  2.36218139376997005e+00  5.68630606390295767e+00  7.90571187016801424e+00

molecule   282
  3.22522696025962707e+00  4.98991484911319283e+00  7.33657285943180959e+00

molecule   283
  4.15304074151472191e-01  5.50305923052813117e+00  9.64095003723243593e+00

molecule   284
  3.14056078427757068e+00  3.63730152793246653e+00  8.43367045083209810e+00

molecule   285
  1.19161373361578810e-01  9.74764821403037018e+00  8.23852780303211674e+00

molecule   286
  1.22328618143651924e+00  7.04128704389948545e+00  3.76565730257266207e+00

molecule   287
  2.12790084492088999e-01  9.66416098404786084e+00  7.07197381564620198e+00

molecule   288
  1.36851166216878251e+00  9.52784939752750937e+00  8.58565035082617634e+00

molecule   289
  8.23359039317916519e+00  1.27247195796673984e+00  7.86772840756706771e+00

molecule   290
  1.72907528744539141e+00  1.34941011494466356e+00  9.91877383406770718e+00

molecule   291
  2.18946015345673262e+00  4.24748549650783858e+00  4.55932353625367881e-01

molecule   292
  8.12988439261745910e+00  2.30187056951666280e+00  1.43708810128567199e+00

molecule   293
  1.16058244221248816e-01  3.08081266618683802e+00  1.15458022159042728e+00

molecule   294
  1.93105092021503222e-01  3.63669202904739741e+00  7.20182834844985997e+00

molecule   295
  8.37857161283307050e+00  3.88845661322969693e+00  7.20892616943871545e+00

molecule   296
  1.02167659792187617e+01  1.04976226540296347e+00  1.03450073812601193e+01

molecule   297
  9.36238775535253609e+00  7.82818834169585376e+00  1.00436996247957353e+01

molecule   298
  1.03912935333105754e+01  8.12524655843707855e+00  9.14873139410432046e+00

molecule   299
  8.84906230372774871e+00  6.98439946937005463e+00  2.34476324886071241e+00

molecule   300
  8.39070386188847905e+00  9.91937802994756446e+00  9.22065684284453013e+00

molecule   301
  9.71997945726264057e+00  8.99736691792383958e+00  8.55873857986851050e+00

molecule   302
  1.33413137984063346e-01  8.60646429011324798e+00  5.40629028137621059e+00

molecule   303
  8.35200063553765659e+00  3.42658894442683692e+00  1.17147117528848743e+00

molecule   304
  5.33351592493777016e+00  6.42465076251135159e+00  5.01887875047688681e+00

molecule   305
  8.68893945553433866e+00  7.58580127251405845e+00  1.33078083585491025e+00

molecule   306
  6.92732428019618762e+00  2.21227877746176782e+00  9.49069906538078456e+00

molecule   307
  6.04280162590146741e+00  4.83531685048733184e+00  1.95473009255699615e+00

molecule   308
  4.93990162090963558e+00  7.27226026164617334e+00  5.50932816367143197e-01

molecule   309
  3.86644398665060596e+00  9.81736480417868052e+00  8.67392165451650499e+00

molecule   310
  5.67228033820655586e+00  6.11125073238169580e+00  1.47734634650495522e+00

molecule   311
  4.89180913949509932e+00  3.65121866757673086e+00  5.67058046189891041e+00

molecule   312
  7.20895064975411959e+00  7.97715015279637552e+00  2.84617042557452660e+00

molecule   313
  5.90789580677853898e+00  7.73855835480140097e+00  4.11687791943111048e+00

molecule   314
  8.03094165862589016e+00  7.97962449254746442e+00  3.53517059362456676e+00

molecule   315
  6.73495186209452612e+00  8.06433548692915636e+00  7.36437913033705538e+00

molecule   316
  4.54409350061137030e+00  8.11508383581445791e+00  7.58023762221208131e+00

molecule   317
  9.85840158078304007e+00  7.77155275624239827e+00  6.65700877992781859e+00

molecule   318
  6.12041494587234514e+00  8.36952833129776508e+00  3.34271685495393545e+00

molecule   319
  6.49294848527205026e+00  7.65100498293632025e-01  5.72623174158291093e+00

molecule   320
  7.89462742663580563e+00  1.93809924755971447e-01  9.69041228204285332e+00

molecule   321
  9.62222845430029672e+00  2.80903087050942402e+00  7.34410069335321403e+00

molecule   322
  8.92034159602211041e+00  4.65281534135337793e+00  7.75220667961016474e+00

molecule   323
  7.40109757952045300e+00  4.97936937162168203e+00  8.19071251419478941e+00

molecule   324
  1.01829167051447165e+01  6.88899311699781514e+00  1.34764027572394540e+00

molecule   325
  8.57631078282331494e+00  5.87715292419653501e+00  3.06010952590337304e+00

molecule   326
  8.13625512849846189e+00  4.83781370128360155e+00  3.85643108172369375e+00

molecule   327
  6.00866262809045448e+00  3.45344335112216783e+00  1.01841256153346329e+01

molecule   328
  1.00033148224138522e+01  7.50404809034449904e+00  3.41610407785279913e+00

molecule   329
  2.00067014510331864e+00  5.23858390234711102e+00  9.82625421934685717e-01

molecule   330
  1.03024513150690176e+01  6.82055527214015278e+00  1.04276265758252489e+01

molecule   331
  7.36833203712716678e+00  6.95433783158495800e+00  8.97108548234490755e+00

molecule   332
  1.01798998347331171e+01  3.55484362730603998e+00  8.16343282602124098e+00

molecule   333
  6.85849574283186492e+00  9.44799994621179251e-01  8.10593949853588569e+00

molecule   334
  6.91704497271853902e-01  1.06484018321055718e+00  7.29744708537351894e+00

molecule   335
  9.43164291651764231e+00  2.94687337349567580e+00  1.01149882209747002e+01

molecule   336
  6.83570901460163771e+00  3.05431070748620970e+00  2.92498894507305351e+00

molecule   337
  8.84434965934849693e+00  2.60772037008673285e+00  7.44168181743313228e-01

molecule   338
  8.59529257542111402e+00  8.54804623714418788e-01  4.41358712631119943e+00

molecule   339
  9.32126685360952112e-01  2.60341587301008337e+00  5.80169556119463792e+00

molecule   340
  2.36288122588671268e+00  1.02787571075232975e+00  5.59854511441004643e+00

molecule   341
  3.49594655306642466e+00  5.21991639721937695e+00  6.23957610409265229e+00

molecule   342
  7.86435300215655086e+00  3.49187802742722475e+00  2.09777686569127697e+00

molecule   343
  4.56227744788223699e+00  4.60600185144185748e+00  6.28765802708638954e+00

molecule   344
  2.34374976350223863e+00  1.00134238545793242e+01  3.29208116743276102e+00

molecule   345
  1.04382872331878236e+01  7.42518573529766002e+00  8.53496588872081752e+00

molecule   346
  3.18775606158276537e+00  8.53495033351469523e+00  8.14827350035856135e+00

molecule   347
  1.68986135203712839e+00  5.39073051408495374e+00  5.98041965232506190e+00

molecule   348
  3.87934870348517924e+00  8.00108355706978180e+00  3.61496760965990971e+00

molecule   349
  3.68728136222885228e+00  9.12824505324645230e+00  7.37000356426095671e+00

molecule   350
  3.89939231924563501e+00  4.97959430344832743e+00  8.19716059222980142e+00

molecule   351
  3.29155479890545433e+00  3.37071452943018324e+00  2.50835383394661882e-01

molecule   352
  5.25662172704301511e+00  5.46303442080354618e+00  3.67683315610601547e+00

molecule   353
  5.56786479061241213e+00  6.47818291726290685e+00  8.81257603958117919e+00

molecule   354
  7.33328914392292219e+00  8.28278686857461643e+00  1.28986359213186708e+00

molecule   355
  5.13858839663535871e+00  9.93926577847636494e+00  4.86174384242332516e-02

molecule   356
  9.93390485572498072e+00  5.97489176533183830e+00  9.91165738302126265e+00

molecule   357
  8.84374823013303057e+00  9.15518426965788668e-01  3.03724131655418805e+00

molecule   358
  7.19017767686813780e+00  6.63174332652091136e-01  6.70956539014007536e+00

molecule   359
  9.62196085141247970e+00  1.01314352884766112e+01  6.97451132811732322e+00

molecule   360
  4.14764905451209087e-01  7.28087548456528300e+00  9.47118592843328777e+00

molecule   361
  9.34367023882169434e+00  9.74787185521811139e+00  6.25782634255603099e-01

molecule   362
  7.91720029008920267e+00  7.84043975087486888e+00  4.41284478033943592e-02

molecule   363
  1.02854640621000382e+01  8.99026678702449722e+00  1.53887105175711664e-01

molecule   364
  9.44025402819028869e+00  9.79425489339834243e+00  1.81310346932169120e+00

molecule   365
  3.77717484534575698e+00  9.49755285933952287e+00  1.18113809694652031e-01

molecule   366
  1.26584272150496124e+00  6.60447342833644591e+00  8.11222112281713592e+00

molecule   367
  1.19254545108246401e+00  3.18427609868856099e+00  7.23149166436191981e-01

molecule   368
  1.96475811283712409e+00  3.80062868998670611e+00  6.06706768614711933e+00

molecule   369
  8.35003913013399490e+00  7.81951090967698459e+00  5.06121706611953215e+00

molecule   370
  4.24001422864648436e+00  7.88563391674342284e+00  5.18488206478336444e+00

molecule   371
  4.34890217316435024e+00  4.06497625487003855e+00  8.24628534449113282e+00

molecule   372
  8.98742967513124924e+00  7.51858533109205940e+00  4.31580949483234022e+00

molecule   373
  2.23431084703134264e+00  4.65850742078986890e+00  2.97547828732529362e+00

molecule   374
  5.31973497853098110e-01  8.85830302658563795e+00  8.13629873028383166e+00

molecule   375
  9.45736348425422158e+00  7.35216665327567842e+00  9.04363306778441611e+00

molecule   376
  1.32746138391637003e+00  3.38571713569052513e+00  3.85675329891718333e+00

molecule   377
  4.12714410297860101e-01  1.23791733046627983e+00  1.89368801235113104e+00

molecule   378
  4.25798656416883148e+00  4.22635335063556439e-01  8.63889593814323575e+00

molecule   379
  1.00641408175690721e+01  2.11077085778722218e+00  5.05669052593906709e+00

molecule   380
  3.80955852939918715e+00  2.98393636218741543e-01  4.66031805129767474e+00

molecule   381
  3.23341671620475335e+00  2.19484288431862318e+00  4.14449716428330106e+00

molecule   382
  9.37903635125030988e+00  5.51253194706263816e+00  2.11016826707944283e+00

molecule   383
  8.59560065772168436e+00  8.90576618523851771e+00  3.39922970069160124e+00

molecule   384
  9.85576532614739165e+00  3.62811404410476657e+00  3.75094972578119901e+00

molecule   385
  7.18586546371702184e+00  1.05827867999423098e+00  9.24607113436191241e+00

molecule   386
  7.61792605308108151e+00  2.69422424824185125e+00  3.95067052130379848e+00

molecule   387
  1.03170847843033631e+01  7.22265962361963787e+00  5.76524665009541160e+00

molecule   388
  1.35096146097184189e+00  6.37851712181861763e-01  6.22747328441232462e+00

molecule   389
  9.34520306509569920e+00  1.16397484511305005e+00  8.04284700232686589e+00

molecule   390
  8.48855815329987351e+00  1.00462384110201643e+01  6.52833660126211335e+00

molecule   391
  7.19146975889526363e+00  9.73723593000343968e+00  4.37397326669665709e+00

molecule   392
  7.36216122991044841e+00  7.38246233420275377e+00  2.07531846584542157e+00

molecule   393
  7.23708918735603834e+00  5.02941348222238460e+00  9.99166594992445312e+00

molecule   394
  6.36279522335873970e+00  8.93381943807546186e+00  1.35580332182456265e+00

molecule   395
  3.38921701862720193e+00  7.17179969994091504e+00  4.33722850947242744e+00

molecule   396
  7.16198025657939130e+00  7.91707903881531205e+00  6.10722416081927388e+00

molecule   397
  7.67129038840304212e+00  5.56457092645230933e+00  6.40322210373600953e+00

molecule   398
  8.84990556720946486e+00  3.60416525021103729e+00  8.15446446242346035e+00

molecule   399
  4.69352290832023122e+00  6.84354737526619417e+00  5.80455029483381679e+00

species    1
nMolecule  400

molecule   0
  8.78542480208850662e+00  1.01053985180792179e+01  8.13791558495792522e+00

molecule   1
  6.63604819406037727e+00  8.92424910046878672e+00  5.59004996418097289e+00

molecule   2
  7.96540536032581326e+00  9.14561957707307549e+00  4.62900735565955390e+00

molecule   3
  4.28310243990035389e+00  9.04645924372629828e+00  6.46107865838303130e+00

molecule   4
  5.47691075089779300e+00  8.81378600478228158e+00  5.07975796026740056e+00

molecule   5
  2.81064180000630470e+00  8.28137214328766724e+00  3.14846899338968056e+00

molecule   6
  7.10307731586740587e+00  2.01052427593132510e+00  8.43210364397071643e+00

molecule   7
  5.88738024148034711e+00  1.02507384346233668e+01  1.08427258243261981e+00

molecule   8
  2.66403194471449600e+00  3.29902089893236816e+00  6.68224004497776303e+00

molecule   9
  1.07077988405956970e+00  8.77064001838271423e+00  6.91220015073867167e+00

molecule   10
  1.76486681654268751e+00  2.21557347207279420e+00  8.66301115484955098e+00

molecule   11
  7.15165434597852556e+00  7.23768403121555348e+00  6.81717470186968200e+00

molecule   12
  2.11915030065327459e+00  7.37297766533952714e+00  6.67486462457887314e-02

molecule   13
  8.69157523708355839e+00  1.04185611178130655e+00  5.70136718143399968e+00

molecule   14
  7.97722009973580981e+00  4.87524026290947765e-01  8.48104843541389819e+00

molecule   15
  5.61765111925075455e+00  1.03193181808294074e+01  8.01962676310914802e+00

molecule   16
  4.10082874452220558e+00  6.13115373342726944e+00  9.38934651522848185e+00

molecule   17
  3.50549878652538682e+00  1.29007775652952050e+00  8.92841306544216273e+00

molecule   18
  4.59471856420389990e+00  8.96564821461993455e-01  4.03978403682072218e-01

molecule   19
  1.32090830610941001e+00  9.35215078364152674e+00  7.64381715385159577e+00

molecule   20
  6.44134618887186772e+00  5.42044818542214379e+00  8.04356023728571934e+00

molecule   21
  9.39788392708542086e-01  7.48851963792850306e+00  1.03696174461712509e+01

molecule   22
  2.20189089209331890e+00  3.68168135687020026e+00  3.23940357882811103e+00

molecule   23
  9.36368907379936566e+00  8.66125878531186899e+00  9.20053581551080746e-01

molecule   24
  8.67566706549787447e+00  4.28336115818157381e+00  4.96400710480778251e+00

molecule   25
  5.35156983339867387e-01  3.63562426959307938e+00  4.77606215527598987e+00

molecule   26
  8.34740599726648291e+00  1.65722416815951479e+00  6.51956762521390942e+00

molecule   27
  4.48862823293966873e+00  4.61521164022997787e+00  2.50053362632379939e+00

molecule   28
  6.91205669567994274e+00  8.04812395763989308e+00  8.54245741546091253e+00

molecule   29
  6.40850007964238344e+00  2.45814325781158560e+00  2.25502683431263762e+00

molecule   30
  6.67334191602031268e+00  4.31900523559603222e+00  1.04541980779070052e+01

molecule   31
  7.70507066573195232e+00  4.09451511157016679e+00  1.01523831344919646e+01

molecule   32
  8.38716458213950666e+00  9.96055090345312699e+00  5.39439026594451865e-01

molecule   33
  1.04019009765962567e+00  4.30573857442377328e+00  7.76177194226361000e-01

molecule   34
  1.51163494759333417e+00  5.05633861244050742e+00  7.78584755680499896e+00

molecule   35
  5.90346141874313979e+00  9.36390314644379274e+00  2.67782969115666258e+00

molecule   36
  6.18148743924125199e+00  2.64974218803958106e+00  7.76749869573768059e+00

molecule   37
  7.40017901142769574e+00  1.23308825655003096e+00  1.01626155434624295e+01

molecule   38
  4.36044664070499621e+00  4.53780210466745526e+00  2.13268570394447521e-01

molecule   39
  5.54175520452001180e+00  2.88010004422900856e+00  4.82976205520218826e+00

molecule   40
  4.76973913933342342e+00  9.21377432387591355e+00  3.27397839787362832e+00

molecule   41
  6.65738724303044371e+00  8.64320979257299626e+00  2.36374190574245491e+00

molecule   42
  2.79612390961081836e+00  7.52547282448571320e+00  6.31426662459643318e+00

molecule   43
  7.07649479789801306e-01  6.04701402838005375e+00  1.73242328604427342e-01

molecule   44
  3.24892758152213412e+00  9.73782639210295287e+00  4.56408474013153764e+00

molecule   45
  6.65200697499471705e+00  1.04423036116840411e+01  2.22277313576618551e+00

molecule   46
  8.70629610639973350e+00  2.27117927573505900e-02  5.42812258457022612e+00

molecule   47
  1.45372259904396683e+00  1.01676564867921506e+01  2.77786378406428280e+00

molecule   48
  8.57052324053758419e-01  8.89611646379320553e-01  3.40185956411528378e+00

molecule   49
  4.90651811160900841e+00  8.62584682817141335e+00  8.22449127610385723e-03

molecule   50
  1.15145527627623401e+00  7.81155100886150056e+00  1.65523117373540463e+00

molecule   51
  1.14738548561212150e+00  5.44029199588353585e+00  8.75665000971276619e+00

molecule   52
  9.81312481709990259e+00  1.63513282812919303e+00  1.57036587458028265e+00

molecule   53
  3.52493649496408379e-01  7.92466519329468255e+00  2.30132679569399468e+00

molecule   54
  1.56042608354323020e+00  7.27416397518012015e-01  7.90058748254374965e+00

molecule   55
  4.87399924950782726e+00  9.75336591329096669e-01  2.67182258358187630e+00

molecule   56
  1.02550692306847306e+01  9.62256930605203453e-01  6.50272858707369039e+00

molecule   57
  9.65398315223980852e+00  5.34991766023753268e+00  7.16475506039305543e+00

molecule   58
  7.69358946933765164e-01  6.07167862915355627e+00  5.10645153452667699e+00

molecule   59
  9.57300816431428991e+00  8.11649614916620266e+00  5.73411716917331038e+00

molecule   60
  1.94772426922588493e+00  3.17735877505049924e+00  1.04335526049494369e+01

molecule   61
  1.25306485835518705e-01  1.79879871762675636e+00  8.45940678787622247e+00

molecule   62
  8.64921719048440529e+00  3.59904495625098253e+00  9.11875559667783619e+00

molecule   63
  9.80422517713961206e+00  1.84155645272204982e+00  2.69464391845075379e+00

molecule   64
  8.05201939936360134e+00  9.31062848445888269e-01  7.20835312082656721e-01

molecule   65
  1.28060551939012640e-01  9.77180579829146738e-03  1.72365023065284229e+00

molecule   66
  4.28586919531566846e+00  7.38103671551775875e+00  2.89210005604308718e+00

molecule   67
  7.39649812716403687e+00  4.25408546475141947e+00  3.29473039069638274e+00

molecule   68
  7.54860099285118658e+00  6.11224403507102276e-01  4.87874312154993639e+00

molecule   69
  9.38999238505600076e+00  9.04256490871020979e+00  9.60851892390078355e+00

molecule   70
  8.37364001338392860e+00  2.86452525749454656e+00  1.02982925334260340e+01

molecule   71
  5.11960659096972570e+00  1.03465032313113365e+01  2.18822004911471701e+00

molecule   72
  1.96276502874754488e+00  4.15492024633633594e+00  4.12801948249161921e+00

molecule   73
  2.41614728330405404e+00  1.36054449177851433e+00  8.00179321644234776e+00

molecule   74
  8.84432782509470705e+00  5.62322588494646869e+00  4.08418243746073362e+00

molecule   75
  8.00719927524402020e-01  5.09046292914779741e+00  3.69380893605238958e+00

molecule   76
  1.19556951073218820e+00  2.77612209476986793e+00  9.33454793276743899e+00

molecule   77
  2.87003997696866797e+00  4.82170764856678957e+00  8.77601403250984369e+00

molecule   78
  9.62814479520717015e+00  4.28083213511549854e+00  7.02571577577847250e+00

molecule   79
  4.17443733193104816e+00  2.85095843891776646e+00  1.04967954287059947e-01

molecule   80
  8.86063261601501928e+00  2.44816895873591811e+00  9.17780377506544198e+00

molecule   81
  6.60807458027156125e-01  1.43096410072581937e+00  1.01919905898806338e+01

molecule   82
  1.55563994397450611e+00  1.03122736417824434e+01  9.98886383021109836e+00

molecule   83
  8.81552612508374267e+00  8.75458734885980805e-01  9.93744710651491658e+00

molecule   84
  2.48556540200582132e+00  7.54834195527899254e+00  8.28659252618787079e+00

molecule   85
  1.03850832787625471e+01  9.62853717619241678e+00  1.11468648287098548e+00

molecule   86
  3.33065763467720366e+00  6.66989562256770174e+00  7.73059884111112083e+00

molecule   87
  7.39573307869955521e+00  6.10799417300461300e+00  7.16014940659734478e-01

molecule   88
  2.90938884398642372e+00  4.95581828791154422e+00  2.54526990021205823e-01

molecule   89
  7.02502049708002740e+00  3.29519661078759540e+00  1.55106260274466445e-01

molecule   90
  7.57836332378072797e+00  1.47631802589127781e+00  5.49283069557174297e+00

molecule   91
  9.33283858270741185e+00  1.64025706539104776e+00  3.84377169647705808e+00

molecule   92
  7.20611566290086625e+00  1.75253537272830551e+00  7.22484864558106654e+00

molecule   93
  1.00290282516362037e+01  8.94136438957827551e+00  7.21382042076416319e+00

molecule   94
  7.33910099339951838e+00  3.56498334209766421e+00  6.15316256063539146e+00

molecule   95
  5.23211604557455967e+00  2.70062973504807813e+00  1.60212900789722967e+00

molecule   96
  5.39561891904614477e+00  4.79089196135790818e+00  5.49118868598116538e+00

molecule   97
  7.54455773813399055e+00  2.45185655901601374e+00  6.45509144307157801e+00

molecule   98
  1.02786296902867971e+01  1.13123139641944537e+00  5.39684982196509910e+00

molecule   99
  9.61823572798358128e+00  4.40491547306001152e+00  8.58525069788194628e+00

molecule   100
  8.20061501998719500e+00  7.95637232003953976e+00  6.15799117793855366e+00

molecule   101
  9.88914397096978171e+00  2.25469319531928170e+00  7.10248779095336791e-01

molecule   102
  1.08929327257290143e+00  7.34326713882169813e+00  5.90599667190488198e+00

molecule   103
  2.03205359074104663e+00  7.85475591233026194e+00  9.12188230190325577e-01

molecule   104
  8.26696635561967597e+00  6.38296902681864609e+00  9.36668590953233654e-02

molecule   105
  4.14561485697471266e+00  3.29185507347022988e+00  1.83359784596901099e+00

molecule   106
  6.43530792305514421e+00  2.07356472590252849e+00  5.06798881306753302e+00

molecule   107
  5.00195064798159006e+00  3.74064739105637090e+00  1.03087231126743699e+01

molecule   108
  3.70197563016060815e+00  8.49921054911135876e+00  1.00832348024437888e+01

molecule   109
  4.80622347406903216e+00  5.42292614132720896e+00  7.99228801474117034e+00

molecule   110
  8.90934566765493052e+00  2.94453053646409080e+00  6.27430260608389556e+00

molecule   111
  6.59677559264312130e+00  4.71072169461295687e+00  7.46816259187558007e+00

molecule   112
  7.48478182373967726e+00  1.03520407507268608e+01  2.77109382619621325e+00

molecule   113
  2.70298897783933523e+00  8.67939574705686212e+00  5.40050379884630249e+00

molecule   114
  9.53971961083155584e+00  1.04218555422010510e+01  3.38498074043164054e+00

molecule   115
  1.93099721098402149e-01  5.44072738560422597e-01  2.68417007188923629e+00

molecule   116
  8.80328600042600584e+00  1.59399653928335727e+00  2.03116547207918874e+00

molecule   117
  8.26595980881029746e+00  9.24042411382515283e+00  1.48628801480806039e+00

molecule   118
  7.43044365169961107e+00  1.45947435913705292e+00  1.46736815357057138e+00

molecule   119
  7.07645526455252361e-01  9.67156949770367369e-01  4.61072902045026378e+00

molecule   120
  9.58275551262914149e+00  5.19394823266884043e+00  9.39937519128182153e+00

molecule   121
  8.56749313362965204e+00  4.67288612892285826e+00  2.79426600873311104e+00

molecule   122
  8.07273864898620452e+00  3.34300128376375261e+00  3.26882972221020296e+00

molecule   123
  8.79642677538552320e+00  4.03161219672944249e+00  6.06205191754267325e+00

molecule   124
  6.56936593162064053e+00  2.73183540362942523e+00  4.32527861611822217e+00

molecule   125
  8.28818624376691737e+00  2.87344600401546968e+00  5.06616694083330810e+00

molecule   126
  2.01317524733576003e-01  4.86264467891520802e+00  6.71044853163199218e+00

molecule   127
  1.42542441583642110e+00  4.26550779608336317e+00  5.22133360719429884e+00

molecule   128
  5.63848868385406909e+00  5.01115343630288734e+00  6.51067923048859054e+00

molecule   129
  4.06479717124805795e+00  3.66679297604216137e+00  5.02923823976475326e+00

molecule   130
  5.56382763171248840e+00  9.68170072007823279e+00  5.87642359042128337e+00

molecule   131
  3.62125178026243955e+00  8.29118251126393702e+00  8.66876686830494347e-01

molecule   132
  7.41753175777125051e+00  8.90852386192192114e+00  6.48198195769822938e+00

molecule   133
  6.72835661090089765e+00  1.95201945614971617e+00  3.38244444497901320e+00

molecule   134
  6.13683651010728237e+00  9.32158463221338351e+00  3.94173194452974318e+00

molecule   135
  7.49032764692342656e+00  5.58593631739699426e+00  3.25767724784049806e+00

molecule   136
  4.29314622586441796e+00  4.99531010438157974e+00  3.55997943315928644e+00

molecule   137
  1.01141773717486565e+01  5.72626152248740006e+00  7.02214962341126125e-01

molecule   138
  6.29834992609352273e+00  7.06766183160240846e+00  9.60899286712749223e+00

molecule   139
  8.42625177395827762e-01  8.67306762119119590e+00  3.35004032051351652e-01

molecule   140
  1.03746409005342546e+01  4.26195963693049684e+00  9.77653484266406814e+00

molecule   141
  8.45184931306504339e+00  4.85019027783237089e+00  9.92204618779343406e+00

molecule   142
  6.45926915705036198e+00  8.41840321640264833e+00  4.30764595149977725e-01

molecule   143
  5.80946424024800478e+00  1.58110332309584711e+00  2.13027785356522026e+00

molecule   144
  1.91432309364302600e+00  6.99057489969868584e+00  1.96372468080591145e+00

molecule   145
  1.86283355630175285e+00  8.57121164496092369e+00  2.42680345198039138e+00

molecule   146
  8.22978742277596886e+00  1.03174855895834909e+01  1.73843515335926102e+00

molecule   147
  9.70471002621792600e+00  7.95579336900537015e+00  2.24010658952470099e+00

molecule   148
  7.32194205754280869e+00  2.30932573123670082e+00  1.04417143699187598e+01

molecule   149
  8.13612277641189152e+00  7.55087189381388946e+00  2.65343314117371154e+00

molecule   150
  8.76593318434542468e+00  9.18628868693588174e+00  1.03705753869948687e+01

molecule   151
  1.23930531789187781e+00  6.54924037285427740e+00  9.32499412674608408e+00

molecule   152
  2.40662337596538833e+00  2.81164645081667075e+00  3.87653690045540156e+00

molecule   153
  3.16313012436939767e+00  8.77822295750362436e+00  6.21110212131030792e+00

molecule   154
  3.25227931753680455e+00  1.01647756092707375e+01  9.31983235875400773e+00

molecule   155
  6.33532979358252835e+00  6.22878369550009126e+00  5.70957196704651704e+00

molecule   156
  4.49568652736097274e+00  3.55343541342318847e+00  6.78694751604443791e+00

molecule   157
  3.17504904419419098e+00  8.03805936419206724e+00  7.23985886405681711e+00

molecule   158
  4.25847854612190524e+00  9.00676935927782907e+00  4.23021711333143191e+00

molecule   159
  4.70459295574348779e+00  7.85312176063001210e+00  4.28903164150690230e+00

molecule   160
  8.36295572232363327e+00  2.49713238641698282e-01  7.43013154423551114e+00

molecule   161
  1.21708888001890969e+00  1.03090650797045917e+01  6.99575977093244816e+00

molecule   162
  3.46052357113832176e+00  6.22368752992737662e+00  4.78745006695402786e+00

molecule   163
  9.93470380583986312e+00  6.43460361918249291e+00  2.20981575093551230e+00

molecule   164
  9.30154469913315074e-01  3.63627887114959947e+00  1.02665400445966561e+01

molecule   165
  2.04212533372899907e+00  1.02621519002809034e+01  1.53573381431453715e+00

molecule   166
  1.80846183983665521e+00  8.93725771496791666e+00  3.52425839766569871e+00

molecule   167
  2.33481455803802662e+00  5.79824053680601414e-01  3.40397977338110458e+00

molecule   168
  5.09577423309376254e+00  8.32411649934005737e+00  9.38042569940777504e+00

molecule   169
  1.57421655948848316e+00  4.07185064250710038e+00  2.23227989710615971e+00

molecule   170
  4.43732255543133913e+00  9.17113167135852869e+00  9.30720590053141095e+00

molecule   171
  2.43996987034552726e+00  1.39199530414757344e+00  9.18085068439751062e+00

molecule   172
  4.13932973398390747e+00  6.26127811653996158e+00  8.21971591405190338e+00

molecule   173
  4.22666074337761355e+00  2.23650814582314572e+00  9.66034679637207816e+00

molecule   174
  3.85408862031528754e+00  4.33787294988637828e-01  6.28038131516776232e+00

molecule   175
  6.88447115034932633e+00  1.71742005964983546e+00  6.32941148031786405e+00

molecule   176
  8.03059682770720151e+00  6.74782062528574667e+00  1.35230227520942781e+00

molecule   177
  4.70307236745270441e+00  4.54515433409253067e+00  4.44028227663598329e+00

molecule   178
  5.37202274494725796e-01  3.54694533284600988e+00  2.16395478642738759e+00

molecule   179
  7.55280412387760514e+00  2.55813573137056549e+00  2.29046106932919313e+00

molecule   180
  5.74062165454014472e+00  1.91601783411816484e+00  3.16072182860451045e+00

molecule   181
  3.30427907676635524e+00  3.03299452663905145e+00  3.55980501143735184e+00

molecule   182
  5.14077840481851922e+00  6.10220016889261974e-01  4.46173683616035621e+00

molecule   183
  4.37176868756272619e+00  1.01739795682940510e+01  3.80432206439144638e+00

molecule   184
  7.83880978582385790e+00  5.81967636606220129e+00  9.71741247123414986e+00

molecule   185
  6.37177063694055157e+00  6.88277938724416760e+00  4.91587284848642447e+00

molecule   186
  1.84216681923535415e-02  7.85334212168405177e+00  2.81702723119011678e-01

molecule   187
  2.31037736282777351e+00  7.07972949462171464e+00  4.13255116112213905e+00

molecule   188
  1.12805550765347196e+00  7.99836543056469562e+00  8.73426004409907009e+00

molecule   189
  8.35054976861657217e+00  6.44354298364707656e+00  7.58677739609164359e+00

molecule   190
  9.23381843870083330e+00  8.20881993634966634e+00  7.74648264384596708e+00

molecule   191
  4.16170244785987276e+00  7.14807140234116556e+00  7.02437325957999281e+00

molecule   192
  1.38741479505420928e+00  6.60529277403950954e-01  1.94123806134601062e-01

molecule   193
  8.80814668074112239e-01  1.96352333263127221e+00  2.60028122200853584e+00

molecule   194
  3.64287291860989448e+00  6.60329804471482484e-01  2.69500802437323494e-01

molecule   195
  2.11287333693383772e+00  1.68051329564753948e+00  4.19443128320210423e+00

molecule   196
  3.18930510122237809e+00  1.54724325760638548e+00  3.11504175011070794e+00

molecule   197
  3.92943585241411464e+00  9.48826529779694727e-01  2.36729080384672264e+00

molecule   198
  2.46037284722483118e+00  2.16177545415979022e+00  2.18515290466264966e+00

molecule   199
  2.51680701110532334e+00  5.49216974476057995e-01  2.15379981840505330e+00

molecule   200
  8.37522725465896123e+00  5.43546420232871696e+00  7.17780834054077221e+00

molecule   201
  7.18745323113479184e+00  2.94414190282411026e+00  7.35361999756290707e+00

molecule   202
  6.80027243044408447e+00  6.03027033501739318e+00  9.42251309665369163e+00

molecule   203
  6.38243385346259995e+00  3.79544646395734775e+00  8.07054971558147471e+00

molecule   204
  6.33396855352785249e+00  4.88964796218935138e+00  7.95559543811104941e-01

molecule   205
  5.22350268719385546e+00  4.98668053528118982e+00  8.59310288853267989e-01

molecule   206
  2.98117293885629087e+00  4.19477925587968148e+00  1.95331213203006482e+00

molecule   207
  6.88700302891690797e+00  7.48933920464198355e+00  3.80840911596775467e+00

molecule   208
  8.57666392781092846e+00  6.89917311748678763e+00  8.79216339030078231e+00

molecule   209
  6.98998061296358220e+00  3.53112823171775503e+00  3.92649939374998969e+00

molecule   210
  4.28219433925468795e+00  2.01882426378427571e+00  7.27023440200069615e+00

molecule   211
  3.84396887130467713e+00  6.56651407843419133e+00  2.50819687779988776e+00

molecule   212
  3.08045976236848817e+00  3.08634115970352108e+00  4.61363844022578462e+00

molecule   213
  4.42012627645347678e+00  2.88407748458684843e+00  8.26234487676485863e+00

molecule   214
  2.34831803372595882e+00  4.28192932944095084e+00  7.94527360644428526e+00

molecule   215
  5.27439422145597714e+00  2.39002298430069748e+00  5.57912612785369788e+00

molecule   216
  6.83659264044443660e+00  6.33953876199984823e+00  8.32830514228808738e+00

molecule   217
  7.72920910808628125e+00  7.80088487981762402e+00  9.45415562743316329e+00

molecule   218
  5.27125882588302819e+00  6.26205752684139316e+00  3.39586309692741284e-01

molecule   219
  4.90058099870134711e+00  7.37191777838346241e+00  1.69950636496382601e+00

molecule   220
  4.51782849230066663e+00  5.03866442139865267e+00  9.15715147866315071e+00

molecule   221
  4.63510980110068260e+00  8.76391423067111042e+00  1.11900257471640896e+00

molecule   222
  6.64157489966391079e+00  5.04963033650332682e-01  1.00135439555285402e+01

molecule   223
  6.45403238266597068e+00  9.75796039001242121e+00  1.03098372667851876e+01

molecule   224
  1.14947646597988018e+00  1.02660205901098944e+01  7.60005741805609203e-01

molecule   225
  2.07024265999262314e+00  7.70472953601504340e+00  7.05829612213750313e+00

molecule   226
  5.47342215682956645e+00  4.32800291815289839e-01  2.79919893159954247e-01

molecule   227
  2.28887391631246917e+00  9.02211430661587066e+00  1.58401245776037425e+00

molecule   228
  2.75419452803014453e+00  9.67178617304854527e+00  1.01993663815706288e+01

molecule   229
  3.89317013458871308e+00  7.56858017858411714e+00  1.44641342266670470e+00

molecule   230
  7.28616567415305560e+00  3.43647030880083681e+00  4.92983499028682814e+00

molecule   231
  4.04175480710969648e+00  6.36234114085820224e+00  4.73782649348410578e-01

molecule   232
  5.87187766948897316e+00  8.38647712221603570e+00  6.14772272098216632e+00

molecule   233
  6.76257787993407700e+00  1.21736556311309108e+00  4.59408194219551369e+00

molecule   234
  3.94197483242922786e+00  8.68893459267510937e-01  1.24817862916059474e+00

molecule   235
  8.54453114757420273e+00  9.03519955671410635e+00  7.91815791502209620e+00

molecule   236
  7.14708637585354101e+00  1.03219059266554076e+01  5.57300386890425781e+00

molecule   237
  9.86970855446993411e+00  3.92309225813908480e-01  9.30861537844786824e+00

molecule   238
  9.58687076779814262e+00  4.49499000315403219e+00  4.37342168793409503e+00

molecule   239
  7.82086874575449542e+00  1.86966875576107117e+00  4.55067636473618897e+00

molecule   240
  8.88970152168380423e+00  3.21735726600009952e+00  4.26101060865476633e+00

molecule   241
  2.15841842421530750e+00  2.62691110514749138e+00  8.47160757731344249e-01

molecule   242
  8.49281026471461331e+00  2.39092193123423025e+00  2.66206360044788415e+00

molecule   243
  6.57582835865630044e-01  9.57706064996597206e+00  5.37380477665848755e+00

molecule   244
  6.11295341116201474e+00  2.82698882075353319e+00  9.28406129587843765e+00

molecule   245
  3.09026836862904863e+00  2.21610834919545141e+00  9.19778989675067393e+00

molecule   246
  7.78911290086246932e+00  9.62362462913564976e+00  3.41842463437875077e+00

molecule   247
  7.73577910753550757e+00  6.43703399228016515e+00  2.71468665634388095e+00

molecule   248
  1.31109185718520793e+00  1.66221609488960853e+00  1.53444469448147269e+00

molecule   249
  2.64022159541915169e+00  4.66521270104766650e+00  4.93858652752521277e+00

molecule   250
  1.01643516491601171e+00  5.00697343053808552e+00  2.70163705799997844e+00

molecule   251
  3.23720338684607878e+00  7.16517396121063754e+00  3.33046636182613698e+00

molecule   252
  1.06914164261972333e+00  6.70619883959469210e+00  2.67491983802069910e+00

molecule   253
  9.39301769395880903e+00  2.75681697475693310e+00  3.25772566573527333e+00

molecule   254
  3.75687715367705222e+00  8.78324778297581688e+00  5.08115847401508791e+00

molecule   255
  7.13372435064582344e+00  7.76708581829181011e-01  2.95751046374034354e+00

molecule   256
  6.28018751831996713e+00  8.22623390707938218e-01  8.84715995008293121e-01

molecule   257
  4.19563791458195645e+00  1.76728771444192279e+00  2.99395266211698763e+00

molecule   258
  5.40358783056604874e+00  1.40978967959706480e+00  1.03359673396687928e+01

molecule   259
  3.11340455650043735e+00  1.02907236331006313e+01  4.82706238877675886e-01

molecule   260
  6.26231224670205644e-01  9.71842178761648157e+00  6.36413855057863798e-02

molecule   261
  3.57287217847033833e+00  4.33997123594113532e+00  8.18723117560881786e-01

molecule   262
  2.65489612610842807e-01  1.49321148712081042e+00  7.71703845240887532e-01

molecule   263
  5.78696107354211087e+00  7.78261160818228515e+00  2.45973964368581832e+00

molecule   264
  7.41864326167675614e+00  3.00405749129659538e+00  1.20430166249677839e+00

molecule   265
  5.03985519112034552e+00  9.55555461019840635e+00  4.55043499340452318e+00

molecule   266
  9.02388726162799237e+00  9.06399152757804316e+00  6.90769060064079632e+00

molecule   267
  1.00617990608883776e+01  3.17205765246372984e+00  2.47648923996811421e+00

molecule   268
  1.46415204519516196e+00  6.50728502834054368e-01  2.07763274278656418e+00

molecule   269
  8.29041149335990823e+00  5.41671012339471503e+00  5.55123603529754739e+00

molecule   270
  1.42105953397608342e-01  4.46931528796337396e+00  1.34021927927749518e+00

molecule   271
  4.32243272291653380e+00  2.41852592738560102e+00  5.23391865188344774e+00

molecule   272
  7.23185656687019573e+00  5.51140815928501038e+00  5.27470739615731787e+00

molecule   273
  1.92887412208314624e+00  1.14380617708823862e+00  7.06889628436493211e+00

molecule   274
  9.42547936432656996e+00  1.79427288670673413e+00  1.00417308337390470e+01

molecule   275
  1.79257445770426416e+00  5.52761704261679587e-01  4.67536316713629763e+00

molecule   276
  2.96865869636341673e+00  8.08525649692848014e-01  6.77105057588813164e+00

molecule   277
  2.66088990412258353e+00  2.76315395401630814e+00  8.40072915717146174e+00

molecule   278
  9.30917066228957424e+00  3.41509982386987998e+00  5.34326177670064073e+00

molecule   279
  3.37427316696325086e+00  1.82178707272588714e+00  5.23006677189990654e+00

molecule   280
  7.79190243989873133e-01  5.02733183938259476e+00  5.76555339662075994e+00

molecule   281
  2.91026367273294939e+00  1.00900109875944590e+01  2.31400645875075828e+00

molecule   282
  3.59408436196920478e-01  2.60689157634849922e+00  4.31596458353725598e+00

molecule   283
  1.81854536710965276e+00  2.84803193855352665e+00  7.36566812931606751e+00

molecule   284
  1.20574574361524212e+00  3.48319619693765059e+00  8.01738262575426219e+00

molecule   285
  4.42880088273681594e+00  4.74217859340155723e+00  7.41987421795864321e+00

molecule   286
  1.61624125903528526e+00  2.09872532579691695e+00  6.53648823235153031e+00

molecule   287
  2.10240582783678542e+00  6.81598750191440317e+00  3.12373298641404107e+00

molecule   288
  3.08253427047562667e+00  5.84727846010494545e+00  2.36353280615908945e+00

molecule   289
  4.38108805671532142e+00  5.80420801622355942e+00  5.71501400583850483e+00

molecule   290
  6.28507800249800130e+00  4.51169022449395651e+00  3.71625781452545612e+00

molecule   291
  8.20798458155738864e+00  6.71925459893501120e+00  4.53027639995320275e+00

molecule   292
  6.34254826987632825e+00  2.85521884821852279e+00  9.73920549719074824e-01

molecule   293
  6.21333860421635986e+00  5.53926114774322986e+00  2.67786151079655621e+00

molecule   294
  9.21234730935345070e+00  7.14513490308264654e+00  6.13574142732262739e+00

molecule   295
  1.57745822368854061e+00  6.87935976154645168e+00  4.91803179809253432e+00

molecule   296
  4.58813227985101868e+00  1.01925224778768388e+01  6.28659840129920866e+00

molecule   297
  4.46901771297472816e+00  9.45502103328895238e+00  5.50081886868538295e+00

molecule   298
  7.52974315511103320e+00  8.45674044319231299e+00  5.14469211183136910e+00

molecule   299
  1.22848936304174483e-01  1.00459843904234365e+01  3.22122945453097076e+00

molecule   300
  3.42979910978200753e+00  6.89409312152556719e+00  9.82817129074494744e+00

molecule   301
  2.15471174155289713e+00  8.60408880651201535e+00  6.58892604199747733e+00

molecule   302
  9.45106988018092120e-01  9.65356291746292072e+00  3.75700971001700079e+00

molecule   303
  9.80649688609283388e+00  1.04527592262600439e+01  8.10432696124854246e+00

molecule   304
  4.17606963032876344e+00  3.99602481716181890e+00  9.76141826098295340e+00

molecule   305
  2.37845307912877990e+00  9.37767508957081652e+00  7.17751429523720930e+00

molecule   306
  1.71908085625375229e+00  7.85723357596831917e+00  3.22652112193998653e+00

molecule   307
  5.49686223215694891e+00  8.44211947991648337e+00  1.60950246061153446e+00

molecule   308
  7.93198329850587402e+00  2.46450112080454709e+00  9.56480278984275145e+00

molecule   309
  4.66076065218807134e+00  8.85291020689053809e+00  8.31197135079217198e+00

molecule   310
  8.13727847545612892e-01  7.60651151626645738e+00  7.77957687929916641e+00

molecule   311
  3.38714325101330660e+00  4.95970811249409138e+00  2.99351529502714486e+00

molecule   312
  8.75540097534418926e+00  8.19598864747866607e+00  9.20212802299868571e+00

molecule   313
  8.97354981380321703e+00  3.99241504864496033e+00  1.03014780393342189e+01

molecule   314
  9.12680637244943682e+00  1.37701359630837472e+00  5.18710863283833978e-01

molecule   315
  1.00774167097620015e+01  1.76248518019188616e+00  7.61143481070954486e+00

molecule   316
  7.77762017418665774e+00  4.03793754432279428e+00  8.87676349152008370e+00

molecule   317
  1.04050946036080081e+01  7.08654118377752429e+00  4.57265000659621368e+00

molecule   318
  1.69375018318653625e+00  5.59761188492376416e+00  1.04457857404446575e+01

molecule   319
  8.68261114507765086e+00  7.01648039569927828e+00  3.37307267574036329e+00

molecule   320
  1.04051984347352938e-01  2.28176827943990812e+00  3.25168406635411777e+00

molecule   321
  4.44168484904077054e+00  1.17801807839633477e+00  8.04085976704416616e+00

molecule   322
  1.03659205596645876e+01  9.43168095814952778e+00  9.58101861253475207e+00

molecule   323
  5.63333110586310859e+00  9.67223958595698718e+00  7.27598938535768891e+00

molecule   324
  2.86378759184015985e+00  5.79135264618183210e-01  8.59592276346509720e+00

molecule   325
  6.04170010774638300e+00  8.69269571627073567e+00  8.32932658407600002e+00

molecule   326
  6.15315224090752633e+00  7.27132849826584504e+00  5.93535912855989878e+00

molecule   327
  6.80290759609654483e+00  8.46839284758985400e+00  9.57858941042339929e+00

molecule   328
  9.46606039275935629e+00  3.81490602725843830e+00  7.43091696672711910e-01

molecule   329
  2.91681707177887661e+00  2.99768368785762185e+00  1.44156355241543177e+00

molecule   330
  1.97915023039338078e+00  6.53343224976575243e+00  8.88597329643348588e-01

molecule   331
  3.34791773329099396e+00  6.49793255368947165e+00  1.56949986872669145e+00

molecule   332
  2.24319572162864356e+00  6.37743420461149313e+00  8.51681770768981394e+00

molecule   333
  8.29381335786425034e+00  1.88632322367165250e+00  3.65415126344728591e+00

molecule   334
  2.62103689744560198e+00  8.85928034870208414e+00  5.13883310393136505e-01

molecule   335
  4.27264228991182193e+00  1.94192550413816267e+00  1.89731583013202809e+00

molecule   336
  4.17981349401979863e+00  2.79445165623956004e+00  6.21659398026240151e+00

molecule   337
  2.43779691258236353e+00  4.63286887187257790e+00  6.18662333210319293e+00

molecule   338
  5.90840975325407491e+00  7.39179354265313204e+00  6.99187718751246390e+00

molecule   339
  8.01140104440295886e+00  4.50321166983523702e-01  6.14278102006857107e+00

molecule   340
  7.01645845626772591e+00  1.00390226570318042e+01  6.81663718338539049e+00

molecule   341
  2.07352299971304799e+00  2.68595494473665042e+00  5.64237351219366978e+00

molecule   342
  3.33180871721480942e+00  8.83535524717158349e-01  7.76907616175750970e+00

molecule   343
  5.32946607393151695e+00  2.60011976284571977e+00  3.86263565015298349e+00

molecule   344
  9.59562612204070042e+00  6.37334980202516377e+00  6.84410666773496690e+00

molecule   345
  6.71425712164672062e-01  8.64456872478887917e+00  1.45474519797212087e+00

molecule   346
  8.57115301291281106e+00  5.59621696983571848e+00  1.09698760149710206e+00

molecule   347
  6.61310475498606021e+00  9.34824840324710493e+00  7.53677953178446014e+00

molecule   348
  9.09987256095999975e+00  7.18970616245102701e+00  3.03210902454218167e-01

molecule   349
  1.02857827351562547e+00  8.29977539228064920e+00  9.70119378986256287e+00

molecule   350
  9.50956721640689936e-03  3.81906283789712919e+00  3.86299586755524949e-01

molecule   351
  4.96517100422992297e-01  2.28836950602354428e+00  6.85968265226557516e+00

molecule   352
  2.31364074516097817e+00  5.83089202342052015e+00  9.39221309201360910e+00

molecule   353
  5.69704321285642212e+00  6.07459221669329175e+00  7.81279010558483655e+00

molecule   354
  5.06535468956652402e+00  4.24908693145430760e+00  1.66725477441819669e+00

molecule   355
  3.94880682034298625e+00  8.08785302265851769e+00  6.32542294496600821e+00

molecule   356
  6.25136543701322989e+00  5.89824504056580246e+00  6.72373252004219779e+00

molecule   357
  3.51207351547636781e+00  2.45993023757981932e+00  2.45251009124843211e+00

molecule   358
  2.56058516756342147e+00  5.94300391983041987e+00  5.22526506837164373e+00

molecule   359
  8.53713620154060493e+00  7.51155006160206806e+00  7.03704348888476261e+00

molecule   360
  2.66319396393327956e+00  2.32552367536634108e+00  1.02979314011783405e+01

molecule   361
  9.05184622892297419e+00  5.31195770448149807e-01  8.82856713417700512e+00

molecule   362
  5.93478087691499034e+00  7.31193171591430335e+00  5.47712181725002800e-01

molecule   363
  5.55263116415351288e+00  4.05809649497962877e+00  6.61010849830539038e-01

molecule   364
  5.13883843529693785e+00  2.28761788439298686e+00  8.83443811581058291e+00

molecule   365
  3.63130412425631599e+00  1.02259129241338851e+01  7.63929867533332452e+00

molecule   366
  6.69086263022928041e+00  1.00418760815901620e+00  1.92146362996987707e+00

molecule   367
  3.58530391152413053e+00  1.95087363303233241e+00  7.99463304683626053e+00

molecule   368
  1.01118729534257645e+00  8.59540563876621100e+00  5.96403755873800634e+00

molecule   369
  1.79458032741684437e+00  8.95662996191010485e+00  5.42194457872891089e+00

molecule   370
  6.63476071360938935e+00  6.96156123891943324e+00  2.89754478396772353e+00

molecule   371
  4.32498092828305669e+00  5.84345267549220448e+00  1.82402528091432381e+00

molecule   372
  3.89864695590838917e+00  8.05395480984048184e+00  8.72538101265451260e+00

molecule   373
  9.36668685983750038e+00  4.76874062772914975e+00  1.35830483220627474e+00

molecule   374
  7.33885573111119793e+00  6.93750409595343065e+00  9.99699628936831886e+00

molecule   375
  3.53258030004187917e+00  6.94886674106542390e+00  8.74108566347589111e+00

molecule   376
  7.76425263414811173e+00  8.66786674437694771e+00  8.49124710423858531e+00

molecule   377
  9.62046611938594864e+00  9.50069444258137530e+00  2.85588538562555172e+00

molecule   378
  6.88362034849017590e+00  6.10267938844915925e+00  1.81470654259141528e+00

molecule   379
  9.83944300744708045e+00  2.71515384824229633e+00  8.88245697458391348e+00

molecule   380
  9.70229054038331995e+00  8.78371782285223546e+00  3.60219782589929993e+00

molecule   381
  6.60812252680210044e+00  4.61557846594800214e+00  5.02064213737262310e+00

molecule   382
  6.87611889728801984e+00  3.86463306896688952e+00  7.14331597448091848e+00

molecule   383
  7.67736766251415848e+00  9.15242985171204460e+00  9.80967056351268596e+00

molecule   384
  5.48459107243090038e+00  8.65716763378699561e+00  7.35068588204941964e+00

molecule   385
  7.95100038133857012e+00  8.78078429501631064e+00  4.12060426388702494e-01

molecule   386
  6.04224711150931437e+00  7.00155043926131881e+00  1.71018594052432271e+00

molecule   387
  2.56704692405646240e+00  5.44384114001925656e+00  4.13352755918157388e+00

molecule   388
  5.88604199788229376e+00  6.01522439611153015e+00  9.90033583845229437e+00

molecule   389
  5.25294299855483349e+00  6.66929738449231913e+00  3.70849316825870234e+00

molecule   390
  9.10314022925178534e+00  6.53939642455251935e+00  1.28744444080202958e+00

molecule   391
  7.08807208835333658e+00  9.54912278326472119e+00  8.52083623087580677e-01

molecule   392
  1.55602113057819258e+00  5.36899205242041377e-01  8.97040049376589188e+00

molecule   393
  9.65105401640388294e+00  3.95412004091336089e-01  5.73627136721462971e+00

molecule   394
  9.68656963351480194e+00  3.60453817983623015e+00  9.25786277415262582e+00

molecule   395
  1.01938739331416084e+01  5.54952020315702121e+00  3.77245937510229368e+00

molecule   396
  8.55566757194220884e+00  1.01458008954803045e+01  2.87620072961492790e+00

molecule   397
  5.89642871642518429e+00  1.55081245185759653e+00  4.15606636146830422e+00

molecule   398
  8.60276002623436931e+00  8.68377013396151298e+00  5.54865144951512601e+00

molecule   399
  1.97570653367406845e+00  4.46344416207625283e+00  7.02206898116662703e+00
