BOUNDARY

orthorhombic      1.0455159000e+01    1.0455159000e+01    1.0455159000e+01

MOLECULES

species    0
nMolecule  50

molecule  0
    4.9224890406e+00    9.5566170049e+00    6.6675655635e+00
    5.1329197671e+00    1.0392872323e+01    7.2132912638e+00
    4.5664377281e+00    9.9818245637e+00    7.9406888463e+00
    4.7231486907e+00    5.0671379381e-01    8.0357699850e+00
    4.7324076033e+00    7.1353572083e-01    9.0442526640e+00
    4.1422183629e+00    1.4472785814e+00    8.8128770243e+00
    3.8425136210e+00    1.7995132513e+00    9.6970785043e+00
    3.6161906902e+00    2.7534536150e+00    9.8678053367e+00

molecule  1
    5.8348340896e+00    1.9428217222e+00    2.0608975674e+00
    5.5159123489e+00    2.8902578128e+00    2.1002462238e+00
    4.8361548156e+00    2.7593383680e+00    2.8026974357e+00
    5.0070677052e+00    3.5504842591e+00    3.3801722813e+00
    4.0605333049e+00    3.4850365812e+00    3.0772638039e+00
    3.8121446563e+00    4.0531818395e+00    3.8464319171e+00
    3.2467773917e+00    4.9042450166e+00    3.8318296327e+00
    2.6475673335e+00    5.6923973772e+00    3.9913087118e+00

molecule  2
    8.6348841181e+00    7.9842915871e+00    5.3056147172e+00
    9.4147853560e+00    8.5344077377e+00    5.0330846451e+00
    9.0633178464e+00    8.3946731456e+00    4.0908182001e+00
    8.7745977314e+00    9.0127628757e+00    3.3716423463e+00
    9.0568440848e+00    9.9404944832e+00    3.2132651833e+00
    9.9258340366e+00    9.8926491500e+00    3.6844202171e+00
    9.2902951403e+00    9.4821967142e+00    4.3364617432e+00
    8.5615551594e+00    1.0152933304e+01    4.4351854258e+00

molecule  3
    4.1958498402e+00    7.1151481700e+00    7.2762488323e+00
    3.6087389788e+00    6.2758056135e+00    7.2904851078e+00
    3.6761023036e+00    6.4900408404e+00    8.2652681603e+00
    3.0881637844e+00    7.1760619436e+00    7.9238117869e+00
    2.6886524798e+00    6.9290188115e+00    8.8051224970e+00
    1.7495338766e+00    7.1298456613e+00    9.1535647341e+00
    1.1892469980e+00    7.2861645206e+00    8.3886888055e+00
    9.5630834328e-01    7.9350632084e+00    7.6388708313e+00

molecule  4
    3.5490116190e+00    9.5920318330e+00    8.8967561163e+00
    2.8787002800e+00    9.5748491913e+00    9.6234510051e+00
    1.9306673789e+00    9.8273790192e+00    9.6317493268e+00
    1.9266692326e+00    1.0017388807e+01    8.6556291338e+00
    1.9484357818e+00    9.2390702365e+00    8.0347811240e+00
    2.5512372880e+00    9.3071683987e+00    7.2348781647e+00
    2.7243101253e+00    9.8885612391e+00    8.0415778611e+00
    3.1149305096e+00    8.9992375665e+00    8.1155301747e+00

molecule  5
    3.0350268514e+00    7.8242417621e+00    4.6504753591e+00
    3.7007185121e+00    8.0551745025e+00    5.3497350525e+00
    3.8894532240e+00    9.0231633481e+00    5.1703786897e+00
    4.7907518604e+00    8.6802239383e+00    5.3575284877e+00
    5.4558799598e+00    9.1980844533e+00    5.8338599757e+00
    6.3997628189e+00    9.2697358138e+00    6.1230965513e+00
    6.0942333061e+00    8.3845297905e+00    5.8601709151e+00
    6.3418750058e+00    8.0087814649e+00    4.9625422345e+00

molecule  6
    9.9510636654e+00    1.1461209197e+00    4.7855732054e+00
    9.3854992709e+00    1.9043033224e+00    4.9366834890e+00
    1.0303873843e+01    2.1948186784e+00    4.9367611609e+00
    2.9445451587e-01    2.9074443907e+00    4.3889261570e+00
    8.9553363087e-01    2.6995511059e+00    5.1690309696e+00
    3.1814514086e-01    3.4536027617e+00    5.4868899276e+00
    9.8819676641e+00    3.0847802474e+00    5.2211686433e+00
    8.9910239502e+00    3.3616162842e+00    5.4881797194e+00

molecule  7
    6.1472655968e-01    9.7352745647e+00    2.5441909383e+00
    8.2079256269e-01    9.0942395571e+00    1.8434802420e+00
    6.5250639122e-01    8.4132684299e+00    2.5845864932e+00
    1.0166306444e+01    8.5972016700e+00    2.2634941558e+00
    9.9061275146e+00    9.4458803294e+00    2.6329097633e+00
    9.7977455029e+00    9.5669068657e+00    1.6227144783e+00
    1.0286649760e+01    9.5746234536e+00    7.4186393561e-01
    9.9998137914e+00    9.0406164682e+00    1.0415880881e+01

molecule  8
    1.0377828482e+01    8.2452076297e+00    1.0254414357e+00
    5.5128751444e-01    7.4366890344e+00    1.0367731734e+00
    1.6555210304e-01    7.3873531344e+00    1.0787712410e-01
    9.8487047049e+00    7.9552518776e+00    1.0278596314e+01
    8.9976181137e+00    7.6320439806e+00    9.7898843395e+00
    9.6307088729e+00    6.8873560815e+00    9.8877891414e+00
    1.0402722510e+01    7.0589656449e+00    9.2932101545e+00
    1.0233097721e+01    8.0343642272e+00    9.3820441050e+00

molecule  9
    5.0553045663e+00    5.5186895783e+00    1.0334339472e+01
    4.1899141365e+00    5.8709780537e+00    2.8934601711e-01
    3.3260112962e+00    6.3231903012e+00    2.5493427001e-01
    3.2879822177e+00    5.6904824303e+00    1.0361020303e+00
    3.0256857564e+00    6.6775461270e+00    1.2054948454e+00
    2.4357558759e+00    5.9698078428e+00    1.6279202652e+00
    2.4276316835e+00    6.0753553603e+00    6.3114841953e-01
    1.7945968380e+00    5.2987751419e+00    5.5993755877e-01

molecule  10
    5.5904319253e+00    1.0219974380e+01    9.3975761130e+00
    6.0652741001e+00    6.6920500474e-02    8.5685466035e+00
    6.7754541285e+00    7.5051968697e-01    8.3878798302e+00
    7.6020458897e+00    1.1113350504e+00    8.8079807212e+00
    8.0354851326e+00    4.3208796211e-01    8.2335635050e+00
    9.0023694439e+00    1.5488888045e-01    8.4153766753e+00
    8.8132754971e+00    4.8397058323e-01    7.4776944969e+00
    8.0418729149e+00    9.9342701002e-01    7.0265113580e+00

molecule  11
    5.2094265577e+00    6.7728570009e+00    7.2151032844e+00
    4.7118800894e+00    6.2496506555e+00    7.8843251907e+00
    4.0861662953e+00    5.5003756695e+00    8.0411802853e+00
    3.1535416581e+00    5.2434124497e+00    8.3164878909e+00
    3.8244190851e+00    4.5236348849e+00    8.5196876423e+00
    3.0819691352e+00    4.7164173765e+00    9.1767551559e+00
    3.1051289741e+00    3.9106589505e+00    9.8040266068e+00
    2.4099988873e+00    3.6833014901e+00    9.1416875725e+00

molecule  12
    9.2254591965e+00    2.6065404544e+00    9.9510689938e-01
    9.5027025504e+00    3.4519823451e+00    4.9848553601e-01
    1.0367655865e+01    3.1563492277e+00    4.3907833095e-02
    1.0245252788e+01    2.8708258085e+00    9.8424094853e-01
    1.0413579315e+01    1.9414921940e+00    6.3278576418e-01
    7.8096596278e-01    1.5066572872e+00    1.0222979067e+00
    1.1263822312e+00    2.4301948073e+00    7.5881528278e-01
    8.3188663133e-01    2.8123309878e+00    1.0347357410e+01

molecule  13
    9.8111777691e+00    6.1132032170e+00    5.3938220153e+00
    8.8564104847e+00    6.2382892335e+00    5.1134628296e+00
    8.3772493400e+00    6.9833111671e+00    4.6349873620e+00
    7.7827627718e+00    7.0027948018e+00    5.3943149665e+00
    7.9332546679e+00    6.6462797460e+00    6.2904995347e+00
    8.8602196700e+00    7.0077796857e+00    6.2416179750e+00
    9.5490674933e+00    7.1677578949e+00    5.5046121081e+00
    1.0054356815e+01    6.6334909882e+00    6.1647444588e+00

molecule  14
    7.6788061177e+00    3.0167408019e+00    8.1731507516e+00
    7.6341051642e+00    4.0006354801e+00    8.4032217618e+00
    8.5536228738e+00    4.0198578159e+00    8.0392053869e+00
    9.2895804875e+00    3.3570118045e+00    7.9445298503e+00
    9.4298601959e+00    3.7076444036e+00    8.8692121703e+00
    9.4551766849e+00    2.9794919522e+00    9.5605620282e+00
    9.0996958733e+00    2.5849976453e+00    1.0407904261e+01
    9.7123912393e+00    1.8290589935e+00    1.0336866887e+01

molecule  15
    8.9763786785e+00    6.9656947065e+00    7.7513639583e+00
    9.6547522348e+00    7.1440674321e+00    8.4791989889e+00
    1.4321241697e-01    7.2315484552e+00    8.0707563986e+00
    4.1106534487e-01    7.2495474224e+00    7.0702111124e+00
    1.0357210051e+01    7.6825964106e+00    6.3359713092e+00
    9.6569563465e+00    7.3114016424e+00    6.9406839354e+00
    9.9372126709e+00    8.1810702882e+00    7.2927859104e+00
    7.4836731417e-02    8.4013840251e+00    8.0205704486e+00

molecule  16
    4.7282624296e-01    5.6352308186e-01    1.7810468444e+00
    1.0413774718e+00    1.0231584141e+01    1.6324684269e+00
    1.5166090274e+00    6.2466936685e-01    1.7090377234e+00
    1.6413423267e+00    7.7160613171e-01    7.1907390036e-01
    8.9207297608e-01    4.0602411837e-01    1.4287728479e-01
    1.6589745883e-01    6.9532566285e-01    7.9513710598e-01
    1.0272290330e+01    6.3248197594e-01    1.0304901543e+01
    1.0333383848e+01    1.0148203775e+01    9.9666835034e+00

molecule  17
    5.2776543018e+00    9.4252790379e+00    6.9300921140e-01
    5.9593558951e+00    8.7607661422e+00    7.8516261463e-01
    5.6594605251e+00    8.2261882458e+00    1.8650122149e-02
    4.8920548347e+00    8.4130327447e+00    5.9476970517e-01
    4.0284644533e+00    8.7072238495e+00    2.0643487994e-01
    4.6146341469e+00    9.2471788350e+00    1.0022353671e+01
    4.2197404170e+00    1.0079480613e+01    9.7909936731e+00
    4.2578507035e+00    9.9837607941e+00    3.1765590169e-01

molecule  18
    5.8373570528e+00    2.7296073655e+00    1.0228585321e+01
    4.8458336758e+00    2.8569216062e+00    9.9927819338e+00
    4.2866122450e+00    3.5568949893e+00    1.0397710571e+01
    3.9588602318e+00    2.9967117422e+00    7.1530036694e-01
    3.1336505275e+00    3.4939056742e+00    4.1126013172e-01
    3.0916056395e+00    3.6260908297e+00    1.4523646788e+00
    2.1574890104e+00    3.3485892255e+00    1.1160275055e+00
    2.4829719181e+00    4.2724663716e+00    1.0175509401e+00

molecule  19
    6.6685076337e+00    2.4648797078e+00    5.9098072511e+00
    7.1412535273e+00    1.7334694858e+00    6.3296968135e+00
    6.6495137721e+00    1.0347159624e+00    5.8405173534e+00
    6.8608763843e+00    1.7530821309e+00    5.1507210652e+00
    6.1901490041e+00    2.4474509168e+00    4.8590762552e+00
    5.5056113663e+00    1.7321830884e+00    4.6503085987e+00
    6.3022305775e+00    1.1139324921e+00    4.5663065138e+00
    6.3466781106e+00    1.3569870178e-01    4.4392642201e+00

molecule  20
    7.8198555362e+00    5.9536592283e+00    5.3877118205e+00
    7.5795606473e+00    4.9846372298e+00    5.3881446246e+00
    6.6218995986e+00    5.2387509675e+00    5.2689855973e+00
    6.2045486271e+00    4.4446875083e+00    5.5605684205e+00
    6.4546699380e+00    3.5836690700e+00    5.1318748092e+00
    6.7181985340e+00    3.4083666244e+00    4.1773771767e+00
    6.3522730415e+00    4.0765917458e+00    3.5352156851e+00
    6.5610530861e+00    4.4067879870e+00    4.4422563191e+00

molecule  21
    1.7583078726e+00    4.3756003710e+00    1.0247202194e+01
    2.1955964041e+00    5.2977005119e+00    1.0140145166e+01
    1.9173631647e+00    5.9462581911e+00    9.4517517641e+00
    2.5413922213e+00    6.5336265461e+00    9.9491575378e+00
    2.1331141104e+00    7.4949891528e+00    1.0149990271e+01
    1.1664711636e+00    7.1748961298e+00    1.0135117561e+01
    1.0833880331e+00    7.9758579453e+00    1.7488714797e-01
    1.9170858104e+00    8.4356598186e+00    1.9721266251e-03

molecule  22
    4.2546892194e-01    6.1798267517e+00    8.2954169324e+00
    7.7979511562e-01    6.4150068772e+00    9.2011655485e+00
    5.3651850675e-01    6.1981892373e+00    1.0170934539e+01
    1.0036267752e+01    6.2256510277e+00    6.9962489301e-02
    9.4467938755e+00    5.4044999377e+00    2.6834767814e-01
    1.0158378468e+01    4.7613157714e+00    5.7252436586e-01
    9.8682541845e+00    4.5805565531e+00    1.4951545892e+00
    9.1652734886e+00    5.1889184450e+00    1.3387950714e+00

molecule  23
    4.3037059242e+00    7.5654349082e+00    2.8392920949e+00
    4.6344324062e+00    8.3855565674e+00    2.3379894989e+00
    3.6323519151e+00    8.5633122780e+00    2.2976502374e+00
    3.2085029284e+00    9.1039935465e+00    3.0097197510e+00
    2.9121668746e+00    8.4952680856e+00    3.7307668941e+00
    3.3161133274e+00    7.7233500484e+00    3.2535674350e+00
    3.0038663487e+00    6.8426796780e+00    3.6985294975e+00
    3.9821128373e+00    7.0400058602e+00    3.7779306048e+00

molecule  24
    8.5536415182e+00    9.3871965690e+00    9.2016679665e+00
    8.0069126588e+00    9.9402144656e+00    8.5790469880e+00
    7.1128590185e+00    9.5316076303e+00    8.7555348577e+00
    6.7520208564e+00    8.8085440009e+00    8.1413144944e+00
    6.7105365502e+00    7.8070902905e+00    8.0945660520e+00
    5.7951980771e+00    8.1461306230e+00    8.3136458027e+00
    4.8194732769e+00    7.9303292493e+00    8.1060013833e+00
    4.7706887453e+00    8.7445951602e+00    8.7628983273e+00

molecule  25
    9.0378137059e+00    6.9188803684e+00    1.2896887045e+00
    9.5567653003e+00    6.2701338957e+00    1.7290876522e+00
    9.9349887992e+00    5.3914385661e+00    2.0619144601e+00
    4.3561361424e-01    5.1928246907e+00    1.8650433023e+00
    1.0453631283e+01    5.7191479678e+00    1.1145889753e+00
    9.8496453848e-01    6.0611443218e+00    1.1359547552e+00
    1.5894145033e+00    6.7291339883e+00    5.8938500496e-01
    1.6479447177e+00    7.0184878044e+00    1.4947197670e+00

molecule  26
    9.5706312856e+00    4.2892313104e+00    7.6603443266e+00
    1.1306427349e-01    4.3991910200e+00    7.7554811220e+00
    9.9547083670e+00    4.9200089225e+00    8.3747999448e+00
    4.3056931503e-02    4.2164857397e+00    8.8267205821e+00
    1.9197133181e-01    3.2478265750e+00    8.8181397759e+00
    1.0403802413e+01    3.3952068263e+00    7.8612805509e+00
    1.0343760826e+01    2.7079370841e+00    7.1768924408e+00
    1.0308370974e+01    2.1705984224e+00    6.3654420824e+00

molecule  27
    4.5004188284e-01    1.7834035679e-01    3.4091476990e+00
    8.5445618853e-01    1.0467300107e+00    3.5105322756e+00
    1.0322432169e+01    1.1105250235e+00    3.7498448547e+00
    1.0878838853e-01    2.0881246698e+00    3.7382100729e+00
    8.4736305459e-01    1.8952188695e+00    4.3442021202e+00
    1.6215634496e+00    2.4386919787e+00    4.0343830268e+00
    1.7487006428e+00    3.2346617190e+00    4.6457524751e+00
    9.4604352898e-01    3.7199748678e+00    4.2218377296e+00

molecule  28
    1.1765517720e+00    4.2924853256e+00    7.9540205068e+00
    8.7135695463e-01    5.1918559312e+00    7.7171862613e+00
    9.3463634484e-01    5.1520091549e+00    8.7569436242e+00
    1.7710628425e+00    4.8478262487e+00    9.1977803789e+00
    1.7931701318e+00    5.0870421927e+00    8.2100527447e+00
    1.3895198093e+00    5.9844232309e+00    8.1388365650e+00
    2.1443485840e+00    6.6243829603e+00    7.9784363142e+00
    1.3072433114e+00    6.6891738820e+00    7.4546481526e+00

molecule  29
    8.4668855715e+00    8.9623639491e+00    5.6388774423e+00
    8.0540455037e+00    9.8529978109e+00    5.4289970902e+00
    8.6330108154e+00    1.5735400207e-01    5.7412360281e+00
    8.7882685433e+00    1.1432333260e+00    5.9331742167e+00
    9.7702570671e+00    1.3359728531e+00    5.8845410564e+00
    1.0430600814e+01    6.2920937158e-01    5.6941981860e+00
    7.7024101152e-01    1.2481291535e+00    5.5766779876e+00
    1.4385570820e+00    1.5826133064e+00    6.2350320062e+00

molecule  30
    3.7203822322e+00    7.1483719732e+00    6.1028407021e+00
    4.6425454772e+00    7.2445677866e+00    5.7358185754e+00
    5.6029036676e+00    7.2959495403e+00    5.9573409838e+00
    6.4820911444e+00    6.8952082421e+00    5.6966107527e+00
    6.3574758375e+00    6.9694801062e+00    6.7186982037e+00
    6.9378371070e+00    6.2084292081e+00    7.0138168123e+00
    7.6526994091e+00    5.6230710656e+00    7.4588019003e+00
    8.0120856507e+00    5.3214894566e+00    6.5777808184e+00

molecule  31
    5.4133530096e+00    7.9598480024e+00    2.9055414891e+00
    5.8923494484e+00    7.2246855505e+00    2.4663956800e+00
    6.8413232971e+00    7.1209719689e+00    2.1647950498e+00
    6.6477736914e+00    7.0749464154e+00    3.1521537375e+00
    5.9801688688e+00    7.3578136494e+00    3.8393375299e+00
    5.0356400868e+00    7.6352451648e+00    3.7657024877e+00
    4.4213424697e+00    8.1289059211e+00    4.3549358887e+00
    5.0022449542e+00    8.7104408909e+00    3.7379784936e+00

molecule  32
    1.5025930464e+00    8.0925181704e+00    1.2203955781e+00
    1.0117388756e+00    8.8403357568e+00    7.7444847268e-01
    5.3082475986e-01    9.2248750402e+00    1.0382765858e+01
    6.3797742776e-01    8.8023873155e+00    9.4538305791e+00
    1.2072788800e-01    9.3678205988e+00    8.8455007656e+00
    7.3028877863e-01    9.4302413266e+00    8.0125430938e+00
    1.2056446474e+00    8.6039591433e+00    8.3842903035e+00
    1.5802782823e+00    8.3776951946e+00    9.2538202222e+00

molecule  33
    9.5071947725e+00    1.8462561097e+00    9.2500330611e+00
    1.0373156288e+01    1.3851718445e+00    8.8872173826e+00
    1.0065652258e+01    1.5625732404e+00    7.9560530497e+00
    9.3874595003e+00    2.2893462325e+00    8.1440434891e+00
    8.8456972696e+00    1.8458945318e+00    7.4482534622e+00
    8.8853783596e+00    1.4371839159e+00    8.4083460498e+00
    8.3426169825e+00    2.2775075198e+00    8.4275466009e+00
    8.2000870168e+00    2.7402683192e+00    9.2837166280e+00

molecule  34
    1.0386328326e+01    9.5430108804e+00    6.7443512439e+00
    2.5148411458e-01    1.2829704566e-02    6.5406331816e+00
    3.2194559449e-01    7.4080751398e-01    7.2378809555e+00
    7.7986867144e-01    1.5725720503e+00    7.0143867208e+00
    1.6220391392e+00    1.9664359233e+00    7.3057703779e+00
    2.5023596974e+00    1.7452403361e+00    6.8519796767e+00
    2.9853402923e+00    1.9578973732e+00    5.9809356223e+00
    2.6440938733e+00    2.7491881066e+00    6.4592691346e+00

molecule  35
    1.3667393107e+00    3.3306313467e+00    9.4382703445e+00
    1.5712118004e+00    2.3938530870e+00    9.7074621726e+00
    2.0603072425e+00    2.7733688348e+00    3.3760804081e-02
    2.6303152945e+00    2.4438749547e+00    7.5018290049e-01
    1.8804226627e+00    2.3595023537e+00    1.4252749125e+00
    9.8644665991e-01    2.2197810288e+00    1.9478148101e+00
    6.9294112751e-01    2.1901943799e+00    2.8334201664e+00
    2.6607456076e-01    3.0727612779e+00    3.0044778121e+00

molecule  36
    9.6535194794e+00    9.5502843586e+00    9.5337131343e+00
    9.5909241128e+00    1.0441516477e+01    9.1057876185e+00
    9.4168500755e+00    8.4060989318e-01    9.5832343241e+00
    8.4656194526e+00    9.9678529856e-01    9.3182629318e+00
    7.6930818148e+00    7.7095472355e-01    9.9374356493e+00
    7.3170447041e+00    1.3246649330e-01    9.2272054538e+00
    8.1554820103e+00    1.0249009022e+01    9.7135597392e+00
    8.2384076259e+00    1.9979016203e-01    2.0653582718e-01

molecule  37
    2.0677159020e+00    2.3506302722e+00    8.6611783001e+00
    2.3441362198e+00    3.1211641991e+00    8.0742515077e+00
    1.6975264807e+00    3.1031114418e+00    7.3074043885e+00
    8.8143101934e-01    2.6524957449e+00    6.8873182263e+00
    9.7801183289e-01    3.4510828613e+00    6.3490154356e+00
    1.6850862446e+00    4.1701710741e+00    6.5024662750e+00
    1.8799755512e+00    4.9240210250e+00    7.1509921406e+00
    2.6001825647e+00    4.5646635670e+00    7.7158810491e+00

molecule  38
    9.9585883074e-01    5.5266859042e+00    3.5408433849e+00
    1.6810557408e+00    5.3570774515e+00    4.2634375789e+00
    2.1751404474e+00    4.5103880180e+00    4.1024533674e+00
    3.0468665619e+00    4.2985822204e+00    4.5320323218e+00
    3.0075997764e+00    3.3151285926e+00    4.5643474032e+00
    3.7184203682e+00    3.4782166963e+00    5.1987739831e+00
    3.1382618653e+00    3.6072343775e+00    6.0116416784e+00
    2.3504047887e+00    3.6910697153e+00    5.4059178501e+00

molecule  39
    5.7705221299e+00    3.8350603271e+00    9.3450660080e+00
    5.5533623753e+00    3.3364064369e+00    8.4588388048e+00
    5.1827017158e+00    4.0047407615e+00    7.8070540256e+00
    6.1291961799e+00    3.8138625090e+00    7.5281744399e+00
    6.2585012715e+00    2.8224761447e+00    7.5124020288e+00
    5.8947705526e+00    1.8963060669e+00    7.4284552457e+00
    6.8564900627e+00    1.9735302802e+00    7.5172356437e+00
    7.4939845554e+00    2.6698715803e+00    7.1335832474e+00

molecule  40
    5.3014451932e+00    4.9349868628e+00    5.2941648861e+00
    4.9997896820e+00    4.1724099371e+00    4.6967871396e+00
    5.6968718439e+00    3.4049350086e+00    4.3857267660e+00
    5.8414856966e+00    2.8601006603e+00    3.5765907202e+00
    5.3670781984e+00    1.9571240592e+00    3.4777836301e+00
    4.7453924438e+00    1.6226211762e+00    2.7487495451e+00
    5.1989189337e+00    8.6731128871e-01    3.2114700847e+00
    4.7059107864e+00    3.7134948658e-01    2.4318847707e+00

molecule  41
    6.1620494372e-01    1.8279725642e-02    8.2895001219e+00
    7.2348550979e-01    1.0151172905e+01    9.2140674113e+00
    6.3410104550e-01    7.0525554005e-01    9.3170198686e+00
    1.5138034056e+00    3.3907286468e-01    9.6961688803e+00
    2.0873909215e+00    8.1380400312e-01    9.0669879844e+00
    1.8678422614e+00    1.2435054902e+00    8.1770135628e+00
    2.6728793997e+00    6.0863449618e-01    8.1891526778e+00
    3.4888318766e+00    1.0145998911e-01    7.8996903539e+00

molecule  42
    3.8533658971e+00    2.0516356018e+00    2.0982690175e+00
    3.5675138564e+00    2.9575594947e+00    2.2699730382e+00
    2.7931351174e+00    2.3191159994e+00    2.2419511742e+00
    2.8526792093e+00    1.7330333081e+00    1.4251415694e+00
    2.7135072911e+00    9.5794548381e-01    1.9251053646e+00
    3.1314918414e+00    5.4957060984e-01    1.1024185515e+00
    3.9086959928e+00    1.1907066769e+00    1.1060131389e+00
    3.4091452721e+00    1.0292746336e+00    2.4036642474e-01

molecule  43
    1.9982022852e+00    9.5743882762e+00    4.9941126163e+00
    3.0049968834e+00    9.5239708656e+00    5.0544461209e+00
    2.4833166133e+00    8.6711319111e+00    5.1813924469e+00
    1.7271603241e+00    8.0460992587e+00    5.4460857883e+00
    1.1432935619e+00    7.9793888980e+00    6.2310581846e+00
    1.9262770627e+00    8.5850253626e+00    6.3707322766e+00
    1.9927165131e+00    7.9452888896e+00    7.1487492263e+00
    2.8476269511e+00    8.0811861972e+00    7.4992450699e+00

molecule  44
    5.3258465306e+00    9.6187440078e+00    8.5824319812e+00
    5.5586107389e+00    9.2483814007e+00    7.6921953999e+00
    6.4382986430e+00    9.6601283161e+00    7.5472909919e+00
    7.1990149697e+00    9.2070794587e+00    7.0937049920e+00
    7.5181317926e+00    9.0740381054e+00    6.1730777587e+00
    7.4009746770e+00    8.2447403395e+00    5.6038065330e+00
    7.6729030872e+00    8.2756217284e+00    4.6634161196e+00
    8.3315183352e+00    9.0050292144e+00    4.5348683887e+00

molecule  45
    2.7425980938e+00    2.6474182535e+00    9.6237194853e+00
    2.8009732409e+00    1.7805572123e+00    1.0125155332e+01
    2.4761711407e+00    1.3260522089e+00    4.7537101542e-01
    1.8291010026e+00    1.5004887346e+00    1.0147312736e+01
    8.1371076456e-01    1.3361362230e+00    1.0130849174e+01
    1.9173882892e-01    1.9342639725e+00    9.6454717701e+00
    9.8085604151e-01    1.7957448092e+00    9.0757225649e+00
    7.1671100735e-01    1.8990655864e+00    8.0593506453e+00

molecule  46
    1.5866091038e+00    1.1764872502e+00    2.7766368210e+00
    1.8746394051e+00    2.0720582439e+00    2.4439459228e+00
    2.3087818320e+00    2.5020843024e+00    3.2208326106e+00
    1.9192835436e+00    3.3403377962e+00    3.6289146907e+00
    1.2662760068e+00    4.0392818904e+00    3.1900298302e+00
    1.2256187303e+00    3.1236831571e+00    2.8704308196e+00
    2.1210127690e+00    3.4817982372e+00    2.6171638349e+00
    2.7887557062e+00    3.9237865088e+00    3.2057417299e+00

molecule  47
    4.5457884036e+00    1.5783744340e+00    7.8538516536e+00
    3.6361014456e+00    1.3374460561e+00    7.5942845048e+00
    3.2234692817e+00    7.0169522413e-01    6.9370791367e+00
    4.0418665450e+00    5.9238069384e-02    7.0158072026e+00
    3.6584869151e+00    9.5667281087e+00    6.9722410918e+00
    3.8770837171e+00    9.6153926095e+00    6.0059257840e+00
    2.9652635210e+00    9.1555077337e+00    6.1097877674e+00
    3.3274436952e+00    8.2384863091e+00    6.3269156351e+00

molecule  48
    3.8937628696e+00    8.9327191337e+00    4.1058880276e+00
    3.8678854740e+00    9.9242005668e+00    4.2170986820e+00
    4.4589863799e+00    3.0703423796e-01    4.1119713200e+00
    4.8939603512e+00    9.8856025857e+00    4.2611955982e+00
    4.6528774139e+00    9.9042441809e+00    3.3454562386e+00
    5.2555490191e+00    9.9011616966e+00    2.5606809743e+00
    5.5083851847e+00    9.0636271847e+00    2.1104841703e+00
    5.4401213138e+00    8.2564925227e+00    1.4984829092e+00

molecule  49
    9.0950683012e+00    8.5761176524e+00    9.5444429547e+00
    9.5435793315e+00    8.7861221539e+00    8.6734720135e+00
    8.9280912656e+00    8.0979526378e+00    8.2453406191e+00
    8.4408999958e+00    8.9314061999e+00    7.9610256998e+00
    8.7121687738e+00    8.7105904177e+00    7.0146875172e+00
    8.0225780604e+00    8.1280835688e+00    6.6221161035e+00
    7.7376177783e+00    7.4549693600e+00    7.3381672326e+00
    7.0059152475e+00    8.1248078830e+00    7.0340574142e+00

species    1
nMolecule  50

molecule  0
    7.7955915875e+00    8.2946397303e+00    9.5776515311e+00
    8.1903405489e+00    8.6693844373e+00    1.0420271319e+01
    7.5740855562e+00    8.2864528104e+00    6.3043158671e-01
    7.4911072690e+00    7.4808972739e+00    1.1730183363e+00
    7.6387577248e+00    7.9975534048e+00    2.0034668010e+00
    8.2256834474e+00    7.3182710072e+00    2.4672353569e+00
    7.8072477491e+00    6.4887863800e+00    2.0996667269e+00
    8.0978249688e+00    6.2254007618e+00    1.2063651017e+00

molecule  1
    6.2469188333e+00    6.7202855710e+00    7.9251090271e+00
    7.1022391633e+00    6.2518721146e+00    8.0824478632e+00
    6.9019254040e+00    5.5633527469e+00    8.7892544559e+00
    7.5253427264e+00    6.1862481812e+00    9.2506988913e+00
    6.5980606648e+00    6.5668000120e+00    9.3175961680e+00
    5.7542571706e+00    7.0211801117e+00    9.0664201800e+00
    4.8353308732e+00    6.6405217597e+00    8.9342423129e+00
    4.1584640930e+00    7.3483751943e+00    8.7424210434e+00

molecule  2
    4.0548853506e+00    8.6595826129e-01    1.0003043985e+01
    4.2118320385e+00    1.6312790394e+00    1.7866366433e-01
    5.1225852122e+00    1.8178183856e+00    1.0244695520e+01
    5.1042078461e+00    8.3106777288e-01    1.0347767462e+01
    5.2004771789e+00    5.0324377678e-01    8.3138248093e-01
    5.3505806072e+00    1.0321292093e+01    7.5157911268e-02
    6.2973569783e+00    1.0031408753e+01    1.0343659829e+01
    5.7294328086e+00    9.2596001417e+00    1.0108677525e+01

molecule  3
    3.3243105772e+00    2.0259897782e+00    3.1206189268e+00
    3.2351755035e+00    2.3962152617e+00    4.0640040451e+00
    3.1111593988e+00    1.4198060398e+00    4.0999470643e+00
    3.5844180134e+00    7.8875037715e-01    4.7330104773e+00
    4.1602137627e+00    9.3612129550e-02    5.1178532322e+00
    4.9839792007e+00    1.0214789821e+01    5.5291331246e+00
    5.5167413948e+00    5.0005164619e-01    5.1256038325e+00
    4.7678442639e+00    1.0329349721e+00    4.7922893785e+00

molecule  4
    8.7077431184e+00    4.8153744438e-01    1.9047116838e+00
    8.6693969716e+00    9.9294656452e+00    2.0364030017e+00
    8.7605795525e+00    1.0284588914e+01    1.0749631020e+00
    9.5251638430e+00    5.0567644542e-01    1.1395623079e+00
    9.3440346105e+00    1.9583242387e-01    2.4833958917e-01
    8.9016160584e+00    9.7260258572e+00    1.0377422814e+01
    8.6268681595e+00    9.2093757048e+00    7.4804113432e-01
    8.5019568115e+00    8.4883391543e+00    1.3806945821e+00

molecule  5
    6.6279590397e+00    8.5213758187e+00    1.5269780628e+00
    6.3723161222e+00    8.2090727250e+00    2.4526342826e+00
    6.8337074122e+00    9.0926927864e+00    2.6668189991e+00
    6.4461625974e+00    9.9669808841e+00    2.9378665563e+00
    5.7452701868e+00    9.1777952742e-02    3.4150290041e+00
    6.6218934035e+00    5.9004253287e-01    3.4976546800e+00
    6.5795376114e+00    6.5199990718e-01    2.5042338486e+00
    7.5843937170e+00    6.3272529846e-01    2.4905839466e+00

molecule  6
    4.2532969877e+00    7.0359815378e+00    4.7247135556e+00
    3.7335688073e+00    6.1973830270e+00    4.5354924774e+00
    4.3260154312e+00    6.0525258052e+00    5.3107157937e+00
    4.5401993488e+00    5.4051218537e+00    5.9881564408e+00
    4.6747366830e+00    6.3244322668e+00    6.3203729003e+00
    5.4364825313e+00    6.0110954556e+00    5.7219177550e+00
    5.6335486903e+00    6.5878035871e+00    4.9060611522e+00
    4.9110757706e+00    6.2285362616e+00    4.2768427330e+00

molecule  7
    4.7525606044e-01    5.9331701326e+00    6.3849128701e+00
    1.1738394057e+00    5.1928171004e+00    6.3699398432e+00
    1.0752298132e+00    5.5903995327e+00    5.4212624502e+00
    1.0946336371e+00    4.7811675269e+00    4.9038580551e+00
    3.9338278667e-01    4.7442557633e+00    5.5646123585e+00
    2.9658629059e-01    4.4284550590e+00    6.5459318376e+00
    1.0303083653e+01    3.5109987511e+00    6.5145185394e+00
    9.8200099009e+00    4.1858960304e+00    5.9825371714e+00

molecule  8
    7.5489111359e+00    3.3686658272e+00    5.0545351692e+00
    7.9501668869e+00    3.2597089446e+00    4.1295103119e+00
    8.8793515417e+00    3.1508300105e+00    4.3678023900e+00
    9.4886598157e+00    3.4325226789e+00    3.6791844040e+00
    9.2135383445e+00    4.2309957214e+00    4.1901609018e+00
    8.8149121533e+00    4.9840297365e+00    3.6721140028e+00
    7.8205070306e+00    4.7948911498e+00    3.5773097478e+00
    7.7059367396e+00    4.4756944212e+00    4.4975641772e+00

molecule  9
    8.5591896184e+00    5.7954460412e+00    2.0872852230e+00
    8.8635434368e+00    4.9134306083e+00    2.4481399514e+00
    8.7847438149e+00    4.2617100910e+00    1.6624956290e+00
    7.8998649513e+00    3.9907210695e+00    1.3766148811e+00
    8.4223263256e+00    3.3715053542e+00    8.5241299852e-01
    8.2379776643e+00    3.4086857866e+00    1.0308715187e+01
    9.0870384255e+00    3.8875395788e+00    1.0094645491e+01
    1.0038180911e+01    4.0303662750e+00    1.0055780593e+01

molecule  10
    3.6945005286e+00    2.1711449569e-01    2.0723405130e+00
    3.1155728649e+00    1.0133490438e+01    2.6882456619e+00
    2.9324699546e+00    1.0159776270e+01    3.6522562970e+00
    2.7928656618e+00    8.3127037867e-02    4.5299122569e+00
    2.7775885938e+00    1.0454176035e+01    5.5209546809e+00
    3.6117331614e+00    7.8198955707e-02    6.0805728797e+00
    3.6478279448e+00    1.0659841414e+00    6.0461663309e+00
    4.2259886068e+00    1.8663117178e+00    5.8063504756e+00

molecule  11
    2.1370964099e+00    7.6658140947e+00    8.1341625106e+00
    2.5972837783e+00    8.2588711746e+00    8.7536500912e+00
    3.5845684944e+00    8.2358465616e+00    8.8428381729e+00
    3.8238468765e+00    8.1504830467e+00    7.8913074958e+00
    4.5041012466e+00    8.5275063234e+00    7.2678629032e+00
    4.4186949510e+00    7.8963964709e+00    6.5430917823e+00
    5.3062413410e+00    8.4343027472e+00    6.6162412913e+00
    5.5046479692e+00    7.8332623273e+00    7.3696210680e+00

molecule  12
    9.7691015172e+00    3.4407014876e+00    2.0793396664e+00
    1.0180767038e+01    4.0998390709e+00    2.7430629004e+00
    1.0020523242e+01    4.7271458727e+00    3.4868782741e+00
    3.5977216403e-01    4.6387200262e+00    4.0869658487e+00
    1.0399810448e+01    4.1530483619e+00    4.8829219770e+00
    9.7516267108e+00    4.8746591141e+00    5.1687751172e+00
    9.0997835761e+00    5.3622602505e+00    4.6201615270e+00
    8.1263150380e+00    5.4318459093e+00    4.4503557775e+00

molecule  13
    6.4233624341e+00    9.7139018709e+00    9.2093364479e-01
    7.2274350517e+00    9.7401731409e+00    3.3258395912e-01
    7.3777335895e+00    1.0416002285e+01    1.0612057553e+00
    6.5233917276e+00    2.5829429927e-01    1.4291633133e+00
    6.5618542447e+00    9.8249480898e+00    1.9171438769e+00
    5.6057303331e+00    1.0150304320e+01    1.6297601754e+00
    5.4662452903e+00    6.6058436347e-01    1.8852030641e+00
    4.7727193522e+00    1.3505159829e+00    1.6607735682e+00

molecule  14
    6.8445326111e+00    1.5309440044e-02    6.3609471821e+00
    5.8131738283e+00    1.0436275021e+01    6.3633449515e+00
    6.1848214514e+00    8.3170715982e-01    6.7962882992e+00
    5.8593769514e+00    1.6497603083e+00    6.3346200313e+00
    5.1848501399e+00    2.3133395571e+00    5.9880286582e+00
    4.6750911739e+00    1.9756390614e+00    6.7608376104e+00
    4.2477866179e+00    1.0969820152e+00    6.8468489273e+00
    5.1477420741e+00    8.1505637960e-01    6.5554735097e+00

molecule  15
    4.9422216318e+00    4.7626443886e+00    8.7926311804e+00
    4.5633411104e+00    3.8782608705e+00    9.0984179650e+00
    4.1733212193e+00    3.1106287955e+00    8.6016995241e+00
    3.3512379908e+00    3.1226912266e+00    7.9962754291e+00
    2.9916730231e+00    2.1733084669e+00    7.8503834061e+00
    3.0171626890e+00    1.4739783015e+00    8.5492055393e+00
    3.3189011875e+00    5.9542936972e-01    8.9267459765e+00
    3.0590847609e+00    2.7508542130e-01    9.8735078834e+00

molecule  16
    2.6348783196e-02    1.6016547726e+00    2.2274915106e+00
    9.7736879002e+00    9.4934971813e-01    2.4556336124e+00
    9.5150406416e+00    1.0417871732e+01    2.3513535664e+00
    9.0176014955e+00    5.8563745573e-01    2.9713311954e+00
    9.4094918234e+00    6.5140469593e-01    3.8931867075e+00
    9.8944950238e+00    3.3001400279e-02    4.4649997553e+00
    9.1105934112e+00    4.6801874081e-01    4.8040166078e+00
    8.3495454994e+00    8.0219821609e-01    4.2230538136e+00

molecule  17
    6.6842549930e+00    8.4620445493e+00    4.0610813957e+00
    7.5928302832e+00    8.1705663872e+00    3.6641366952e+00
    7.7092001668e+00    7.2061916641e+00    3.7108228040e+00
    8.2041442816e+00    6.5756415530e+00    3.1506200947e+00
    7.6670281067e+00    6.0179253536e+00    3.7835603157e+00
    6.7880842493e+00    5.5870943801e+00    3.5847538503e+00
    6.1231502157e+00    5.5796809244e+00    4.4000659883e+00
    6.6771590696e+00    6.3667153141e+00    4.1925359625e+00

molecule  18
    9.5678405106e+00    8.7208518908e+00    6.1764354392e+00
    1.0233216181e+01    8.3268031986e+00    5.5351122970e+00
    3.8429219638e-01    7.5944356105e+00    5.1987872319e+00
    5.9558436315e-01    6.6363301548e+00    5.4068189042e+00
    1.2968281825e+00    6.4832372375e+00    6.1001436767e+00
    2.0183912730e+00    5.8993725600e+00    6.3524237176e+00
    2.5561234535e+00    6.5517207711e+00    6.8764566751e+00
    2.7603965594e+00    5.6947494896e+00    7.3708816211e+00

molecule  19
    5.2995945586e+00    2.6588203068e+00    9.1001546746e+00
    5.1744982115e+00    1.6930917019e+00    9.0705821443e+00
    5.9448682021e+00    1.5563880037e+00    8.4723231001e+00
    6.1961559575e+00    1.1850988481e+00    9.3676581851e+00
    6.1999846009e+00    1.6179439096e+00    1.0233448726e+01
    6.3160124168e+00    2.1747732310e+00    5.6433788102e-01
    5.3934455285e+00    2.1482042316e+00    8.5624735895e-01
    4.7291740594e+00    2.3815992612e+00    1.5326252165e+00

molecule  20
    1.6544442181e+00    5.1245737621e+00    1.6523845616e+00
    1.4616395335e+00    5.5546052579e+00    2.5157799798e+00
    1.0500372090e+00    6.4699803776e+00    2.6025836928e+00
    6.2780191619e-01    7.2721968149e+00    2.3500522757e+00
    1.4571163675e-01    6.6589154231e+00    1.6870141251e+00
    1.0016887521e+01    7.0347679529e+00    9.6222676553e-01
    9.5360743689e+00    7.8075405276e+00    1.3343334743e+00
    9.1883751650e+00    8.3916658394e+00    5.8258942050e-01

molecule  21
    7.3949585591e+00    1.9363381783e+00    9.6851470297e+00
    6.5056276547e+00    2.2319275195e+00    9.3801061058e+00
    6.9846478815e+00    3.0683309691e+00    9.5546327186e+00
    6.7974262283e+00    2.9736445099e+00    8.5758868095e+00
    6.5814208769e+00    3.9410071887e+00    8.5802160305e+00
    6.2260073987e+00    4.8162844417e+00    8.8855470249e+00
    5.6432001702e+00    5.1226003253e+00    8.1322585227e+00
    5.6356523847e+00    6.0066718805e+00    8.5852722407e+00

molecule  22
    5.9406868901e+00    5.9401841005e+00    7.1686491052e+00
    6.1267622586e+00    5.3752988234e+00    6.3578000021e+00
    6.7497437583e+00    4.6122383179e+00    6.4687902845e+00
    7.4832943695e+00    4.1358364304e+00    5.9583812079e+00
    7.1115858077e+00    3.7240315863e+00    6.7982085276e+00
    6.3334109878e+00    3.3172630983e+00    6.3627141274e+00
    5.4087673446e+00    3.3627378354e+00    6.7494971018e+00
    5.4621019850e+00    3.7694812595e+00    5.8454641268e+00

molecule  23
    2.3007020653e+00    4.7983687906e+00    5.8431802863e+00
    3.0110433642e+00    5.2289237686e+00    6.3790232857e+00
    3.6099720181e+00    5.9667677162e+00    6.0561062408e+00
    2.8003497056e+00    5.6103863340e+00    5.5176168693e+00
    2.1759890296e+00    6.0951305009e+00    4.8727843403e+00
    2.7681638406e+00    6.8503291597e+00    4.6902392445e+00
    1.9253643384e+00    7.0842069271e+00    5.1304537779e+00
    2.6390200754e+00    7.3719010715e+00    5.7822712073e+00

molecule  24
    7.8333912806e+00    1.1267757293e+00    5.2578336797e-01
    8.6402600503e+00    1.5092020188e+00    1.0400424927e+01
    8.0868495525e+00    2.3178440463e+00    2.8131192056e-01
    7.2642261833e+00    2.3784917313e+00    8.3461610776e-01
    7.4185712072e+00    3.3286163612e+00    4.5690632778e-01
    6.8780595580e+00    3.3184637485e+00    1.3311133523e+00
    5.9503548575e+00    3.2086131221e+00    9.6365313918e-01
    6.3717798818e+00    4.0075052732e+00    5.6469753155e-01

molecule  25
    7.5089179527e+00    1.0086303957e+01    2.1446567744e+00
    7.6023247122e+00    9.8300007422e+00    3.0830314039e+00
    7.2882072043e+00    1.0188126538e+01    3.9828834390e+00
    7.2517381013e+00    9.3000572352e+00    4.4035673119e+00
    6.7541915581e+00    9.8043572592e+00    5.1011574436e+00
    6.0670757308e+00    9.1205333535e+00    4.8182495913e+00
    5.9955933549e+00    9.7328922796e+00    4.0479850248e+00
    5.9446130390e+00    9.0398824106e+00    3.3361397383e+00

molecule  26
    2.2952301398e+00    5.5749143464e+00    3.0852477263e+00
    2.4608489755e+00    6.4192522976e+00    2.5818982913e+00
    1.8877975326e+00    6.9077798936e+00    3.2689776072e+00
    2.2007199071e+00    7.7387320726e+00    3.7333236483e+00
    1.8597794666e+00    8.5066963627e+00    4.2460593405e+00
    1.2540271414e+00    7.7472763450e+00    4.3726359179e+00
    5.6492616756e-01    7.0510353082e+00    4.0027875686e+00
    1.3721811214e+00    6.4598633968e+00    4.1078052924e+00

molecule  27
    7.2038675440e+00    7.5827488432e+00    9.1262891160e+00
    7.6670182373e+00    7.9724858159e+00    8.3456781078e+00
    8.1898646945e+00    7.2043083598e+00    8.7355351829e+00
    8.8111416923e+00    6.6582659730e+00    9.2807726657e+00
    8.0611663898e+00    6.7530921521e+00    9.8921539284e+00
    8.2841157744e+00    6.9325719512e+00    3.9877395663e-01
    7.3292801742e+00    6.7376860289e+00    3.5361945262e-01
    7.3261103958e+00    5.7932504339e+00    6.5587003885e-02

molecule  28
    4.5311585165e+00    9.3185725739e+00    1.6574193286e+00
    4.1372439100e+00    9.4923339924e+00    2.5674205319e+00
    3.5124818823e+00    9.6092944388e+00    1.7953173910e+00
    3.3210630616e+00    8.7784642590e+00    1.2957830482e+00
    2.3872744798e+00    9.0336012613e+00    1.0170222812e+00
    1.6916454188e+00    9.7549799959e+00    8.4699337341e-01
    2.5495882441e+00    1.0064663955e+01    1.2261899796e+00
    2.6308472285e+00    1.6440725436e-02    3.1341003201e-01

molecule  29
    4.9401848591e+00    3.4563634342e+00    1.1996561566e+00
    4.3895404930e+00    4.0122495998e+00    1.7992959016e+00
    4.2002827389e+00    4.8771078946e+00    1.3360567550e+00
    3.9514086269e+00    5.5719594109e+00    2.0181014232e+00
    3.8737165305e+00    5.5114562816e+00    3.0144658012e+00
    3.9616286015e+00    4.5239446740e+00    2.8779532106e+00
    3.4390911729e+00    4.5395436127e+00    2.0131110431e+00
    2.4918472481e+00    4.4729667572e+00    2.1565118458e+00

molecule  30
    4.9769466389e+00    4.6122955950e+00    2.8048076639e+00
    5.7023162740e+00    4.5399389765e+00    2.1161375275e+00
    5.8490443638e+00    5.4420819953e+00    2.5254009067e+00
    5.2778415504e+00    5.5671060626e+00    1.7511555039e+00
    6.1656844996e+00    5.2475094732e+00    1.3842715911e+00
    6.8665878950e+00    4.9090555181e+00    8.4810889014e-01
    7.8029829544e+00    5.1701951568e+00    1.0467424244e+00
    8.4448546593e+00    5.1277034768e+00    2.3118707160e-01

molecule  31
    2.9009666080e+00    8.4976864120e+00    1.0074055027e+01
    3.8014003285e+00    8.0418916672e+00    9.8949292952e+00
    3.4226067167e+00    7.1473402617e+00    9.8550078527e+00
    3.9856055049e+00    6.2914533550e+00    9.6804643975e+00
    3.3821686403e+00    5.5205458852e+00    9.7999682414e+00
    4.1881318961e+00    4.8930652093e+00    9.7108289637e+00
    4.2081245680e+00    4.6157084351e+00    1.9967498530e-01
    3.2881091333e+00    4.6952119141e+00    5.6132598071e-01

molecule  32
    9.4163472187e+00    9.6915607268e+00    5.6982869684e+00
    9.6400690102e+00    1.0290656233e+01    6.4280566756e+00
    9.8838364200e+00    2.4885150880e-01    7.2709582224e+00
    1.0390102414e+01    1.0043649013e+01    7.6924733668e+00
    9.5343018792e+00    9.5673125006e+00    7.5037827593e+00
    8.8613451174e+00    9.6768829888e+00    6.8081792094e+00
    8.0548557811e+00    9.6972953032e+00    7.3819165198e+00
    7.7942905037e+00    1.0384882387e+01    6.7733396751e+00

molecule  33
    9.4831005290e+00    5.5508016976e+00    9.2922636947e+00
    1.8911492009e-02    5.7841582339e+00    9.3019514777e+00
    1.0284188030e+01    4.8738108301e+00    9.5429232611e+00
    6.0966557511e-01    4.2673528130e+00    9.7493349202e+00
    5.4044391098e-01    4.0386272991e+00    2.1282802956e-01
    7.2844621776e-01    4.6955310525e+00    9.5097580702e-01
    1.0334549676e+00    3.7142037503e+00    1.1688135289e+00
    4.5883842845e-01    3.4527721424e+00    1.8637815156e+00

molecule  34
    4.4567128286e+00    3.0964156256e+00    4.4689282794e+00
    3.9885336094e+00    2.3107716038e+00    4.8704055027e+00
    4.4443083283e+00    2.1711897014e+00    3.9428266188e+00
    4.2201135107e+00    1.2560247293e+00    3.6515743337e+00
    3.4908881974e+00    5.8117683631e-01    3.5311680712e+00
    2.8265141294e+00    1.1265704523e+00    2.9735187660e+00
    2.4079600523e+00    6.1154939088e-01    3.6616883793e+00
    1.6518098429e+00    9.2861109670e-01    4.1293457450e+00

molecule  35
    5.6365545895e+00    8.2558075716e+00    9.3706667727e+00
    6.1311532001e+00    9.0336367025e+00    8.9339573548e+00
    6.7241615094e+00    9.1610100408e+00    9.7519116115e+00
    6.7345790053e+00    8.5586085906e+00    5.6893548678e-02
    6.6449160158e+00    7.6190518729e+00    1.0290203094e+01
    6.1138275470e+00    6.7908889768e+00    1.0356075079e+01
    6.3423076778e+00    5.8832454736e+00    2.6532336747e-01
    5.9346507665e+00    5.8228152389e+00    9.7982748827e+00

molecule  36
    8.8957933318e+00    6.2348797102e+00    1.0323533542e+01
    8.4324535934e+00    5.6054093156e+00    9.6961163355e+00
    8.5050722870e+00    4.6241717068e+00    9.6269776379e+00
    7.6329693090e+00    4.9386798217e+00    9.1987838400e+00
    7.5567885722e+00    3.9618734829e+00    9.4381394724e+00
    6.9903112303e+00    4.1954034642e+00    1.0241678168e+01
    6.3851777094e+00    4.9501094349e+00    1.0152580318e+01
    5.4638963943e+00    4.5445298572e+00    1.0166093180e+01

molecule  37
    3.5159925397e+00    6.5389087474e+00    2.1615312393e+00
    4.2588918944e+00    6.5240925419e+00    1.4897091881e+00
    4.9698333025e+00    6.8501645772e+00    2.0579753925e+00
    5.1540644963e+00    6.7941812809e+00    3.0542166927e+00
    5.7391413355e+00    6.1760017495e+00    3.5829918083e+00
    4.8608937545e+00    5.7333194927e+00    3.2860992763e+00
    5.2457438318e+00    4.9500105038e+00    3.8029527854e+00
    4.5270035371e+00    5.0688672202e+00    4.5001582341e+00

molecule  38
    8.5236332954e+00    3.9569582919e+00    3.1862314128e+00
    7.5402025827e+00    3.8604208182e+00    3.1607481180e+00
    8.0522590539e+00    3.2393181576e+00    2.5546346663e+00
    7.7722028878e+00    2.6591629568e+00    1.7699327066e+00
    7.4664629709e+00    1.7751603292e+00    2.0988054252e+00
    6.7357829574e+00    1.5441018297e+00    1.4543392119e+00
    6.6185163378e+00    1.0083899091e+00    6.7615307952e-01
    6.7236300578e+00    5.4542947682e-01    1.0245408661e+01

molecule  39
    2.1246033080e+00    9.2408322526e+00    2.0048545193e+00
    2.3873277607e+00    8.4716656137e+00    2.5895545951e+00
    1.8736838512e+00    7.7412620989e+00    2.1568976966e+00
    2.8763524861e+00    7.5701579442e+00    2.1874463003e+00
    3.7694390641e+00    7.7404358965e+00    1.7579156634e+00
    4.5661692360e+00    7.6081644269e+00    1.1630800491e+00
    3.6929327788e+00    7.6846379287e+00    7.0925012782e-01
    2.7005958341e+00    7.6542177516e+00    9.4438261927e-01

molecule  40
    8.5387344524e+00    1.6336035939e+00    1.2904100153e+00
    8.6376689696e+00    1.4416574333e+00    2.2539646910e+00
    9.4166715200e+00    1.9424666508e+00    1.8579235787e+00
    8.8884898868e+00    2.7398616283e+00    2.0389291795e+00
    9.5088959402e+00    2.7901728812e+00    2.8239221548e+00
    9.6912893982e+00    1.8950250041e+00    3.3278888915e+00
    8.8692084479e+00    1.5313639836e+00    3.7377648003e+00
    8.1970019363e+00    1.9771202746e+00    3.1737821509e+00

molecule  41
    1.5304053751e+00    2.2023127529e-01    3.3199157204e+00
    1.8705686127e+00    1.0085753632e+01    4.0877704867e+00
    1.3197717768e+00    1.2053348701e-01    4.7545816115e+00
    1.1875707734e+00    9.9234054583e+00    5.4762746726e+00
    8.5400513652e-01    9.2626167095e+00    4.8264800935e+00
    1.6180278809e-01    9.7149274075e+00    5.3715257262e+00
    6.9906326994e-01    9.2230483476e+00    6.0680445400e+00
    3.8072220054e-01    8.6358114686e+00    6.8548653187e+00

molecule  42
    1.7374148110e+00    2.6336755340e+00    5.9797545342e+00
    2.1562276228e+00    2.0552351988e+00    5.2562899343e+00
    2.0360726128e+00    1.0889111033e+00    5.2806796750e+00
    2.5884853640e+00    9.2164977341e-01    6.0945612701e+00
    2.0321115500e+00    5.7321882980e-01    6.7936911014e+00
    2.0000389703e+00    1.0020739505e+01    6.5968705008e+00
    1.0313708749e+00    9.8919036390e+00    6.8851924058e+00
    1.4882987739e+00    1.0257834080e+01    7.6504501896e+00

molecule  43
    3.5210231102e+00    2.1810846591e+00    6.8165048194e+00
    4.0822159267e+00    2.8144267858e+00    6.2842548011e+00
    3.5215581757e+00    3.2094078257e+00    7.0237920388e+00
    3.8401704860e+00    4.1477609052e+00    7.0767521256e+00
    4.5253404406e+00    4.8835957403e+00    7.1780387876e+00
    5.1141245167e+00    4.5776430345e+00    6.4283982211e+00
    4.4686601166e+00    3.8361115137e+00    6.3056845537e+00
    3.9940366729e+00    4.5171256637e+00    5.7174308129e+00

molecule  44
    8.1983409066e+00    2.0274598911e+00    5.3028106255e+00
    8.3525461510e+00    2.0675529566e+00    6.2902239714e+00
    8.5364306186e+00    2.7346276111e+00    7.0038349957e+00
    9.3534538857e+00    3.2725284284e+00    6.8142934723e+00
    8.4974753219e+00    3.7764614111e+00    6.7090507362e+00
    8.6800791633e+00    4.6417069649e+00    7.1920929901e+00
    7.7063039815e+00    4.4292232880e+00    7.3571588737e+00
    6.8937150467e+00    4.9290492873e+00    7.6715919977e+00

molecule  45
    1.6754379626e+00    9.7193437740e+00    2.7860907188e+00
    1.3280800843e+00    8.8968376179e+00    3.2104673392e+00
    6.4530550678e-01    8.5291442261e+00    3.7612057956e+00
    1.0176348621e+01    8.5191772496e+00    4.0638912681e+00
    9.6951515679e+00    8.3081165031e+00    3.2213872526e+00
    8.7942088525e+00    7.7690729692e+00    3.2727269968e+00
    8.6281167439e+00    8.3236120573e+00    2.4536739132e+00
    7.9235625748e+00    8.9907945630e+00    2.1681695698e+00

molecule  46
    9.1062365456e+00    6.6788720980e+00    2.6070475104e+00
    9.9165130585e+00    7.1880077771e+00    2.2803076158e+00
    1.0242387770e+01    6.9102018704e+00    3.1985475400e+00
    9.3623540489e+00    6.9673309108e+00    3.7005215673e+00
    8.7707202609e+00    6.1910619343e+00    3.9523377592e+00
    9.3722340448e+00    5.7878191267e+00    3.2581874320e+00
    1.0337159197e+01    5.9254979776e+00    3.0421560872e+00
    1.0440971828e+01    5.8709844116e+00    4.0651593746e+00

molecule  47
    7.8018611066e+00    8.5628657509e-01    5.7534983019e+00
    7.5632739442e+00    5.8442156059e-01    4.8117249063e+00
    7.2446576165e+00    1.1555047861e+00    4.0278519868e+00
    7.1184385802e+00    2.0411730093e+00    3.5628278811e+00
    6.6849406856e+00    2.1662392570e+00    2.6694440166e+00
    6.8755368392e+00    3.0548062459e+00    3.1489023645e+00
    6.2208640319e+00    3.5524414285e+00    2.5747578946e+00
    6.9357349920e+00    3.9953256695e+00    2.0677093061e+00

molecule  48
    8.0475262735e+00    5.0397787719e+00    8.3210633514e+00
    8.9520640386e+00    4.9318666590e+00    8.7518617456e+00
    8.5235652908e+00    5.8067844514e+00    8.6982150742e+00
    8.9725116406e+00    5.6655210277e+00    7.8278797314e+00
    9.8662863926e+00    6.1290282502e+00    7.7135919526e+00
    9.6263520859e+00    5.8408722430e+00    6.8110384022e+00
    9.0932396752e+00    5.5370904379e+00    6.0127193331e+00
    8.7264425653e+00    4.5904558785e+00    5.9945316971e+00

molecule  49
    7.3572427744e+00    4.8310767276e+00    2.5854499077e+00
    7.3141545175e+00    5.6827003427e+00    2.0316377642e+00
    6.5639390993e+00    6.1339188617e+00    2.5280971523e+00
    6.0720726600e+00    6.4079181794e+00    1.6703622933e+00
    6.9827823221e+00    6.4407272330e+00    1.2679297667e+00
    6.3722139814e+00    7.0943519634e+00    9.0382254285e-01
    5.4146762155e+00    7.0563219724e+00    5.9332090338e-01
    4.6897466694e+00    6.9816781956e+00    1.0371911878e+01
