BOUNDARY

orthorhombic    1.0455159000e+01    1.0455159000e+01    1.0455159000e+01

MOLECULES

species    0
nMolecule  50

molecule  0
    5.3241559505e+00    1.0006478671e+01    6.6949479678e+00
    6.0107311229e+00    1.0440979490e+01    7.2843813251e+00
    5.1275296499e+00    3.0171796936e-01    7.6257895140e+00
    4.8725002016e+00    4.7463954324e-01    8.5623809192e+00
    4.2149051170e+00    1.1992347421e+00    8.5581412103e+00
    4.0978812793e+00    1.9002202021e+00    9.3102373213e+00
    4.4903180934e+00    2.6994106049e+00    9.7373996739e+00
    3.7298168464e+00    2.2207433472e+00    1.0213703088e+01

molecule  1
    6.0737169885e+00    2.0963618455e+00    2.3890920714e+00
    6.4877448724e+00    2.9309721234e+00    2.1288663815e+00
    5.8954857194e+00    3.3439926442e+00    2.8356180186e+00
    4.9804328711e+00    2.9541757138e+00    2.6236775343e+00
    4.2659695140e+00    3.5171560884e+00    3.0699065802e+00
    3.4183105868e+00    3.9677919740e+00    3.3451947798e+00
    3.4449115365e+00    4.9642349355e+00    3.5409084015e+00
    3.7255423413e+00    5.2540868559e+00    4.4907114529e+00

molecule  2
    9.2532208468e+00    7.3516074340e+00    4.3097432800e+00
    9.0344876994e+00    8.2890263971e+00    4.6357515024e+00
    9.3713439688e+00    9.1322014036e+00    4.1437991699e+00
    8.7912881059e+00    9.4805290136e+00    3.3946144945e+00
    8.9540053938e+00    4.3774027224e-03    3.2862197735e+00
    9.3427464711e+00    1.0170830850e+01    4.1549408288e+00
    9.1565247090e+00    9.8724640855e+00    5.0757759907e+00
    8.4052540155e+00    9.5968643710e+00    4.5000580929e+00

molecule  3
    3.5252160849e+00    6.1761976476e+00    7.3572159388e+00
    3.0967866193e+00    6.7008593464e+00    8.0067491880e+00
    3.4379562036e+00    7.6115154638e+00    8.2472371251e+00
    2.6281503187e+00    7.8125185212e+00    8.7289164800e+00
    2.0036617270e+00    7.1749040451e+00    8.3084100497e+00
    1.5697332321e+00    7.5877335387e+00    7.4738448445e+00
    7.6082747521e-01    7.5464411337e+00    7.9490268308e+00
    7.8872819561e-01    8.4640006257e+00    7.4596124039e+00

molecule  4
    2.8154350546e+00    1.0284770076e+01    9.4026142493e+00
    2.1099567867e+00    9.6242142097e+00    9.2178982449e+00
    2.0455393712e+00    9.8896781739e+00    8.2570998811e+00
    2.2319029516e+00    8.8816133997e+00    8.3427815249e+00
    2.1977880348e+00    9.2318249277e+00    7.4060001398e+00
    2.1894008708e+00    8.4978647351e+00    6.7131742269e+00
    1.8135938331e+00    9.2679459620e+00    6.1735782636e+00
    2.5563204714e+00    9.9080444301e+00    6.2742477396e+00

molecule  5
    2.7492256572e+00    8.9676898404e+00    4.3938461549e+00
    3.4490767832e+00    8.3401906911e+00    4.6939622832e+00
    2.7313286433e+00    7.8813363511e+00    5.1807362610e+00
    3.4293304222e+00    7.8530701808e+00    5.9410863786e+00
    4.4502390340e+00    7.9019348714e+00    5.9015776503e+00
    5.2812299857e+00    8.3013075463e+00    5.6307775394e+00
    6.1716929955e+00    8.2119062613e+00    5.1323036067e+00
    5.4590818370e+00    8.4624596903e+00    4.4778443937e+00

molecule  6
    1.0269628317e+01    1.8823326082e+00    5.0931168397e+00
    2.0861974064e-01    2.4627560668e+00    4.3758328649e+00
    7.0453240108e-01    2.4017205062e+00    5.2527809618e+00
    4.1295589330e-01    2.6220508283e+00    6.2148727143e+00
    1.0294667186e+01    2.9902828356e+00    5.4889008901e+00
    9.3626513727e+00    2.7102128882e+00    5.2171586922e+00
    8.8086170526e+00    2.9526432183e+00    6.0188629742e+00
    8.6399732026e+00    3.7976517587e+00    5.5257292106e+00

molecule  7
    1.0325635933e+01    9.7842502402e+00    4.0792931108e+00
    7.9278716867e-01    9.4656315620e+00    3.7624321628e+00
    1.0055220551e+00    9.6260584998e+00    2.7981974119e+00
    1.9874388399e+00    9.4571509061e+00    2.5937634851e+00
    1.4255727419e+00    8.9037290562e+00    1.9296063735e+00
    4.0342014687e-01    8.8726985776e+00    1.7959101799e+00
    9.9866463669e+00    9.2966577837e+00    1.9479027258e+00
    7.1056738334e-02    9.9983775606e+00    1.4966603952e+00

molecule  8
    7.2080063709e-01    7.5426343581e+00    7.6546718260e-01
    3.5603837722e-01    7.9030728812e+00    1.0389511413e+01
    3.1222469263e-01    6.8823566354e+00    1.0431645018e+01
    9.9265686890e+00    7.1785424040e+00    3.6564007335e-01
    9.5330907702e+00    6.9065863996e+00    9.9264756959e+00
    9.8867604828e+00    6.5068811166e+00    9.0599658037e+00
    3.7702357155e-01    6.1845807867e+00    9.0861688781e+00
    6.4416054324e-01    7.1616311983e+00    9.0469378687e+00

molecule  9
    5.0089978212e+00    5.2624436039e+00    9.8633909866e+00
    4.3585328344e+00    5.9375789010e+00    1.0191574516e+01
    4.3229434651e+00    5.9676257803e+00    7.4392116749e-01
    3.5990698493e+00    5.2562981874e+00    9.2087409016e-01
    3.3676882971e+00    6.1842992154e+00    7.2875669507e-01
    2.4239865449e+00    6.2170664174e+00    9.8908821321e-01
    1.5366840926e+00    5.7225876510e+00    1.0443135483e+00
    8.6737208778e-01    5.0273400230e+00    7.5209319918e-01

molecule  10
    5.6727568358e+00    1.2303646723e+00    8.1005718765e+00
    6.4976844569e+00    7.1145738309e-01    8.3449599815e+00
    6.5871748388e+00    1.0294694976e+00    7.4262538823e+00
    7.2117310391e+00    1.6008533988e+00    8.0577079362e+00
    7.6962271001e+00    7.8162150748e-01    8.3325532300e+00
    8.5495639054e+00    5.1405986356e-01    7.9790211486e+00
    8.2325463768e+00    7.7144353242e-01    7.0614597779e+00
    7.3846292000e+00    9.1130460450e-01    6.5257497107e+00

molecule  11
    5.4158352174e+00    6.6971607271e+00    7.8309904882e+00
    4.5008925821e+00    6.3748783750e+00    7.6465353360e+00
    4.0338544885e+00    5.7217280684e+00    8.2589742766e+00
    3.6879755727e+00    4.9488109323e+00    8.7569308107e+00
    3.2174691687e+00    4.3584135432e+00    9.4462847626e+00
    2.3387762102e+00    4.3442319767e+00    9.9765045764e+00
    1.8508379748e+00    3.6436649156e+00    9.4362491007e+00
    9.2411081468e-01    3.1648098534e+00    9.2817639783e+00

molecule  12
    8.8213117923e+00    2.9031156451e+00    7.8819851597e-01
    9.6664192361e+00    3.3643826159e+00    9.0185815086e-01
    9.9421765979e+00    2.9655938704e+00    1.5465097498e-02
    8.5067124408e-02    2.4760815953e+00    7.0674745156e-01
    9.9390331490e+00    1.8139369468e+00    3.1514683967e-01
    4.2886806286e-01    1.4529698806e+00    3.6235019716e-01
    1.2485835622e+00    2.0597231478e+00    6.0744973531e-01
    9.7276016230e-01    2.8613583482e+00    2.9783454062e-02

molecule  13
    7.5938411373e+00    6.3306222213e+00    5.3731702161e+00
    8.1740171672e+00    6.8304843637e+00    6.0088951720e+00
    8.8780771328e+00    6.6573514949e+00    6.6471250978e+00
    9.5703564086e+00    5.9679630022e+00    6.6853907214e+00
    1.0256911781e+01    6.4022654088e+00    6.1475774824e+00
    9.6526128206e+00    5.8277128808e+00    5.5849843813e+00
    9.5954604694e+00    6.7906808147e+00    5.4347795089e+00
    9.0079576029e+00    7.5907464306e+00    5.4407511982e+00

molecule  14
    7.8797320720e+00    2.4879841486e+00    7.9096780080e+00
    7.7888872937e+00    3.5009817708e+00    8.0044865610e+00
    8.2827193497e+00    4.3220985049e+00    8.2103349360e+00
    8.9352158468e+00    3.9924893644e+00    8.9209476342e+00
    9.4815882552e+00    3.8202035899e+00    9.7284853874e+00
    8.7950587532e+00    3.1064955264e+00    9.7982195364e+00
    8.7806884013e+00    2.1441392503e+00    9.9227700234e+00
    9.6388107615e+00    1.9434411619e+00    9.4644707150e+00

molecule  15
    9.6200823680e+00    7.4908630865e+00    8.5592960435e+00
    1.0252767464e+01    6.9157275906e+00    8.0978987109e+00
    8.9818522829e-02    6.9486460163e+00    7.1222669141e+00
    1.0433775078e+01    7.8421352253e+00    6.7080994238e+00
    9.4944466380e+00    7.5280764954e+00    6.7760368000e+00
    9.5385514392e+00    8.4737743644e+00    7.0614786986e+00
    1.0205854053e+01    8.1764072109e+00    7.7356933511e+00
    9.8706907184e+00    9.0191267666e+00    8.2322841366e+00

molecule  16
    1.5378387026e-01    1.3518012965e+00    1.9874599829e+00
    3.3403917052e-01    5.3841855718e-01    1.5042405192e+00
    1.3123422195e+00    6.1414192840e-01    1.6761450262e+00
    1.3678647263e+00    6.2173749163e-02    8.0093804467e-01
    5.2052362822e-01    1.0046227104e+01    5.3923149242e-01
    2.4828328326e-01    4.2668702329e-01    2.3483107808e-02
    1.0001584485e+01    9.9419300252e-01    1.0129423940e+01
    2.0815428278e-01    1.0406094055e+00    9.4069049131e+00

molecule  17
    5.8908864608e+00    8.3383986166e+00    7.8198808287e-01
    5.3004764733e+00    8.0127387043e+00    7.0676077504e-02
    4.5815771321e+00    8.5564079598e+00    4.7533885423e-01
    3.8365725813e+00    9.0015054514e+00    1.0407251242e+01
    4.2685960040e+00    9.1639683355e+00    9.5143623549e+00
    3.7424896894e+00    1.0013522148e+01    9.3753858424e+00
    4.6467097551e+00    1.0223364739e+01    9.6703690964e+00
    4.3480816562e+00    9.8582927666e+00    1.0269499909e-01

molecule  18
    5.8072331991e+00    3.0393873614e+00    8.3938413491e-02
    5.3263599047e+00    3.5429012302e+00    9.8386864726e+00
    4.7260939416e+00    3.5968985546e+00    1.5099742969e-01
    4.1659076217e+00    2.9048341022e+00    5.1514088922e-01
    3.1494928107e+00    2.8653744394e+00    3.6740937195e-01
    2.9341605365e+00    2.7397306021e+00    1.3081046178e+00
    2.4914486386e+00    3.6002903129e+00    1.3456513398e+00
    2.5020639050e+00    3.8918208393e+00    4.1108213263e-01

molecule  19
    7.2727439309e+00    2.5936159189e+00    5.8666253355e+00
    6.8028215112e+00    1.8436279677e+00    6.3727682559e+00
    6.4783486342e+00    1.3396861363e+00    5.5828220264e+00
    7.0448742432e+00    1.8485499644e+00    4.9189153673e+00
    6.4570045648e+00    2.4991808897e+00    4.4561727541e+00
    5.6430428887e+00    1.9139698676e+00    4.5844285412e+00
    6.3654957981e+00    1.2617701666e+00    4.3403310030e+00
    6.1422796401e+00    5.2584149467e-01    4.9920942842e+00

molecule  20
    6.7636753014e+00    5.7246391483e+00    5.1162475010e+00
    7.0221405281e+00    4.7607817999e+00    5.0136616715e+00
    6.0663836554e+00    4.6611334568e+00    4.7063896095e+00
    6.6542685679e+00    3.8780000848e+00    4.6443463636e+00
    7.3438164859e+00    4.1359681338e+00    3.9201243323e+00
    7.3312669395e+00    5.1566832209e+00    3.9845629393e+00
    6.6553634064e+00    4.6760234776e+00    3.4468742175e+00
    6.0239075767e+00    4.0003674135e+00    3.8683447305e+00

molecule  21
    1.8095149115e+00    4.7810220141e+00    1.4943470817e+00
    2.4935915767e+00    4.8807106012e+00    7.8062484606e-01
    2.1343966040e+00    5.5209501540e+00    1.0018080192e-01
    1.7114341802e+00    6.3405998155e+00    1.0143633428e+01
    2.0384365858e+00    7.1099985779e+00    9.6620968267e+00
    1.5180039997e+00    7.5919877880e+00    1.0331154704e+01
    2.1861330281e+00    8.3344841716e+00    5.5018847246e-02
    2.2251459293e+00    9.2508254954e+00    1.0242167372e+01

molecule  22
    1.3038562123e+00    4.9580735370e+00    9.8447600052e+00
    6.0546414929e-01    5.6464183261e+00    1.0106971682e+01
    1.0088125841e+01    5.8581248417e+00    1.0235226888e+01
    9.3561978924e+00    5.3871491409e+00    2.2509440950e-01
    1.0033342693e+01    4.8850136567e+00    7.2273840191e-01
    9.7559003674e+00    4.3298630769e+00    1.5510571336e+00
    9.8994256921e+00    4.3953990691e+00    2.5538513193e+00
    9.2329546852e+00    4.2063387995e+00    3.2817344562e+00

molecule  23
    3.6858961462e+00    7.3672570981e+00    2.7367616043e+00
    4.5307725502e+00    7.9275704383e+00    2.6500243581e+00
    3.6931399397e+00    8.3370244386e+00    2.2406140363e+00
    3.1064494767e+00    8.7919393918e+00    2.9070753853e+00
    3.1343785277e+00    8.1107667237e+00    3.6310148336e+00
    3.3898837601e+00    7.1700451329e+00    3.9105196542e+00
    3.8924377402e+00    6.3221204434e+00    3.8102506883e+00
    2.9228981842e+00    6.1651386576e+00    3.9716087847e+00

molecule  24
    9.2487785940e+00    9.7177121808e+00    8.9860374219e+00
    8.2704548277e+00    9.5296825176e+00    8.7546585366e+00
    7.5042500317e+00    1.0129671076e+01    8.7281022846e+00
    7.3647022110e+00    9.2972702035e+00    9.2055820882e+00
    6.9022111300e+00    8.6215459076e+00    8.6403747702e+00
    6.2889033726e+00    7.8294966831e+00    8.6525828817e+00
    5.4489687624e+00    7.9927708199e+00    8.1995129342e+00
    5.6044118984e+00    8.8727346954e+00    8.6744174212e+00

molecule  25
    1.0194656780e+01    6.6363755350e+00    1.5157840447e+00
    9.6929672184e+00    5.8248220716e+00    1.2812683596e+00
    1.0122673903e+01    5.3628885705e+00    2.0778114270e+00
    6.3628378601e-01    5.4501788282e+00    1.7732270605e+00
    4.8146124559e-01    6.0484727985e+00    1.0195661726e+00
    1.0867564781e+00    6.6721625610e+00    1.5178605108e+00
    1.2198960475e+00    6.6163400983e+00    5.6126424957e-01
    1.8013463857e+00    7.3640603413e+00    8.9038716272e-01

molecule  26
    1.0360362264e+01    2.9387689139e+00    9.4128515865e+00
    2.0578057266e-02    3.6254400630e+00    8.7650673861e+00
    9.9968804356e+00    4.4676114909e+00    8.4904654262e+00
    9.4065023597e+00    3.9078418789e+00    7.8989518049e+00
    9.9481454977e+00    3.1747901403e+00    7.4533071043e+00
    1.0381978871e+01    2.2772206095e+00    7.4116760745e+00
    9.7957295554e+00    2.2532671570e+00    6.6091039497e+00
    9.6522752619e+00    1.3030806937e+00    6.8036320758e+00

molecule  27
    9.6627755445e+00    9.5429912375e+00    2.8718022234e+00
    1.0273251494e+01    1.0225977485e+01    2.4279520078e+00
    1.0437295144e+01    1.7580319807e-01    3.3048686315e+00
    7.6314386910e-01    4.1521730302e-01    3.8560576255e+00
    3.5760461589e-01    1.1704242027e+00    4.3440837594e+00
    9.6603252829e-01    1.6654088373e+00    3.7394649030e+00
    1.9450673322e+00    1.7336913916e+00    3.9543202282e+00
    1.5220269800e+00    2.6013355680e+00    4.1448201278e+00

molecule  28
    4.2033772688e-01    3.8735915022e+00    7.5158696208e+00
    1.1413097303e+00    3.9890066724e+00    8.2013788134e+00
    5.4576306174e-01    4.8316644122e+00    8.1010286203e+00
    6.5356831251e-01    4.8416178616e+00    9.1151549846e+00
    1.6213497028e+00    4.5955441749e+00    8.8901252165e+00
    1.5751405788e+00    5.1666451195e+00    8.1017181288e+00
    2.0829270424e+00    5.9473771808e+00    8.5008479640e+00
    1.2006701252e+00    6.4245182173e+00    8.3726650691e+00

molecule  29
    7.5797275689e+00    1.0296755411e+01    6.4786738062e+00
    8.3143009680e+00    4.2912097525e-01    6.0491808700e+00
    9.2860432868e+00    3.9464073515e-01    5.8604546271e+00
    1.0156494464e+01    8.4008508325e-01    5.8691728554e+00
    1.0379225105e+01    1.0379814591e+01    5.5426982014e+00
    2.9787471885e-01    2.2686607898e-01    4.7330733973e+00
    9.4149297401e-01    3.1058030610e-01    5.5184514809e+00
    1.2090738473e+00    1.0482119044e+00    4.9172089045e+00

molecule  30
    4.0898416204e+00    7.4511081181e+00    7.4520615664e+00
    4.1219801187e+00    7.0211217510e+00    6.5712991029e+00
    4.3012376361e+00    6.9378469892e+00    5.5997012425e+00
    5.2208263812e+00    7.2811179890e+00    5.3041675129e+00
    6.0648627891e+00    7.1804025397e+00    5.8057878423e+00
    6.9174227481e+00    7.0993186116e+00    6.2338261969e+00
    6.3441070681e+00    6.7563660037e+00    6.9556194217e+00
    7.2577850005e+00    6.4243172593e+00    7.1030025598e+00

molecule  31
    4.3938961523e+00    8.1732485427e+00    4.3971288144e+00
    4.9941894816e+00    8.2435728695e+00    3.6216150501e+00
    5.7580572747e+00    7.8442387701e+00    3.1211522223e+00
    5.9210252451e+00    7.3906516452e+00    2.2320213964e+00
    6.8984446502e+00    7.1800379835e+00    2.3604220758e+00
    6.5328232727e+00    6.8528649122e+00    3.2713771255e+00
    5.7448876199e+00    6.9689695769e+00    3.8816681699e+00
    4.7973390415e+00    7.1817616346e+00    3.5727600926e+00

molecule  32
    1.0526570529e+00    8.7055466596e+00    7.6504502801e-01
    1.0955817694e+00    9.3309728346e+00    1.0405929682e+01
    6.6015537722e-01    9.7094495703e+00    9.5975243234e+00
    9.4385374087e-01    9.6613450784e+00    8.6462715211e+00
    6.5004496775e-01    8.6641516607e+00    8.6592796500e+00
    6.5473956801e-01    8.5926415790e+00    9.6799124423e+00
    1.6246276274e+00    8.5606241097e+00    9.6786109379e+00
    2.6099000811e+00    8.5836971754e+00    9.5304613110e+00

molecule  33
    7.9709485915e+00    2.7145202656e+00    9.0941768386e+00
    8.8638534874e+00    2.9517453533e+00    8.7503048598e+00
    9.7661476685e+00    2.5088060094e+00    8.5523161499e+00
    1.0143080921e+01    1.5714272503e+00    8.4238901808e+00
    9.5271895402e+00    1.0073544383e+00    7.8709645242e+00
    9.4050364162e+00    1.9560809866e+00    7.6373777155e+00
    8.5155874311e+00    1.5705348321e+00    7.8796993867e+00
    8.5490995150e+00    1.5841416528e+00    8.8639904753e+00

molecule  34
    1.0391663143e+01    1.0422087653e+01    8.2260464510e+00
    6.4099727911e-01    5.8946155317e-01    7.9829966060e+00
    1.0624838978e+00    1.0291164946e+00    7.2143176414e+00
    1.1236636607e+00    1.6572764018e+00    6.4936073286e+00
    1.5374957047e+00    2.1545380371e+00    7.2512523797e+00
    2.2641885478e+00    2.2843299625e+00    6.5951177303e+00
    3.2577531500e+00    2.2058517109e+00    6.6231763207e+00
    3.7553096279e+00    1.8357883262e+00    5.8262860855e+00

molecule  35
    1.9821279999e+00    2.8456712409e+00    1.0056855131e+01
    2.1737706016e+00    2.7780559797e+00    5.7637945828e-01
    1.8487293204e+00    2.6057282494e+00    1.5018428032e+00
    1.3537373227e+00    1.9103228784e+00    2.0441041359e+00
    5.0089093189e-01    2.2123756014e+00    1.5973841560e+00
    1.0350424017e+01    2.8656279657e+00    2.0677358538e+00
    2.1551626187e-01    3.3870223108e+00    2.9012683052e+00
    6.2401444744e-01    2.4951807161e+00    3.1442229933e+00

molecule  36
    1.0375372334e+01    9.2286137635e+00    8.4780983454e-01
    1.0105447831e+01    8.9592269002e+00    1.0393899345e+01
    1.0144164299e+01    9.3251592870e+00    9.4775908333e+00
    1.0156647916e+01    1.0276562277e+01    9.2120138257e+00
    9.6388925902e+00    6.7920671602e-01    9.1196766932e+00
    8.6402050434e+00    5.3938617007e-01    9.2108996970e+00
    7.7030081762e+00    2.5001132346e-01    9.5410524419e+00
    6.7107812141e+00    2.6542365528e-01    9.5167910101e+00

molecule  37
    2.0710123436e+00    3.3818897426e+00    7.2969127038e+00
    1.2114322188e+00    3.1879403338e+00    6.8124847125e+00
    9.6103417168e-01    3.9152345531e+00    6.1952620545e+00
    1.8999496799e+00    4.1928757149e+00    6.3615117671e+00
    1.4935684881e+00    4.3494813864e+00    7.2777952148e+00
    2.4262806034e+00    4.4438944744e+00    7.6744825892e+00
    2.6181669010e+00    4.8502471165e+00    8.5731717664e+00
    3.0394671392e+00    5.7987416686e+00    8.6334650204e+00

molecule  38
    1.3023418856e+00    5.7194615724e+00    3.6241248335e+00
    2.2482761501e+00    5.3354672569e+00    3.4565014895e+00
    2.4686953770e+00    4.7818442486e+00    4.2429530635e+00
    2.7201328094e+00    3.8181684902e+00    4.1874541359e+00
    2.8317241126e+00    2.9925233672e+00    4.7072594078e+00
    3.1723759317e+00    3.5118893768e+00    5.4686783312e+00
    3.5808672118e+00    3.9227226736e+00    6.3013589695e+00
    2.9087676636e+00    3.1641077831e+00    6.5264049170e+00

molecule  39
    4.1971448354e+00    3.4477890796e+00    8.1139612492e+00
    5.0041782771e+00    3.8676197622e+00    7.6914633095e+00
    5.9535666279e+00    3.5766249461e+00    7.8172137030e+00
    5.6190537521e+00    2.6400392124e+00    7.7340687395e+00
    6.5864494720e+00    2.5839108621e+00    7.6131342329e+00
    7.3116323987e+00    2.6432659394e+00    6.9219736250e+00
    6.5041564615e+00    3.0788483635e+00    6.5538905641e+00
    5.6364827721e+00    3.4609904785e+00    6.1272798660e+00

molecule  40
    5.1810698756e+00    2.9522310590e+00    4.3386810349e+00
    5.3158927345e+00    2.2826140536e+00    3.6069515007e+00
    5.0007156439e+00    1.7876798298e+00    2.8240265550e+00
    5.0836758332e+00    1.1441867292e+00    3.5922092529e+00
    5.2733350683e+00    3.9260350337e-01    2.9013272528e+00
    4.3492067401e+00    2.1685850128e-01    2.6340448467e+00
    4.6572808698e+00    9.9962838557e+00    2.0357585053e+00
    3.8709915207e+00    9.5528854732e+00    2.4360461556e+00

molecule  41
    7.7538360714e-01    1.8515083204e-01    8.9869984429e+00
    1.6716620074e+00    2.5186619119e-01    9.3554425085e+00
    2.1815431753e+00    1.1072520846e+00    9.5304876786e+00
    1.7585519457e+00    1.1267672583e+00    8.5870004510e+00
    2.3319495667e+00    3.6651181186e-01    8.3537017516e+00
    3.1526677756e+00    1.0270014578e+01    8.0946691930e+00
    3.9073297818e+00    9.6405051605e+00    8.2381796027e+00
    4.8515576777e+00    9.6281180619e+00    8.4273882173e+00

molecule  42
    5.4368022007e+00    8.1663089098e-01    1.8784843998e+00
    4.9253060336e+00    1.5808454471e+00    1.4901674055e+00
    4.0700915214e+00    1.6383740297e+00    2.0391510146e+00
    4.2309563459e+00    2.4463175615e+00    1.4563846336e+00
    3.6825448230e+00    3.0690797532e+00    2.0642228006e+00
    3.1763127949e+00    2.2371600869e+00    2.2931967703e+00
    2.9722806625e+00    1.6508058115e+00    1.5379189205e+00
    3.7548681521e+00    1.7692863906e+00    8.7357920255e-01

molecule  43
    3.0480398029e+00    9.7809914352e+00    5.1703568754e+00
    2.6664381271e+00    8.9331566223e+00    5.5367796675e+00
    1.7476324096e+00    8.6830735560e+00    5.3664460361e+00
    1.2793448203e+00    7.8074082098e+00    5.5394929543e+00
    1.0899997807e+00    7.6522497320e+00    6.4810156284e+00
    2.0235423401e+00    7.3834435871e+00    6.6513042790e+00
    2.8296095627e+00    7.0159130199e+00    7.1092614020e+00
    3.1046850190e+00    7.9769471439e+00    7.0098137116e+00

molecule  44
    5.8937080863e+00    9.7188006189e+00    8.0766209226e+00
    6.6676824289e+00    9.7011078042e+00    7.5140123915e+00
    7.5683157363e+00    9.2630803607e+00    7.5597028781e+00
    7.2376948260e+00    9.0177738969e+00    6.6518475950e+00
    7.3389289336e+00    8.5723056089e+00    5.7877853084e+00
    7.9016796106e+00    7.8016695114e+00    5.4243841944e+00
    8.0698589512e+00    8.5769561579e+00    4.8283646952e+00
    8.0722483098e+00    8.7371857801e+00    3.8297433431e+00

molecule  45
    2.8326763963e+00    2.2727936426e+00    9.6572859404e+00
    2.8715222983e+00    1.6048570177e+00    1.0343607928e+01
    1.8965156342e+00    1.7527905705e+00    1.0366640446e+01
    1.1018945623e+00    1.1832128247e+00    1.0156288387e+01
    9.0875790093e-01    2.0148592168e+00    9.7244304008e+00
    1.7236528328e+00    2.0739045053e+00    9.1451928340e+00
    8.1913268028e-01    1.9310391859e+00    8.6847645232e+00
    1.2678211815e+00    2.6314414978e+00    8.1904618223e+00

molecule  46
    1.8395266861e+00    2.1250789798e+00    2.9657793335e+00
    2.3293446372e+00    3.0115262126e+00    3.1145401486e+00
    1.4037523921e+00    3.1346276370e+00    3.0879177474e+00
    1.5141700334e+00    3.7718599204e+00    3.8896366212e+00
    2.2100877504e+00    4.1412680843e+00    3.2133727496e+00
    2.5485510971e+00    4.1444982503e+00    2.2841039553e+00
    1.8642698016e+00    3.4386358642e+00    2.1906523529e+00
    1.1530848109e+00    3.9935067726e+00    2.5731011403e+00

molecule  47
    3.9256548742e+00    8.6598834155e-01    7.6333289501e+00
    3.8476453969e+00    2.0397534981e-01    6.9076860078e+00
    4.1486781641e+00    9.8171812061e+00    7.2529196079e+00
    3.5403385014e+00    9.0728318088e+00    7.2225747683e+00
    3.4430463888e+00    9.3656230661e+00    6.2590079820e+00
    4.4125774418e+00    9.2006697155e+00    6.2132052780e+00
    4.2229045849e+00    9.1202311726e+00    5.2583363890e+00
    4.9234250558e+00    9.6211815630e+00    4.7756747983e+00

molecule  48
    4.0043776364e+00    8.9261988926e+00    3.6821272844e+00
    3.7217583988e+00    9.9057364096e+00    3.7566165450e+00
    4.4756180919e+00    1.0624988547e-01    3.7134319149e+00
    5.2001642449e+00    9.8481873562e+00    3.7594749797e+00
    4.8328192191e+00    9.4860553842e+00    2.9638378433e+00
    5.4629629947e+00    8.7075345871e+00    2.7385809424e+00
    5.4434402583e+00    8.5223548449e+00    1.7636904777e+00
    4.5154431389e+00    8.7973309913e+00    1.8073061758e+00

molecule  49
    8.6359887236e+00    8.7063848827e+00    9.5175689936e+00
    9.4459015524e+00    8.3516400762e+00    9.1154877609e+00
    8.9238450831e+00    8.3070315095e+00    8.2648193204e+00
    8.7127597623e+00    9.1301811382e+00    7.8153643025e+00
    8.7303576974e+00    9.0495601643e+00    6.8562991615e+00
    8.2627278976e+00    8.2177097640e+00    6.6164638465e+00
    8.3067576254e+00    7.8034432515e+00    7.5431949644e+00
    7.5497664286e+00    7.5035556018e+00    6.9567863433e+00

species    1
nMolecule  50

molecule  0
    7.4234071169e+00    8.4275087822e+00    9.9571626968e+00
    8.2124012941e+00    8.6254414510e+00    1.0017337072e-01
    7.5187107885e+00    8.1643407665e+00    5.9520264638e-01
    8.0132560744e+00    7.3476213972e+00    9.9866022283e-01
    7.8659154306e+00    8.0303280128e+00    1.6966031371e+00
    8.5618654169e+00    7.5659833297e+00    2.2107414619e+00
    8.0994445936e+00    6.7106059985e+00    2.0737743856e+00
    8.5328302975e+00    6.4390800596e+00    1.1905505062e+00

molecule  1
    6.8477253562e+00    6.7595544376e+00    7.9723609288e+00
    7.8804009452e+00    6.5802937732e+00    7.9288545073e+00
    7.6485262678e+00    5.6085929224e+00    8.0606380230e+00
    7.2208936162e+00    6.1930957946e+00    8.7653885105e+00
    6.5998084642e+00    6.8084202464e+00    9.3268897754e+00
    5.6801427532e+00    7.1930745014e+00    9.1619922424e+00
    4.9413439048e+00    6.6825416390e+00    9.5949327342e+00
    4.7611438987e+00    7.1092692493e+00    8.7388237910e+00

molecule  2
    4.4697357375e+00    3.9122043999e-01    4.6152408065e-01
    4.0618403049e+00    8.0527484756e-01    1.0131506255e+01
    4.8528728743e+00    8.0168323036e-01    9.5763848965e+00
    5.1017267775e+00    1.2114009454e+00    1.0409672107e+01
    5.8281097631e+00    6.9312816715e-01    9.9687474976e+00
    5.7099826834e+00    1.2975792249e-01    9.1243147116e+00
    5.7424663363e+00    1.0089171673e+01    9.9998318725e+00
    5.5919440913e+00    9.6911016980e+00    4.7398578788e-01

molecule  3
    3.7195937104e+00    2.5052935387e+00    3.4162249396e+00
    2.9428097100e+00    2.2569397230e+00    3.9620889733e+00
    3.1962479772e+00    1.4388444520e+00    4.4258918895e+00
    3.4912900825e+00    4.5465045106e-01    4.3970625858e+00
    4.2478418248e+00    1.2926294060e-02    4.8145480217e+00
    4.2876822138e+00    4.4001136694e-01    5.7251597028e+00
    5.1897440694e+00    4.1076852377e-01    5.3450220793e+00
    4.8385416659e+00    1.2793941438e+00    4.9709012269e+00

molecule  4
    8.2563599956e+00    1.0098230284e-01    1.9483680454e+00
    8.9515452260e+00    1.0007435440e+01    1.4376911169e+00
    8.6952718949e+00    4.0762034657e-01    1.0242577909e+00
    9.6884378187e+00    2.8662875141e-01    1.2389770035e+00
    9.8017214179e+00    1.0320753939e+01    3.4887617547e-01
    9.2585850637e+00    9.9731835529e+00    1.0073180379e+01
    8.8576128158e+00    9.6316816641e+00    4.3570124395e-01
    9.1924773399e+00    9.0239051694e+00    1.1778579403e+00

molecule  5
    7.0557542845e+00    9.4789247635e+00    1.0447453004e+01
    7.5079725139e+00    9.3322619473e+00    8.9422170334e-01
    6.6719887791e+00    8.8993293266e+00    1.0995744222e+00
    6.3789463309e+00    8.5712125241e+00    2.0326701737e+00
    6.8095248914e+00    9.3495088541e+00    2.4624642949e+00
    6.7301749095e+00    1.0216173786e+01    2.9403523507e+00
    6.7031531578e+00    6.4756969861e-01    3.4255823829e+00
    6.1164441114e+00    1.3977526180e+00    3.1174688596e+00

molecule  6
    5.8215332029e+00    6.0565508824e+00    5.6950069606e+00
    6.0606579015e+00    6.5599723824e+00    4.8732804209e+00
    5.0823417412e+00    6.5305439213e+00    4.5977388077e+00
    4.2027138743e+00    6.9693686679e+00    4.5899047054e+00
    4.0368822693e+00    6.1050801701e+00    5.0654453578e+00
    3.9341019658e+00    5.5513402302e+00    5.8998877443e+00
    4.4435115513e+00    5.9744964739e+00    6.6676734343e+00
    5.1540957353e+00    6.5604178902e+00    6.4369216119e+00

molecule  7
    8.1389495913e-01    5.9181598223e+00    7.4232018753e+00
    6.0843318980e-01    5.0378620481e+00    6.9549796406e+00
    8.9556333580e-01    5.0009380965e+00    5.9831618409e+00
    5.2861257166e-01    4.7802799959e+00    5.0990624394e+00
    8.6544609930e-01    3.8136116031e+00    4.9447281778e+00
    1.3412369467e-01    4.0861817037e+00    5.6273900729e+00
    9.6156137666e+00    3.9140232837e+00    5.7190186004e+00
    9.2774071125e+00    3.8304031957e+00    6.6963316593e+00

molecule  8
    8.3296847063e+00    4.4180889338e+00    4.7502157711e+00
    7.5896061520e+00    3.9649107766e+00    5.1403322640e+00
    7.6131489725e+00    2.9998008589e+00    4.9519921920e+00
    7.7592932804e+00    3.1746862035e+00    3.9641111016e+00
    8.6362262551e+00    2.8303559322e+00    4.3224519740e+00
    9.6188215143e+00    2.9029846682e+00    4.1534554600e+00
    1.0235127068e+01    3.6499229116e+00    4.4675354064e+00
    9.2057111638e+00    3.7472324180e+00    4.6420682941e+00

molecule  9
    8.5317316311e+00    5.4497451483e+00    1.7797223170e+00
    8.3980091601e+00    4.8184743274e+00    2.5541536454e+00
    8.6009652266e+00    4.1591713991e+00    1.8510466253e+00
    7.7051707384e+00    4.4322503413e+00    1.7267095168e+00
    7.7761164896e+00    4.2188140686e+00    7.5998218816e-01
    8.3927950716e+00    3.6086866956e+00    2.2093134232e-01
    8.5959884176e+00    4.4139486307e+00    1.0058155827e+01
    9.3645424466e+00    4.1818663601e+00    2.0757842313e-01

molecule  10
    3.8605067854e+00    1.2447766580e-01    1.6346906504e+00
    2.9145618588e+00    5.2982700304e-01    1.6987409105e+00
    2.9064995008e+00    1.0018202205e+01    2.0516474088e+00
    2.9777969941e+00    9.9961704144e+00    3.0365689068e+00
    2.7510638049e+00    3.0779629257e-01    3.6684280280e+00
    2.2699013219e+00    4.5655282563e-01    4.5475918850e+00
    2.3862243138e+00    1.3978626576e-01    5.4916744795e+00
    3.2701617766e+00    2.4467891234e-01    5.9429228945e+00

molecule  11
    3.6030837481e+00    8.3576577212e+00    9.1766348015e+00
    4.2872616296e+00    8.3423115439e+00    8.4647028230e+00
    4.5695471458e+00    8.5350541427e+00    7.4948051870e+00
    5.1914618990e+00    7.9089620639e+00    7.0957629304e+00
    5.8094683380e+00    8.6238312849e+00    6.7874122855e+00
    6.1749124073e+00    8.4812065042e+00    7.7257883097e+00
    6.8006466067e+00    8.1640556153e+00    7.0376377740e+00
    7.1995085265e+00    7.9168902677e+00    7.9218314179e+00

molecule  12
    1.1920217724e+00    4.7905792242e+00    3.4267398249e+00
    3.2271358259e-01    4.4087404973e+00    3.1902792317e+00
    2.7257614066e-01    4.9067768495e+00    4.0111932609e+00
    9.7262351722e+00    4.8239624675e+00    3.9035959795e+00
    9.9328152830e+00    4.9193127689e+00    4.8763338796e+00
    9.0563434376e+00    5.3205589575e+00    4.5590453845e+00
    8.5309689125e+00    5.1851014231e+00    3.6898640933e+00
    8.3628137999e+00    5.8862107733e+00    2.9974826867e+00

molecule  13
    7.7908833726e+00    1.0872044748e+00    1.5373257375e+00
    7.8380128926e+00    8.6379728726e-01    5.8886029013e-01
    7.3163567859e+00    1.0248528552e-01    1.0806095641e-01
    6.4099824791e+00    1.0338593571e+01    4.1741014213e-01
    5.8882454479e+00    6.9734006362e-01    6.6386387238e-01
    6.0865224092e+00    4.9537783010e-02    1.4178024804e+00
    6.8625565897e+00    4.8261324916e-01    1.8631799168e+00
    7.5193341968e+00    8.5019346431e-01    2.5451138016e+00

molecule  14
    6.3605909717e+00    3.5494752817e-01    6.1813426440e+00
    5.4439479146e+00    5.6942018484e-01    6.4715146465e+00
    5.5670137037e+00    1.5083762394e+00    6.7920735445e+00
    5.7294902987e+00    2.2308141312e+00    6.1223732663e+00
    4.9564858968e+00    2.7950347020e+00    5.7684701259e+00
    4.9690424697e+00    2.5593060528e+00    6.7194664366e+00
    4.6032319599e+00    1.7960060007e+00    7.2291063671e+00
    4.6309585223e+00    1.3338292130e+00    6.3140646583e+00

molecule  15
    4.4499285735e+00    4.6420676578e+00    8.2473348086e+00
    4.8933611646e+00    4.2838627987e+00    9.0958346251e+00
    4.1118486432e+00    3.7034797740e+00    9.2847583890e+00
    3.3627644359e+00    3.5882466667e+00    8.6533545532e+00
    3.0630006762e+00    2.6434028784e+00    8.6608942593e+00
    2.5127536482e+00    2.2793341514e+00    7.8557989531e+00
    3.0893062779e+00    1.6564175046e+00    8.4344428448e+00
    3.2102739527e+00    8.7776804121e-01    9.0748765868e+00

molecule  16
    1.0223782242e+01    1.3303024358e+00    3.2734789609e+00
    9.7939886615e+00    1.6568742240e+00    2.4372266145e+00
    9.6458397414e+00    6.2825836105e-01    2.6333006382e+00
    8.7098081060e+00    9.8133410774e-01    2.9182680508e+00
    8.7636157907e+00    1.0017796149e+00    3.9308728339e+00
    9.6505647856e+00    7.5576596935e-01    4.3372149850e+00
    8.8954205623e+00    7.1099731672e-01    4.9906177547e+00
    8.2255861379e+00    9.7896008593e-02    4.5131881384e+00

molecule  17
    6.0088494043e+00    9.3666969849e+00    3.1952164755e+00
    6.6939667306e+00    8.6213871273e+00    3.2098650400e+00
    7.1220214450e+00    7.7325143413e+00    3.2003352391e+00
    7.6789843004e+00    7.7763064640e+00    4.0263529827e+00
    8.2134180874e+00    6.9197820198e+00    4.0061051552e+00
    7.4628669716e+00    6.2704915415e+00    4.2366709319e+00
    6.7799311770e+00    5.8670738715e+00    3.6625892104e+00
    6.0002365557e+00    5.5786831445e+00    4.1837431798e+00

molecule  18
    9.9157997980e+00    8.5794371839e+00    5.8852011366e+00
    9.9922552636e+00    8.0004035494e+00    5.0751533678e+00
    1.0288635433e-02    7.3643231037e+00    5.6556151376e+00
    3.9089794844e-01    6.6009340028e+00    5.1502527809e+00
    1.0239354512e+00    6.6004259882e+00    5.8997160642e+00
    1.8607645951e+00    6.2282478375e+00    6.2796276114e+00
    1.8701004726e+00    6.4339508038e+00    7.2849746555e+00
    1.8234413988e+00    5.5016005562e+00    6.9110404230e+00

molecule  19
    5.3554476107e+00    2.6299315617e+00    9.0985199447e+00
    5.1194636076e+00    1.7862769597e+00    8.7468853842e+00
    6.0820098592e+00    2.1323267782e+00    8.5535408670e+00
    6.2249919983e+00    1.3815368218e+00    9.1096449964e+00
    5.8405789628e+00    1.8766173764e+00    9.9030669704e+00
    5.9337563589e+00    1.9842876064e+00    4.4347645611e-01
    5.1282221515e+00    2.4367398646e+00    8.3832630884e-01
    5.6626266674e+00    2.7287880139e+00    1.5749095909e+00

molecule  20
    2.0218707952e+00    6.3445360649e+00    2.4561734820e+00
    1.0547594184e+00    6.5099601204e+00    2.6683226973e+00
    4.4724397776e-01    7.1527881727e+00    2.2285360509e+00
    1.0377324642e+01    7.7203977647e+00    1.5927181383e+00
    9.4705961721e+00    7.9594545008e+00    1.8447531603e+00
    9.8019075334e+00    8.2481643908e+00    8.9370788912e-01
    9.0320063431e+00    7.6645810694e+00    8.8788146465e-01
    9.0664755838e+00    7.7480317519e+00    1.0318695148e+01

molecule  21
    6.7194277575e+00    3.1727813485e+00    9.5819636598e+00
    6.7843224428e+00    3.1100750823e+00    8.6157233188e+00
    6.0720942449e+00    3.6826961310e+00    8.9897442566e+00
    5.7421058711e+00    4.4530908319e+00    8.4130162030e+00
    6.1054456254e+00    5.3663799534e+00    8.2446583173e+00
    5.1142154112e+00    5.6574665265e+00    8.3644126638e+00
    5.8312615697e+00    6.1778340308e+00    8.8555504852e+00
    6.4989217774e+00    5.7823275233e+00    9.4241012546e+00

molecule  22
    5.6018350302e+00    5.6096360099e+00    7.1454505366e+00
    6.5803388372e+00    5.6101229729e+00    6.9344212652e+00
    6.2307812519e+00    4.7073875192e+00    7.0373369135e+00
    6.1061223213e+00    5.0881222342e+00    6.1329334690e+00
    7.1020837449e+00    5.1390188945e+00    6.0989241139e+00
    7.2640469179e+00    4.7273715576e+00    6.9815635196e+00
    6.7796655306e+00    3.8687930604e+00    7.2145271133e+00
    6.6912440772e+00    4.0177447520e+00    6.2055396756e+00

molecule  23
    2.0158386678e+00    4.4898096639e+00    5.2867212902e+00
    2.3354316947e+00    5.1348387481e+00    6.0072842403e+00
    2.8445382991e+00    5.7558432011e+00    6.6095044052e+00
    3.1650441500e+00    6.4837275174e+00    5.9822518324e+00
    2.9157344240e+00    5.7337604075e+00    5.3234771988e+00
    1.8827783758e+00    5.7777111219e+00    5.3323369036e+00
    2.3603298742e+00    6.4560983624e+00    4.7847232311e+00
    2.1679399726e+00    6.8992337476e+00    5.6557772816e+00

molecule  24
    8.3211840152e+00    1.9149699817e-01    1.0283130935e+01
    8.8049270209e+00    1.0394052005e+00    1.0388104924e+01
    8.9558049297e+00    1.6225829871e+00    7.3999054528e-01
    8.0721008619e+00    1.8476240747e+00    2.6485052903e-01
    7.8174584093e+00    2.6056549457e+00    8.8802391841e-01
    7.3250015138e+00    3.2431926539e+00    2.5574254063e-01
    6.6622016930e+00    3.1766643716e+00    9.6893726170e-01
    6.7537690728e+00    3.8430630841e+00    1.7330123854e+00

molecule  25
    7.7422996653e+00    9.8786739193e+00    2.5182524438e+00
    7.6759552824e+00    1.0294615705e+01    3.4553272791e+00
    7.1072464260e+00    1.0310896160e+01    4.2471620059e+00
    7.3550848902e+00    9.3889213187e+00    4.5638945444e+00
    6.7417904692e+00    8.6672966749e+00    4.3222533359e+00
    6.5120350266e+00    9.1260538454e+00    5.1597036988e+00
    6.1797852709e+00    9.7825732805e+00    4.4601602825e+00
    5.8413575908e+00    1.2776711374e-01    3.9577341172e+00

molecule  26
    1.9528631018e+00    6.9447099497e+00    3.6055914575e+00
    1.7797243094e+00    7.8983237383e+00    3.9250629293e+00
    1.2042439825e+00    8.5766769075e+00    4.4090262343e+00
    4.4868397090e-01    7.9961557520e+00    4.2830099374e+00
    1.0075934542e+00    7.1710837683e+00    4.0856186012e+00
    1.4522290120e+00    6.3526446047e+00    4.4358398124e+00
    1.0228509568e+00    5.4804595705e+00    4.6096785624e+00
    4.5703318566e-02    5.7929326456e+00    4.5747243177e+00

molecule  27
    7.3991242101e+00    7.3204360294e+00    8.7401394276e+00
    8.1630570964e+00    7.9096238640e+00    8.9281208931e+00
    8.4990171719e+00    6.9277414726e+00    8.9261191540e+00
    7.9290889059e+00    6.9112260522e+00    9.7513928147e+00
    8.3428701492e+00    6.7102677774e+00    1.8420925827e-01
    7.3895291049e+00    6.9780385887e+00    1.1621348518e-01
    7.3467964973e+00    6.0171743536e+00    2.1395875500e-01
    8.1410344341e+00    5.8826514265e+00    1.0103131755e+01

molecule  28
    3.9147014600e+00    9.5994476004e+00    1.3081452688e+00
    3.1976264465e+00    9.0159042589e+00    1.6181158538e+00
    3.0294489976e+00    8.8543402721e+00    6.2661947869e-01
    2.2287162776e+00    9.4129763452e+00    8.9556301172e-01
    3.0308138437e+00    9.8924750705e+00    4.4336462445e-01
    2.4572292292e+00    2.5021630353e-01    7.9104247756e-01
    1.9339904049e+00    1.0379355655e+01    4.9151364060e-02
    2.7786304298e+00    3.8200628547e-01    1.0311794508e+01

molecule  29
    5.8735123882e+00    3.9221718223e+00    8.4911937606e-01
    5.1207692920e+00    3.7888233923e+00    1.5169751284e+00
    4.2306279812e+00    3.9621552006e+00    1.9057202439e+00
    4.3173560313e+00    4.6916728571e+00    1.2407892063e+00
    4.7237891212e+00    5.0638762835e+00    2.0855643748e+00
    4.0854118211e+00    5.4684751865e+00    2.7071952682e+00
    3.4353602608e+00    4.8787632416e+00    2.2319857217e+00
    2.6823993537e+00    5.3080783105e+00    1.6887081962e+00

molecule  30
    4.4023114344e+00    4.4555165364e+00    3.6294998882e+00
    5.1575282530e+00    4.0026231666e+00    3.1150221992e+00
    5.6247401507e+00    4.4132917334e+00    2.2535248929e+00
    6.2374912527e+00    5.1777367383e+00    2.1032957490e+00
    5.5511517852e+00    5.0892036207e+00    1.3256610727e+00
    6.3933747562e+00    5.5696502501e+00    1.0398784232e+00
    6.6657205476e+00    4.6401562988e+00    1.1475448589e+00
    7.4337885500e+00    5.1364602981e+00    7.8847071165e-01

molecule  31
    3.4009446276e+00    7.9955338178e+00    1.0174019730e+01
    3.3878114320e+00    7.3713347312e+00    9.3970561891e+00
    3.0862182250e+00    6.4307011346e+00    9.4847198493e+00
    3.9911168473e+00    5.9582153152e+00    9.2939119618e+00
    4.0161441817e+00    4.9912507704e+00    9.7198525654e+00
    3.2274205339e+00    4.7919127079e+00    1.0349163877e+01
    3.5493498338e+00    4.0424826321e+00    4.6184037815e-01
    4.2998167237e+00    4.6055915112e+00    1.4095515617e-01

molecule  32
    8.8519090604e+00    8.6972240367e+00    5.6573195687e+00
    8.3453430451e+00    9.5136542001e+00    5.9216088357e+00
    8.9781145608e+00    9.9863109615e+00    6.5532059617e+00
    9.3739080094e+00    2.6785474084e-01    7.1243376918e+00
    1.0347443312e+01    1.4247895756e-01    6.8697412170e+00
    9.9245427583e+00    9.7431153202e+00    7.1657155602e+00
    9.2823436267e+00    1.0048275870e+01    7.8907692673e+00
    8.3700062192e+00    1.0035428125e+01    7.4032958018e+00

molecule  33
    9.0877129038e+00    5.6633249544e+00    9.6065503545e+00
    1.0075994649e+01    5.4672060151e+00    9.2738273789e+00
    1.0245209424e+01    4.7793243119e+00    9.9663952745e+00
    1.7625966893e-01    3.8574308860e+00    9.9381587228e+00
    3.7991684775e-01    3.6749220966e+00    4.4965809828e-01
    1.1734073354e+00    4.1596405734e+00    6.0472050822e-02
    1.1996056857e+00    3.9698181230e+00    1.0116594482e+00
    4.7391488743e-01    4.2652864293e+00    1.6274900765e+00

molecule  34
    5.3036531623e+00    3.9884331639e+00    5.1600104606e+00
    4.5533477953e+00    4.0020455686e+00    4.4862047219e+00
    4.0501253992e+00    3.0909860945e+00    4.5370338287e+00
    3.9995282224e+00    2.0894190914e+00    4.7536992058e+00
    4.2611424751e+00    1.4055228305e+00    4.0691944188e+00
    3.8035262775e+00    8.7071783160e-01    3.4110196518e+00
    3.3812977234e+00    1.0324989419e+00    2.5145388398e+00
    2.6428492906e+00    1.2936992119e+00    3.0911584595e+00

molecule  35
    4.4437845805e+00    7.9031941811e+00    9.7596983611e+00
    5.4026156382e+00    8.1616726586e+00    9.5084269824e+00
    5.1990301931e+00    8.9503710838e+00    1.0026491356e+01
    5.9771009709e+00    9.2642134294e+00    9.5053350413e+00
    6.2735960538e+00    8.5702645454e+00    1.0175886625e+01
    6.4966108691e+00    7.6146313710e+00    9.9748262634e+00
    5.7257749505e+00    7.0956148093e+00    1.0315960113e+01
    5.7030411328e+00    6.2227139700e+00    3.9502204552e-01

molecule  36
    7.9241675426e+00    3.6712514402e+00    9.4294470163e+00
    7.5007402576e+00    4.5395475129e+00    9.0320198819e+00
    7.4616807494e+00    5.2796860886e+00    9.6831626042e+00
    7.4190404735e+00    4.5323930282e+00    1.0288270517e+01
    6.6779260016e+00    4.3505304169e+00    9.6532982429e+00
    5.8133708790e+00    4.4113666811e+00    1.0178947396e+01
    6.4840275627e+00    5.0928407957e+00    1.0452887848e+01
    5.5206849611e+00    5.1292193779e+00    2.9009040350e-01

molecule  37
    5.0859191382e+00    6.5222480178e+00    1.4293381499e+00
    4.5247581743e+00    6.8915794425e+00    2.1821638097e+00
    5.0684476199e+00    6.1429202599e+00    2.5214160203e+00
    5.7509078284e+00    6.0913966078e+00    3.2758540165e+00
    5.3876592377e+00    5.1980881726e+00    3.2764698086e+00
    5.2776587734e+00    4.8090720264e+00    4.1642864813e+00
    4.6718895538e+00    5.6052984621e+00    4.0515352589e+00
    4.9096291089e+00    5.3713925022e+00    5.0190074387e+00

molecule  38
    6.7798076434e+00    3.7259299253e+00    2.7572535794e+00
    7.6738248612e+00    3.5380891719e+00    2.3098037054e+00
    7.6944963879e+00    2.5811074749e+00    2.1435117286e+00
    7.1165846768e+00    1.8820111919e+00    1.6426020041e+00
    6.8142780251e+00    1.1648012825e+00    1.0326950857e+00
    6.6502865682e+00    1.1468722975e+00    2.1518335907e-02
    7.2804713739e+00    1.6743682052e+00    9.9436939699e+00
    7.0952122332e+00    2.1514853710e+00    9.0630517770e+00

molecule  39
    2.8434106060e+00    6.9153206313e+00    3.1081331572e+00
    2.6066405195e+00    7.8163961333e+00    2.7477049068e+00
    2.3374050848e+00    7.7789586405e+00    1.7691638727e+00
    2.8513224078e+00    6.9652462969e+00    1.9607165768e+00
    3.6914672077e+00    6.4171690176e+00    1.6861097708e+00
    4.0437686751e+00    7.1584879929e+00    1.1041498630e+00
    3.6461241057e+00    7.9928177791e+00    6.8070464090e-01
    2.9202422269e+00    7.4317458084e+00    9.8027944395e-01

molecule  40
    8.7602486426e+00    1.1871915724e+00    1.8027434027e+00
    9.6287428973e+00    1.4499161202e+00    1.4518408846e+00
    9.6359954515e+00    2.4681185032e+00    1.4106504390e+00
    8.6964376890e+00    2.3862415865e+00    1.7705968653e+00
    9.1783750610e+00    2.6167708484e+00    2.6116742965e+00
    1.0014624956e+01    2.4296751073e+00    3.1413005719e+00
    9.2834770681e+00    1.8218853689e+00    3.3879721486e+00
    8.3923317875e+00    2.0532980674e+00    2.9963300210e+00

molecule  41
    2.2368877478e+00    5.4531898954e-01    2.4142697863e+00
    1.6378579425e+00    1.0412447219e+01    2.9562821662e+00
    1.7571282376e+00    1.0120252124e+01    3.8565549563e+00
    1.5475251038e+00    9.7735468925e+00    4.7629014253e+00
    7.7824485090e-01    9.7352450767e+00    5.4241934710e+00
    2.7241374241e-01    9.0147411910e+00    4.9801550902e+00
    6.3062326933e-01    8.7982023841e+00    5.8736654166e+00
    5.7394492355e-01    9.5258936425e+00    6.5389892703e+00

molecule  42
    1.6493578056e+00    3.2570319695e+00    5.8079911635e+00
    2.1968665649e+00    2.5035803682e+00    5.5690698056e+00
    2.7632451316e+00    1.7023249289e+00    5.3455813064e+00
    2.6063462226e+00    1.1551273337e+00    6.1289456340e+00
    2.6556880463e+00    4.5068966454e-01    6.8057463905e+00
    1.7837187840e+00    8.0762369164e-02    6.5193077843e+00
    9.9660476306e-01    4.8921809289e-02    7.1043953692e+00
    1.2332855475e+00    9.6939425455e+00    7.5792983378e+00

molecule  43
    3.7915601473e+00    2.4770689352e+00    7.9535619385e+00
    3.9104213246e+00    3.0598244442e+00    7.2183074526e+00
    3.5316755365e+00    3.9209521548e+00    7.5683994685e+00
    3.7934817769e+00    4.8494490526e+00    7.2298740555e+00
    4.7915893957e+00    5.0159102224e+00    6.9899589929e+00
    5.1626646754e+00    4.7368134064e+00    6.0755728656e+00
    4.3633011655e+00    4.4543906150e+00    5.5618499639e+00
    4.1866189353e+00    3.4883131546e+00    5.5701662508e+00

molecule  44
    8.9707546095e+00    1.7811191890e+00    4.7632393664e+00
    8.2358453068e+00    2.2134866767e+00    5.2047874377e+00
    8.3724047889e+00    1.6169911355e+00    5.9911137820e+00
    8.0857833485e+00    2.0203410843e+00    6.8513611515e+00
    8.4975589167e+00    2.8633431084e+00    7.2107823955e+00
    8.0207606243e+00    3.4901228731e+00    6.5665302825e+00
    8.2982885890e+00    4.1753504821e+00    7.1839209714e+00
    8.2588416730e+00    5.1585546339e+00    7.4021240602e+00

molecule  45
    1.5115297291e+00    7.8538782422e+00    2.5477626527e+00
    1.4917772640e+00    8.5979619315e+00    3.2221995782e+00
    6.0956874817e-01    8.4629637434e+00    2.7416021568e+00
    1.2533390578e-01    8.7196771588e+00    3.6117089212e+00
    1.0202614708e+01    7.9219680618e+00    3.1168323453e+00
    9.3780125330e+00    8.5204192237e+00    2.9462310182e+00
    8.9353980507e+00    9.1207790057e+00    2.2778879764e+00
    8.0873317108e+00    8.7568798328e+00    2.6007232813e+00

molecule  46
    8.6666593936e+00    7.6806459870e+00    3.3283724740e+00
    8.9781646629e+00    6.7924381411e+00    2.9991076902e+00
    9.7763016478e+00    7.2092628203e+00    2.5175894464e+00
    1.0447601060e+01    6.9929408697e+00    3.2923601551e+00
    1.0235995521e+01    6.8782518599e+00    4.2518089596e+00
    9.4636729499e+00    6.2611547988e+00    4.0942103095e+00
    9.6254973595e+00    5.9506417972e+00    3.1384764716e+00
    3.1997296986e-03    6.2585774779e+00    2.5972426909e+00

molecule  47
    6.2532558484e+00    9.6810140139e+00    6.4335119916e+00
    5.8571155816e+00    1.0088961181e+01    5.6273248708e+00
    6.8609179877e+00    1.0001654806e+01    5.4116016747e+00
    7.2917473969e+00    4.7119043989e-01    5.4064132663e+00
    7.8292987895e+00    1.1392767611e+00    4.8366120200e+00
    7.4527736227e+00    1.1850518148e+00    3.8940835704e+00
    7.2511456309e+00    2.1094338677e+00    3.6330865458e+00
    6.4099297121e+00    2.5016280669e+00    3.3452759425e+00

molecule  48
    8.8517282511e+00    5.1145825165e+00    8.7198521066e+00
    8.9145678290e+00    6.0841366688e+00    8.4863851748e+00
    9.6595795451e+00    6.1027064630e+00    7.7650162123e+00
    1.0160208466e+01    5.2873905372e+00    7.4429877412e+00
    1.0027467685e+01    4.9232151052e+00    6.5136448911e+00
    9.0662275227e+00    4.8992116865e+00    6.7880786457e+00
    8.8288959346e+00    5.1391598202e+00    5.8375591449e+00
    7.9823419556e+00    4.5777371454e+00    5.8675780921e+00

molecule  49
    7.5608783147e+00    5.3834040359e+00    2.7073101131e+00
    7.2338450144e+00    5.5219140263e+00    1.7590293783e+00
    6.6740928739e+00    5.9744704652e+00    2.5267596301e+00
    6.1613202557e+00    6.3494075210e+00    1.7248627781e+00
    6.6482915001e+00    6.5637995549e+00    8.6525985946e-01
    6.5237680409e+00    7.4588678557e+00    1.3235244688e+00
    5.6311026731e+00    7.3107356349e+00    9.2529082324e-01
    4.7389396265e+00    7.2003166969e+00    4.3302729714e-01
