BOUNDARY

orthorhombic     1.04551590e+01  1.04551590e+01  1.04551590e+01

MOLECULES

species    0
nMolecule  100

molecule   0
  6.56029090e+00  8.58628997e-01  9.67047993e+00
  6.60013218e+00  1.04446269e+01  1.01999331e+01
  7.56956658e+00  1.64272380e-01  1.02391525e+01
  7.83373162e+00  1.06638453e+00  9.90518284e+00
  7.74634990e+00  1.53961520e+00  9.01507650e+00
  8.66465135e+00  1.26976160e+00  9.29246353e+00
  9.01470542e+00  3.46140787e-01  9.04557714e+00
  9.26917520e+00  9.85507938e+00  8.83518047e+00

molecule   1
  8.44970433e+00  2.31117806e+00  9.39713385e-01
  7.55564798e+00  1.92369678e+00  1.12316159e+00
  7.22703029e+00  1.29193916e+00  1.84851967e+00
  6.68439446e+00  1.51539025e+00  2.62459187e+00
  7.05439103e+00  1.29322279e+00  3.56665412e+00
  6.11205104e+00  1.06135743e+00  3.90313665e+00
  5.73873376e+00  1.95282416e+00  4.06830039e+00
  5.90861818e+00  2.99623844e+00  4.15368295e+00

molecule   2
  2.20151276e-01  9.23237477e+00  2.29601647e+00
  1.03150220e+01  8.29192480e+00  2.10703846e+00
  6.99661654e-01  7.70073170e+00  2.07258776e+00
  5.79665439e-01  7.18009149e+00  1.22537168e+00
  1.41874790e+00  6.65526742e+00  1.42832807e+00
  1.24227350e+00  6.33834715e+00  2.36472493e+00
  1.40331782e+00  5.77537987e+00  3.20195674e+00
  9.49892849e-01  5.53226090e+00  4.05090370e+00

molecule   3
  3.60546461e+00  2.41503350e+00  1.80678524e+00
  3.97806601e+00  1.72175310e+00  2.43930500e+00
  4.77894595e+00  1.96635252e+00  1.92672665e+00
  4.97699996e+00  2.37553273e+00  2.79721242e+00
  5.81485913e+00  2.63066323e+00  3.22595853e+00
  6.72193031e+00  2.46637600e+00  2.83680649e+00
  7.65198298e+00  1.96359395e+00  2.77013414e+00
  7.29080574e+00  2.32724328e+00  3.63287393e+00

molecule   4
  4.30825844e+00  2.86532131e+00  5.84849910e+00
  4.64747402e+00  2.54266780e+00  6.70274223e+00
  5.40725224e+00  2.09146594e+00  6.30865170e+00
  6.42402732e+00  2.01008050e+00  6.29193912e+00
  6.77899393e+00  2.66001673e+00  6.92604277e+00
  6.08475632e+00  3.11692517e+00  6.34385246e+00
  5.41091187e+00  3.86126828e+00  6.29907645e+00
  5.22002402e+00  3.71348464e+00  7.29645507e+00

molecule   5
  4.57890077e+00  9.86404697e+00  1.22943590e+00
  5.10766155e+00  9.52504981e+00  2.00488693e+00
  5.90434584e+00  1.01350716e+01  2.03770884e+00
  6.60866764e+00  9.54076712e+00  2.36915985e+00
  7.30157145e+00  9.69560905e+00  1.66382846e+00
  7.78172972e+00  1.00662212e+01  2.43673527e+00
  8.22808019e+00  9.51376919e+00  3.13952994e+00
  8.52559422e+00  8.68515851e+00  3.72551583e+00

molecule   6
  4.29295693e+00  4.98102311e+00  8.01862007e+00
  3.62862656e+00  5.65011530e+00  8.34662546e+00
  4.30466793e+00  5.50209675e+00  9.08217739e+00
  4.81219349e+00  6.34068582e+00  8.88051096e+00
  4.42399330e+00  6.31600479e+00  7.96271996e+00
  3.99372511e+00  6.94086096e+00  8.58246221e+00
  3.06494232e+00  6.58813266e+00  8.70792433e+00
  2.31754357e+00  5.96948959e+00  9.01760020e+00

molecule   7
  1.00607689e+00  1.01636729e+01  1.73038299e+00
  1.17923913e+00  1.03646649e+01  7.86148931e-01
  1.88064724e+00  1.02765127e+01  5.29343443e-02
  2.41412873e+00  9.98439013e+00  8.08787785e-01
  1.97678917e+00  9.14027505e+00  5.84324569e-01
  2.79756989e+00  9.21936138e+00  2.43474327e-02
  2.51263052e+00  9.61960179e+00  9.61031059e+00
  1.89169297e+00  8.89679181e+00  9.36758322e+00

molecule   8
  1.01333756e+01  7.30268463e+00  9.52392257e+00
  9.15186430e+00  7.39494149e+00  9.44484338e+00
  8.62560013e+00  7.35851900e+00  1.03135807e+01
  8.62449966e+00  8.33856309e+00  1.00594392e+01
  8.23857173e+00  9.20509999e+00  9.69672054e+00
  8.28544886e+00  1.01800546e+01  9.42990308e+00
  7.43958682e+00  1.73900779e-01  9.22189839e+00
  7.33259709e+00  9.61925565e+00  9.09018077e+00

molecule   9
  6.41584014e+00  1.03714741e+01  9.14146949e+00
  6.77143624e+00  1.03596370e-01  8.18500014e+00
  7.59173533e+00  3.54241567e-01  7.66570773e+00
  8.02231091e+00  6.24797992e-01  8.50799524e+00
  8.42914779e+00  1.41035062e+00  8.04242896e+00
  7.62705681e+00  1.42513186e+00  7.43716541e+00
  7.97560706e+00  1.89998776e+00  6.59560091e+00
  7.71261508e+00  2.41888896e+00  7.37073245e+00

molecule   10
  7.15077272e+00  8.60755377e+00  8.64437806e+00
  6.20704153e+00  8.99878296e+00  8.72126980e+00
  5.41748104e+00  8.41452591e+00  8.71455355e+00
  5.29287825e+00  7.42621722e+00  8.85331129e+00
  5.30527431e+00  7.91857384e+00  9.73533542e+00
  6.24647132e+00  8.24565896e+00  9.54350911e+00
  5.78141608e+00  8.68125153e+00  1.03202368e+01
  5.78110080e+00  8.66823833e+00  8.35325693e-01

molecule   11
  1.63423276e+00  7.09568192e+00  4.16074749e+00
  1.30832568e+00  7.24389522e+00  3.23889840e+00
  1.28521553e+00  8.20911042e+00  3.02374811e+00
  3.72828778e-01  7.95892012e+00  3.21917360e+00
  6.23242069e-01  8.55440743e+00  3.96126095e+00
  5.62752810e-01  8.99227493e+00  4.83667902e+00
  7.35534097e-01  8.35754776e+00  5.49028961e+00
  5.23663965e-01  7.77162103e+00  6.25151924e+00

molecule   12
  8.34832519e+00  6.75120044e+00  2.09321219e+00
  9.33326879e+00  6.77930402e+00  2.33724170e+00
  9.31171927e+00  7.79512777e+00  2.37936058e+00
  8.45628830e+00  7.84687075e+00  2.82610865e+00
  8.77209320e+00  8.70098841e+00  2.43696571e+00
  9.35858351e+00  8.35189594e+00  3.15657845e+00
  9.52964587e+00  7.38934849e+00  3.40020890e+00
  8.95600811e+00  6.68371305e+00  3.85860443e+00

molecule   13
  1.03428763e+01  9.43648354e+00  6.77593981e+00
  8.18254197e-01  9.24276208e+00  6.43369374e+00
  1.56005305e+00  9.49788843e+00  7.10519184e+00
  1.47020114e+00  8.51914916e+00  7.05544492e+00
  6.49659031e-01  8.93978964e+00  7.33138002e+00
  1.43262965e-01  8.21906682e+00  7.78388669e+00
  4.10998582e-01  8.42669187e+00  8.71797442e+00
  1.27914474e+00  8.76761522e+00  8.29496904e+00

molecule   14
  7.30313544e+00  7.42561446e+00  5.18460997e+00
  6.32171095e+00  7.34531091e+00  4.98764621e+00
  6.78279319e+00  6.45300339e+00  4.83086643e+00
  7.63482816e+00  6.08827117e+00  4.47064885e+00
  8.25085679e+00  6.84904153e+00  4.63083039e+00
  7.98384607e+00  7.76512756e+00  4.30541626e+00
  7.29187841e+00  7.60609058e+00  3.62248046e+00
  8.09160083e+00  7.01343644e+00  3.34986659e+00

molecule   15
  8.77734282e+00  6.20512318e-01  3.67477039e+00
  7.77041110e+00  6.22282213e-01  3.64053929e+00
  7.20928751e+00  1.30597300e-01  4.30531978e+00
  7.28868831e+00  1.01258507e+01  3.40036385e+00
  6.98691358e+00  4.37171464e-01  2.80809569e+00
  6.78446957e+00  1.46169769e-01  1.91001427e+00
  6.62674872e+00  1.02436383e+01  9.96860238e-01
  5.75029220e+00  9.96671234e+00  6.71728600e-01

molecule   16
  3.38967414e-01  4.77273157e+00  3.52842805e+00
  9.98911484e+00  5.19528639e+00  3.97316267e+00
  9.83653750e+00  5.40638549e+00  4.93837547e+00
  9.06963254e+00  5.74475363e+00  5.46370453e+00
  8.67105618e+00  5.01145789e+00  5.06314141e+00
  7.87036389e+00  4.38854829e+00  5.25395509e+00
  7.01605718e+00  4.53722122e+00  5.78167409e+00
  6.57782005e+00  4.43143154e+00  6.65347564e+00

molecule   17
  3.87473668e+00  4.89631842e+00  8.59111411e-01
  4.40088339e+00  5.60920548e+00  4.22174610e-01
  4.44580014e+00  5.10596587e+00  1.00353825e+01
  5.32034844e+00  4.93069782e+00  9.64865994e+00
  5.81119992e+00  4.19642743e+00  1.01748598e+01
  6.60587251e+00  3.87978203e+00  2.41501215e-01
  6.42909316e+00  4.73257484e+00  7.01748769e-01
  5.45457075e+00  4.46224515e+00  6.85007783e-01

molecule   18
  9.23305437e+00  4.01276743e+00  7.80770984e+00
  1.01270333e+01  4.32250136e+00  8.00020284e+00
  9.40133682e+00  4.90452571e+00  8.39018833e+00
  9.49104300e+00  4.93355352e+00  9.40267393e+00
  9.49119367e+00  3.96030632e+00  9.11305545e+00
  2.63090219e-02  4.08609229e+00  9.11227120e+00
  5.35248166e-01  3.64622111e+00  8.37436932e+00
  4.50336158e-01  2.66393694e+00  8.29385606e+00

molecule   19
  2.04496784e+00  4.95008701e+00  6.10023056e+00
  2.59042925e+00  5.07323277e+00  5.30082756e+00
  1.71757197e+00  5.55972380e+00  5.10003819e+00
  2.01987964e+00  6.10201817e+00  4.27826862e+00
  2.45034587e+00  5.21017130e+00  4.15400796e+00
  3.35242495e+00  5.30888365e+00  4.58146634e+00
  3.75615590e+00  5.38522134e+00  5.49455049e+00
  4.57065944e+00  5.61985068e+00  4.93917418e+00

molecule   20
  1.32935251e+00  2.20862958e+00  1.62720383e+00
  1.59273689e+00  1.57728625e+00  2.35465143e+00
  7.59653667e-01  2.02338198e+00  2.47208601e+00
  3.87303131e-01  1.43797505e+00  1.76316840e+00
  3.03261743e-01  4.89787184e-01  1.72710211e+00
  7.65198278e-01  8.30469988e-01  2.52152039e+00
  1.84500112e-01  4.87151005e-01  3.25007401e+00
  1.01731887e+01  1.18952930e+00  2.76609407e+00

molecule   21
  4.48741466e+00  8.31741880e+00  1.03385517e+01
  3.83177193e+00  7.70798480e+00  2.91188488e-01
  4.28776081e+00  6.94149849e+00  7.04506674e-01
  5.20280378e+00  7.30816627e+00  6.89704761e-01
  6.15389679e+00  7.63734816e+00  7.07651827e-01
  6.84844151e+00  7.17376437e+00  1.27504040e+00
  7.34238394e+00  7.54761946e+00  2.07811028e+00
  6.71097286e+00  7.16085665e+00  2.76748055e+00

molecule   22
  7.11188880e+00  4.83174914e+00  7.42915321e+00
  6.16673285e+00  5.21762557e+00  7.34895059e+00
  6.53618993e+00  5.13402599e+00  8.23607649e+00
  6.24002351e+00  4.51834358e+00  8.96495109e+00
  6.99754354e+00  4.57907062e+00  9.63994707e+00
  6.99490353e+00  5.22144388e+00  1.04110207e+01
  6.34831326e+00  5.92941561e+00  1.01390378e+01
  6.62222199e+00  6.75981304e+00  9.90023054e-02

molecule   23
  3.50642967e+00  6.06177683e+00  9.71066616e+00
  2.88744099e+00  6.20212291e+00  1.04437104e+01
  2.09151273e+00  6.83489718e+00  1.02038450e+01
  1.37210324e+00  6.32994525e+00  2.67068509e-01
  1.30792203e+00  7.32216849e+00  2.94227963e-01
  1.81716255e+00  7.61284158e+00  1.07006755e+00
  2.71619659e+00  7.76372740e+00  6.74723048e-01
  2.02093628e+00  8.25814660e+00  1.24794016e-01

molecule   24
  5.32216740e+00  7.87131635e+00  3.22509376e+00
  5.35602707e+00  6.94961867e+00  3.57198470e+00
  6.21937761e+00  6.48460904e+00  3.57271306e+00
  6.24303345e+00  5.81526877e+00  2.86435368e+00
  5.49754155e+00  5.37796705e+00  2.37219905e+00
  5.49793869e+00  6.35248240e+00  2.39942980e+00
  6.05580844e+00  6.30575756e+00  1.54573284e+00
  5.08151038e+00  6.26663530e+00  1.47075580e+00

molecule   25
  8.22095128e+00  8.25858467e+00  5.14191636e+00
  7.89577036e+00  9.09970819e+00  4.75342113e+00
  8.06954483e+00  9.91295755e+00  4.19084230e+00
  7.94659118e+00  1.00590163e+01  5.15677853e+00
  8.31127404e+00  4.60548773e-01  4.90426862e+00
  8.55839599e+00  1.20879233e+00  5.52775060e+00
  7.61866817e+00  1.53568102e+00  5.56506544e+00
  7.23787416e+00  2.45332974e+00  5.90497178e+00

molecule   26
  7.57049969e+00  2.99173361e+00  9.29169240e-01
  6.69518571e+00  2.61734129e+00  8.56974214e-01
  6.49421129e+00  2.01651541e+00  8.89922305e-02
  7.07626666e+00  2.12796123e+00  9.70040658e+00
  6.91118189e+00  3.01603069e+00  1.01347337e+01
  7.87364680e+00  3.26898045e+00  1.02328488e+01
  8.21420519e+00  2.30289142e+00  1.03716851e+01
  9.15547471e+00  1.85705020e+00  1.03505847e+01

molecule   27
  4.04145329e-01  3.31418041e+00  5.06019358e+00
  1.23225999e+00  2.92177504e+00  5.57096414e+00
  1.29923666e+00  2.60490433e+00  4.58818515e+00
  2.28768488e+00  2.50176822e+00  4.54245601e+00
  2.11892451e+00  2.78357499e+00  3.60529927e+00
  1.17321483e+00  3.15723524e+00  3.74597748e+00
  1.58613280e+00  3.71994148e+00  3.03515715e+00
  2.45999905e+00  3.37448151e+00  2.76108743e+00

molecule   28
  1.58364451e+00  1.00977094e+01  8.90245655e+00
  1.08458570e+00  1.03335825e+01  8.02691088e+00
  3.27179639e-01  1.03530234e+01  7.37978955e+00
  1.01599065e+01  2.28226554e-01  8.06443287e+00
  9.97996135e+00  7.66562247e-01  7.23354046e+00
  1.01661713e+01  6.47303417e-01  6.28881574e+00
  4.32853354e-02  1.55823495e+00  6.20814211e+00
  4.47929093e-01  2.40901682e+00  6.47450023e+00

molecule   29
  1.25749626e+00  5.63913155e+00  1.37223308e+00
  2.15133240e+00  5.95971098e+00  9.93891719e-01
  2.15846268e+00  5.59981774e+00  1.90543076e+00
  2.11011949e+00  4.61340187e+00  1.76691001e+00
  3.06051085e+00  4.85187201e+00  1.96460595e+00
  3.87840619e+00  4.31362182e+00  1.86784999e+00
  4.58910258e+00  4.11515958e+00  1.21721758e+00
  4.72523988e+00  5.04191499e+00  1.56326092e+00

molecule   30
  3.10888926e+00  4.09948646e+00  6.15167857e+00
  3.77022971e+00  4.27816110e+00  5.40959818e+00
  4.78358989e+00  4.14235300e+00  5.42446648e+00
  5.41710929e+00  4.82715794e+00  5.04728857e+00
  5.82798702e+00  4.67484769e+00  5.95928091e+00
  5.08168052e+00  4.89808313e+00  6.58495940e+00
  4.15017978e+00  4.59372579e+00  6.65919284e+00
  4.45820711e+00  5.44991018e+00  7.14502382e+00

molecule   31
  3.22475667e+00  4.80314561e-01  5.74129200e+00
  3.06116145e+00  1.04225796e+01  4.86277548e+00
  3.35682892e+00  9.50930864e+00  5.10711260e+00
  4.23078503e+00  9.18546597e+00  5.35365911e+00
  3.65579279e+00  9.04502967e+00  6.18651044e+00
  4.16329929e+00  9.43011248e+00  6.94936418e+00
  4.12555163e+00  1.01122583e+01  6.25053723e+00
  4.29863218e+00  1.21723658e-01  7.10840054e+00

molecule   32
  4.18880780e-01  7.35935030e+00  7.22365498e+00
  6.45061662e-01  6.53151761e+00  6.67968606e+00
  1.31103209e+00  6.69185407e+00  7.41695080e+00
  6.99780734e-01  6.47136753e+00  8.13322643e+00
  4.10388533e-01  7.36548532e+00  8.51380210e+00
  7.78458205e-01  6.97325381e+00  9.30991942e+00
  1.19502507e+00  6.10216903e+00  9.36069388e+00
  1.69661896e+00  5.28208333e+00  9.67126242e+00

molecule   33
  9.46331253e+00  4.51734231e+00  5.59384945e+00
  9.71477552e+00  3.69837799e+00  6.02792010e+00
  9.91947310e+00  2.92197903e+00  6.59788525e+00
  1.01114135e+01  2.24717886e+00  7.38137115e+00
  9.14817116e+00  2.23911023e+00  7.05164253e+00
  9.25548363e+00  2.06101223e+00  6.05624010e+00
  8.94011995e+00  1.29288981e+00  6.64708110e+00
  8.96470958e+00  4.23347316e-01  7.15636306e+00

molecule   34
  9.30684925e+00  9.11682017e-01  8.10787881e+00
  1.00678487e+01  1.28758404e+00  8.62663244e+00
  1.01063030e+01  1.62623063e+00  9.58815787e+00
  5.42589839e-01  1.39090369e+00  9.98916105e+00
  1.36645955e+00  9.70395092e-01  9.65644947e+00
  1.59419940e+00  1.20884557e+00  1.42058957e-01
  1.51940168e+00  1.11206347e+00  1.14859007e+00
  6.25343954e-01  1.02624355e+00  8.16495068e-01

molecule   35
  8.97633266e+00  2.98512948e+00  3.89929872e+00
  9.93104204e+00  2.92268888e+00  4.06772072e+00
  9.59591231e+00  3.67225297e+00  4.66045505e+00
  8.90557120e+00  3.32145954e+00  5.31658899e+00
  8.67322877e+00  2.36453135e+00  5.04780780e+00
  9.02668551e+00  1.87902889e+00  4.24398126e+00
  9.41986537e+00  1.40090084e+00  5.04635009e+00
  1.01309417e+01  1.13337614e+00  4.40315499e+00

molecule   36
  9.69348737e+00  8.69041938e+00  4.14002898e+00
  9.00065996e+00  9.23455849e+00  4.70439215e+00
  9.81816043e+00  9.24219956e+00  5.22234814e+00
  9.58428149e+00  8.67263508e+00  6.02479197e+00
  9.10247828e+00  8.55494668e+00  6.84096276e+00
  8.16362716e+00  8.82930581e+00  7.00430225e+00
  8.15777118e+00  8.77757810e+00  6.01968212e+00
  8.07381417e+00  7.75747558e+00  6.08808061e+00

molecule   37
  6.51415083e+00  3.74466783e+00  5.35644189e+00
  6.29551950e+00  3.97941722e+00  4.41188166e+00
  6.98408616e+00  3.90855420e+00  3.64375045e+00
  7.17826954e+00  3.44687349e+00  4.51420199e+00
  8.10087097e+00  3.67256749e+00  4.54543674e+00
  7.95266059e+00  3.59207930e+00  3.57236477e+00
  8.03766681e+00  4.51950501e+00  3.22194231e+00
  8.02924751e+00  5.17981195e+00  4.00402533e+00

molecule   38
  6.00286636e-01  2.17450944e+00  9.20338668e+00
  1.34203725e+00  2.06913902e+00  8.55371989e+00
  6.22951227e-01  1.53939425e+00  8.08478134e+00
  1.31840989e+00  8.48823224e-01  8.24945399e+00
  2.10262422e+00  1.36407680e+00  7.97823837e+00
  2.19144855e+00  1.57966953e+00  8.94588050e+00
  1.92721486e+00  2.08279481e+00  9.74058361e+00
  1.38448532e+00  2.39633603e+00  8.05971686e-02

molecule   39
  3.36366305e+00  1.02571097e+01  8.64782329e+00
  2.66540784e+00  4.96484516e-01  8.44503322e+00
  2.98223619e+00  8.17598441e-01  9.32531878e+00
  2.40168617e+00  7.07647756e-01  1.01301371e+01
  2.86813883e+00  1.02786958e+01  1.04103396e+01
  3.55481504e+00  4.73761199e-01  1.81333408e-01
  4.00300608e+00  5.81426495e-01  9.78642276e+00
  4.35061370e+00  1.04215962e+01  9.11483203e+00

molecule   40
  1.68220734e+00  2.95334842e+00  2.23120698e+00
  9.89242316e-01  3.57926272e+00  1.81235012e+00
  4.67685455e-01  3.32297291e+00  2.61095209e+00
  3.18393516e-02  3.69251629e+00  3.42852548e+00
  2.96711171e-01  4.02581890e+00  4.30804675e+00
  5.77804850e-01  4.87172272e+00  4.76670228e+00
  1.13879498e+00  4.35062978e+00  5.41963290e+00
  3.96341124e-01  4.12691297e+00  6.03134391e+00

molecule   41
  9.90921523e+00  9.03773049e+00  7.25318681e-01
  9.12750333e+00  9.65394818e+00  6.30524366e-01
  8.22633964e+00  9.44630077e+00  3.03519644e-01
  7.21458268e+00  9.49866410e+00  4.52489202e-01
  6.76497642e+00  9.13176559e+00  1.00454182e+01
  6.74822816e+00  8.32620097e+00  1.77111965e-01
  7.27677883e+00  7.59880045e+00  1.02858922e+01
  7.57478296e+00  8.22189879e+00  9.54944605e+00

molecule   42
  4.22270328e+00  8.88083980e+00  3.37966211e+00
  4.67500933e+00  9.34801713e+00  4.16158237e+00
  4.19389522e+00  1.01939009e+01  4.19749210e+00
  3.34094497e+00  1.01439942e+01  3.63840700e+00
  4.09196920e+00  1.02082749e+01  2.94098646e+00
  4.22017128e+00  1.04113747e+01  1.99393160e+00
  4.61086541e+00  8.71731355e-01  2.18125189e+00
  5.27206469e+00  7.39652688e-01  1.41904063e+00

molecule   43
  2.34123246e+00  8.68637580e-01  3.31858814e+00
  2.95926932e+00  1.57311058e+00  2.94719477e+00
  2.41976432e+00  2.31171302e+00  2.55153895e+00
  2.61608633e+00  1.57597786e+00  1.87482780e+00
  2.24201306e+00  1.93630158e+00  1.04951781e+00
  1.80804317e+00  2.83557629e+00  8.83165810e-01
  1.24801050e+00  3.54061488e+00  4.55574484e-01
  3.64747226e-01  3.54354574e+00  8.70862031e-01

molecule   44
  8.85734628e+00  3.54234660e+00  6.77600198e+00
  8.42922454e+00  3.27253479e+00  7.64549222e+00
  8.93279195e+00  2.99551682e+00  8.45021074e+00
  8.08104662e+00  2.44759143e+00  8.37705198e+00
  7.13113827e+00  2.78798642e+00  8.45700511e+00
  6.47624943e+00  3.18233592e+00  9.05754671e+00
  5.65869518e+00  2.58562740e+00  9.23883268e+00
  4.82666428e+00  3.07153509e+00  9.11538635e+00

molecule   45
  5.73597843e-01  5.34713127e+00  9.93897505e+00
  3.44120316e-01  5.57586492e+00  4.39536727e-01
  1.84802395e-01  5.98574434e+00  1.34362524e+00
  9.81116989e+00  5.44502033e+00  1.18724719e+00
  9.17660539e+00  5.03469185e+00  1.88653886e+00
  9.48104432e+00  5.48203586e+00  2.73437400e+00
  9.21229362e+00  4.73134386e+00  3.39886870e+00
  9.00292999e+00  5.62296780e+00  3.73010295e+00

molecule   46
  1.00178744e+01  6.98148406e+00  7.79928118e+00
  9.07883562e+00  7.23602715e+00  8.02599965e+00
  8.75301801e+00  6.63082744e+00  7.27490797e+00
  9.04982055e+00  5.92343415e+00  6.67744900e+00
  9.92072579e+00  6.19163774e+00  7.02837566e+00
  9.71374328e+00  7.12193230e+00  6.58184182e+00
  8.82706412e+00  6.99584169e+00  6.14124430e+00
  8.27074541e+00  6.37540738e+00  5.64676403e+00

molecule   47
  7.44624130e+00  3.72088578e+00  7.40426029e+00
  7.99535680e+00  4.27842610e+00  7.99546733e+00
  7.49876335e+00  3.69013237e+00  8.63441503e+00
  6.70101469e+00  4.02630024e+00  8.19016665e+00
  6.06302933e+00  3.27520582e+00  8.05569228e+00
  6.30321794e+00  2.28963132e+00  7.94590041e+00
  6.72498456e+00  1.64403102e+00  8.59896430e+00
  6.63495149e+00  1.08858952e+00  7.74989233e+00

molecule   48
  1.29536066e+00  1.02271830e+01  2.83500908e+00
  1.25329224e+00  1.67622671e-01  3.80679842e+00
  1.34103464e+00  1.02027370e+01  4.70479426e+00
  2.19234712e+00  1.03999010e+01  4.28179880e+00
  2.15746910e+00  8.11276188e-01  4.80348320e+00
  2.10834868e+00  1.35189795e-01  5.50377197e+00
  2.63883727e+00  1.02949445e+01  6.25267679e+00
  2.71865131e+00  9.39682717e+00  6.64536610e+00

molecule   49
  3.68930471e+00  2.13363545e+00  7.06038868e+00
  2.87318411e+00  2.71875082e+00  7.23853481e+00
  2.36391635e+00  2.21935513e+00  6.53136870e+00
  1.45307476e+00  2.06650094e+00  6.88342108e+00
  1.33758449e+00  1.11555188e+00  7.14486690e+00
  2.09552842e+00  5.58406946e-01  7.49472000e+00
  1.71551116e+00  2.63971293e-01  6.62415048e+00
  1.95553177e+00  1.17956283e+00  6.31117158e+00

molecule   50
  7.61857573e+00  4.20939783e+00  6.50582627e+00
  7.79779568e+00  3.31818339e+00  6.07064436e+00
  8.48226120e+00  4.03316372e+00  6.01891977e+00
  8.98066981e+00  4.64668107e+00  6.64809959e+00
  8.42134136e+00  5.18964316e+00  6.05131065e+00
  7.52580955e+00  5.41556341e+00  5.64614124e+00
  7.27436023e+00  5.15330049e+00  4.75201370e+00
  6.51950950e+00  5.38262290e+00  5.40940664e+00

molecule   51
  9.59611395e+00  3.50598212e+00  7.94651949e-01
  9.78154425e+00  3.95099639e+00  1.66078504e+00
  9.93683165e+00  4.35894003e+00  2.58387179e+00
  7.19361422e-03  5.19622303e+00  2.70179712e+00
  5.57138136e-01  4.94785079e+00  1.90887897e+00
  1.03313026e+00  4.53618190e+00  2.71472516e+00
  1.89750165e+00  4.95515715e+00  2.81326377e+00
  1.75017816e+00  4.56727431e+00  3.75569460e+00

molecule   52
  7.65917431e+00  6.94440685e+00  6.49048810e+00
  6.78842134e+00  7.14150151e+00  6.05603328e+00
  6.01801744e+00  7.10520340e+00  6.68076271e+00
  6.91797768e+00  7.13380058e+00  7.18883012e+00
  6.42089969e+00  7.97484234e+00  7.29045994e+00
  7.08925350e+00  8.13297333e+00  6.56437618e+00
  7.24688809e+00  8.55967019e+00  7.46323882e+00
  7.06421196e+00  9.51663475e+00  7.10502488e+00

molecule   53
  6.06642466e+00  8.60815239e+00  2.06187988e+00
  5.85775179e+00  7.67310055e+00  2.30284665e+00
  5.38843652e+00  7.95823917e+00  1.46547316e+00
  4.60262251e+00  7.72914229e+00  2.00156990e+00
  4.39303997e+00  7.04097546e+00  2.69359878e+00
  3.70355857e+00  6.82181189e+00  2.04552068e+00
  3.09903687e+00  7.63149405e+00  2.14250889e+00
  3.78863205e+00  8.00565088e+00  2.72779220e+00

molecule   54
  5.19396157e+00  8.65258581e+00  2.67254827e+00
  4.36603996e+00  8.90316492e+00  2.21800572e+00
  4.65544926e+00  8.78511843e+00  1.26846461e+00
  4.13332240e+00  9.14432601e+00  4.66307144e-01
  3.39824953e+00  9.02957574e+00  1.08954024e+00
  3.36640900e+00  9.78291596e+00  1.76093138e+00
  2.69755790e+00  9.83681278e+00  2.50481590e+00
  2.93806754e+00  3.40707496e-01  2.61526604e+00

molecule   55
  4.81132956e+00  2.35924649e+00  8.54421953e-01
  4.03350010e+00  1.97299618e+00  3.79500517e-01
  4.72266865e+00  1.28313715e+00  4.67514443e-01
  4.23973272e+00  6.29265131e-01  1.05819448e+00
  3.48290238e+00  1.21825280e+00  9.60962809e-01
  3.45729961e+00  8.94589695e-01  1.88267658e+00
  3.04669447e+00  2.34480723e-01  1.24958502e+00
  2.35360917e+00  5.55382551e-01  6.05874264e-01

molecule   56
  9.56272742e+00  7.39359449e+00  1.47798760e+00
  1.02594432e+01  7.16660983e+00  2.18616930e+00
  6.06715591e-02  6.89755782e+00  3.09555132e+00
  9.98219163e+00  6.14682291e+00  3.37824739e+00
  1.00274666e+01  6.41540219e+00  4.34383450e+00
  4.95416856e-01  6.42416273e+00  4.67829906e+00
  5.73319279e-01  7.16330659e+00  3.98499009e+00
  7.71629635e-01  7.51324040e+00  4.92692137e+00

molecule   57
  3.09327372e+00  1.60829052e+00  4.91245707e+00
  3.21264043e+00  1.31816813e+00  3.96754356e+00
  3.92997753e+00  2.03693130e+00  3.98452036e+00
  3.36622726e+00  2.86071578e+00  3.97155652e+00
  3.30187632e+00  3.59895605e+00  3.29656756e+00
  3.67864592e+00  4.40985965e+00  2.92555419e+00
  3.05439985e+00  5.08010073e+00  3.17677696e+00
  2.87898379e+00  6.06182874e+00  3.35231110e+00

molecule   58
  2.06137930e+00  9.86942313e+00  3.42718508e+00
  1.33760661e+00  9.41753704e+00  3.97259152e+00
  4.14313660e-01  9.52748844e+00  3.67272961e+00
  1.01538527e+01  9.91204266e+00  4.29335591e+00
  9.85469413e+00  2.55650855e-01  3.78035876e+00
  9.27787556e+00  9.94762165e+00  3.47259187e+00
  9.01962092e+00  6.98793871e-02  2.69489162e+00
  8.77663707e+00  9.67508450e+00  2.23096871e+00

molecule   59
  3.77970555e+00  6.84800045e+00  4.68533617e+00
  4.65658526e+00  7.33860225e+00  4.67104898e+00
  4.45545528e+00  7.70206883e+00  3.77559269e+00
  3.48304798e+00  7.85628518e+00  3.69809913e+00
  2.73743123e+00  7.20759494e+00  3.41657467e+00
  2.63030450e+00  7.11807781e+00  4.42189583e+00
  2.42357961e+00  7.25304041e+00  5.36582831e+00
  1.52624848e+00  6.84661301e+00  5.42155262e+00

molecule   60
  3.46480201e+00  4.63212729e+00  1.01813198e+01
  2.92291170e+00  4.08202944e+00  2.91495831e-01
  2.41641202e+00  4.43885284e+00  9.94793671e+00
  1.84849431e+00  4.19910216e+00  9.15140632e+00
  1.21885914e+00  4.44240268e+00  9.89244107e+00
  8.62775025e-01  4.59353870e+00  4.06671078e-01
  1.83756778e+00  4.46271925e+00  5.84904700e-01
  2.48839721e+00  5.18550159e+00  3.46071445e-01

molecule   61
  4.92575987e+00  3.43960511e-01  7.98288451e-02
  4.81095094e+00  9.79102314e+00  1.03088748e+01
  5.65969153e+00  9.60940239e+00  9.87540500e+00
  5.36865979e+00  1.85682522e-02  9.55113074e+00
  5.55010999e+00  8.97316641e-01  1.00427702e+01
  5.93305013e+00  5.22041121e-01  3.95729042e-01
  6.83610903e+00  9.42446468e-01  6.17046917e-01
  6.33382714e+00  1.60326912e+00  1.22348028e+00

molecule   62
  9.17245668e+00  3.02689887e+00  1.03206165e+01
  8.58419261e+00  3.05107377e+00  9.56633319e+00
  9.51733542e+00  2.85817979e+00  9.30085054e+00
  9.83874552e+00  2.51537725e+00  8.43479690e+00
  1.00081884e+01  3.21907339e+00  7.78337630e+00
  2.79489940e-02  3.73899780e+00  7.05875564e+00
  8.23782640e-01  3.23921692e+00  7.45347870e+00
  1.82345206e+00  3.13391708e+00  7.26936118e+00

molecule   63
  4.37490439e+00  3.16248721e+00  1.45441194e+00
  3.53021385e+00  3.62030017e+00  1.20319748e+00
  3.18384948e+00  2.89733093e+00  5.47911502e-01
  4.11871979e+00  3.30732825e+00  4.09324648e-01
  4.33950540e+00  3.62094571e+00  9.94404781e+00
  3.74981249e+00  2.80923275e+00  9.99575225e+00
  3.00726425e+00  3.22284051e+00  9.44688476e+00
  2.47357837e+00  2.90075427e+00  1.02021963e+01

molecule   64
  2.48625222e+00  9.33021203e+00  5.68911078e+00
  2.15582488e+00  9.13177992e+00  4.76926933e+00
  1.44304017e+00  9.21448157e+00  5.45204289e+00
  1.15805589e+00  1.01382999e+01  5.68999009e+00
  2.04133550e-01  1.00431599e+01  5.90784389e+00
  9.98155971e+00  2.67837484e-02  5.35227257e+00
  9.23297629e+00  1.03153384e+01  6.02184617e+00
  8.89632494e+00  9.41157675e+00  5.75491895e+00

molecule   65
  3.97081806e+00  6.78916832e+00  3.60227720e+00
  4.74729155e+00  6.37496336e+00  4.08946693e+00
  4.62437696e+00  5.86598021e+00  3.23157336e+00
  3.89484255e+00  5.43225067e+00  2.66952746e+00
  3.72966126e+00  5.86822316e+00  1.74937908e+00
  3.29889439e+00  6.24326827e+00  9.24650366e-01
  2.78821958e+00  6.77963566e+00  1.60562663e+00
  2.13228515e+00  6.90509842e+00  2.34031389e+00

molecule   66
  6.87000569e+00  4.38225009e+00  1.76675499e+00
  6.63807910e+00  5.34910544e+00  1.67063165e+00
  7.57238099e+00  5.31141889e+00  1.26593246e+00
  7.31756855e+00  6.20975346e+00  9.22878630e-01
  7.10981076e+00  6.23122469e+00  1.88444789e+00
  7.65187152e+00  6.30507525e+00  2.71294062e+00
  7.89264656e+00  5.33880647e+00  2.61583753e+00
  7.30331134e+00  5.56240619e+00  3.36887166e+00

molecule   67
  3.61350578e+00  7.17419128e+00  5.84036095e+00
  3.67933445e+00  6.37371790e+00  6.43131641e+00
  3.06607482e+00  7.01552641e+00  6.90805540e+00
  3.20423191e+00  6.41516674e+00  7.69760421e+00
  2.35905672e+00  6.97417898e+00  7.76841498e+00
  1.80363865e+00  7.78146337e+00  7.85110202e+00
  2.40137828e+00  8.24425696e+00  8.53218909e+00
  1.73400572e+00  7.67092739e+00  9.02517009e+00

molecule   68
  5.66950348e+00  3.35910667e-01  8.46385719e+00
  5.54329064e+00  6.57683453e-01  7.54112232e+00
  5.17881114e+00  1.01598280e+01  7.44397378e+00
  6.08566027e+00  9.73489741e+00  7.58340075e+00
  6.43641373e+00  1.14724804e-01  7.18624096e+00
  6.91057653e+00  6.31208220e-01  6.45004951e+00
  7.84866591e+00  6.86737399e-01  6.61529065e+00
  7.99326015e+00  1.01502271e+01  6.55858848e+00

molecule   69
  5.75786541e+00  9.23433894e+00  4.40311690e+00
  5.64979871e+00  1.02200564e+01  4.17569420e+00
  6.23659222e+00  1.03649505e+01  3.35407159e+00
  5.92357329e+00  5.68806911e-01  2.65506064e+00
  5.16287268e+00  8.15894719e-01  3.27913673e+00
  5.05487308e+00  1.03671393e+01  2.89593967e+00
  5.43362186e+00  9.62864588e+00  3.41769030e+00
  6.38543442e+00  9.27633304e+00  3.52539227e+00

molecule   70
  1.00966644e+01  7.69059963e+00  4.26680152e+00
  1.00665795e+01  8.16009911e+00  5.16609088e+00
  9.17571380e+00  8.02835587e+00  4.71404602e+00
  9.47595854e+00  7.13399042e+00  4.99180197e+00
  1.02041504e+01  7.07281400e+00  5.68870579e+00
  9.98998341e+00  6.12465239e+00  5.86636187e+00
  1.00714123e+01  5.20476015e+00  6.19993055e+00
  9.80874264e+00  5.10718364e+00  7.13829832e+00

molecule   71
  3.98609325e+00  4.35573994e+00  8.94075120e+00
  2.97893590e+00  4.17158629e+00  8.92047181e+00
  3.04072421e+00  4.61147622e+00  8.08539251e+00
  2.65352502e+00  3.70407039e+00  8.10196411e+00
  1.98424490e+00  3.23669340e+00  8.66696814e+00
  1.23993739e+00  3.35850879e+00  9.24884815e+00
  5.42225288e-01  2.96269479e+00  9.87229630e+00
  1.03854345e+01  2.34477737e+00  1.03006780e+01

molecule   72
  8.48717980e+00  9.77701244e-01  2.72343322e+00
  8.90718457e+00  1.86487314e+00  2.58316134e+00
  9.37204917e+00  2.63535249e+00  3.04185949e+00
  9.92818839e+00  3.14701969e+00  2.37638738e+00
  9.96218370e+00  2.33591419e+00  1.78527590e+00
  9.72865957e+00  2.34238995e+00  8.15828116e-01
  1.02530617e+01  1.53168105e+00  5.92120751e-01
  4.70090850e-01  2.23309233e+00  8.17237877e-01

molecule   73
  9.64299730e+00  3.42760531e-01  1.02237977e+01
  8.67129687e+00  8.08995104e-02  1.03838432e+01
  8.98191407e+00  6.44977721e-01  7.04605980e-01
  9.14630459e+00  1.49766115e+00  1.09566926e+00
  8.42171205e+00  1.55617259e+00  1.79121989e+00
  7.96387164e+00  6.75520558e-01  1.75942981e+00
  7.90431887e+00  8.76719810e-01  7.55190005e-01
  8.09774845e+00  1.03837230e+01  8.28085712e-01

molecule   74
  3.25187626e+00  2.71564564e+00  6.23258017e+00
  2.87881394e+00  2.48575710e+00  5.36196319e+00
  3.83080238e+00  2.39670492e+00  5.04969661e+00
  3.45594760e+00  3.34209555e+00  5.18581801e+00
  2.83029724e+00  3.70791711e+00  4.44556598e+00
  1.99146123e+00  4.14830660e+00  4.66851944e+00
  2.11579616e+00  3.59165933e+00  5.48692016e+00
  1.52303314e+00  3.52461184e+00  6.31971246e+00

molecule   75
  3.38630857e+00  9.95943399e+00  7.50864895e+00
  2.73391892e+00  9.55023556e+00  8.15887168e+00
  3.15484058e+00  8.67151278e+00  7.95917201e+00
  3.68861306e+00  7.83606438e+00  7.97165182e+00
  4.00886877e+00  7.36314062e+00  7.10482627e+00
  4.92431547e+00  6.97035190e+00  7.07822102e+00
  5.00726838e+00  7.22080766e+00  6.11072437e+00
  4.65349863e+00  6.32336490e+00  5.82678302e+00

molecule   76
  1.90112511e+00  4.32205777e+00  7.08265538e+00
  1.74998666e+00  4.27067505e+00  8.10727197e+00
  1.58071294e+00  5.22951316e+00  8.20646294e+00
  1.98261766e+00  6.06762024e+00  7.87685971e+00
  2.36950378e+00  5.22487033e+00  7.44501202e+00
  3.31462194e+00  4.98949716e+00  7.14385846e+00
  3.59325300e+00  4.02317706e+00  7.37968275e+00
  4.21298999e+00  3.26437870e+00  7.23535062e+00

molecule   77
  3.71371680e+00  2.75847702e+00  8.55243633e+00
  3.33600188e+00  2.05753334e+00  8.03610718e+00
  2.70266213e+00  2.51727101e+00  8.62082714e+00
  3.24275285e+00  1.89215188e+00  9.20554732e+00
  3.42578520e+00  1.19506517e+00  8.50601907e+00
  3.40722861e+00  6.99068868e-01  7.64999300e+00
  2.87117242e+00  1.14940958e+00  6.93733106e+00
  3.37197746e+00  3.65057635e-01  6.70534216e+00

molecule   78
  5.50679049e+00  3.03008996e+00  1.01893439e+01
  5.19103630e+00  3.40996564e+00  6.18860228e-01
  6.02629632e+00  3.68147321e+00  1.07967803e+00
  5.79812421e+00  2.80327223e+00  1.43634434e+00
  5.55686316e+00  3.10820553e+00  2.33574778e+00
  6.21042657e+00  3.51646728e+00  2.94088026e+00
  5.91073239e+00  4.34821795e+00  3.38402720e+00
  6.62403696e+00  4.71851087e+00  2.86335523e+00

molecule   79
  1.84253813e+00  1.52723050e+00  4.16693645e+00
  1.69001021e+00  1.74996387e+00  5.12954163e+00
  8.20700639e-01  1.65206301e+00  5.56634382e+00
  9.01692371e-01  8.15771766e-01  6.12769681e+00
  1.08805439e+00  6.39367125e-01  5.15272453e+00
  8.02177566e-01  1.20080613e+00  4.36345735e+00
  7.00973942e-01  1.62958738e+00  3.45087779e+00
  3.02663716e-01  2.47894194e+00  3.74209854e+00

molecule   80
  3.40279141e-01  8.72522874e+00  1.00282803e+00
  1.07005259e+00  9.10193181e+00  1.61367544e+00
  1.52711875e+00  9.19376469e+00  2.51681318e+00
  2.18881269e+00  8.78999431e+00  1.88108058e+00
  3.07386030e+00  8.81219954e+00  2.43876842e+00
  2.27739460e+00  8.33588719e+00  2.81236689e+00
  1.97526390e+00  8.60718186e+00  3.74145578e+00
  2.85419485e+00  9.05962583e+00  3.64845339e+00

molecule   81
  2.66841745e-01  9.60191301e+00  8.45211626e+00
  1.00474885e+01  9.23741116e+00  7.85894467e+00
  9.95347768e+00  8.97348318e+00  8.84122714e+00
  9.48598396e+00  8.12837457e+00  8.70675713e+00
  9.15912056e+00  8.21434657e+00  7.75310314e+00
  8.79180707e+00  8.85670407e+00  8.35989343e+00
  8.09861023e+00  9.49512984e+00  8.09141294e+00
  8.77045537e+00  1.01730575e+01  7.94088124e+00

molecule   82
  4.17958443e+00  1.04799643e+00  3.58502724e+00
  4.10330189e+00  8.64768748e-01  4.53595030e+00
  4.33459636e+00  2.70601426e-01  5.28135463e+00
  5.32205440e+00  7.10327949e-02  5.22935925e+00
  5.25137894e+00  8.83838997e-01  4.63895167e+00
  6.12677469e+00  4.41076187e-01  4.83860496e+00
  6.97039797e+00  9.31859246e-01  5.00027930e+00
  6.56655780e+00  1.79432465e+00  4.67110010e+00

molecule   83
  5.32195946e+00  7.77886212e+00  5.27265438e+00
  5.77865051e+00  8.04437018e+00  6.11395152e+00
  5.69576991e+00  8.86121890e+00  5.50976156e+00
  4.85289993e+00  8.82112783e+00  6.07148256e+00
  4.40295206e+00  8.29407693e+00  6.75552612e+00
  5.36987029e+00  8.28884145e+00  6.97095549e+00
  5.39000804e+00  7.68104590e+00  7.81186541e+00
  6.27449628e+00  7.63470470e+00  8.18850956e+00

molecule   84
  4.51354096e-01  4.38662355e-01  8.82650665e+00
  3.57933879e-01  1.01155705e+01  9.38126495e+00
  1.11954423e+00  9.74185459e+00  9.93583572e+00
  6.43595179e-01  9.04400812e+00  9.78286067e-03
  7.67126250e-01  8.36718690e+00  9.74040950e+00
  1.04214919e+01  8.27491402e+00  1.02772718e+01
  9.51608471e-02  7.43206028e+00  3.64001253e-01
  1.02831281e+01  6.45607594e+00  2.68195541e-01

molecule   85
  9.20515769e+00  9.16293895e+00  1.01237972e+01
  1.01918181e+01  9.36718649e+00  9.90403898e+00
  2.15942687e-01  1.01061468e+01  1.03931133e+01
  1.00370645e+01  1.02789718e+01  6.49067764e-01
  1.02864739e+01  9.82132019e+00  1.43791485e+00
  1.01769743e+01  1.02824799e+01  2.31393828e+00
  9.39882497e+00  1.81477015e-02  1.65053923e+00
  9.67890317e+00  9.57334590e-01  1.87815627e+00

molecule   86
  8.27270443e+00  7.94038540e+00  8.82130325e+00
  7.82335184e+00  7.28765341e+00  8.19040881e+00
  7.40610777e+00  7.13314631e+00  9.06947376e+00
  7.70562768e+00  6.28908528e+00  8.64884715e+00
  8.39236389e+00  6.36297181e+00  9.35590102e+00
  9.31383227e+00  6.13825843e+00  9.68017475e+00
  9.45406288e+00  6.42885374e+00  8.73800864e+00
  1.03481011e+01  6.35143406e+00  9.13858118e+00

molecule   87
  7.42792290e+00  5.56355362e+00  6.68604037e+00
  7.63018091e+00  6.11686105e+00  7.53517444e+00
  6.64436688e+00  6.26020843e+00  7.73169283e+00
  5.81704231e+00  6.67120827e+00  7.58872780e+00
  5.71686573e+00  5.99340082e+00  8.35587770e+00
  5.28774436e+00  5.17607418e+00  7.99615291e+00
  5.37165005e+00  4.24935838e+00  8.29663538e+00
  4.51010827e+00  3.68758623e+00  8.21279207e+00

molecule   88
  4.29096631e+00  1.03554588e+00  6.46872068e+00
  4.44405285e+00  1.23680231e+00  7.44846427e+00
  5.25993103e+00  1.82262219e+00  7.53264429e+00
  5.41550094e+00  1.80885194e+00  8.49583309e+00
  4.41256427e+00  1.92688418e+00  8.38122462e+00
  4.77103445e+00  1.05262029e+00  8.73269481e+00
  4.25922552e+00  1.54598685e+00  9.50463771e+00
  3.45023451e+00  1.59700683e+00  1.01105218e+01

molecule   89
  5.76165194e+00  1.09523676e+00  6.50603026e+00
  5.52053170e+00  1.28717255e-01  6.57981888e+00
  5.45482235e+00  9.55795964e+00  6.49825143e+00
  6.26270892e+00  8.97824805e+00  6.74161745e+00
  6.60668118e+00  8.65918453e+00  5.82493376e+00
  6.71398907e+00  8.90719541e+00  4.85571270e+00
  6.70017517e+00  9.83885861e+00  4.57219102e+00
  6.90339843e+00  9.77452601e+00  5.53508889e+00

molecule   90
  3.56607161e+00  8.19853597e+00  9.68309588e+00
  2.64069494e+00  7.78091877e+00  9.63080514e+00
  3.35650253e+00  7.10659485e+00  9.99121296e+00
  4.31604149e+00  7.29511137e+00  9.75084920e+00
  4.49943323e+00  6.40128266e+00  1.02265301e+01
  5.36263797e+00  6.03474442e+00  9.87935514e+00
  5.57844213e+00  6.46878205e+00  2.73394396e-01
  5.87474211e+00  5.68684606e+00  7.88231095e-01

molecule   91
  8.62950762e+00  3.54051108e+00  1.39635403e+00
  8.47580245e+00  4.49772619e+00  1.39761125e+00
  8.00430766e+00  3.95586218e+00  2.08004710e+00
  7.24401975e+00  3.58756042e+00  2.65402180e+00
  6.96216002e+00  3.00064906e+00  1.89581830e+00
  7.84140393e+00  2.57196410e+00  1.84837595e+00
  8.40000482e+00  2.87069507e+00  2.66315357e+00
  9.01126461e+00  2.68375195e+00  1.95062403e+00

molecule   92
  2.57118238e+00  6.17223430e+00  6.02379183e+00
  1.91913353e+00  6.62557048e+00  6.62502628e+00
  1.48519205e+00  5.92298320e+00  6.03192780e+00
  1.40285485e+00  5.27110221e+00  6.77505046e+00
  6.88170187e-01  4.62564033e+00  6.99801677e+00
  6.11351304e-01  4.89781411e+00  7.93776524e+00
  1.03566731e+01  5.59427097e+00  8.09217715e+00
  1.42958149e-01  5.21392036e+00  8.99067470e+00

molecule   93
  1.82287439e+00  8.14112312e+00  5.08380498e+00
  1.84373088e+00  8.19540930e+00  6.08138725e+00
  2.31185097e+00  8.04391555e+00  6.92182931e+00
  3.30611984e+00  8.12718630e+00  6.79645209e+00
  2.89722408e+00  8.17038313e+00  5.88231881e+00
  3.81565829e+00  8.06007471e+00  5.48532727e+00
  4.30684562e+00  8.37360125e+00  4.70008917e+00
  5.22561181e+00  8.32267666e+00  4.30305112e+00

molecule   94
  1.04538041e+01  4.12288980e+00  1.04321437e+01
  9.53234076e+00  4.40728451e+00  1.03555173e+01
  9.76373735e+00  5.38790028e+00  1.03587798e+01
  9.22570003e+00  6.10548317e+00  3.92019783e-01
  8.50606961e+00  5.62332139e+00  8.36051952e-01
  8.30111332e+00  6.31239037e+00  7.82805397e-02
  7.51830646e+00  6.50403634e+00  9.95705041e+00
  7.11732613e+00  5.75184721e+00  9.40445827e+00

molecule   95
  3.13828460e+00  8.92892269e+00  9.02628175e+00
  3.93395784e+00  9.31608872e+00  9.46921822e+00
  4.87343674e+00  8.96776320e+00  9.48955198e+00
  4.35040015e+00  8.55087834e+00  8.72886648e+00
  4.21547324e+00  8.72613528e+00  7.78493767e+00
  4.21376316e+00  9.70898088e+00  8.03421166e+00
  5.06562115e+00  9.54017855e+00  8.53460467e+00
  5.21039424e+00  9.05234326e+00  7.67713867e+00

molecule   96
  4.21913684e+00  4.38786682e+00  4.24751008e+00
  4.68085414e+00  4.35271641e+00  3.36385117e+00
  5.27784533e+00  4.22721453e+00  4.13402010e+00
  5.66018226e+00  5.19264768e+00  4.08948318e+00
  5.69714081e+00  6.08920829e+00  4.51382689e+00
  5.89692565e+00  6.47355240e+00  5.44879556e+00
  5.63728239e+00  5.87155779e+00  6.22255532e+00
  6.63759285e+00  6.06752027e+00  6.15394078e+00

molecule   97
  2.94015804e+00  1.63127506e+00  5.97014433e+00
  3.89812349e+00  1.90644192e+00  5.94973944e+00
  4.76537697e+00  1.81126882e+00  5.47860049e+00
  5.70382022e+00  1.59994043e+00  5.26159037e+00
  5.65102317e+00  2.56703996e+00  5.01448258e+00
  4.85779176e+00  3.01475668e+00  4.61252044e+00
  4.86016874e+00  3.35950937e+00  3.65842147e+00
  4.15541954e+00  3.30679820e+00  2.97150335e+00

molecule   98
  8.29194482e+00  5.10608163e+00  1.03871108e+01
  7.62435974e+00  4.34739508e+00  1.76221272e-01
  8.55476841e+00  4.09406106e+00  4.54423129e-01
  8.57498073e+00  4.13839465e+00  9.90679888e+00
  8.36424026e+00  4.49680630e+00  9.02305298e+00
  7.58564815e+00  4.99497673e+00  8.68634681e+00
  8.47298347e+00  5.49273866e+00  8.67744619e+00
  8.68552367e+00  5.45337961e+00  7.76137395e+00

molecule   99
  8.47971240e+00  8.02715295e+00  1.49334369e+00
  8.69605563e+00  7.22313730e+00  8.90042092e-01
  9.23886005e+00  7.96657976e+00  4.88699499e-01
  8.36005913e+00  8.41550102e+00  6.02209498e-01
  7.65895254e+00  8.63923922e+00  1.29138742e+00
  7.79059143e+00  8.88529763e+00  2.24203405e+00
  7.19802756e+00  8.60261424e+00  2.96772962e+00
  6.26638827e+00  8.29061286e+00  3.20345524e+00
