              0  1.0576827e+01
              1  9.2819937e+00
              2  8.3425158e+00
              3  7.5809321e+00
              4  6.9262303e+00
              5  6.3481315e+00
              6  5.8282401e+00
              7  5.3561423e+00
              8  4.9261251e+00
              9  4.5324380e+00
             10  4.1713462e+00
             11  3.8388318e+00
             12  3.5341328e+00
             13  3.2534025e+00
             14  2.9942630e+00
             15  2.7568270e+00
             16  2.5372031e+00
             17  2.3351488e+00
             18  2.1498225e+00
             19  1.9788683e+00
             20  1.8207631e+00
             21  1.6764379e+00
             22  1.5437915e+00
             23  1.4205887e+00
             24  1.3077699e+00
             25  1.2030592e+00
             26  1.1072687e+00
             27  1.0197235e+00
             28  9.3846875e-01
             29  8.6358855e-01
             30  7.9440920e-01
             31  7.3097818e-01
             32  6.7296745e-01
             33  6.1904108e-01
             34  5.6938207e-01
             35  5.2430583e-01
             36  4.8233663e-01
             37  4.4367647e-01
             38  4.0784949e-01
             39  3.7527488e-01
             40  3.4492465e-01
             41  3.1733396e-01
             42  2.9243223e-01
             43  2.6902746e-01
             44  2.4741864e-01
             45  2.2777717e-01
             46  2.1054060e-01
             47  1.9478740e-01
             48  1.7933100e-01
             49  1.6548123e-01
             50  1.5221958e-01
             51  1.4077128e-01
             52  1.3013580e-01
             53  1.2002565e-01
             54  1.1147338e-01
             55  1.0324833e-01
             56  9.5963368e-02
             57  8.8514887e-02
             58  8.1568358e-02
             59  7.5766664e-02
             60  6.9087849e-02
             61  6.2954313e-02
             62  5.6702973e-02
             63  5.2029991e-02
             64  4.7833231e-02
             65  4.4167415e-02
             66  4.0544403e-02
             67  3.7536908e-02
             68  3.3815166e-02
             69  3.0534859e-02
             70  2.7954978e-02
             71  2.5747771e-02
             72  2.4185233e-02
             73  2.2439933e-02
             74  2.0903298e-02
             75  1.8965461e-02
             76  1.7332073e-02
             77  1.5458162e-02
             78  1.3243989e-02
             79  1.0978604e-02
             80  8.6103747e-03
             81  6.9073165e-03
             82  5.1923330e-03
             83  2.7117961e-03
             84  1.3785073e-03
             85 -2.8184918e-04
             86 -1.1571711e-03
             87 -1.9139268e-03
             88 -3.4851272e-03
             89 -4.5174544e-03
             90 -4.9238739e-03
             91 -5.6094495e-03
             92 -6.3752676e-03
             93 -7.1931042e-03
             94 -8.7342338e-03
             95 -1.0040126e-02
             96 -1.1281283e-02
             97 -1.1837784e-02
             98 -1.1909648e-02
             99 -1.1598013e-02
            100 -1.1699212e-02
            101 -1.1373146e-02
            102 -1.0919929e-02
            103 -1.0490542e-02
            104 -9.7847471e-03
            105 -1.0002976e-02
            106 -1.0525871e-02
            107 -9.9769742e-03
            108 -9.7564667e-03
            109 -9.6324828e-03
            110 -8.5480872e-03
            111 -7.8332482e-03
            112 -7.3739117e-03
            113 -6.4316873e-03
            114 -6.2006292e-03
            115 -6.1663740e-03
            116 -5.9198883e-03
            117 -6.1086223e-03
            118 -6.5650326e-03
            119 -6.9813742e-03
            120 -7.0822829e-03
            121 -6.6518553e-03
            122 -6.1804754e-03
            123 -4.9507007e-03
            124 -4.3807811e-03
            125 -3.7876512e-03
            126 -3.0321961e-03
            127 -2.1959091e-03
            128 -1.6725279e-03
            129 -1.2128106e-03
            130 -1.6259853e-03
            131 -1.7620869e-03
            132 -1.4268962e-03
            133 -1.6296700e-03
            134 -1.3222724e-03
            135 -6.1972662e-04
            136 -1.0239596e-03
            137 -4.4386711e-04
            138 -2.5241294e-04
            139  5.3878766e-04
            140  1.9181735e-03
            141  2.6894673e-03
            142  3.3569184e-03
            143  3.6600431e-03
            144  4.0457346e-03
            145  4.6412592e-03
            146  4.4628682e-03
            147  4.7538402e-03
            148  5.7514880e-03
            149  6.2084070e-03
            150  6.0319346e-03
            151  6.4115953e-03
            152  6.8513490e-03
            153  7.4010818e-03
            154  8.1756631e-03
            155  9.6241867e-03
            156  9.5423592e-03
            157  9.7039708e-03
            158  9.6131270e-03
            159  9.4987674e-03
            160  8.7700002e-03
            161  7.3080984e-03
            162  6.5513394e-03
            163  6.6399332e-03
            164  6.4831876e-03
            165  5.4994744e-03
            166  4.9414490e-03
            167  4.5776066e-03
            168  4.1726926e-03
            169  3.5993876e-03
            170  4.5857607e-03
            171  5.2450125e-03
            172  5.4093161e-03
            173  4.6697157e-03
            174  4.5582690e-03
            175  4.9205835e-03
            176  4.6856715e-03
            177  3.8373236e-03
            178  3.7919780e-03
            179  2.8976520e-03
            180  2.1078462e-03
            181  1.2033828e-03
            182  7.8307122e-04
            183 -4.6170769e-04
            184 -1.6961597e-03
            185 -2.3909307e-03
            186 -2.7223671e-03
            187 -2.7969962e-03
            188 -2.5094280e-03
            189 -2.4681952e-03
            190 -2.1681843e-03
            191 -1.2058872e-03
            192 -8.8337960e-04
            193 -1.0411770e-03
            194 -1.0439688e-03
            195 -1.2259586e-03
            196 -7.3236703e-04
            197 -3.2400907e-04
            198 -7.2762591e-04
            199 -4.6811881e-04
            200  1.1737686e-04
            201  6.7295614e-04
            202 -2.5779949e-04
            203  8.6413925e-05
            204  3.7555660e-04
            205  1.5318444e-04
            206  3.5481521e-04
            207  4.5779226e-04
            208  7.4707950e-04
            209  9.2459377e-04
            210  9.9107306e-04
            211  3.6791575e-04
            212 -1.8113398e-04
            213 -4.4228945e-04
            214  4.8699077e-04
            215  1.4855012e-03
            216  2.5082943e-03
            217  3.8319215e-03
            218  4.1554760e-03
            219  4.0860275e-03
            220  3.6125200e-03
            221  3.0620534e-03
            222  2.2354515e-03
            223  1.3847869e-03
            224  9.7588639e-04
            225  5.1136263e-04
            226 -1.8250574e-04
            227 -9.0104235e-04
            228 -2.0487354e-03
            229 -3.7435801e-03
            230 -5.5398322e-03
            231 -7.0305334e-03
            232 -8.1918063e-03
            233 -9.5071363e-03
            234 -1.0165325e-02
            235 -1.1373055e-02
            236 -1.3089654e-02
            237 -1.3901041e-02
            238 -1.4495939e-02
            239 -1.4169037e-02
            240 -1.3642930e-02
            241 -1.3507065e-02
            242 -1.3069586e-02
            243 -1.2646035e-02
            244 -1.0926666e-02
            245 -9.4183751e-03
            246 -8.5604729e-03
            247 -7.5024980e-03
            248 -6.0235428e-03
            249 -4.8546053e-03
            250 -3.5785897e-03
            251 -2.0421174e-03
            252 -1.6721362e-03
            253 -3.3510631e-04
            254  8.1083601e-04
            255  1.4958854e-03
            256  2.4770634e-03
            257  3.0750035e-03
            258  2.9393648e-03
            259  3.7264902e-03
            260  4.1104358e-03
            261  4.6953230e-03
            262  4.4224864e-03
            263  4.2405600e-03
            264  3.3798618e-03
            265  2.6373885e-03
            266  2.3774602e-03
            267  1.6817584e-03
            268  5.4145769e-04
            269  4.3814274e-04
            270 -1.2534553e-04
            271 -4.0254624e-04
            272  1.8607384e-04
            273  3.4654471e-04
            274  4.5328712e-04
            275 -1.9359136e-04
            276 -8.5914071e-04
            277 -1.1697675e-03
            278 -1.8196286e-03
            279 -2.1840423e-03
            280 -2.5037857e-03
            281 -1.8657316e-03
            282 -1.9457472e-03
            283 -1.6149671e-03
            284 -2.0368614e-03
            285 -1.9785915e-03
            286 -2.3174023e-03
            287 -2.1699244e-03
            288 -2.7596351e-03
            289 -3.4670605e-03
            290 -3.9223403e-03
            291 -4.0118706e-03
            292 -3.7632041e-03
            293 -4.0867880e-03
            294 -5.2791928e-03
            295 -5.5847080e-03
            296 -6.0261364e-03
            297 -6.1231417e-03
            298 -6.0754053e-03
            299 -5.6040797e-03
            300 -5.2081279e-03
            301 -4.7737216e-03
            302 -4.3241271e-03
            303 -3.6797285e-03
            304 -3.8592489e-03
            305 -4.3435745e-03
            306 -4.0406718e-03
            307 -4.0944499e-03
            308 -3.5297738e-03
            309 -2.7923098e-03
            310 -2.3377613e-03
            311 -1.9982035e-03
            312 -1.7359100e-03
            313 -2.1574963e-03
            314 -2.5926547e-03
            315 -2.6277858e-03
            316 -3.0601563e-03
            317 -3.5672272e-03
            318 -3.8382498e-03
            319 -4.3599409e-03
            320 -5.4271486e-03
            321 -6.9112685e-03
            322 -7.5249905e-03
            323 -8.1229241e-03
            324 -8.6112547e-03
            325 -9.1146072e-03
            326 -9.4808291e-03
            327 -1.0037748e-02
            328 -1.1082351e-02
            329 -1.1425504e-02
            330 -1.0832696e-02
            331 -9.8460487e-03
            332 -9.6472035e-03
            333 -9.1542436e-03
            334 -8.7684261e-03
            335 -9.0806661e-03
            336 -8.4762627e-03
            337 -8.0464797e-03
            338 -8.4138063e-03
            339 -8.3984127e-03
            340 -8.0701930e-03
            341 -7.8979614e-03
            342 -7.5788432e-03
            343 -7.3988618e-03
            344 -8.2841370e-03
            345 -9.1126731e-03
            346 -1.0292782e-02
            347 -1.1651117e-02
            348 -1.2875408e-02
            349 -1.3234917e-02
            350 -1.3365771e-02
            351 -1.2741137e-02
            352 -1.1822734e-02
            353 -1.1486037e-02
            354 -1.1432966e-02
            355 -1.2104435e-02
            356 -1.2148417e-02
            357 -1.2508297e-02
            358 -1.2860326e-02
            359 -1.2891706e-02
            360 -1.2312923e-02
            361 -1.2101458e-02
            362 -1.2430719e-02
            363 -1.1966401e-02
            364 -1.1912934e-02
            365 -1.2189154e-02
            366 -1.2267090e-02
            367 -1.2203057e-02
            368 -1.2554384e-02
            369 -1.2980363e-02
            370 -1.3037239e-02
            371 -1.2882984e-02
            372 -1.3352839e-02
            373 -1.3174205e-02
            374 -1.2281111e-02
            375 -1.1959130e-02
            376 -1.1129967e-02
            377 -1.0023514e-02
            378 -9.1969692e-03
            379 -8.9733636e-03
            380 -8.9590843e-03
            381 -8.6582089e-03
            382 -7.7274153e-03
            383 -7.0957316e-03
            384 -5.9510682e-03
            385 -5.0540345e-03
            386 -3.9911929e-03
            387 -3.6075754e-03
            388 -2.9135549e-03
            389 -2.1765789e-03
            390 -2.0791984e-03
            391 -1.6073313e-03
            392 -1.4181596e-03
            393 -1.7829127e-03
            394 -2.8615325e-03
            395 -2.8846815e-03
            396 -2.8158791e-03
            397 -3.0308502e-03
            398 -3.3064074e-03
            399 -3.7301994e-03
            400 -4.0745966e-03
            401 -4.4730610e-03
            402 -4.2822133e-03
            403 -4.1424877e-03
            404 -4.2666773e-03
            405 -4.9202359e-03
            406 -4.9378725e-03
            407 -5.0331953e-03
            408 -5.2379835e-03
            409 -5.6725000e-03
            410 -5.9563469e-03
            411 -6.2409506e-03
            412 -7.0469524e-03
            413 -6.9545516e-03
            414 -6.3274686e-03
            415 -6.3908462e-03
            416 -6.0803756e-03
            417 -5.8187963e-03
            418 -5.7541115e-03
            419 -5.4254207e-03
            420 -4.8351397e-03
            421 -4.2344638e-03
            422 -3.9794593e-03
            423 -3.2025025e-03
            424 -2.7439530e-03
            425 -2.1014737e-03
            426 -1.8913166e-03
            427 -4.8167937e-04
            428  5.3172961e-04
            429  9.5835496e-04
            430  6.1760311e-04
            431  4.1146664e-04
            432 -2.7940448e-04
            433 -1.1901254e-03
            434 -1.9836888e-03
            435 -2.0358337e-03
            436 -2.6632796e-03
            437 -3.1402293e-03
            438 -4.4736803e-03
            439 -4.8291553e-03
            440 -5.1870968e-03
            441 -5.9224930e-03
            442 -5.9335161e-03
            443 -6.4310721e-03
            444 -5.9387797e-03
            445 -5.9499073e-03
            446 -5.7020002e-03
            447 -5.4731117e-03
            448 -5.1263738e-03
            449 -4.6990831e-03
            450 -3.7588466e-03
            451 -3.1667639e-03
            452 -2.9926528e-03
            453 -1.9269699e-03
            454 -1.7476799e-03
            455 -1.0778965e-03
            456 -3.7728682e-04
            457 -2.2109259e-05
            458  9.9251010e-04
            459  2.0209499e-03
            460  3.4819688e-03
            461  4.1527498e-03
            462  5.4931877e-03
            463  5.9150048e-03
            464  5.0132265e-03
            465  2.9088442e-03
            466  1.3937093e-03
            467  5.9604521e-05
            468 -1.5059129e-03
            469 -2.5147650e-03
            470 -3.8143736e-03
            471 -4.3396882e-03
            472 -4.8045486e-03
            473 -5.6385267e-03
            474 -5.6293867e-03
            475 -6.0703823e-03
            476 -5.9731041e-03
            477 -6.3819010e-03
            478 -6.3666787e-03
            479 -6.0034485e-03
            480 -5.5938623e-03
            481 -6.0636555e-03
            482 -6.1641008e-03
            483 -5.9372239e-03
            484 -6.0473113e-03
            485 -5.8882994e-03
            486 -5.3898287e-03
            487 -5.1835141e-03
            488 -5.6464872e-03
            489 -5.8554321e-03
            490 -5.9139677e-03
            491 -5.1528608e-03
            492 -4.7403755e-03
            493 -5.3492343e-03
            494 -4.4091403e-03
            495 -3.9465411e-03
            496 -4.2536508e-03
            497 -4.9342506e-03
            498 -4.7229639e-03
            499 -5.3413352e-03
            500 -5.9709055e-03
            501 -7.0392709e-03
            502 -7.9670576e-03
            503 -9.1102765e-03
            504 -1.0329833e-02
            505 -9.8916584e-03
            506 -9.1023204e-03
            507 -8.6501725e-03
            508 -8.0722287e-03
            509 -8.3635549e-03
            510 -8.6646762e-03
            511 -8.7696084e-03
            512 -8.4653056e-03
            513 -8.1192091e-03
            514 -7.2679531e-03
            515 -6.3461996e-03
            516 -5.9346839e-03
            517 -5.1155856e-03
            518 -4.1936486e-03
            519 -3.3945276e-03
            520 -3.1207164e-03
            521 -2.3784136e-03
            522 -1.6710147e-03
            523 -1.3700943e-03
            524 -1.5146026e-03
            525 -9.4619542e-04
            526 -1.4493060e-03
            527 -9.2986719e-04
            528 -6.2043915e-04
            529 -1.4236872e-04
            530  7.1138405e-04
            531  1.1523683e-03
            532  1.5417809e-03
            533  1.8866612e-03
            534  1.6899597e-03
            535  1.8219478e-03
            536  7.9614317e-04
            537 -4.6783342e-04
            538 -2.0625031e-03
            539 -4.1101761e-03
            540 -4.2096900e-03
            541 -3.6422998e-03
            542 -4.4263812e-03
            543 -4.6361918e-03
            544 -5.0398004e-03
            545 -4.7159905e-03
            546 -4.8616380e-03
            547 -4.3550113e-03
            548 -3.5077596e-03
            549 -2.7381002e-03
            550 -3.1054989e-03
            551 -3.8009939e-03
            552 -2.4586714e-03
            553 -1.8957920e-03
            554 -1.4801480e-03
            555 -8.0371887e-04
            556  4.4362121e-04
            557  1.3920795e-03
            558  1.6936853e-03
            559  2.0243400e-03
            560  2.5301812e-03
            561  3.1837141e-03
            562  3.8370567e-03
            563  3.9665759e-03
            564  4.3109743e-03
            565  4.2197650e-03
            566  5.3981225e-03
            567  6.7144385e-03
            568  7.9225872e-03
            569  8.1347659e-03
            570  8.1667520e-03
            571  8.1773708e-03
            572  7.8567693e-03
            573  7.8442903e-03
            574  8.2160345e-03
            575  8.4937862e-03
            576  7.9883270e-03
            577  7.2887295e-03
            578  6.5845898e-03
            579  6.2476108e-03
            580  6.0701002e-03
            581  5.6391454e-03
            582  4.8874066e-03
            583  4.3333187e-03
            584  3.6934791e-03
            585  2.2763355e-03
            586  4.0511115e-04
            587 -1.3610767e-03
            588 -1.4530172e-03
            589 -1.2877440e-03
            590 -1.9274259e-03
            591 -2.1901756e-03
            592 -2.8659549e-03
            593 -3.1878295e-03
            594 -4.2700139e-03
            595 -4.8891879e-03
            596 -4.6782526e-03
            597 -4.4615640e-03
            598 -4.3057611e-03
            599 -3.9066748e-03
            600 -3.0533133e-03
            601 -2.1426355e-03
            602 -2.0466487e-03
            603 -1.4036456e-03
            604 -9.6790915e-04
            605  5.1704859e-05
            606  3.7612312e-04
            607  6.6960036e-04
            608  1.1887488e-03
            609  2.1406290e-03
            610  3.5902854e-03
            611  5.0266823e-03
            612  5.8963063e-03
            613  7.0507375e-03
            614  7.3548833e-03
            615  7.1583323e-03
            616  7.7305486e-03
            617  8.0251867e-03
            618  7.4672929e-03
            619  7.6046532e-03
            620  7.9821042e-03
            621  8.6564321e-03
            622  8.4607764e-03
            623  7.6881809e-03
            624  7.5460074e-03
            625  6.5319333e-03
            626  5.5390740e-03
            627  4.1989543e-03
            628  3.1471514e-03
            629  2.0438704e-03
            630  2.7312258e-04
            631 -9.2204862e-04
            632 -2.5519883e-03
            633 -3.3678323e-03
            634 -3.7579905e-03
            635 -2.7360533e-03
            636 -1.7538116e-03
            637 -1.4128710e-03
            638 -1.1901746e-03
            639 -9.5991058e-04
            640 -4.3316427e-04
            641  4.8679253e-04
            642  1.3706465e-03
            643  1.4770023e-03
            644  1.2220449e-03
            645  2.5811005e-03
            646  3.8600323e-03
            647  4.1643048e-03
            648  4.0831986e-03
            649  4.1764209e-03
            650  3.1315469e-03
            651  3.1044089e-03
            652  3.0229799e-03
            653  3.1202637e-03
            654  3.2028961e-03
            655  2.6601445e-03
            656  2.8954789e-03
            657  2.7675664e-03
            658  2.3148894e-03
            659  1.8184692e-03
            660  1.7872948e-03
            661  1.7114801e-03
            662  2.2607836e-03
            663  2.9992309e-03
            664  3.3680327e-03
            665  3.6414812e-03
            666  2.9990830e-03
            667  2.0279306e-03
            668  8.4640381e-04
            669 -3.5330927e-04
            670 -1.4645713e-03
            671 -2.1773528e-03
            672 -1.6265840e-03
            673 -1.8022473e-03
            674 -1.2368289e-03
            675 -1.9603574e-03
            676 -2.3691429e-03
            677 -2.3094565e-03
            678 -2.7547845e-03
            679 -2.6367279e-03
            680 -2.9516295e-03
            681 -2.8137074e-03
            682 -2.4153022e-03
            683 -2.2086972e-03
            684 -2.1135073e-03
            685 -2.0337253e-03
            686 -2.0640983e-03
            687 -2.1697508e-03
            688 -1.6888736e-03
            689 -7.5042000e-04
            690 -8.2443047e-04
            691 -2.1281572e-03
            692 -2.8941346e-03
            693 -2.6713801e-03
            694 -2.6008310e-03
            695 -2.6226535e-03
            696 -1.9638108e-03
            697 -2.1566036e-03
            698 -2.1005348e-03
            699 -2.2422383e-03
            700 -2.6555543e-03
            701 -3.8350590e-03
            702 -3.9796999e-03
            703 -3.8224936e-03
            704 -3.7625196e-03
            705 -3.4751986e-03
            706 -2.8717841e-03
            707 -3.0056286e-03
            708 -2.8863662e-03
            709 -2.3918371e-03
            710 -2.6568580e-03
            711 -2.9800812e-03
            712 -3.4884043e-03
            713 -3.4162547e-03
            714 -3.7020864e-03
            715 -4.6932745e-03
            716 -4.7000785e-03
            717 -5.4580727e-03
            718 -5.8495263e-03
            719 -7.0871832e-03
            720 -8.3581757e-03
            721 -9.1009713e-03
            722 -1.0229771e-02
            723 -1.0728165e-02
            724 -1.1178129e-02
            725 -1.1117962e-02
            726 -1.1482147e-02
            727 -1.0448455e-02
            728 -9.8959150e-03
            729 -9.7852972e-03
            730 -9.1127614e-03
            731 -8.8350979e-03
            732 -8.1262105e-03
            733 -7.5468826e-03
            734 -7.1901116e-03
            735 -6.7547044e-03
            736 -6.1904658e-03
            737 -6.9098181e-03
            738 -7.6429476e-03
            739 -7.8823782e-03
            740 -6.9141191e-03
            741 -6.4232511e-03
            742 -6.2142701e-03
            743 -5.2772799e-03
            744 -4.5810583e-03
            745 -4.4519481e-03
            746 -5.1534866e-03
            747 -4.4182858e-03
            748 -4.9697638e-03
            749 -5.2583659e-03
            750 -5.4899579e-03
            751 -5.1424365e-03
            752 -5.0887836e-03
            753 -5.8349310e-03
            754 -6.0642601e-03
            755 -5.5219631e-03
            756 -4.7136886e-03
            757 -4.0386919e-03
            758 -3.3656298e-03
            759 -1.8051151e-03
            760 -3.6063915e-04
            761  8.3703711e-04
            762  2.3171574e-03
            763  3.0265198e-03
            764  3.3015551e-03
            765  3.5887354e-03
            766  3.4152136e-03
            767  2.9874773e-03
            768  2.8643224e-03
            769  3.6215253e-03
            770  5.0569380e-03
            771  6.7884613e-03
            772  8.1463924e-03
            773  9.6500987e-03
            774  1.0728315e-02
            775  1.0651636e-02
            776  1.0546206e-02
            777  1.0184678e-02
            778  9.5238647e-03
            779  9.3659192e-03
            780  9.3479025e-03
            781  9.1299807e-03
            782  9.5738402e-03
            783  9.8909868e-03
            784  1.0488645e-02
            785  1.1033602e-02
            786  1.0544202e-02
            787  1.0214254e-02
            788  9.9187659e-03
            789  9.7119006e-03
            790  9.4117710e-03
            791  8.9432588e-03
            792  8.4114818e-03
            793  7.5283083e-03
            794  6.2668338e-03
            795  5.2126928e-03
            796  4.4980621e-03
            797  3.8779393e-03
            798  3.2207874e-03
            799  3.1471257e-03
            800  3.1453942e-03
            801  2.8204200e-03
            802  2.6084179e-03
            803  2.0953682e-03
            804  1.9882845e-03
            805  8.7477600e-04
            806 -2.6597689e-04
            807 -1.9296155e-03
            808 -2.7750161e-03
            809 -3.4743644e-03
            810 -3.3316196e-03
            811 -3.6577832e-03
            812 -4.4461493e-03
            813 -4.7356148e-03
            814 -5.3175808e-03
            815 -5.9992284e-03
            816 -6.6163901e-03
            817 -7.3418226e-03
            818 -7.5948227e-03
            819 -7.3512042e-03
            820 -7.0764680e-03
            821 -6.8883870e-03
            822 -7.1875424e-03
            823 -7.5995641e-03
            824 -8.1515704e-03
            825 -8.5214556e-03
            826 -8.4064251e-03
            827 -9.1794093e-03
            828 -9.6438572e-03
            829 -1.0334051e-02
            830 -1.1057407e-02
            831 -1.0813432e-02
            832 -1.0983236e-02
            833 -1.1350432e-02
            834 -1.0855058e-02
            835 -1.0425985e-02
            836 -1.0341794e-02
            837 -1.0538429e-02
            838 -9.8763844e-03
            839 -1.0128712e-02
            840 -9.6037610e-03
            841 -9.2347659e-03
            842 -9.1243206e-03
            843 -8.8896325e-03
            844 -8.5943116e-03
            845 -7.9558941e-03
            846 -7.4387119e-03
            847 -7.8912755e-03
            848 -7.7018554e-03
            849 -7.2337252e-03
            850 -6.4043488e-03
            851 -5.7100107e-03
            852 -5.8001281e-03
            853 -5.5965356e-03
            854 -5.9416230e-03
            855 -5.6606408e-03
            856 -5.2755138e-03
            857 -5.3318199e-03
            858 -5.0573654e-03
            859 -4.4774978e-03
            860 -4.9618372e-03
            861 -4.5084975e-03
            862 -4.3459774e-03
            863 -4.5522257e-03
            864 -5.6630768e-03
            865 -6.1037254e-03
            866 -5.7341625e-03
            867 -5.4035742e-03
            868 -4.4443455e-03
            869 -4.2065948e-03
            870 -4.2054706e-03
            871 -3.4074148e-03
            872 -1.8569020e-03
            873 -1.5499321e-03
            874 -1.0320215e-03
            875 -6.3879219e-04
            876 -1.2877690e-03
            877 -1.8556836e-03
            878 -1.9098064e-03
            879 -1.7082402e-03
            880 -1.4931139e-03
            881 -1.6959172e-03
            882 -2.2929745e-03
            883 -2.4984861e-03
            884 -2.1391537e-03
            885 -1.7321404e-03
            886 -2.4098462e-03
            887 -3.3721978e-03
            888 -4.0324679e-03
            889 -4.4453333e-03
            890 -4.1978376e-03
            891 -3.9068836e-03
            892 -3.5351359e-03
            893 -2.7275701e-03
            894 -1.9723543e-03
            895 -1.3395103e-03
            896 -5.2533993e-04
            897  7.8692551e-04
            898  8.3055665e-04
            899  7.1941673e-04
            900  9.3658129e-04
            901  1.0433588e-03
            902  1.4449337e-03
            903  1.6248204e-03
            904  1.7111235e-03
            905  1.1216842e-03
            906  1.5412607e-03
            907  1.6792542e-03
            908  3.1296644e-03
            909  3.8578270e-03
            910  4.0784750e-03
            911  4.4965282e-03
            912  4.7321088e-03
            913  4.3688137e-03
            914  4.2121901e-03
            915  4.3518580e-03
            916  4.5219113e-03
            917  5.2803124e-03
            918  5.1999513e-03
            919  4.5033288e-03
            920  2.8688448e-03
            921  1.4792182e-03
            922  1.1133865e-03
            923  1.6838486e-03
            924  3.1284260e-03
            925  4.0679890e-03
            926  5.2582843e-03
            927  6.8271561e-03
            928  7.4648231e-03
            929  7.5413965e-03
            930  7.9243806e-03
            931  8.2857946e-03
            932  8.1481313e-03
            933  8.4429323e-03
            934  8.1879691e-03
            935  7.7555331e-03
            936  8.0532408e-03
            937  8.6091115e-03
            938  8.9971455e-03
            939  8.8851628e-03
            940  8.6989162e-03
            941  7.7989912e-03
            942  7.7764114e-03
            943  6.9178214e-03
            944  6.9133110e-03
            945  6.4271878e-03
            946  5.8243183e-03
            947  6.0218063e-03
            948  6.3844415e-03
            949  6.3346938e-03
            950  5.8859511e-03
            951  5.8309001e-03
            952  6.3570745e-03
            953  6.8821861e-03
            954  7.6005592e-03
            955  8.3533018e-03
            956  7.5725585e-03
            957  6.3082914e-03
            958  5.2525706e-03
            959  3.8719030e-03
            960  1.5645290e-03
            961  3.4310319e-04
            962 -6.9840953e-04
            963 -1.6635489e-03
            964 -2.0550145e-03
            965 -2.8361962e-03
            966 -3.6841798e-03
            967 -4.9007975e-03
            968 -5.6375697e-03
            969 -5.9717600e-03
            970 -5.8067186e-03
            971 -6.0449406e-03
            972 -5.7478860e-03
            973 -5.2024034e-03
            974 -4.0631688e-03
            975 -3.5085677e-03
            976 -3.0172748e-03
            977 -2.0633308e-03
            978 -8.8979074e-04
            979 -5.8377034e-04
            980 -2.8832930e-04
            981  1.3717623e-04
            982  5.1497374e-04
            983  9.8342018e-04
            984  2.0935877e-03
            985  2.7751404e-03
            986  3.6310515e-03
            987  5.0015635e-03
            988  5.8720660e-03
            989  6.5114414e-03
            990  6.5850863e-03
            991  7.3780153e-03
            992  8.1821595e-03
            993  8.6750931e-03
            994  9.7978363e-03
            995  1.0049089e-02
            996  1.1392843e-02
            997  1.1993505e-02
            998  1.2375981e-02
            999  1.1927354e-02
