    MdKineticEnergyAverage{
      interval                            1000
      outputFileName          kineticEnergyAve
      nSamplePerBlock                       10
    }

Average     1.2000097e+03
Variance    1.1902415e+03
Std Dev     3.4499876e+01

Hierarchichal Error Analysis:
              0              1  6.2987763e-02         300001
              1              2  3.6362964e-02         150000
              2              4  3.6936586e-02          75000
              3              8  3.7453716e-02          37500
              4             16  3.6856955e-02          18750
              5             32  3.5249099e-02           9375
              6             64  3.4682916e-02           4687
              7            128  3.4421034e-02           2343
              8            256  3.4528318e-02           1171
              9            512  3.4471704e-02            585
             10           1024  3.3658125e-02            292
             11           2048  3.4338045e-02            146
             12           4096  3.3469233e-02             73
             13           8192  3.2309565e-02             36
             14          16384  2.9744626e-02             18
             15          32768  3.5265172e-02              9
             16          65536  3.6765112e-02              4
