BOUNDARY

orthorhombic       1.0455159000e+01    1.0455159000e+01    1.0455159000e+01

MOLECULES

species    0
nMolecule  100

molecule  0
    4.7952502799e+00    6.5546727213e+00    8.7788202463e+00
    3.7880602538e+00    6.7481686933e+00    8.9226494098e+00
    3.9065714187e+00    7.4082415795e+00    9.6475074124e+00
    4.8267063919e+00    7.0686827341e+00    9.7098624122e+00
    5.7063505932e+00    6.8338905603e+00    9.2869424995e+00
    6.4606117159e+00    6.5077374018e+00    9.8070587640e+00
    5.5722974132e+00    6.4820550174e+00    1.0287669914e+01
    5.1771440114e+00    5.9641124289e+00    9.5507502869e+00

molecule  1
    3.7724124648e+00    1.0258698431e+01    4.6071246533e+00
    3.1093125053e+00    9.7362268547e+00    5.1085730587e+00
    3.6808044808e+00    9.8067628602e+00    5.9244724857e+00
    3.3112316964e+00    8.9166908802e+00    6.0346371836e+00
    4.0029793249e+00    8.7522064523e+00    5.3947364073e+00
    4.4834769549e+00    9.5636704979e+00    5.1145463325e+00
    4.1483021317e+00    8.9252866401e+00    4.3910742870e+00
    5.0345705299e+00    8.9818555817e+00    3.9354872396e+00

molecule  2
    2.8930416906e+00    6.9923852688e+00    1.7525416531e+00
    3.2991155380e+00    7.6116972267e+00    2.3908129664e+00
    2.6814692823e+00    7.6310152422e+00    3.1706351936e+00
    2.7447978418e+00    7.6055482739e+00    4.1851584994e+00
    2.3243088488e+00    7.1371690180e+00    4.9569150624e+00
    1.3507206162e+00    7.3491835907e+00    5.1305139374e+00
    5.2032934776e-01    6.9305351442e+00    4.7552409182e+00
    1.0354655356e+01    7.6605329816e+00    5.1563440496e+00

molecule  3
    6.5244241136e+00    1.0396128248e+01    7.9387392561e-01
    6.3055315198e+00    9.4382510844e+00    5.7194307338e-01
    6.4462602446e+00    8.5101357824e+00    9.8603533421e-01
    6.1902724695e+00    8.5952312012e+00    2.1807816912e-02
    6.4706386534e+00    9.3145230041e+00    9.8658715911e+00
    6.2978701516e+00    1.0322554733e+01    1.0005216519e+01
    5.6007245599e+00    9.9291410818e+00    9.4091702681e+00
    5.3676748779e+00    8.9786676343e+00    9.1218955116e+00

molecule  4
    7.0984088946e+00    8.1569570045e+00    7.7678447215e+00
    7.1392773535e+00    9.1386790608e+00    7.6152222425e+00
    6.7290716239e+00    9.9073494776e+00    8.0335266501e+00
    5.8661020363e+00    1.0273851456e+01    8.5053599729e+00
    6.1916439892e+00    7.5507966954e-01    8.2616729917e+00
    6.6098831188e+00    1.0765800981e+00    9.0708670943e+00
    6.8272599838e+00    1.2948434375e+00    1.0043699577e+01
    6.4427004044e+00    1.3673542631e+00    4.7849905773e-01

molecule  5
    9.0937698227e-01    5.4706006041e+00    2.9222024976e+00
    8.4811220954e-01    4.4810429370e+00    3.0100624971e+00
    2.6701132640e-01    3.6965205757e+00    3.2378057707e+00
    6.6239583996e-01    3.0554866999e+00    3.8898942442e+00
    2.2483453223e-01    2.1889700516e+00    3.8452569740e+00
    1.0321996976e+01    1.4543897537e+00    3.2757303453e+00
    1.0198091907e+01    1.1968843736e+00    2.3427572078e+00
    9.8585633542e+00    9.7932584115e-01    1.4178048128e+00

molecule  6
    5.6263438645e+00    6.5534725780e-01    1.0079336503e+01
    5.6184095362e+00    8.0033974491e-01    5.7105453997e-01
    4.9161655293e+00    1.4917379521e+00    3.5207280892e-01
    5.1505113970e+00    2.0308504167e+00    1.1450132941e+00
    6.0426431638e+00    2.1506748394e+00    1.6313443424e+00
    6.8675842574e+00    1.5981571876e+00    1.8674631507e+00
    6.0243993180e+00    1.0953668383e+00    2.1309393870e+00
    5.8250098623e+00    3.8807861593e-01    2.8090936915e+00

molecule  7
    1.7055069944e+00    7.7751383063e+00    8.8951891505e+00
    1.3599530482e+00    8.6560013402e+00    8.5382482227e+00
    1.5099325648e+00    8.9418389508e+00    9.4809631441e+00
    1.9543860959e+00    9.6890197243e+00    9.9843250325e+00
    1.8765878151e+00    2.0666380444e-01    1.0171305374e+01
    1.2519684550e+00    7.2449760915e-01    9.5565613014e+00
    5.1411871805e-01    9.6832092531e-01    1.0156003519e+01
    7.2007493101e-01    8.9119384059e-02    1.6585498495e-01

molecule  8
    5.7778409471e+00    4.4200851139e+00    1.6491202071e+00
    5.1259984036e+00    4.0400251774e+00    2.3481595833e+00
    4.3289190816e+00    4.6854393943e+00    2.4317796707e+00
    4.4654505321e+00    5.3698094013e+00    3.1536973583e+00
    4.7707620214e+00    5.0489792037e+00    4.0338141409e+00
    5.4405244958e+00    4.5243272098e+00    3.6243057280e+00
    6.1187658800e+00    4.8738921430e+00    4.2957038439e+00
    6.2746754516e+00    4.0152031007e+00    4.8544435627e+00

molecule  9
    4.1057685197e+00    1.5484303570e-01    3.5621311159e+00
    3.9206905089e+00    1.0763294606e+00    3.1912906361e+00
    4.1972860822e+00    1.1380589569e+00    4.1442381183e+00
    4.6600864616e+00    1.8744406096e+00    4.6051571934e+00
    4.4938775863e+00    2.2319999504e+00    5.5277262770e+00
    3.5747072823e+00    1.8692506012e+00    5.6795866574e+00
    3.7571939651e+00    2.3693786135e+00    4.8755087712e+00
    3.3189710752e+00    3.2259915207e+00    4.5425250066e+00

molecule  10
    6.1921718414e+00    6.6748644558e+00    2.9979134747e+00
    5.4046696479e+00    6.1382277639e+00    3.2272015419e+00
    4.6234246413e+00    6.7697081935e+00    2.8983196294e+00
    5.1669840217e+00    7.4469095424e+00    2.4702770462e+00
    5.9201295997e+00    7.0112248268e+00    1.9856303935e+00
    6.8857078866e+00    7.0166981450e+00    2.0730170947e+00
    7.3331960958e+00    6.4367161414e+00    2.7456061962e+00
    7.1511413790e+00    7.3300056700e+00    3.1979734959e+00

molecule  11
    3.5575725371e+00    9.1090020411e+00    9.2045488313e+00
    3.3895588824e+00    9.0235348739e+00    1.0192375562e+01
    2.6742143789e+00    8.7273063449e+00    9.5977239918e+00
    3.1094638498e+00    8.0343179812e+00    8.9910377636e+00
    2.8415460614e+00    7.3428714755e+00    8.3082883170e+00
    2.8104491047e+00    8.0177880689e+00    7.5911079292e+00
    3.3666081412e+00    8.5519443567e+00    6.9559947033e+00
    4.2129450929e+00    8.8378093676e+00    6.5276956275e+00

molecule  12
    7.9472105345e+00    2.1196688207e+00    2.4731386566e+00
    7.7588636123e+00    2.8140393762e+00    3.1001486129e+00
    6.9946393927e+00    2.5628232051e+00    2.4853072832e+00
    6.6460443119e+00    3.3949411769e+00    2.0573029637e+00
    6.9298951228e+00    4.2540986741e+00    1.6336376019e+00
    7.4417787901e+00    3.6916113003e+00    9.9346301613e-01
    7.9558514204e+00    3.5922255514e+00    1.6974361120e-01
    7.8637166333e+00    2.8549415269e+00    9.9561124699e+00

molecule  13
    5.9954773177e+00    4.7202043659e+00    7.9341078882e+00
    5.4459139159e+00    5.5269496202e+00    8.0275964344e+00
    4.5702584791e+00    5.3282914366e+00    8.4322450023e+00
    4.8399092947e+00    4.5892307985e+00    7.8468941042e+00
    3.9604819061e+00    4.2802654925e+00    7.8357387259e+00
    3.1964536348e+00    4.6463187217e+00    7.3645082482e+00
    3.5911825911e+00    4.1221998927e+00    6.6055687581e+00
    3.0265942397e+00    4.5233567303e+00    5.8580277993e+00

molecule  14
    2.2220920993e+00    8.6828981751e+00    2.2366975010e-01
    1.9310780962e+00    8.1447845413e+00    1.0142742329e+00
    1.8040569891e+00    8.5820155596e+00    1.8920057651e+00
    1.3365865823e+00    9.5112793136e+00    1.9048745290e+00
    9.7959537913e-01    8.8392196127e+00    2.5666576458e+00
    4.4787143488e-01    8.2680558210e+00    3.1513609242e+00
    1.0039059176e+01    7.8847311024e+00    2.7939552055e+00
    1.0165130356e+01    7.9536624538e+00    1.8409010937e+00

molecule  15
    6.0093396585e-01    3.3396492556e+00    1.2811104013e+00
    1.0841478543e+00    3.5360849756e+00    2.0882442612e+00
    2.0303022254e+00    3.4786161899e+00    1.7836802477e+00
    1.9753660358e+00    4.4565553294e+00    1.9815058755e+00
    2.9688477966e+00    4.4046472846e+00    2.1582220766e+00
    2.7658449521e+00    4.8286241011e+00    1.2584899990e+00
    3.5285107863e+00    5.1370498345e+00    6.4057635609e-01
    3.9555405446e+00    5.7129795587e+00    1.0366270896e+01

molecule  16
    1.0229431005e+01    8.9105862250e+00    1.9176753731e+00
    6.4694428013e-01    8.5315333026e+00    1.5707436767e+00
    9.0223439963e-01    8.2150116589e+00    6.6304656822e-01
    9.8814828680e-01    8.1272897419e+00    1.0127909429e+01
    8.8900647626e-02    7.6919695041e+00    9.9866996972e+00
    2.2911889752e-01    8.5857020636e+00    9.5277616366e+00
    4.8875957322e-01    9.3430658748e+00    1.0130071526e+01
    8.7012124244e-01    9.3073391342e+00    6.1116997372e-01

molecule  17
    4.0771046967e+00    9.6734569110e+00    8.2739882719e+00
    4.5731072734e+00    2.7022402843e-02    7.8730861945e+00
    4.4336121319e+00    7.4906856043e-01    8.5111669906e+00
    4.8764931247e+00    1.0377797908e+00    9.3776229148e+00
    4.7665034477e+00    1.9599112365e+00    9.7251363910e+00
    4.6652857746e+00    2.2274931220e+00    8.7596615713e+00
    4.5730293596e+00    2.9205079385e+00    9.5235171987e+00
    4.4273848078e+00    3.9043106263e+00    9.3209509172e+00

molecule  18
    9.0588884226e+00    1.1038476408e+00    7.9069562230e+00
    9.8067048855e+00    6.7856316637e-01    7.3202785462e+00
    1.0327562558e+01    1.0332485787e+01    7.1434541077e+00
    9.6821007923e+00    9.7203451849e+00    7.5964740190e+00
    1.2070769007e-01    9.3121687557e+00    7.4123526406e+00
    7.1571200151e-01    9.6215409379e+00    6.7072967280e+00
    1.6875748250e+00    9.8651991288e+00    6.4962783031e+00
    2.4230854450e+00    9.8355967933e+00    5.9091155432e+00

molecule  19
    3.8406928301e+00    7.1422447404e+00    3.4372840551e+00
    3.1250518514e+00    6.5851847061e+00    3.8703807513e+00
    2.2559488203e+00    6.5000644861e+00    3.3906344274e+00
    3.0095180852e+00    6.5484364994e+00    2.7303608178e+00
    3.9168849263e+00    6.4236917413e+00    2.2725216333e+00
    4.8775263223e+00    6.3231864211e+00    1.9033544968e+00
    5.5691949527e+00    6.2178401423e+00    1.1972621714e+00
    5.1443932956e+00    5.3059754332e+00    1.4633295423e+00

molecule  20
    9.5208344004e+00    6.8531389712e+00    1.0062265927e+01
    9.0387493527e+00    6.9651928656e+00    9.2509865751e+00
    9.7063424696e+00    7.6848653855e+00    8.9905654132e+00
    1.2468059625e-01    7.6643575564e+00    8.5464773807e+00
    1.0423018508e+01    6.6923030529e+00    8.3735897544e+00
    1.0339960415e+01    7.1498291454e+00    7.4711775998e+00
    9.9107775511e+00    7.7658859941e+00    6.8222192943e+00
    9.7650052381e+00    8.2990462636e+00    7.6481848460e+00

molecule  21
    3.5934290898e+00    3.9833197857e+00    6.3589430130e-01
    3.9710367477e+00    4.4766721841e+00    1.3812286013e+00
    4.5674456307e+00    4.8859009591e+00    7.2056927041e-01
    4.0373621785e+00    4.6410924062e+00    1.0359973719e+01
    4.5204984324e+00    4.9548613237e+00    9.5358460140e+00
    5.3725061037e+00    4.6822008338e+00    9.1246378968e+00
    6.3049233128e+00    4.9177081703e+00    9.1687345509e+00
    6.1727919545e+00    3.9489951783e+00    9.4826300759e+00

molecule  22
    6.7921882632e+00    1.0062462534e+01    2.3621554853e+00
    7.5743969758e+00    1.0209887276e+01    2.9867150840e+00
    6.6671389125e+00    1.0093249168e+01    3.4403335010e+00
    6.9897858225e+00    9.2558482274e+00    3.0035167097e+00
    6.9688528147e+00    8.6011014429e+00    2.2648426169e+00
    7.2185132316e+00    9.1002091638e+00    1.4311552775e+00
    7.5960981132e+00    1.0064934769e+01    1.2337995312e+00
    8.1869843200e+00    9.3091490726e+00    1.0027379857e+00

molecule  23
    7.7808285382e+00    4.2325174280e+00    3.4735866727e+00
    7.3138140372e+00    4.1156636569e+00    2.5597677170e+00
    6.5286474448e+00    4.1167986966e+00    3.1857577419e+00
    6.7498058094e+00    3.2569701533e+00    3.5294244804e+00
    6.9918980503e+00    2.3008326771e+00    3.6662402199e+00
    6.1896547054e+00    2.2828898785e+00    4.2591131540e+00
    6.1031412467e+00    1.7618975043e+00    3.3563438143e+00
    7.0718692661e+00    1.4958316273e+00    3.1527701862e+00

molecule  24
    9.1216344022e+00    7.7469918007e+00    1.9729452452e+00
    8.8514191059e+00    8.4048292664e+00    1.3038901363e+00
    8.9056554693e+00    9.1492555681e+00    1.9586243405e+00
    8.4270550038e+00    9.4529625199e+00    2.7354471439e+00
    8.5451004431e+00    1.0176783916e+01    2.0769948576e+00
    9.1531330064e+00    4.4180758985e-01    2.3530685464e+00
    8.2441803532e+00    6.8147256414e-01    2.6127594379e+00
    8.2457273966e+00    6.1344250143e-01    3.6066996804e+00

molecule  25
    3.3781090023e+00    9.0086403695e+00    8.1166587860e+00
    3.8745708380e+00    9.4853739626e+00    7.3636000664e+00
    2.9605265225e+00    9.9055464812e+00    7.3729246080e+00
    2.4380047870e+00    9.0480983287e+00    7.2626754251e+00
    2.1407036971e+00    8.8396468000e+00    6.3925414229e+00
    1.4939490923e+00    8.4985883302e+00    7.1180327730e+00
    7.2075008486e-01    8.0458152659e+00    7.5451440825e+00
    1.6059537365e+00    7.7490634214e+00    7.9594759043e+00

molecule  26
    3.9265328876e+00    9.7748543451e-01    5.9272950527e+00
    4.5103361018e+00    2.4858264703e-01    5.6431751267e+00
    4.5026527142e+00    3.6609679550e-02    6.6229324200e+00
    3.5771270868e+00    4.3159537771e-01    6.7982763859e+00
    3.4289747104e+00    7.6359149622e-01    7.7304219521e+00
    3.4229003566e+00    1.6839396849e+00    7.2768309185e+00
    3.0425839826e+00    2.4553874981e+00    6.7834065409e+00
    2.7966178786e+00    3.4411295406e+00    6.6517620501e+00

molecule  27
    1.2273898523e+00    4.0909010430e+00    5.6603528769e+00
    5.8579588585e-01    3.4844009820e+00    5.1745662151e+00
    3.4968477461e-01    3.9466020234e+00    4.3152876537e+00
    1.0256715609e+01    3.1200643712e+00    4.4347997748e+00
    9.3190301317e+00    3.2346787229e+00    4.0276641499e+00
    8.3487196766e+00    3.2430697869e+00    3.8038123808e+00
    8.5683888882e+00    2.2771566301e+00    3.6052388299e+00
    8.9928888237e+00    1.6810644640e+00    2.9268377578e+00

molecule  28
    6.4533128747e+00    6.7180956022e+00    7.1525739232e+00
    5.6795249710e+00    6.1186621926e+00    7.1918642164e+00
    6.4026805735e+00    5.6449543159e+00    7.7251963183e+00
    7.2938914541e+00    5.9306101833e+00    7.6058934766e+00
    8.0423598533e+00    6.2500312014e+00    6.9986698634e+00
    8.5920746782e+00    7.0763939171e+00    7.1529922797e+00
    9.1114505050e+00    6.2260437372e+00    7.0209317935e+00
    8.9833822612e+00    6.6232040124e+00    7.9393824361e+00

molecule  29
    3.1666223130e+00    5.7890836459e+00    7.0739929200e+00
    2.2277477531e+00    5.5717505474e+00    6.8418279763e+00
    1.8329782387e+00    6.0219057101e+00    7.6284340483e+00
    2.3750214596e+00    6.7772069448e+00    7.1862232724e+00
    1.4879432471e+00    6.5453718359e+00    6.7655190463e+00
    9.3249386036e-01    6.8159980595e+00    7.4884662211e+00
    7.2961634667e-01    7.4741106442e+00    6.7189949956e+00
    3.1487337310e-01    8.1330370442e+00    6.1020653958e+00

molecule  30
    4.0535376278e+00    4.2688960410e+00    4.2414788115e+00
    4.6230919205e+00    3.9901925401e+00    3.4974304177e+00
    3.7649099247e+00    3.9582874166e+00    3.0419961028e+00
    3.2172198848e+00    3.1706187510e+00    3.3403424044e+00
    2.7992626640e+00    3.8413003113e+00    3.9093203214e+00
    2.7196646888e+00    4.7198053279e+00    3.3826234453e+00
    3.6543164228e+00    5.0335167175e+00    3.6190898285e+00
    2.9280557109e+00    5.4223789621e+00    4.1649033437e+00

molecule  31
    3.9245196897e+00    1.0059466203e+01    3.5975240874e-01
    4.1882779275e+00    9.1313707520e+00    5.2368153295e-01
    3.2606531576e+00    8.9526509986e+00    9.2547675257e-01
    3.6713515121e+00    8.2829438402e+00    1.5022084634e+00
    4.3658906776e+00    7.5891811521e+00    1.7532403685e+00
    4.7937776842e+00    8.0258867013e+00    9.4820074878e-01
    4.8267921639e+00    7.5805741417e+00    2.0164863812e-02
    4.6040631661e+00    6.9554279128e+00    8.0819075090e-01

molecule  32
    1.0140004380e+01    1.0327747216e+01    6.1078810331e+00
    9.4765406935e+00    9.7256696380e+00    6.4730889975e+00
    9.3594641832e+00    8.7207309186e+00    6.4689620100e+00
    8.7574632698e+00    9.1965065744e+00    5.8464823801e+00
    8.5350010234e+00    1.0097226914e+01    5.6099839291e+00
    8.9411772104e+00    4.8895553307e-01    5.9675138920e+00
    9.5740884031e+00    3.3444108009e-01    5.1803745194e+00
    9.7011294933e+00    1.2395459731e+00    5.6159613497e+00

molecule  33
    5.2459509224e+00    6.3928055707e+00    4.5990982131e+00
    4.9753265959e+00    5.8592093793e+00    5.4389857573e+00
    5.2804569372e+00    6.7642635058e+00    5.6441455283e+00
    5.7810139624e+00    6.1397956450e+00    6.2041075891e+00
    6.5765942834e+00    5.6704742630e+00    6.5458228191e+00
    7.2046017508e+00    5.0998026803e+00    7.0890401990e+00
    7.2713824466e+00    5.0885484444e+00    6.1206459363e+00
    7.6374054444e+00    4.3473024906e+00    5.4979042387e+00

molecule  34
    1.3617446278e+00    4.9168632251e+00    8.4929914173e-02
    1.6179517317e+00    5.5845459806e+00    7.5227600995e-01
    2.5428120835e+00    5.4983992630e+00    4.9584239110e-01
    2.7865267907e+00    6.4552021910e+00    7.0789332181e-01
    2.0099650758e+00    6.8448439657e+00    1.2243790806e+00
    2.2848549325e+00    7.4276603346e+00    4.2907479887e-01
    1.8507714983e+00    6.6137240892e+00    1.0413816658e+01
    1.0913691782e+00    7.1009683418e+00    3.6684546717e-01

molecule  35
    1.0142296009e+01    5.1522999358e-01    2.9599838266e-01
    9.3850522289e+00    1.0410894684e+01    5.5738987998e-01
    1.0191192565e+01    9.9700378814e+00    1.0307970308e-01
    1.0137639711e+01    8.9749236901e+00    1.8107842409e-01
    1.0186319975e+01    8.2565920610e+00    8.3625787100e-01
    1.0073450502e+01    7.2970042286e+00    5.0225684777e-01
    1.1334544004e-01    6.5847101630e+00    2.5225734483e-02
    4.2857976406e-01    5.6771158837e+00    1.0080603394e-01

molecule  36
    1.0113583853e+00    2.5159481265e+00    9.7103818806e+00
    1.7442597019e+00    1.9146534663e+00    1.0001579309e+01
    1.7137846445e+00    2.1470047800e+00    9.0381053773e+00
    8.3608266557e-01    1.7747186098e+00    8.6752577920e+00
    8.7236585088e-01    7.7161050507e-01    8.4512778559e+00
    1.0928814337e-01    1.3153121216e+00    8.1132140148e+00
    2.1043604122e-01    1.3085247202e+00    7.1246446518e+00
    3.1830118566e-01    1.0103498281e+00    6.1371128311e+00

molecule  37
    8.5392324251e+00    5.4209384620e+00    6.5531313414e+00
    9.0685912083e+00    6.0784412964e+00    5.9966920840e+00
    8.7083740644e+00    6.1124679844e+00    5.0823960778e+00
    9.7104434579e+00    6.2943888197e+00    5.1158879916e+00
    9.7476641496e+00    7.0209970045e+00    5.8157632550e+00
    6.7763063479e-02    6.6715184811e+00    6.3176026332e+00
    8.7098877818e-02    6.1211982157e+00    7.0984379016e+00
    1.0461661488e+01    5.1095653120e+00    7.1257701719e+00

molecule  38
    2.1178516126e+00    4.4307524257e+00    1.0113534164e+01
    1.4408097119e+00    4.7579891313e+00    9.3945279682e+00
    1.1162718315e+00    5.1592187132e+00    8.5303657549e+00
    1.4728378662e-01    5.2260931739e+00    8.2046967240e+00
    8.3402117361e-01    5.9438827844e+00    7.9011017207e+00
    1.0518376657e+00    5.4131673816e+00    7.0864939972e+00
    7.8682776999e-01    4.7667993000e+00    6.3904571526e+00
    2.6600473924e-01    4.6078939650e+00    5.5516560836e+00

molecule  39
    8.5635357878e+00    4.7287430586e+00    5.7304336815e+00
    9.0950125615e+00    4.9744945883e+00    4.9174609594e+00
    9.8951713165e+00    5.3780287856e+00    5.2900259609e+00
    9.8627078615e+00    5.1520633533e+00    6.2504735760e+00
    9.4919007791e+00    4.9492332872e+00    7.1527220700e+00
    9.5244094844e+00    4.1443471368e+00    6.5438793644e+00
    8.5515191207e+00    3.8757168396e+00    6.3880761895e+00
    8.6257118274e+00    4.5403868229e+00    7.1306008730e+00

molecule  40
    1.0281198367e+01    3.9781012956e+00    2.3530372167e+00
    9.6492566814e+00    3.8662695938e+00    3.1393949712e+00
    9.5435377608e+00    4.3602801569e+00    3.9779046873e+00
    1.0167860628e+01    4.7187767322e+00    4.6389549452e+00
    1.0203930433e+01    5.2118452704e+00    3.7476397009e+00
    7.3732499970e-01    5.0855637377e+00    3.8804195648e+00
    1.4598297704e+00    5.7916788747e+00    3.8650878360e+00
    2.0933235746e+00    6.3223734454e+00    4.3802939935e+00

molecule  41
    9.7646214386e+00    2.7465517671e+00    8.2369946232e+00
    9.4375889586e+00    1.9966456774e+00    8.8181723761e+00
    9.9589320443e+00    2.4365980479e+00    9.5489671898e+00
    1.3793868804e-01    2.3162890026e+00    1.0344499384e+01
    2.3501057015e-01    1.8544611163e+00    7.9234925528e-01
    1.0142581822e+01    2.6784602278e+00    8.5748231043e-01
    1.0342321131e+01    2.5743756669e+00    1.7767160493e+00
    9.7774446221e+00    2.6730825216e+00    2.6293194123e+00

molecule  42
    5.4472486702e+00    1.0120157348e+01    4.0557382218e-01
    4.8494751711e+00    1.0388874578e+01    1.0115746842e+01
    4.7346796947e+00    9.4491970819e+00    9.8466731365e+00
    5.0690720227e+00    8.7110554625e+00    1.0341241486e+01
    5.2823139597e+00    8.1159293271e+00    9.5921842266e+00
    4.3640655429e+00    8.3684281584e+00    9.6327753992e+00
    4.7041154921e+00    7.7961313937e+00    8.9081867539e+00
    4.3827317178e+00    7.9026585121e+00    7.9761323781e+00

molecule  43
    7.9516524105e+00    2.6740462416e+00    7.0702926997e-01
    6.9653081248e+00    2.7206316627e+00    4.6030333449e-01
    6.3399389923e+00    3.4367004713e+00    8.7883866164e-01
    5.7585486518e+00    2.8990384809e+00    2.5568444305e-01
    4.8092471687e+00    2.6678637985e+00    3.6413272624e-01
    3.8919773032e+00    2.9723501270e+00    7.0112879746e-01
    4.1605838621e+00    2.5394379151e+00    1.5798628796e+00
    4.8051263655e+00    2.1938663671e+00    2.2583908119e+00

molecule  44
    9.9154360231e+00    5.9318667310e+00    4.6232631016e-01
    9.8211755083e+00    5.5405527509e+00    1.0035960343e+01
    8.8454681846e+00    5.7200693902e+00    1.0154409980e+01
    8.5435608526e+00    5.9508585024e+00    9.2638600582e+00
    7.5638110515e+00    5.9527746708e+00    8.9564457477e+00
    8.1436888769e+00    6.6253441949e+00    8.4284234118e+00
    7.1923550845e+00    6.9054663022e+00    8.6127310394e+00
    6.3195873908e+00    6.4000566862e+00    8.4687694422e+00

molecule  45
    4.0803760546e+00    5.4373455737e-01    8.4910289695e-01
    4.4424790414e+00    1.2498430985e+00    1.4606927997e+00
    4.7586890765e+00    8.8616033504e-01    2.2687816081e+00
    3.7957771940e+00    1.1304956446e+00    2.1781636745e+00
    3.4357876860e+00    1.6863057625e+00    1.4209806267e+00
    3.6577669185e+00    1.9416075401e+00    5.0479645068e-01
    2.7528774308e+00    1.5390975366e+00    4.8683766163e-01
    2.5162903261e+00    1.0538504151e+00    1.3354133282e+00

molecule  46
    3.5026814342e+00    3.4349125934e+00    8.7715642928e+00
    3.4945168318e+00    3.3505016964e+00    7.7909450652e+00
    4.5269131329e+00    3.3789168404e+00    7.8554525917e+00
    5.3635426701e+00    3.6713200940e+00    8.3619396500e+00
    5.8765863285e+00    2.9064856826e+00    8.6424681006e+00
    5.8605112760e+00    2.7139170261e+00    9.6466709330e+00
    5.7979866512e+00    1.7936993989e+00    9.2616414286e+00
    5.7773938973e+00    1.6475966686e+00    1.0221865459e+01

molecule  47
    5.0537201779e-01    5.6201834489e+00    9.3796371643e+00
    1.0435902960e+01    6.4577687083e+00    9.5039663084e+00
    9.7465175723e+00    5.8814296198e+00    9.0611275450e+00
    9.7712811517e+00    5.9394761890e+00    8.0638607017e+00
    8.8998385735e+00    5.5239948518e+00    8.0286366148e+00
    8.0346106868e+00    5.2031515646e+00    8.3355886778e+00
    8.1252720210e+00    4.2553461507e+00    8.2673879175e+00
    7.2022895016e+00    4.6115234153e+00    8.4329759608e+00

molecule  48
    8.8588077071e-01    1.0927663035e-01    6.0087018207e+00
    6.6158524942e-01    9.7154443184e+00    5.6314192265e+00
    9.4313220023e-01    1.0336522540e+01    4.9179728363e+00
    2.3074435090e-01    1.0289415997e+01    4.2148126051e+00
    3.2999698123e-01    1.0020950203e+01    3.2700898292e+00
    2.4985996220e-01    9.2100818499e+00    3.8212176785e+00
    1.0018760527e+01    8.9054657625e+00    3.1457367076e+00
    9.9544498870e+00    9.7777256460e+00    2.5710331801e+00

molecule  49
    1.0627093554e+00    6.0235955904e-01    3.9509588370e+00
    2.0710449369e+00    8.0638512206e-01    3.9037527002e+00
    1.6770650561e+00    5.2397699420e-01    4.7382816785e+00
    8.7032225894e-01    8.7837858177e-01    5.1777489819e+00
    6.3984510786e-02    8.1441870192e-01    4.5674834635e+00
    9.7445922603e+00    5.5411638585e-01    4.0869491917e+00
    1.0083195019e+01    3.8177151679e-01    3.1418641351e+00
    6.5298378981e-01    5.3762796878e-01    3.0186204203e+00

molecule  50
    8.3591080658e-01    7.2613738173e+00    1.9879369386e+00
    9.2000710461e-01    6.5696143960e+00    1.3107429650e+00
    1.0430768598e+01    6.8225732288e+00    1.3350186082e+00
    1.0438319256e+01    6.4438610903e+00    2.2874275070e+00
    9.9199074388e+00    5.7873154932e+00    1.8539008713e+00
    9.7549895783e+00    4.8306276992e+00    1.6035623423e+00
    1.0994730610e-01    5.0627451193e+00    1.1394587046e+00
    6.9579524937e-01    4.7078868995e+00    1.8753164817e+00

molecule  51
    2.1959407855e+00    4.0173127353e+00    8.0154641934e+00
    1.8684427290e+00    4.8265249905e+00    7.6043618338e+00
    1.9580117456e+00    4.3875542044e+00    6.7280854783e+00
    1.9621034466e+00    4.7025992836e+00    5.7730874478e+00
    1.3484573769e+00    5.2917481378e+00    5.2441941806e+00
    5.6032276580e-01    5.7712031465e+00    4.8004475878e+00
    7.7398520641e-01    6.4115988817e+00    5.5662253620e+00
    1.7174103586e+00    6.4843729771e+00    5.7347504191e+00

molecule  52
    2.4013873102e+00    3.4583789853e+00    2.7378797149e+00
    1.5816320985e+00    3.5768792922e+00    3.2916724919e+00
    1.7116428136e+00    4.5482678382e+00    3.6408399149e+00
    1.8571339729e+00    5.1061759607e+00    2.8441016617e+00
    2.2716027834e+00    5.8647619040e+00    2.3181110612e+00
    3.1703307567e+00    5.4482620346e+00    2.5035525801e+00
    3.2915657695e+00    5.6772327712e+00    1.5491382044e+00
    3.7485693271e+00    6.2664347800e+00    8.7000264443e-01

molecule  53
    6.6616467979e+00    7.8037656670e+00    4.5536190663e+00
    5.9805222239e+00    7.2868022335e+00    4.0778658686e+00
    6.1298923326e+00    6.3510899111e+00    4.0021750633e+00
    7.0175000501e+00    6.8287759336e+00    4.0984977464e+00
    7.6697590247e+00    7.5593577684e+00    4.1654201985e+00
    8.5010418496e+00    7.5698382638e+00    4.6943300802e+00
    9.0726816037e+00    7.8805061260e+00    5.4598040672e+00
    9.1842420398e+00    8.7101089684e+00    4.9106787374e+00

molecule  54
    5.3736380858e+00    3.6998509842e-01    1.6152038588e+00
    4.7299375022e+00    1.0059201857e+01    1.4919333866e+00
    3.9880970934e+00    9.3668219676e+00    1.7269477936e+00
    4.6112289672e+00    8.7313751430e+00    2.1162365452e+00
    5.5809558900e+00    8.5135871971e+00    1.8752281430e+00
    5.5276797401e+00    9.3671316713e+00    2.3366970734e+00
    5.8599262919e+00    9.6707643881e+00    1.4731330891e+00
    5.2777473673e+00    9.2227288652e+00    8.1336661091e-01

molecule  55
    9.0739486276e+00    1.0083380377e+01    9.9402420459e+00
    8.5793741471e+00    9.3165361702e+00    1.0370305295e+01
    7.7424606255e+00    9.7638306353e+00    1.0050053588e+01
    7.3274120776e+00    9.0961916227e+00    2.0055294985e-01
    7.9151164891e+00    8.3355707159e+00    2.8102234452e-01
    7.7312826315e+00    7.4354309446e+00    1.0402289856e+01
    6.9553802331e+00    7.4398322061e+00    9.8265489824e+00
    7.5041303210e+00    6.5980691826e+00    9.7426417720e+00

molecule  56
    5.5638615178e+00    3.9958371493e+00    7.2782242135e+00
    4.8500352157e+00    3.5768007110e+00    6.6463051345e+00
    4.9675181193e+00    4.5496950701e+00    6.6309867349e+00
    5.6843797571e+00    5.1489769589e+00    6.9932659968e+00
    6.2529789795e+00    4.8378857927e+00    6.1816239433e+00
    6.4214503439e+00    5.5001815831e+00    5.4896650720e+00
    6.3502039521e+00    6.5098001068e+00    5.4398812771e+00
    7.2339065364e+00    6.9075872248e+00    5.1690317340e+00

molecule  57
    1.5121373611e+00    2.3837173831e+00    6.4389463326e+00
    1.0934329640e+00    2.5534171438e+00    7.2756924591e+00
    1.3514162977e+00    3.3952867567e+00    6.7652040100e+00
    2.0101028253e+00    3.1585904706e+00    7.4979879166e+00
    2.2965887637e+00    2.9138919719e+00    8.4294642474e+00
    3.0475669185e+00    2.4125777414e+00    7.9758817007e+00
    2.8004046089e+00    1.5671693088e+00    8.5120930770e+00
    2.0761569834e+00    9.5878974876e-01    8.8142930431e+00

molecule  58
    6.0200584015e+00    7.6805236840e+00    2.9115731907e+00
    5.5345584710e+00    8.5419137955e+00    3.0974051286e+00
    5.1561994607e+00    7.7707064108e+00    3.6589064162e+00
    4.4616815131e+00    7.9702319173e+00    3.0109387694e+00
    4.1197064848e+00    8.0349975321e+00    3.9302165774e+00
    3.3217878318e+00    8.4865056349e+00    3.5711266930e+00
    3.3018611457e+00    8.6664172365e+00    2.5796792286e+00
    2.3993916179e+00    9.0701915662e+00    2.7284432204e+00

molecule  59
    1.0057643888e+01    2.5677977095e-01    9.7300461334e+00
    1.0125657405e+01    1.2640100493e+00    9.6419960478e+00
    9.1189786944e+00    1.1432686599e+00    9.7733250552e+00
    9.6180972661e+00    1.8352843994e+00    1.0288561443e+01
    8.6581531441e+00    2.0801440310e+00    1.0308088688e+01
    7.9511271271e+00    1.6028638659e+00    3.8627067462e-01
    8.7874989669e+00    1.6083300371e+00    9.2146655974e-01
    9.3082102126e+00    2.0095266413e+00    1.6813615040e+00

molecule  60
    8.5486748549e+00    4.0092296112e+00    4.9485040230e+00
    9.0310771568e+00    3.3197623444e+00    5.3870120281e+00
    9.0934334203e+00    2.4923223916e+00    4.8940402428e+00
    8.5612917341e+00    2.3687655263e+00    5.7229977005e+00
    7.9574505316e+00    1.6839732507e+00    5.3374670327e+00
    8.7096896504e+00    1.0419840031e+00    5.1591931007e+00
    8.7330946660e+00    1.6020548906e+00    4.3239592313e+00
    9.6919699993e+00    1.9414142270e+00    4.3104396743e+00

molecule  61
    5.7850433591e+00    2.9570091583e+00    6.8990656457e+00
    5.0852311653e+00    2.5331206880e+00    7.4487491473e+00
    4.9359734345e+00    2.0214173403e+00    6.6274882355e+00
    4.0413456788e+00    2.4381309017e+00    6.5432356650e+00
    3.8575306604e+00    3.1685245880e+00    5.8817128456e+00
    3.8555399513e+00    3.8863127237e+00    5.2068060016e+00
    4.6062576781e+00    3.2715606476e+00    5.0512217085e+00
    4.5678781604e+00    2.7780866447e+00    4.1290081061e+00

molecule  62
    8.0402236702e+00    6.1805182043e+00    5.9207265965e+00
    7.3861432957e+00    5.8745190938e+00    5.2315670122e+00
    7.8471055328e+00    6.2845068902e+00    4.4209323933e+00
    7.4556876101e+00    5.3873225957e+00    4.2983967384e+00
    6.9518825019e+00    5.0203345625e+00    3.5610360287e+00
    6.3757805958e+00    5.3308332103e+00    2.8389047502e+00
    5.8761854476e+00    5.8712156019e+00    2.1495058915e+00
    5.3260883255e+00    5.1895341306e+00    2.5756793246e+00

molecule  63
    8.9260950638e+00    1.1639455550e-01    7.5224642765e+00
    8.3366184807e+00    1.0157622993e+01    6.8539828983e+00
    7.5388002016e+00    9.7184885214e-02    7.3323875419e+00
    7.9045038012e+00    9.7554903507e+00    7.7698791606e+00
    8.2683558506e+00    9.0874260782e+00    7.1225922071e+00
    8.0589529114e+00    8.6840872912e+00    7.9867914999e+00
    8.0935189746e+00    7.7184678351e+00    8.1169663351e+00
    7.5103363125e+00    7.0359606155e+00    7.6357599726e+00

molecule  64
    4.6185806640e+00    3.5222856368e+00    1.2505586382e+00
    5.2861332737e+00    2.9406211543e+00    1.7493239193e+00
    5.8286068849e+00    2.7489696884e+00    2.5810766988e+00
    5.4701549005e+00    3.4595308037e+00    3.1458050209e+00
    5.1132298115e+00    2.5408615330e+00    3.3575652619e+00
    4.1335742746e+00    2.7042902614e+00    3.2124773467e+00
    4.6782467481e+00    3.2178402654e+00    2.5483778857e+00
    3.7792283920e+00    3.4352258282e+00    2.2221457990e+00

molecule  65
    2.8217612542e+00    9.9610497646e+00    2.8925946518e+00
    2.0238064975e+00    9.9295958349e+00    3.4832025405e+00
    1.5845899168e+00    9.6769082743e+00    4.3367463093e+00
    1.1599115376e+00    8.8172320626e+00    4.1313338826e+00
    8.6063820835e-01    7.9265535750e+00    4.4703020394e+00
    8.9074037378e-01    8.5617475296e+00    5.2282881554e+00
    1.3754755251e+00    8.1542380162e+00    6.0282130407e+00
    2.2600449873e+00    7.6195379543e+00    6.0188374849e+00

molecule  66
    8.1538265167e+00    8.2850386007e+00    6.2694187903e+00
    8.0154492456e+00    7.3079211680e+00    6.0784098227e+00
    7.1539572753e+00    6.7923100602e+00    6.2049428922e+00
    6.9409794547e+00    7.6630485051e+00    6.7208661403e+00
    6.1489919095e+00    8.2622935394e+00    6.9458428699e+00
    6.1062768477e+00    8.3829651448e+00    5.9494904874e+00
    7.0156309320e+00    8.1201091157e+00    5.8142780485e+00
    7.1415321503e+00    8.8006238998e+00    6.6024288831e+00

molecule  67
    2.8801979007e+00    1.7621971365e+00    4.1242891514e+00
    2.6872045299e+00    1.7121745868e+00    5.1329789468e+00
    1.9822708828e+00    1.8089927520e+00    5.8090891855e+00
    1.9967060346e+00    2.6175241781e+00    5.2587370743e+00
    2.1213389692e+00    3.5300194841e+00    5.5922425099e+00
    2.2574439769e+00    4.1536078648e+00    4.8577330948e+00
    1.5936051743e+00    3.5738061108e+00    4.3392395297e+00
    2.1599289871e+00    2.8639971106e+00    3.9090589309e+00

molecule  68
    9.0291519248e+00    6.5776373129e+00    4.2390712413e+00
    9.3310418134e+00    5.8001404176e+00    3.6839916041e+00
    9.1310865446e+00    5.0741736460e+00    3.0167667561e+00
    8.9554208927e+00    4.2474471331e+00    2.4782694970e+00
    8.6393458188e+00    3.3080294040e+00    2.5045650517e+00
    8.3329815275e+00    3.2137531028e+00    1.5902477254e+00
    9.0132161812e+00    2.7975478263e+00    9.9382793006e-01
    9.2754736994e+00    3.3512900236e+00    1.7411603040e+00

molecule  69
    6.5364855153e+00    8.5593702002e+00    3.8185355285e+00
    5.7419620462e+00    8.2817482447e+00    4.3869315466e+00
    5.2733022866e+00    7.6549007024e+00    4.9520058441e+00
    4.5261114063e+00    7.0307884501e+00    4.9919922499e+00
    4.1877703142e+00    6.3579525387e+00    4.3347823861e+00
    3.6263456202e+00    7.1861552900e+00    4.4428771433e+00
    3.5460598192e+00    7.2931195246e+00    5.4339209922e+00
    3.6738332388e+00    7.9521758913e+00    6.1608447543e+00

molecule  70
    7.6677026976e+00    3.6977947547e+00    4.4949872303e+00
    7.0224434848e+00    2.9441828653e+00    4.4582586430e+00
    7.2439039946e+00    2.4040699753e+00    5.2874939916e+00
    6.7258471296e+00    1.7413265978e+00    5.7904680837e+00
    6.9398443286e+00    1.3983841276e+00    6.6944599830e+00
    7.7919394345e+00    1.9506078154e+00    6.4511642037e+00
    8.0531134610e+00    9.6852457979e-01    6.5855802418e+00
    9.0283376791e+00    1.0640118929e+00    6.7211199120e+00

molecule  71
    8.0950572604e+00    1.0361438974e+01    9.2169578852e+00
    7.3606332611e+00    9.7725893034e+00    9.0300460847e+00
    7.0336619188e+00    1.7316950105e-01    8.7379002222e+00
    7.9066138734e+00    2.6514124027e-01    8.3062993849e+00
    7.8918918398e+00    1.0262057193e+00    7.6580780652e+00
    8.0500882578e+00    2.0021790812e+00    7.5666757520e+00
    9.0220593049e+00    2.4219026444e+00    7.6207313443e+00
    9.0697155483e+00    2.9094922728e+00    6.6874949388e+00

molecule  72
    2.2880594385e+00    2.0838351824e+00    1.1682195425e+00
    1.6782024434e+00    1.4825343541e+00    6.4190354826e-01
    1.1880900421e+00    2.2283062182e+00    1.1285098747e+00
    7.3459331014e-01    1.7512465487e+00    1.8765740119e+00
    5.6959357118e-01    9.8350798848e-01    1.2422121839e+00
    3.9432799939e-01    3.2256404319e-01    1.9496346341e+00
    2.7553618643e-01    9.8003891948e+00    1.8940759357e+00
    9.9508078416e+00    9.7246780969e+00    1.2670422198e+00

molecule  73
    1.9887563029e+00    1.8998765004e-01    8.7013320242e-01
    1.9313765571e+00    9.6118203955e+00    9.1200452276e-01
    2.8784720043e+00    9.8374160872e+00    7.2515376843e-01
    2.9531737065e+00    3.4868580279e-01    3.8702796583e-01
    3.1055793957e+00    9.8445717550e-01    1.0008153729e+01
    3.6679234913e+00    1.6653979338e-01    9.9140729822e+00
    3.8539173530e+00    9.6174307685e-01    9.2598696598e+00
    3.7430262288e+00    1.8103696162e+00    9.7454023431e+00

molecule  74
    1.0726215855e+00    6.7039678239e+00    9.6564815946e+00
    1.5762344764e+00    6.7644738458e+00    8.7870519211e+00
    2.3314479879e+00    6.0584891609e+00    8.6738978606e+00
    2.6587159321e+00    6.8320805151e+00    9.2094217543e+00
    3.0847447605e+00    7.0489981466e+00    1.0113445013e+01
    2.4359833475e+00    7.6892767346e+00    9.8294631832e+00
    3.0666363237e+00    7.9899317909e+00    1.1633296331e-01
    3.4729750642e+00    7.2596804977e+00    6.6098939194e-01

molecule  75
    5.4988393003e+00    4.5194238900e+00    2.3823278550e-01
    5.9649018631e+00    5.1059617669e+00    8.6758381092e-01
    6.9780825950e+00    5.3219717525e+00    8.6602158454e-01
    6.8463755724e+00    6.1397860510e+00    2.9344317247e-01
    6.6009679509e+00    6.5981329155e+00    1.1674920524e+00
    6.7501740481e+00    7.5312851913e+00    7.8631910001e-01
    5.7541731810e+00    7.7376308394e+00    8.4372932037e-01
    6.0405562219e+00    7.4285176393e+00    1.0351004593e+01

molecule  76
    9.2313688531e-01    1.0092175603e+01    9.3469830862e+00
    4.2276339871e-01    9.3976359748e+00    8.8305967012e+00
    8.7314571252e-01    1.0086879186e+01    8.2868512062e+00
    1.3066921997e+00    9.3616474761e+00    7.7460600671e+00
    1.9524326691e+00    1.0057985975e+01    7.8791041392e+00
    2.1092293419e+00    9.7702590225e+00    8.8474641262e+00
    2.6235610724e+00    1.0728046896e-01    9.2262483108e+00
    2.6469787100e+00    3.2563616005e-01    8.2528566454e+00

molecule  77
    9.4783847435e+00    8.6079076682e+00    9.8315289084e+00
    8.6703200071e+00    8.9011124438e+00    9.3009746926e+00
    9.0791367109e+00    8.5013418106e+00    8.4893635043e+00
    9.9165229500e+00    8.9601100323e+00    8.3934257807e+00
    9.8862031127e+00    9.7687771009e+00    9.0255239799e+00
    9.2410360407e+00    1.0155547188e+01    8.4048629994e+00
    1.0108772059e+01    4.1795058168e-02    8.1450155517e+00
    9.6689397649e+00    6.6755594141e-01    8.8222333103e+00

molecule  78
    1.0001273893e+01    3.7591484912e+00    8.6021163662e+00
    9.7974954007e+00    4.7171673072e+00    8.9146488759e+00
    2.5060288081e-01    4.4125317766e+00    9.1920728671e+00
    7.4892069838e-02    4.0653620760e+00    1.0125813737e+01
    9.6002695148e+00    4.4667699246e+00    9.9288142187e+00
    8.7208039307e+00    4.1498920908e+00    9.5970273458e+00
    8.7346192915e+00    4.4185735005e+00    1.0423503504e-01
    8.3286232739e+00    4.3059136964e+00    9.8752832699e-01

molecule  79
    5.1388137933e-01    2.5037560692e+00    2.8330458110e+00
    9.4157842440e-01    1.6840065792e+00    3.1996416223e+00
    1.8548655967e+00    1.9250566821e+00    3.4708389715e+00
    1.1860976447e+00    1.8978551386e+00    4.1293245517e+00
    9.6390649172e-01    1.8378293940e+00    5.0790969034e+00
    3.7018280864e-01    2.2047263285e+00    5.8001191749e+00
    9.9284372984e+00    2.4661752499e+00    5.4821068227e+00
    1.0202288515e+01    3.3584139482e+00    5.8481884081e+00

molecule  80
    7.4500597571e+00    8.5639577843e+00    4.8991028175e+00
    6.5618480050e+00    8.9624923407e+00    5.1397960693e+00
    7.2253637019e+00    9.6306766616e+00    4.8687937738e+00
    7.6759048088e+00    9.5983230727e+00    5.7668138973e+00
    7.3578972365e+00   -3.2267036013e-02    6.2115415069e+00
    7.3304379593e+00    7.3619876239e-01    5.5352283272e+00
    6.3851327452e+00    5.1051535815e-01    5.8619523502e+00
    6.4231970785e+00    1.0048345725e+01    6.3664834383e+00

molecule  81
    7.6760549795e+00    9.0137781671e+00    3.7612783780e+00
    8.4995816988e+00    8.4414589645e+00    3.8090859189e+00
    8.2854088651e+00    7.7259979378e+00    3.2327390382e+00
    8.4097796277e+00    8.5200007432e+00    2.5936520009e+00
    8.0164434010e+00    7.8401280134e+00    2.0014120891e+00
    8.3949335164e+00    6.8988186774e+00    1.8223054950e+00
    9.1331690114e+00    6.8041456331e+00    2.4843302838e+00
    9.7959989675e+00    6.9652311197e+00    3.2390308282e+00

molecule  82
    1.8073055879e+00    1.7710129365e+00    7.6950348174e+00
    1.3330620481e+00    1.1987656386e+00    7.0732461491e+00
    8.2677471306e-01    4.1434655392e-01    7.4220492671e+00
    1.7499794410e+00    6.1279510006e-01    7.7517283799e+00
    2.1098881739e+00    4.0537817945e-01    6.8434601730e+00
    2.7338889497e+00    9.9997011882e-01    6.3338765462e+00
    2.2146529561e+00    4.6587176564e-01    5.6906443331e+00
    2.7292366233e+00    6.0141310356e-01    4.8557633212e+00

molecule  83
    5.0424234208e+00    5.4029916281e+00    1.0363982859e+01
    6.0611775812e+00    5.2764899451e+00    1.0361188998e+01
    6.5617013007e+00    4.4439897913e+00    1.0354679019e+01
    7.1054139510e+00    5.2720657025e+00    1.0171621399e+01
    7.6824749292e+00    5.0226905863e+00    9.4062370325e+00
    7.3106812227e+00    4.0919213528e+00    9.4286315940e+00
    6.8698001511e+00    3.7118933522e+00    8.5997755178e+00
    6.6289782984e+00    3.6549974393e+00    7.6109289265e+00

molecule  84
    8.4800767748e+00    6.6807701034e+00    3.3366221044e+00
    8.4996577366e+00    5.8919939168e+00    2.6971300071e+00
    7.9883905692e+00    5.2923483171e+00    3.3997737922e+00
    8.2086056537e+00    4.9068025278e+00    2.5172947828e+00
    7.2493683748e+00    5.1779086116e+00    2.2059713338e+00
    7.2822501023e+00    6.0090796693e+00    1.5823112539e+00
    7.8424533369e+00    6.5057803728e+00    9.6429507323e-01
    8.3020447859e+00    5.6671930151e+00    7.6707145792e-01

molecule  85
    7.8370954999e+00    3.2146450123e+00    5.8293438698e+00
    7.8669488815e+00    3.1653623505e+00    6.8164865225e+00
    7.2100575106e+00    3.8279527149e+00    6.5003771402e+00
    6.9846913513e+00    2.8593539611e+00    6.3068780092e+00
    6.8467661076e+00    3.4301778307e+00    5.5283763394e+00
    6.1927449389e+00    3.6192489148e+00    6.2373512099e+00
    5.8083957693e+00    2.8616921740e+00    5.6984846097e+00
    5.8697634753e+00    1.9871986711e+00    5.2743860399e+00

molecule  86
    5.7910230873e+00    7.4182124755e+00    7.8462088912e+00
    5.0630164276e+00    6.8711741582e+00    7.4103225855e+00
    4.0630015508e+00    6.9373183296e+00    7.4614031995e+00
    3.4750031811e+00    6.3999264478e+00    8.1118945919e+00
    3.4986120493e+00    5.4043507318e+00    8.2914584835e+00
    2.7999836067e+00    5.1173076043e+00    8.9532054441e+00
    2.8908733919e+00    5.2304363342e+00    9.9389344629e+00
    2.0618356963e+00    5.7594243809e+00    9.7234601835e+00

molecule  87
    1.0316413265e+01    6.6881779300e+00    4.1498488853e+00
    6.6631340513e-01    6.9166184863e+00    3.5479052753e+00
    1.5807736203e+00    7.3959460936e+00    3.5818551069e+00
    1.7926299882e+00    7.3284649260e+00    2.5913515663e+00
    1.9405030597e+00    8.2569265475e+00    2.9620505621e+00
    2.1756010407e+00    8.7078253712e+00    3.8164956803e+00
    2.1905849139e+00    9.0226780256e+00    4.7708478296e+00
    2.7751015023e+00    8.2786656008e+00    5.0708419002e+00

molecule  88
    4.3058853798e+00    5.3571980555e+00    6.5982072573e+00
    4.0643931499e+00    6.3394169155e+00    6.5142396150e+00
    3.2302285583e+00    6.9078815002e+00    6.5902186428e+00
    3.1145456223e+00    6.4354398201e+00    5.6895738166e+00
    2.9746121979e+00    5.5327111134e+00    6.0958342925e+00
    3.0317756107e+00    5.2217224752e+00    5.1645756555e+00
    3.8657634571e+00    5.2631985594e+00    4.6480931564e+00
    3.9389999340e+00    5.1940678773e+00    5.6553438159e+00

molecule  89
    2.7677137716e+00    2.7202631979e+00    9.3416632794e+00
    3.1148056683e+00    3.4670535805e+00    9.9189161575e+00
    3.4363305922e+00    2.5835167394e+00    1.0238270460e+01
    2.4767484161e+00    2.6899357219e+00    1.0084038645e-01
    1.4799646697e+00    2.6449645826e+00    2.6101996528e-01
    1.8370937781e+00    3.3806147442e+00    1.0150586555e+01
    8.9399418216e-01    3.5544047630e+00    2.4812262586e-02
    1.2561050356e+00    4.1168233971e+00    7.8160428719e-01

molecule  90
    4.9727584464e+00    1.3597673763e+00    3.4778846142e+00
    5.0491341408e+00    5.7500325832e-01    4.0673699407e+00
    5.4442371441e+00    6.8704725668e-01    4.9638969009e+00
    5.0016526427e+00    1.2914829622e+00    5.5790778117e+00
    5.7894467763e+00    1.1724089884e+00    6.2000277848e+00
    5.4991502588e+00    2.8041164863e-01    6.4287933428e+00
    5.6250878238e+00    1.7276078351e-01    7.4641470288e+00
    5.4627361304e+00    9.7343683998e+00    7.7788315430e+00

molecule  91
    6.2573504463e+00    9.1128702553e+00    8.4357895729e+00
    6.6051807368e+00    8.2462912578e+00    8.8254777568e+00
    7.5154351609e+00    8.5777042727e+00    9.0038112013e+00
    8.0085225251e+00    7.7417029043e+00    9.2065037219e+00
    8.7590986938e+00    7.7933351242e+00    9.8025126734e+00
    9.0958105126e+00    7.5779810394e+00    2.9295943219e-01
    8.7723099133e+00    6.6960691189e+00    3.2937570834e-01
    9.0971707058e+00    6.2616696549e+00    1.1913182080e+00

molecule  92
    7.4343131019e+00    1.1808901022e+00    4.1485349931e+00
    6.5084152568e+00    8.2492167182e-01    4.4361602684e+00
    7.1567159847e+00    4.2343080725e-01    3.7233045525e+00
    7.4532163733e+00    1.8781198179e-01    4.6242290118e+00
    8.2806174578e+00    1.0124698739e+01    4.4706316766e+00
    8.8069677054e+00    9.5910364034e+00    3.8372856150e+00
    9.5013421250e+00    9.8674026429e+00    4.4816485400e+00
    9.7289772434e+00    8.9174826695e+00    4.1943622394e+00

molecule  93
    8.1321322853e+00    1.4800481240e+00    8.5482504908e+00
    7.9824069611e+00    1.6786220353e+00    9.5456619041e+00
    7.7125640677e+00    7.9434049732e-01    9.9405566405e+00
    8.4758867169e+00    6.6150140215e-01    1.4030855304e-01
    7.6243887666e+00    1.0156894024e-01    2.6472209521e-01
    7.2111972704e+00    7.3932650066e-01    8.1515285814e-01
    7.9371578080e+00    8.0797709371e-01    1.4708552161e+00
    8.5785388647e+00    1.2673162357e-01    1.0766109360e+00

molecule  94
    6.8881560844e+00    2.5944478514e+00    7.7356898586e+00
    7.7680477979e+00    3.0474593314e+00    7.8564239444e+00
    7.9575855182e+00    2.4726779935e+00    8.6464091531e+00
    6.9621248329e+00    2.2939026082e+00    8.8681640333e+00
    6.8263857740e+00    1.6206971463e+00    8.1530691039e+00
    5.9741406345e+00    1.9188608508e+00    7.8033720044e+00
    4.9818089265e+00    1.5898240100e+00    7.9092604020e+00
    4.4604268156e+00    1.1645612499e+00    7.2132760578e+00

molecule  95
    5.5893315082e+00    7.3284400297e+00    6.4735352933e+00
    5.0605787813e+00    7.8833578387e+00    7.1150414830e+00
    4.8018711008e+00    7.9337551051e+00    6.1262996822e+00
    5.1406509530e+00    8.6926540267e+00    5.5725365505e+00
    5.5478037623e+00    9.2148366081e+00    4.8247596733e+00
    5.9160577211e+00    1.0096672754e+01    5.0566007926e+00
    5.3334754041e+00    9.8562961580e+00    5.8417522551e+00
    5.1955346288e+00    9.4413666627e+00    6.7420255263e+00

molecule  96
    2.4689164764e-01    3.7269564001e+00    6.9957539693e+00
    6.0914155712e-01    4.3979236732e+00    7.6742468466e+00
    1.2252744617e+00    3.6821559318e+00    8.1444726300e+00
    1.4979240288e+00    3.3553423217e+00    9.0334322283e+00
    5.8296203518e-01    3.0332223470e+00    8.7165874776e+00
    1.3405193514e-01    3.0414798147e+00    7.8095033727e+00
    1.0129190344e+01    2.4716301630e+00    7.1328736279e+00
    9.5835571769e+00    1.9072251531e+00    6.5186762646e+00

molecule  97
    9.9344299178e+00    4.4974976206e+00    5.1970654340e-01
    9.2763965965e+00    3.7476161448e+00    6.8293551664e-01
    9.9241131219e+00    3.2454214709e+00    6.1036380135e-02
    8.9739766847e+00    3.1963107896e+00    1.0185444880e+01
    8.8038584436e+00    2.6131184203e+00    9.4057836473e+00
    8.2457380932e+00    3.3985933981e+00    9.1168304650e+00
    9.0132767743e+00    3.5456312300e+00    8.4839947738e+00
    9.6014733593e+00    3.8163842198e+00    7.7307598717e+00

molecule  98
    3.4630587494e+00    9.8807564206e+00    3.7688376768e+00
    4.3178565373e+00    9.5477040583e+00    3.4088941137e+00
    4.7067861682e+00    1.0030746305e+01    4.1864910848e+00
    5.3553855357e+00    9.9718941649e+00    3.4086776966e+00
    5.0108103222e+00    1.0169602615e+01    2.4765145989e+00
    4.0148230672e+00    1.6610661943e-02    2.4113833911e+00
    3.6005436466e+00   -1.4307463206e-02    1.4913291648e+00
    3.0189721756e+00    3.5809699121e-01    2.2357966961e+00

molecule  99
    2.9741603864e+00    3.6257047240e+00    1.5167994975e+00
    3.1182453555e+00    2.7677543941e+00    1.9546239985e+00
    2.3248489751e+00    2.4562886524e+00    2.5194978494e+00
    3.1224853831e+00    1.8504806454e+00    2.6336013021e+00
    2.3067017656e+00    1.2686706794e+00    2.3952356885e+00
    1.4474588984e+00    8.5985852549e-01    2.3058629553e+00
    1.8736472765e+00    1.0440536324e+01    2.1790332149e+00
    2.5996100249e+00    9.8138984493e+00    1.8112163501e+00
