              0  0.0000000e+00
              1  7.4893989e-02
              2  1.2435585e-01
              3  1.6361309e-01
              4  1.9733035e-01
              5  2.2741156e-01
              6  2.5485447e-01
              7  2.8026205e-01
              8  3.0399516e-01
              9  3.2634082e-01
             10  3.4748503e-01
             11  3.6758258e-01
             12  3.8676378e-01
             13  4.0514880e-01
             14  4.2277815e-01
             15  4.3973784e-01
             16  4.5611198e-01
             17  4.7191914e-01
             18  4.8722091e-01
             19  5.0205637e-01
             20  5.1646707e-01
             21  5.3044983e-01
             22  5.4407403e-01
             23  5.5734850e-01
             24  5.7030937e-01
             25  5.8294033e-01
             26  5.9528454e-01
             27  6.0733746e-01
             28  6.1914414e-01
             29  6.3067921e-01
             30  6.4198271e-01
             31  6.5306876e-01
             32  6.6393488e-01
             33  6.7457588e-01
             34  6.8503967e-01
             35  6.9531991e-01
             36  7.0545548e-01
             37  7.1541232e-01
             38  7.2523669e-01
             39  7.3489177e-01
             40  7.4438901e-01
             41  7.5376298e-01
             42  7.6302524e-01
             43  7.7217382e-01
             44  7.8120391e-01
             45  7.9008985e-01
             46  7.9885739e-01
             47  8.0752210e-01
             48  8.1610688e-01
             49  8.2457443e-01
             50  8.3293481e-01
             51  8.4120085e-01
             52  8.4938572e-01
             53  8.5747340e-01
             54  8.6550579e-01
             55  8.7345874e-01
             56  8.8131731e-01
             57  8.8910962e-01
             58  8.9682153e-01
             59  9.0446878e-01
             60  9.1205622e-01
             61  9.1957358e-01
             62  9.2702267e-01
             63  9.3441124e-01
             64  9.4174798e-01
             65  9.4902659e-01
             66  9.5623025e-01
             67  9.6339223e-01
             68  9.7048611e-01
             69  9.7752139e-01
             70  9.8451303e-01
             71  9.9145422e-01
             72  9.9836543e-01
             73  1.0052630e+00
             74  1.0121079e+00
             75  1.0188926e+00
             76  1.0256562e+00
             77  1.0323867e+00
             78  1.0390993e+00
             79  1.0457601e+00
             80  1.0523751e+00
             81  1.0589619e+00
             82  1.0654982e+00
             83  1.0720092e+00
             84  1.0784910e+00
             85  1.0849154e+00
             86  1.0912979e+00
             87  1.0976410e+00
             88  1.1039577e+00
             89  1.1102623e+00
             90  1.1165320e+00
             91  1.1227611e+00
             92  1.1289700e+00
             93  1.1351458e+00
             94  1.1412962e+00
             95  1.1474060e+00
             96  1.1534915e+00
             97  1.1595489e+00
             98  1.1655657e+00
             99  1.1715580e+00
            100  1.1775289e+00
            101  1.1834787e+00
            102  1.1894196e+00
            103  1.1953428e+00
            104  1.2012674e+00
            105  1.2071778e+00
            106  1.2130661e+00
            107  1.2189374e+00
            108  1.2247551e+00
            109  1.2305499e+00
            110  1.2363287e+00
            111  1.2420870e+00
            112  1.2478254e+00
            113  1.2535457e+00
            114  1.2592407e+00
            115  1.2649435e+00
            116  1.2706140e+00
            117  1.2762946e+00
            118  1.2819338e+00
            119  1.2875585e+00
            120  1.2931857e+00
            121  1.2987929e+00
            122  1.3043933e+00
            123  1.3099999e+00
            124  1.3155790e+00
            125  1.3211638e+00
            126  1.3267314e+00
            127  1.3322664e+00
            128  1.3377877e+00
            129  1.3433175e+00
            130  1.3488459e+00
            131  1.3543592e+00
            132  1.3598355e+00
            133  1.3653157e+00
            134  1.3707818e+00
            135  1.3762339e+00
            136  1.3816726e+00
            137  1.3870823e+00
            138  1.3924660e+00
            139  1.3978531e+00
            140  1.4032299e+00
            141  1.4086028e+00
            142  1.4139365e+00
            143  1.4192683e+00
            144  1.4246077e+00
            145  1.4299446e+00
            146  1.4352565e+00
            147  1.4405418e+00
            148  1.4458291e+00
            149  1.4511031e+00
            150  1.4563738e+00
            151  1.4616374e+00
            152  1.4669025e+00
            153  1.4721523e+00
            154  1.4774168e+00
            155  1.4826491e+00
            156  1.4878621e+00
            157  1.4930669e+00
            158  1.4982604e+00
            159  1.5034580e+00
            160  1.5086298e+00
            161  1.5137786e+00
            162  1.5189351e+00
            163  1.5240828e+00
            164  1.5292151e+00
            165  1.5342984e+00
            166  1.5394130e+00
            167  1.5445380e+00
            168  1.5496357e+00
            169  1.5547382e+00
            170  1.5598295e+00
            171  1.5649162e+00
            172  1.5699980e+00
            173  1.5750925e+00
            174  1.5801682e+00
            175  1.5852421e+00
            176  1.5903153e+00
            177  1.5953861e+00
            178  1.6004300e+00
            179  1.6054787e+00
            180  1.6104985e+00
            181  1.6155264e+00
            182  1.6205510e+00
            183  1.6255758e+00
            184  1.6305780e+00
            185  1.6355697e+00
            186  1.6405601e+00
            187  1.6455610e+00
            188  1.6505595e+00
            189  1.6555589e+00
            190  1.6605267e+00
            191  1.6654776e+00
            192  1.6704309e+00
            193  1.6753658e+00
            194  1.6803155e+00
            195  1.6852504e+00
            196  1.6901673e+00
            197  1.6950840e+00
            198  1.7000019e+00
            199  1.7049319e+00
            200  1.7098441e+00
            201  1.7147540e+00
            202  1.7196495e+00
            203  1.7245359e+00
            204  1.7294075e+00
            205  1.7342847e+00
            206  1.7391470e+00
            207  1.7440355e+00
            208  1.7489224e+00
            209  1.7538024e+00
            210  1.7586779e+00
            211  1.7635316e+00
            212  1.7683662e+00
            213  1.7732137e+00
            214  1.7780562e+00
            215  1.7828993e+00
            216  1.7877362e+00
            217  1.7925556e+00
            218  1.7973751e+00
            219  1.8021750e+00
            220  1.8069984e+00
            221  1.8118285e+00
            222  1.8166378e+00
            223  1.8214371e+00
            224  1.8262493e+00
            225  1.8310566e+00
            226  1.8358430e+00
            227  1.8406325e+00
            228  1.8454019e+00
            229  1.8501893e+00
            230  1.8549601e+00
            231  1.8597376e+00
            232  1.8644934e+00
            233  1.8692395e+00
            234  1.8739619e+00
            235  1.8786921e+00
            236  1.8834400e+00
            237  1.8881920e+00
            238  1.8929667e+00
            239  1.8977300e+00
            240  1.9024840e+00
            241  1.9072190e+00
            242  1.9119313e+00
            243  1.9166403e+00
            244  1.9213582e+00
            245  1.9260543e+00
            246  1.9307458e+00
            247  1.9354451e+00
            248  1.9401114e+00
            249  1.9447772e+00
            250  1.9494481e+00
            251  1.9541214e+00
            252  1.9587870e+00
            253  1.9634338e+00
            254  1.9680903e+00
            255  1.9727279e+00
            256  1.9773473e+00
            257  1.9819674e+00
            258  1.9866027e+00
            259  1.9912245e+00
            260  1.9958616e+00
            261  2.0004879e+00
            262  2.0051247e+00
            263  2.0097584e+00
            264  2.0143875e+00
            265  2.0190272e+00
            266  2.0236673e+00
            267  2.0283051e+00
            268  2.0329211e+00
            269  2.0375429e+00
            270  2.0421632e+00
            271  2.0467709e+00
            272  2.0513723e+00
            273  2.0559707e+00
            274  2.0605747e+00
            275  2.0651798e+00
            276  2.0697802e+00
            277  2.0743974e+00
            278  2.0790066e+00
            279  2.0835963e+00
            280  2.0881806e+00
            281  2.0927558e+00
            282  2.0973281e+00
            283  2.1018936e+00
            284  2.1064534e+00
            285  2.1110068e+00
            286  2.1155471e+00
            287  2.1201052e+00
            288  2.1246636e+00
            289  2.1292270e+00
            290  2.1337936e+00
            291  2.1383437e+00
            292  2.1429018e+00
            293  2.1474493e+00
            294  2.1520096e+00
            295  2.1565618e+00
            296  2.1611136e+00
            297  2.1656583e+00
            298  2.1701884e+00
            299  2.1747233e+00
            300  2.1792440e+00
            301  2.1837681e+00
            302  2.1882806e+00
            303  2.1927869e+00
            304  2.1972999e+00
            305  2.2018177e+00
            306  2.2063212e+00
            307  2.2108305e+00
            308  2.2153476e+00
            309  2.2198579e+00
            310  2.2243540e+00
            311  2.2288448e+00
            312  2.2333397e+00
            313  2.2378506e+00
            314  2.2423423e+00
            315  2.2468065e+00
            316  2.2512836e+00
            317  2.2557615e+00
            318  2.2602270e+00
            319  2.2646864e+00
            320  2.2691465e+00
            321  2.2736160e+00
            322  2.2780735e+00
            323  2.2825411e+00
            324  2.2870049e+00
            325  2.2914552e+00
            326  2.2959171e+00
            327  2.3003784e+00
            328  2.3048438e+00
            329  2.3092966e+00
            330  2.3137428e+00
            331  2.3181755e+00
            332  2.3226110e+00
            333  2.3270328e+00
            334  2.3314529e+00
            335  2.3358558e+00
            336  2.3402575e+00
            337  2.3446755e+00
            338  2.3490897e+00
            339  2.3535081e+00
            340  2.3579152e+00
            341  2.3623196e+00
            342  2.3667039e+00
            343  2.3710955e+00
            344  2.3754664e+00
            345  2.3798603e+00
            346  2.3842630e+00
            347  2.3886237e+00
            348  2.3929898e+00
            349  2.3973540e+00
            350  2.4017080e+00
            351  2.4060721e+00
            352  2.4104383e+00
            353  2.4147863e+00
            354  2.4191174e+00
            355  2.4234476e+00
            356  2.4277774e+00
            357  2.4321404e+00
            358  2.4364716e+00
            359  2.4407963e+00
            360  2.4451276e+00
            361  2.4494753e+00
            362  2.4538152e+00
            363  2.4581460e+00
            364  2.4624911e+00
            365  2.4668408e+00
            366  2.4711806e+00
            367  2.4755149e+00
            368  2.4798550e+00
            369  2.4841949e+00
            370  2.4885348e+00
            371  2.4928670e+00
            372  2.4971980e+00
            373  2.5014934e+00
            374  2.5057920e+00
            375  2.5100972e+00
            376  2.5144132e+00
            377  2.5187491e+00
            378  2.5230585e+00
            379  2.5273881e+00
            380  2.5317143e+00
            381  2.5360392e+00
            382  2.5403538e+00
            383  2.5446551e+00
            384  2.5489536e+00
            385  2.5532491e+00
            386  2.5575296e+00
            387  2.5618236e+00
            388  2.5661188e+00
            389  2.5704035e+00
            390  2.5746929e+00
            391  2.5789648e+00
            392  2.5832266e+00
            393  2.5874875e+00
            394  2.5917478e+00
            395  2.5960072e+00
            396  2.6002769e+00
            397  2.6045422e+00
            398  2.6088016e+00
            399  2.6130641e+00
