    McPairEnergyAverage{
      interval                            1000
      outputFileName                pairEnergy
      nSamplePerBlock                       10
      selector                             All        -1        -1
    }

Average     2.3125037e+02
Variance    2.3200285e+02
Std Dev     1.5231640e+01

Hierarchichal Error Analysis:
              0              1  2.1759463e-02         490001
              1              2  2.7004288e-02         245000
              2              4  3.2695914e-02         122500
              3              8  3.7930668e-02          61250
              4             16  4.1995554e-02          30625
              5             32  4.4594037e-02          15312
              6             64  4.6270118e-02           7656
              7            128  4.7268628e-02           3828
              8            256  4.7708429e-02           1914
              9            512  4.6698176e-02            957
             10           1024  4.6163927e-02            478
             11           2048  4.8311100e-02            239
             12           4096  5.0487257e-02            119
             13           8192  5.2927325e-02             59
             14          16384  5.5642272e-02             29
             15          32768  5.1589145e-02             14
             16          65536  5.5670489e-02              7
