BOUNDARY

orthorhombic     1.04551590e+01  1.04551590e+01  1.04551590e+01

MOLECULES

species    0
nMolecule  100

molecule   0
  1.37149836e-01  6.29727910e+00  3.27737072e+00
  1.00973147e+01  7.16773967e+00  3.17778327e+00
  2.52679806e-01  7.89199168e+00  2.90827679e+00
  1.02207018e+01  7.82894335e+00  2.01457137e+00
  9.28816795e+00  8.10972160e+00  1.68936074e+00
  9.37394503e+00  8.59019955e+00  2.57309712e+00
  8.37006781e+00  8.73961058e+00  2.69668967e+00
  7.64825479e+00  8.81637026e+00  1.96505468e+00

molecule   1
  9.83559712e+00  7.70498856e-01  8.98471294e-01
  8.91734418e+00  9.99642525e-01  6.66747486e-01
  8.54532796e+00  1.91927649e+00  6.45376509e-01
  9.08804544e+00  2.09449242e+00  1.44005339e+00
  1.00561594e+01  2.21844553e+00  1.25437145e+00
  5.02891501e-01  2.37379223e+00  1.55778155e+00
  5.97595575e-01  3.07973113e+00  8.73803852e-01
  1.40814505e+00  3.02776725e+00  3.13122824e-01

molecule   2
  7.29202600e+00  3.83421328e+00  2.31253260e+00
  7.96553846e+00  3.87592464e+00  1.56511314e+00
  8.80873976e+00  3.89567081e+00  2.08057524e+00
  9.30421992e+00  3.26503010e+00  1.55573206e+00
  1.00625625e+01  3.85494250e+00  1.18530869e+00
  3.90890182e-01  4.40301875e+00  1.50527687e+00
  1.00632584e+01  4.25679322e+00  2.07066681e+00
  9.88839989e+00  3.34554299e+00  2.50131922e+00

molecule   3
  8.39148863e+00  7.45075440e+00  8.51331311e+00
  9.32655207e+00  7.24352516e+00  8.38157981e+00
  9.74994661e+00  7.77436264e+00  7.65583785e+00
  1.02363437e+01  7.00321696e+00  8.12650383e+00
  2.52650081e-01  6.15316684e+00  8.12710596e+00
  1.01617051e+01  5.57542452e+00  7.54476945e+00
  4.33851936e-01  6.00886043e+00  6.99034977e+00
  9.82362791e-01  5.37760002e+00  6.44705452e+00

molecule   4
  5.97070649e+00  3.55780248e+00  8.64435840e+00
  5.70246067e+00  3.23866289e+00  7.76359635e+00
  5.12239558e+00  3.92887442e+00  8.25411555e+00
  4.25531290e+00  3.48906454e+00  8.11987807e+00
  4.07910780e+00  2.48363417e+00  8.16647660e+00
  3.23916629e+00  2.91947702e+00  8.57752665e+00
  3.06358047e+00  1.98332921e+00  8.32616970e+00
  3.73036265e+00  1.32206242e+00  8.02325513e+00

molecule   5
  9.22153075e+00  7.80074483e+00  9.49010601e+00
  8.96480737e+00  8.61792829e+00  9.03657246e+00
  8.24125982e+00  8.07828372e+00  9.41465245e+00
  7.29709359e+00  7.85842558e+00  9.18909854e+00
  7.20341558e+00  8.51112699e+00  1.00135359e+01
  6.67548331e+00  7.85041965e+00  7.31323176e-02
  6.76577055e+00  6.86884444e+00  1.02558296e+01
  7.58007838e+00  6.31360759e+00  1.03038168e+01

molecule   6
  8.62375639e+00  1.03159278e+01  3.26011272e-01
  9.30354987e+00  9.83353697e+00  1.03257896e+01
  9.54482552e+00  9.18663743e+00  9.62848361e+00
  8.94273943e+00  8.59077279e+00  1.02076693e+01
  9.16537858e+00  7.87769641e+00  4.30132606e-01
  8.18840417e+00  7.61227926e+00  4.62279912e-01
  7.93220460e+00  7.66123983e+00  1.42464472e+00
  7.30224752e+00  7.12353991e+00  1.96286453e+00

molecule   7
  5.96001781e+00  1.53428318e+00  1.73901002e+00
  5.53476212e+00  2.34332161e+00  1.33440666e+00
  4.59863433e+00  2.05476764e+00  1.61406132e+00
  4.53253397e+00  2.04227056e+00  6.38151810e-01
  4.12948219e+00  1.26006325e+00  1.11774841e+00
  4.43259321e+00  4.19346875e-01  6.13500725e-01
  4.76726961e+00  1.00480449e+01  1.05274543e+00
  5.52185207e+00  1.13078924e-01  6.49240668e-01

molecule   8
  6.41602437e+00  5.49409472e+00  3.12494100e+00
  5.85885472e+00  5.31672614e+00  3.97025254e+00
  6.77840723e+00  5.15937827e+00  4.29421642e+00
  7.69449871e+00  5.21546944e+00  4.65803932e+00
  7.24381642e+00  5.54787851e+00  5.49094770e+00
  7.43298425e+00  6.25764458e+00  4.83032380e+00
  8.27326983e+00  6.11911829e+00  5.39389931e+00
  7.99170213e+00  6.56261301e+00  6.25957219e+00

molecule   9
  5.48627248e-01  2.81652908e+00  4.45532656e+00
  1.11830979e-01  3.69452219e+00  4.42911131e+00
  1.03433756e+01  4.63238303e+00  4.67166181e+00
  9.48176079e+00  4.39697284e+00  4.34428604e+00
  8.82771213e+00  5.07172985e+00  4.17125479e+00
  9.33898841e+00  5.94633590e+00  4.21369206e+00
  8.83090530e+00  6.70741441e+00  4.61940466e+00
  9.62394209e+00  7.32630909e+00  4.58649573e+00

molecule   10
  6.37825017e+00  3.53115407e+00  5.38778488e+00
  6.35750402e+00  4.10636181e+00  4.62426171e+00
  7.13624420e+00  4.39772086e+00  5.15430891e+00
  8.03633190e+00  4.28549664e+00  5.51776328e+00
  8.60866222e+00  4.75442523e+00  6.22797254e+00
  8.42233890e+00  5.66200249e+00  6.49743738e+00
  7.43761650e+00  5.72151755e+00  6.84981589e+00
  7.07691325e+00  4.99634088e+00  6.26555364e+00

molecule   11
  7.59337814e+00  7.48806436e+00  1.01373596e+01
  8.36113188e+00  6.93112943e+00  9.83875597e+00
  9.24226882e+00  6.88256798e+00  1.02953152e+01
  9.30554567e+00  5.92909666e+00  9.99403130e+00
  9.17976038e+00  4.95782375e+00  9.92785716e+00
  9.67313085e+00  5.35912484e+00  2.51624974e-01
  1.04280402e+01  5.42204612e+00  8.76012610e-01
  9.30498967e-01  5.48147197e+00  1.22271120e+00

molecule   12
  7.65036972e+00  1.98263082e+00  2.94957281e+00
  7.32770269e+00  2.74920376e+00  3.51367908e+00
  7.30790513e+00  2.19717150e+00  4.34209229e+00
  8.17887937e+00  1.74911925e+00  4.45241672e+00
  7.85262190e+00  8.44340781e-01  4.79910141e+00
  8.61737561e+00  3.75702843e-01  5.29771662e+00
  9.16185631e+00  9.99103856e+00  5.16998244e+00
  9.84157612e+00  9.50767720e+00  4.59370340e+00

molecule   13
  7.93597380e+00  3.30473085e+00  2.97604763e+00
  7.29145371e+00  2.84365269e+00  2.32668129e+00
  6.35200019e+00  2.52679450e+00  2.29852228e+00
  5.95771666e+00  3.23544383e+00  2.89355916e+00
  5.86800780e+00  3.75260801e+00  2.06999956e+00
  6.49887650e+00  3.26608233e+00  1.49251436e+00
  6.05451619e+00  3.29035201e+00  5.56778527e-01
  5.26550968e+00  2.70474918e+00  2.83140733e-01

molecule   14
  1.23193559e+00  1.51552495e+00  4.84858038e+00
  1.96042331e+00  9.98770842e-01  5.33437188e+00
  2.24731872e+00  1.87247167e+00  5.03804550e+00
  2.90220783e+00  1.26083229e+00  4.60008087e+00
  2.50736433e+00  7.75873259e-01  3.83398162e+00
  1.49466540e+00  8.31373708e-01  3.63383023e+00
  5.20428231e-01  1.10838803e+00  3.72223157e+00
  1.00352248e+01  9.48773484e-01  3.39093899e+00

molecule   15
  6.65226744e+00  8.86817826e+00  4.17051762e+00
  6.66830591e+00  9.01784166e+00  5.14499130e+00
  6.88674697e+00  9.82612949e+00  4.59966991e+00
  7.88414670e+00  9.89481007e+00  4.53216791e+00
  8.44579227e+00  9.08692092e+00  4.46365932e+00
  9.10839160e+00  9.14059057e+00  3.67427414e+00
  9.13967431e+00  1.00263350e+01  3.26338984e+00
  8.21055532e+00  9.73928568e+00  3.14806072e+00

molecule   16
  4.61451206e+00  7.09697616e+00  7.41115923e+00
  4.53085128e+00  6.13121156e+00  7.50486941e+00
  3.52602947e+00  5.87134831e+00  7.61194309e+00
  2.61401397e+00  5.96563818e+00  7.30193491e+00
  1.64618826e+00  5.87456742e+00  7.34171033e+00
  2.14486953e+00  5.05515561e+00  7.16980545e+00
  2.84858753e+00  5.09962313e+00  6.44174919e+00
  2.80967416e+00  4.65937319e+00  5.51194700e+00

molecule   17
  1.00282537e+01  1.00736899e+01  2.22380523e+00
  1.00467983e+01  9.10176543e+00  1.92139310e+00
  2.51881496e-02  8.97408829e+00  2.80230705e+00
  8.72701085e-01  9.28200436e+00  3.29154874e+00
  1.77936658e+00  9.49053065e+00  2.94977444e+00
  1.49282929e+00  9.79354995e+00  3.85134407e+00
  2.29443223e+00  1.02813944e+01  3.45372992e+00
  2.88103936e+00  9.59170672e+00  2.97873910e+00

molecule   18
  1.78866091e+00  6.78412839e+00  9.23037777e+00
  1.54471783e+00  7.22961287e+00  1.01466117e+01
  1.91223831e+00  8.16691611e+00  1.00931069e+01
  2.36802053e+00  7.98353212e+00  9.24245959e+00
  2.24049347e+00  7.45792942e+00  8.41389209e+00
  1.82066385e+00  6.93690130e+00  7.65893136e+00
  1.35317179e+00  6.75615269e+00  6.80167458e+00
  6.40391952e-01  7.40795865e+00  6.93818011e+00

molecule   19
  2.22066288e+00  7.64158432e+00  4.77400032e-01
  2.17641651e+00  8.44854203e+00  1.12437801e+00
  2.46107487e+00  9.39801264e+00  8.63762461e-01
  1.68086114e+00  9.90360223e+00  5.74563255e-01
  8.58516788e-01  1.04047678e+01  7.71546547e-01
  1.13066858e+00  6.99497195e-01  1.38051931e+00
  8.44422877e-01  1.06969043e+00  2.29605194e+00
  8.96926573e-01  1.85778428e+00  2.88735266e+00

molecule   20
  5.86005984e+00  8.69364002e+00  1.21209549e+00
  5.60618915e+00  8.02814962e+00  1.92868815e+00
  4.75148819e+00  7.78159974e+00  2.36480553e+00
  4.79370321e+00  7.56877455e+00  1.39265626e+00
  5.09645623e+00  6.64737369e+00  1.55324813e+00
  5.90186024e+00  6.13609572e+00  1.18086220e+00
  6.27786814e+00  6.60915458e+00  1.97819856e+00
  5.64573742e+00  5.92020400e+00  2.30112021e+00

molecule   21
  9.39208600e+00  8.71082871e+00  7.33518208e+00
  9.59667375e+00  8.44313101e+00  6.40207320e+00
  8.77674620e+00  8.05694946e+00  6.85704287e+00
  8.02494453e+00  8.01670384e+00  7.54161930e+00
  7.91725467e+00  7.04987824e+00  7.29160319e+00
  7.34391177e+00  7.32581555e+00  6.49828406e+00
  7.04225739e+00  6.96677281e+00  5.64284483e+00
  6.95630621e+00  7.83176132e+00  5.13828852e+00

molecule   22
  7.54069864e+00  7.98043803e+00  2.89555850e+00
  6.88194800e+00  8.07727641e+00  2.15936341e+00
  6.57821439e+00  7.57418161e+00  2.95889386e+00
  5.67818073e+00  7.26827798e+00  2.63457498e+00
  5.70951227e+00  7.69713310e+00  3.53045585e+00
  4.84777072e+00  8.22741779e+00  3.55190708e+00
  4.60613132e+00  7.22782153e+00  3.32745789e+00
  4.89300882e+00  6.33785659e+00  2.95753671e+00

molecule   23
  1.23219379e+00  2.51800853e+00  2.15320331e+00
  2.09701232e+00  3.03090681e+00  1.93531352e+00
  2.46105585e+00  2.26065712e+00  1.44660231e+00
  2.63750266e+00  2.19717224e+00  2.40250759e+00
  3.48121990e+00  1.62000158e+00  2.30210563e+00
  3.78394104e+00  8.83627233e-01  2.87665272e+00
  3.65937027e+00  4.76639486e-01  1.99517324e+00
  4.02670094e+00  1.00130095e+01  2.26047920e+00

molecule   24
  1.52718889e+00  6.79061625e+00  9.24761464e-01
  2.32265029e+00  6.19657237e+00  1.16578306e+00
  2.27255843e+00  6.04923588e+00  2.14909626e+00
  2.70653815e+00  6.32500810e+00  3.03420991e+00
  3.36539247e+00  6.99504867e+00  2.76270884e+00
  4.19805259e+00  6.91762758e+00  2.21487248e+00
  3.47488909e+00  7.22070693e+00  1.55682334e+00
  2.49374247e+00  7.55809047e+00  1.70706697e+00

molecule   25
  7.43529396e-01  2.10845015e+00  5.70925345e+00
  5.74272172e-02  1.97754027e+00  6.44098566e+00
  6.46649483e-01  1.57324874e+00  7.11042564e+00
  6.47784717e-01  2.50631549e+00  7.44054098e+00
  1.30016854e+00  2.08796434e+00  8.03276329e+00
  1.85780057e+00  2.94829998e+00  7.91895410e+00
  2.18178852e+00  3.20819235e+00  8.84666100e+00
  2.22053679e+00  3.35872175e+00  9.84022160e+00

molecule   26
  2.57738435e+00  7.53473021e+00  6.88385744e+00
  3.08150841e+00  7.54825734e+00  7.74608137e+00
  2.53041369e+00  8.40447318e+00  7.68142595e+00
  2.99686319e+00  8.41809641e+00  8.56399921e+00
  3.33297141e+00  8.72051372e+00  9.46350626e+00
  3.10670375e+00  8.86291787e+00  1.04338952e+01
  3.96556798e+00  8.91229308e+00  3.85820239e-01
  4.43171665e+00  9.71141050e+00  4.60294641e-02

molecule   27
  7.89551617e+00  5.11747665e-01  7.55200098e+00
  7.81881061e+00  1.02249337e+01  6.85309412e+00
  8.30338348e+00  1.01161180e+01  5.99056523e+00
  8.95433589e+00  9.93687217e+00  6.66948610e+00
  9.40324412e+00  3.20781831e-01  6.95272575e+00
  9.35076678e+00  1.32659267e+00  6.91817409e+00
  8.56921912e+00  7.15308451e-01  6.61604833e+00
  7.76884449e+00  1.34472924e+00  6.70363041e+00

molecule   28
  4.96108368e+00  2.73862257e+00  3.88353691e+00
  5.03563151e+00  1.97842819e+00  4.48167635e+00
  4.60846129e+00  1.81466672e+00  3.55364502e+00
  5.14562725e+00  1.25922902e+00  2.93524685e+00
  5.75872351e+00  1.98769783e+00  3.21156687e+00
  6.63927767e+00  1.81677386e+00  3.69146108e+00
  6.23133551e+00  2.21044565e+00  4.47491960e+00
  5.90188870e+00  3.17748207e+00  4.30741354e+00

molecule   29
  1.04362373e+01  6.23401374e+00  4.43219378e+00
  1.02330223e+01  5.41160130e+00  3.90469070e+00
  8.71127989e-02  4.48831073e+00  3.59831100e+00
  7.23376806e-01  5.17669215e+00  3.23029642e+00
  1.60065491e+00  5.52769364e+00  2.88558734e+00
  1.71075915e+00  4.85066314e+00  2.18434042e+00
  1.46727499e+00  3.98262294e+00  2.59317830e+00
  1.27403720e+00  3.78604269e+00  1.62531742e+00

molecule   30
  9.48598227e+00  3.95624243e+00  3.42466077e+00
  8.54991410e+00  4.05498775e+00  3.85467107e+00
  7.63708323e+00  4.45977754e+00  3.91023838e+00
  8.06354186e+00  4.49407889e+00  3.01732650e+00
  9.03527171e+00  4.85623342e+00  2.96635805e+00
  8.70608605e+00  5.77651431e+00  2.97301608e+00
  8.27516119e+00  5.98719635e+00  3.82399581e+00
  7.28789821e+00  5.92477707e+00  3.80095011e+00

molecule   31
  6.65932548e+00  1.23408741e+00  6.62508835e+00
  6.30798866e+00  3.88892282e-01  6.23788436e+00
  5.45821770e+00  2.39978106e-01  5.79954314e+00
  6.23046275e+00  1.01123681e+01  5.39533816e+00
  5.52863902e+00  6.00224105e-02  4.82722353e+00
  4.88121866e+00  7.96541430e-01  5.13772661e+00
  4.11166199e+00  1.31920808e+00  4.73003327e+00
  3.63555733e+00  1.20948560e+00  3.87110037e+00

molecule   32
  5.14544915e+00  6.19422210e+00  9.43996107e+00
  6.02097280e+00  5.91467715e+00  8.93473768e+00
  5.35800700e+00  6.52274676e+00  8.46965080e+00
  5.59269748e+00  6.65035987e+00  7.46890875e+00
  5.50401026e+00  5.73410558e+00  7.76243444e+00
  6.43692097e+00  6.07613128e+00  7.78248604e+00
  6.65548570e+00  6.89482325e+00  7.30679192e+00
  6.13879778e+00  7.33696923e+00  6.60060287e+00

molecule   33
  6.32890432e+00  6.03672047e+00  9.97588399e+00
  6.17489231e+00  5.07753453e+00  1.01866382e+01
  6.80497104e+00  4.88070590e+00  9.46293013e+00
  6.15328803e+00  4.13303106e+00  9.43969850e+00
  5.93297543e+00  4.60985072e+00  8.57760784e+00
  6.58955457e+00  4.10787524e+00  7.98689891e+00
  6.99018876e+00  4.92224414e+00  8.45895851e+00
  7.18794703e+00  4.92694472e+00  7.48366865e+00

molecule   34
  4.31355119e+00  6.41846484e+00  5.93140918e-01
  4.55251295e+00  7.04971577e+00  1.03006090e+01
  5.23632726e+00  7.53922326e+00  9.82625556e+00
  5.28081723e+00  7.54804267e+00  3.74372487e-01
  5.98614163e+00  6.90753968e+00  5.20960062e-01
  6.55425017e+00  7.50085195e+00  1.09343021e+00
  7.34078366e+00  7.11373883e+00  7.02421744e-01
  7.05419303e+00  6.18192666e+00  9.85655583e-01

molecule   35
  5.40074397e+00  3.96856908e-01  8.06678445e+00
  5.30446176e+00  1.62085782e-01  7.10588885e+00
  5.80793444e+00  9.80482820e+00  7.26443676e+00
  6.26209177e+00  9.44952252e+00  6.42547371e+00
  7.04431870e+00  9.53482754e+00  7.09968932e+00
  6.87146905e+00  9.83460198e+00  8.05864786e+00
  6.93332933e+00  3.70094379e-01  8.15569397e+00
  6.84884364e+00  1.34812986e-01  7.14840499e+00

molecule   36
  9.94904731e+00  9.46458111e+00  6.48965049e+00
  1.27656133e-01  8.78086551e+00  6.24523394e+00
  5.44338897e-01  9.66805206e+00  6.41656311e+00
  1.20371449e+00  9.85545787e+00  7.12598790e+00
  1.16893640e+00  8.92891199e+00  6.74092603e+00
  1.20396634e+00  8.05818648e+00  6.26261439e+00
  1.83593958e+00  7.30681071e+00  5.99016769e+00
  9.60536993e-01  7.36734975e+00  5.50941784e+00

molecule   37
  6.93840000e+00  8.30182072e+00  6.36852767e+00
  6.77375220e+00  8.37153442e+00  7.32211542e+00
  6.08372389e+00  7.87804765e+00  7.82776202e+00
  7.04689408e+00  7.83877158e+00  8.12609689e+00
  6.97647965e+00  6.86055283e+00  8.33900778e+00
  6.61516666e+00  6.84645679e+00  9.22197552e+00
  5.78681823e+00  7.38033846e+00  8.93865961e+00
  4.79050200e+00  7.28481613e+00  8.86749034e+00

molecule   38
  3.89714991e+00  6.76593493e+00  8.02285689e+00
  3.77219445e+00  7.51615386e+00  8.61738021e+00
  3.26381226e+00  7.20482319e+00  9.43387806e+00
  4.14950890e+00  7.65578109e+00  9.65437328e+00
  3.30165946e+00  7.86398452e+00  1.01855142e+01
  3.26390870e+00  7.66156663e+00  6.95931779e-01
  4.20049814e+00  7.92626799e+00  5.57597390e-01
  4.92265432e+00  8.58219486e+00  3.43184140e-01

molecule   39
  4.80753962e+00  3.14804653e+00  9.46515178e+00
  5.79075876e+00  3.11533582e+00  9.76671131e+00
  5.44351987e+00  3.94352250e+00  1.02505288e+01
  4.44620150e+00  3.84355808e+00  1.03053033e+01
  3.72167473e+00  3.69403728e+00  5.43713028e-01
  3.13952371e+00  4.23097626e+00  1.13689892e+00
  2.34125373e+00  3.64477923e+00  1.08853935e+00
  1.85534243e+00  4.03484724e+00  3.12966421e-01

molecule   40
  7.71773284e+00  5.04036525e+00  9.18011604e+00
  8.47655361e+00  5.71995479e+00  9.47044015e+00
  9.21400074e+00  6.11664251e+00  8.89675546e+00
  8.96028560e+00  5.15443400e+00  8.72401087e+00
  9.05297810e+00  5.17811834e+00  7.74185615e+00
  8.08729951e+00  5.02406495e+00  7.99854584e+00
  7.85802599e+00  6.01076907e+00  8.13435921e+00
  7.33340325e+00  5.99617646e+00  8.99503416e+00

molecule   41
  1.53919482e+00  9.46661434e+00  9.41229642e+00
  2.18719181e+00  9.56838818e+00  1.02210967e+01
  1.66278381e+00  1.03180836e+01  9.89119684e+00
  9.01212976e-01  9.87214697e+00  1.03355083e+01
  7.61755236e-01  9.00405150e+00  9.84487644e+00
  1.42394038e-01  9.75832122e+00  9.54901925e+00
  4.36757093e-01  1.01990791e+01  8.74848244e+00
  9.88746173e+00  1.00874614e+01  8.72164242e+00

molecule   42
  2.63315032e+00  7.59957278e-01  7.49648015e+00
  1.87087815e+00  1.24515736e+00  7.81448307e+00
  2.47572734e+00  1.88275156e+00  7.45802154e+00
  2.63670016e+00  1.64483258e+00  6.49645577e+00
  3.18878300e+00  2.39200714e+00  6.72820797e+00
  2.89557852e+00  2.91656163e+00  7.54499086e+00
  3.38626357e+00  3.48811174e+00  6.92081979e+00
  4.28396883e+00  3.54597226e+00  6.53416227e+00

molecule   43
  4.61303128e+00  8.71591099e+00  9.85618435e+00
  4.43455489e+00  8.73093670e+00  8.88848320e+00
  5.39124552e+00  8.59395326e+00  8.65620756e+00
  6.09925209e+00  8.99095567e+00  8.08026768e+00
  5.61082476e+00  9.75532378e+00  8.44028389e+00
  4.71323967e+00  9.44840717e+00  8.13157599e+00
  4.76217386e+00  9.31337819e+00  7.15757674e+00
  5.13602493e+00  8.40245811e+00  7.46226180e+00

molecule   44
  7.59520964e+00  3.46349243e+00  4.57008520e+00
  7.24432161e+00  2.90765916e+00  5.31400524e+00
  7.23815187e+00  3.51919374e+00  6.08892049e+00
  7.79649410e+00  3.10563881e+00  6.82526035e+00
  7.45693839e+00  3.57749439e+00  7.63039287e+00
  8.10104449e+00  3.75550279e+00  8.36440999e+00
  7.52222776e+00  3.91344358e+00  9.16310649e+00
  8.33206851e+00  4.39884581e+00  9.52762419e+00

molecule   45
  2.90352799e-01  9.02413561e+00  7.38493066e+00
  8.87665201e-01  8.31750752e+00  7.79401318e+00
  1.70283069e+00  8.40911343e+00  8.32473432e+00
  1.79602687e+00  9.22489656e+00  7.87731789e+00
  2.04863906e+00  9.94054157e+00  8.51465163e+00
  1.37447355e+00  1.04371506e+01  7.98140049e+00
  1.51467272e+00  3.73093638e-01  7.12235344e+00
  1.72089835e+00  1.30314589e+00  6.68760208e+00

molecule   46
  3.07956500e+00  6.33658651e+00  8.93446067e-02
  2.22022212e+00  6.12535886e+00  9.99150114e+00
  1.31523795e+00  6.10087223e+00  1.03479129e+01
  4.71328435e-01  6.18047400e+00  4.07812864e-01
  3.52141098e-01  6.11095058e+00  9.86168990e+00
  7.46433588e-01  5.23744464e+00  9.97424048e+00
  1.02973022e+00  4.65832214e+00  2.89338602e-01
  2.72994440e-01  3.99941938e+00  3.96467904e-01

molecule   47
  1.56136669e-01  4.93481933e+00  6.16046121e+00
  7.68696516e-01  4.32153010e+00  6.62571314e+00
  1.03602364e+01  4.51675775e+00  7.06708833e+00
  9.50195422e+00  4.96433981e+00  6.80421836e+00
  9.57471583e+00  5.73119387e+00  6.21144418e+00
  9.56225828e+00  5.53774858e+00  5.20847282e+00
  1.03553581e+01  5.94005926e+00  5.59078575e+00
  2.88243986e-01  6.74234972e+00  6.02240703e+00

molecule   48
  6.35039556e+00  8.94418951e+00  3.09995199e+00
  6.59548042e+00  9.88615482e+00  3.09494537e+00
  5.81939287e+00  1.00332895e+01  3.69347535e+00
  5.13809913e+00  2.98776503e-01  3.38253803e+00
  5.01650712e+00  9.40027405e-02  2.44558781e+00
  5.75949735e+00  9.86318975e+00  2.25953516e+00
  5.97935557e+00  1.69907141e-01  1.69574133e+00
  5.12852662e+00  6.48140867e-01  1.49202000e+00

molecule   49
  4.68023305e+00  3.04713096e+00  1.01765201e+00
  3.74045083e+00  2.64451973e+00  1.05149846e+00
  4.08475144e+00  2.84765943e+00  1.22184401e-01
  4.72707342e+00  2.31405161e+00  9.99524990e+00
  4.10370996e+00  2.34605437e+00  9.22194590e+00
  3.19966489e+00  2.11708852e+00  9.59259173e+00
  3.07782422e+00  2.59238246e+00  2.98964915e-02
  2.68310110e+00  1.70363206e+00  2.10374860e-01

molecule   50
  6.21315261e+00  8.81857377e+00  3.28904527e-02
  5.47060497e+00  9.49367646e+00  1.04473726e+01
  5.66419103e+00  1.00213849e+01  9.65560761e+00
  5.83579411e+00  5.56562040e-01  9.95102157e+00
  6.63454622e+00  1.07264590e+00  9.66728973e+00
  7.16130231e+00  3.44596477e-01  9.22110340e+00
  7.89121934e+00  1.03537378e-01  9.85940032e+00
  8.06851951e+00  1.94132247e-01  8.88636985e+00

molecule   51
  8.18593061e+00  1.28519658e+00  1.97142126e+00
  9.12544286e+00  1.14577523e+00  2.29805864e+00
  9.02420908e+00  5.95222141e-01  3.09179023e+00
  8.11039317e+00  9.25292159e-01  3.01373605e+00
  7.71491638e+00  2.58268993e-01  3.63863604e+00
  6.79022969e+00  3.73559416e-01  4.05272468e+00
  6.73761378e+00  9.16373202e-01  3.23497096e+00
  6.90903757e+00  1.35127211e+00  2.31430144e+00

molecule   52
  9.62806826e+00  2.79033398e+00  4.05232944e-01
  8.65357644e+00  2.89146142e+00  7.03842848e-01
  7.72252997e+00  2.59876623e+00  3.57265447e-01
  7.19449147e+00  1.88821531e+00  1.03282451e+01
  6.60034169e+00  1.66631476e+00  7.01111560e-01
  7.17293343e+00  2.27222390e+00  1.25682950e+00
  8.10776584e+00  2.48374079e+00  1.47352077e+00
  8.43169788e+00  2.63490554e+00  2.37802910e+00

molecule   53
  1.00528449e+01  6.42171411e+00  9.98294443e-01
  4.41104163e-01  6.32572443e+00  1.49911978e+00
  4.63418085e-01  5.60090112e+00  2.16727148e+00
  1.01703803e+01  5.45971345e+00  2.82589710e+00
  9.85905304e+00  6.05548589e+00  2.10378244e+00
  9.36378304e+00  6.68257840e+00  2.71104102e+00
  9.45135515e+00  6.90007151e+00  1.74931831e+00
  9.07544763e+00  6.99379809e+00  8.50195846e-01

molecule   54
  3.46056136e+00  1.00168660e+01  1.09310820e+00
  2.68542631e+00  9.89591971e+00  1.72450432e+00
  1.81856985e+00  1.04096342e+01  1.57848215e+00
  2.64285142e+00  4.66586053e-01  1.73996730e+00
  2.37393468e+00  1.25072609e+00  1.20049925e+00
  1.89597330e+00  8.62962296e-01  3.73162923e-01
  1.53184262e+00  1.52551753e+00  1.02080391e+01
  1.85047963e+00  2.24642048e+00  9.60818855e+00

molecule   55
  3.35711240e+00  9.92663227e+00  4.95009889e+00
  4.32492163e+00  9.63392638e+00  5.10627492e+00
  4.11281379e+00  1.50150592e-01  5.20314789e+00
  3.28831319e+00  4.24310387e-01  5.63883134e+00
  3.47662185e+00  1.42488169e+00  5.77105191e+00
  4.46141741e+00  1.70485074e+00  5.67121857e+00
  4.50784722e+00  2.60028527e+00  6.12473683e+00
  4.32411838e+00  2.18326286e+00  7.00378908e+00

molecule   56
  2.06008682e+00  4.43055510e+00  6.20361926e+00
  1.63410291e+00  3.62920206e+00  5.80879401e+00
  2.41125241e+00  3.41730289e+00  6.40674497e+00
  2.04472534e+00  2.61267021e+00  6.86719060e+00
  1.97467394e+00  2.50566919e+00  5.86329545e+00
  1.53077160e+00  2.75814179e+00  4.99108913e+00
  2.06058984e+00  2.63324543e+00  4.16483904e+00
  1.82349096e+00  1.71410701e+00  3.85996195e+00

molecule   57
  4.06856952e+00  8.07067137e+00  7.72660728e+00
  3.79823239e+00  7.97704623e+00  6.76925081e+00
  3.79502824e+00  8.92351471e+00  7.00910173e+00
  3.63921212e+00  9.75209605e+00  6.48491403e+00
  4.45611025e+00  1.01103336e+01  6.05048037e+00
  5.29356480e+00  9.61962316e+00  6.23699105e+00
  4.86120607e+00  8.81895372e+00  5.85539232e+00
  3.88133282e+00  8.99065990e+00  5.78996369e+00

molecule   58
  5.07615345e+00  4.97958894e+00  5.11994757e+00
  5.97402556e+00  5.36712540e+00  4.92562867e+00
  6.39180291e+00  6.23421750e+00  5.28927242e+00
  5.74740246e+00  6.94612956e+00  5.64771312e+00
  5.05714907e+00  6.89205703e+00  6.35426600e+00
  4.86588196e+00  7.88589134e+00  6.44560468e+00
  4.75792420e+00  7.68398969e+00  5.44090718e+00
  5.56945310e+00  7.73419597e+00  4.92535711e+00

molecule   59
  8.83866304e+00  3.05517654e+00  4.63472468e+00
  8.59585554e+00  2.23028332e+00  5.19036316e+00
  8.24874456e+00  2.93148562e+00  5.79383170e+00
  7.71121109e+00  2.08622736e+00  5.64925115e+00
  6.79263505e+00  1.76203855e+00  5.57368476e+00
  7.18066613e+00  8.73096110e-01  5.71735355e+00
  7.38845521e+00  1.04024240e+01  5.38028519e+00
  7.35831911e+00  9.62225672e+00  6.01123817e+00

molecule   60
  3.38516272e+00  8.34380339e+00  2.85275693e+00
  3.76806790e+00  9.09012085e+00  3.40801871e+00
  3.27638926e+00  9.80648252e+00  3.96216772e+00
  3.63375161e+00  2.29492003e-01  4.17796544e+00
  4.39614372e+00  1.00473121e+01  4.09046946e+00
  4.88150304e+00  9.19195340e+00  4.06090730e+00
  5.43198619e+00  8.75696112e+00  4.76724366e+00
  4.43123193e+00  8.64786854e+00  4.87053474e+00

molecule   61
  3.10721935e+00  7.99101686e+00  3.85525389e+00
  3.45066257e+00  8.70962007e+00  4.44446005e+00
  2.52697492e+00  8.95736811e+00  4.22071374e+00
  2.04994691e+00  8.36020228e+00  3.52252438e+00
  1.35203186e+00  7.70468011e+00  3.84319875e+00
  1.65473135e+00  7.26464469e+00  4.67762657e+00
  8.63916735e-01  6.70054031e+00  4.64861734e+00
  1.90230275e-01  7.45989716e+00  4.44825145e+00

molecule   62
  2.15429030e+00  5.16024083e+00  1.02498377e+01
  2.67009385e+00  5.38864838e+00  6.01955441e-01
  3.61215258e+00  5.64175609e+00  7.38242711e-01
  4.01229093e+00  4.89730949e+00  1.96815102e-01
  4.69199423e+00  5.61824022e+00  4.15021964e-02
  4.26234724e+00  5.45382649e+00  9.60676500e+00
  4.39675244e+00  4.52725388e+00  9.21295984e+00
  5.27131425e+00  4.74086735e+00  9.59903637e+00

molecule   63
  9.75287286e+00  6.22953601e-01  5.29886453e+00
  1.01082006e+01  8.30167791e-01  6.19856859e+00
  4.76291018e-01  3.80547230e-01  6.55246328e+00
  3.49686788e-01  1.04543382e+01  5.62002485e+00
  4.21246006e-01  9.57324710e+00  5.18842039e+00
  1.36156812e+00  9.80003653e+00  5.19886847e+00
  1.15595017e+00  8.92903476e+00  5.60435236e+00
  1.12049282e+00  8.88039195e+00  4.57335610e+00

molecule   64
  6.37568490e-01  2.96959783e+00  6.46932280e+00
  2.29873391e-01  3.38251153e+00  5.70993155e+00
  1.00568673e+01  3.57282370e+00  6.47298145e+00
  1.00510568e+01  2.93293973e+00  7.27533526e+00
  1.00208646e+01  2.01215915e+00  7.57900528e+00
  1.00983123e+01  9.86892001e-01  7.49466577e+00
  1.02740720e+01  4.92548323e-02  7.64098980e+00
  9.68484484e+00  9.71955912e+00  7.77170985e+00

molecule   65
  9.42761833e+00  4.14230658e+00  8.39497485e+00
  1.01742561e+01  3.71884711e+00  8.89248102e+00
  1.00933931e+01  4.62760520e+00  9.30676497e+00
  9.86573880e+00  3.83707697e+00  9.83589984e+00
  9.91013940e+00  2.87113268e+00  9.48274907e+00
  9.11301040e+00  3.27457462e+00  8.96881856e+00
  8.89326846e+00  2.37819026e+00  9.41044439e+00
  8.44040456e+00  1.51008032e+00  9.32507667e+00

molecule   66
  4.72654783e+00  5.89114774e+00  4.04136572e+00
  4.97018690e+00  6.23153545e+00  4.96954623e+00
  4.14403702e+00  5.65582353e+00  5.15875018e+00
  3.74005808e+00  5.18458646e+00  4.36529828e+00
  3.29240721e+00  6.04404406e+00  4.51990522e+00
  3.60788036e+00  5.79519920e+00  3.58698341e+00
  3.36276432e+00  5.23474340e+00  2.76931726e+00
  3.15083465e+00  5.34942625e+00  1.78169962e+00

molecule   67
  3.01028307e+00  2.56672794e+00  3.47852958e+00
  3.59990317e+00  2.41398559e+00  4.27716305e+00
  3.35381834e+00  2.49098239e+00  5.22219965e+00
  3.30923133e+00  3.20779613e+00  5.90518435e+00
  3.24724965e+00  3.79122871e+00  5.09233951e+00
  3.02492713e+00  4.46230122e+00  4.34129362e+00
  3.52467811e+00  3.67084182e+00  3.98058899e+00
  3.73896455e+00  4.03300913e+00  3.06434126e+00

molecule   68
  2.30993957e+00  3.61452933e-01  6.19751074e+00
  2.76940917e+00  9.97548365e+00  5.90471471e+00
  1.82097195e+00  9.62216477e+00  6.16928600e+00
  2.24307128e+00  9.20246779e+00  6.97426498e+00
  2.90849672e+00  9.85343592e+00  7.47947090e+00
  3.44239675e+00  1.57358249e-01  7.04192511e+00
  3.84248597e+00  1.06545790e+00  6.98956753e+00
  4.18520228e+00  7.59969175e-01  6.09340906e+00

molecule   69
  9.04185586e+00  8.94921689e-01  1.00776015e+01
  9.74786719e+00  2.94309655e-01  1.03152894e+01
  1.04011229e+01  5.19586073e-01  9.60848872e+00
  3.42063008e-01  8.36894280e-01  8.75011376e+00
  1.19798510e+00  1.34815987e+00  8.67105106e+00
  3.36695912e-01  1.82189075e+00  8.58035191e+00
  1.01618645e+01  2.57915058e+00  8.44983852e+00
  9.71688282e+00  1.69071625e+00  8.56452793e+00

molecule   70
  6.33795105e+00  5.20190020e+00  7.97132441e-01
  5.75492189e+00  4.35752189e+00  7.11446715e-01
  4.79459824e+00  4.16538004e+00  8.45153062e-01
  4.91525450e+00  3.70966007e+00  1.69124951e+00
  4.68035291e+00  4.29592764e+00  2.50079453e+00
  3.96448695e+00  4.20520289e+00  1.78762707e+00
  3.99926116e+00  3.17909859e+00  1.99824298e+00
  4.26618902e+00  2.44235091e+00  2.65113339e+00

molecule   71
  8.94289908e+00  2.76673932e+00  7.76596457e+00
  8.84856787e+00  2.38377817e+00  6.83529545e+00
  8.64343549e+00  1.75836951e+00  6.09573404e+00
  9.50992277e+00  1.98305252e+00  5.66042172e+00
  9.34720742e+00  2.96851687e+00  5.74859098e+00
  9.37515687e+00  3.98221116e+00  5.59464739e+00
  8.92945775e+00  3.75134489e+00  6.46560045e+00
  9.28473231e+00  3.79094298e+00  7.38829808e+00

molecule   72
  1.09182331e+00  8.21176947e+00  9.12726093e+00
  7.02800261e-01  8.93757385e+00  8.58849054e+00
  1.03036472e+01  8.74118085e+00  8.94589243e+00
  1.03549611e+01  8.24428719e+00  9.82582590e+00
  6.10424851e-03  7.62672947e+00  9.00280126e+00
  1.04365935e+01  7.07740972e+00  9.82916486e+00
  5.35996516e-01  6.77906052e+00  9.02858031e+00
  1.02460475e+00  5.92236681e+00  9.05615882e+00

molecule   73
  1.02297020e+01  1.30321329e+00  2.38162925e+00
  1.00751916e+01  2.27785097e+00  2.27314357e+00
  9.23821075e+00  2.14699506e+00  2.83013030e+00
  8.58054623e+00  2.45532859e+00  3.49151370e+00
  9.01745299e+00  1.53073866e+00  3.69251404e+00
  9.25864112e+00  1.81161654e+00  4.57550591e+00
  1.02157862e+01  1.82450507e+00  4.73044823e+00
  1.58723652e-01  9.27156646e-01  4.63471017e+00

molecule   74
  8.12899332e-01  9.96224807e-01  3.98820933e-01
  8.74643388e-01  1.92501854e+00  7.87138186e-01
  2.42052249e-01  1.35175732e+00  1.23270673e+00
  1.85724129e-01  3.71482661e-01  1.41752034e+00
  5.43730913e-02  9.83597412e+00  1.31153686e+00
  8.07438524e-01  9.61706419e+00  1.97396671e+00
  8.47804653e-01  8.59834955e+00  1.94343332e+00
  7.77482856e-01  8.79215898e+00  9.76240308e-01

molecule   75
  6.67613327e+00  1.72141016e+00  7.66819831e+00
  6.16258436e+00  8.84014666e-01  7.47839801e+00
  5.56734201e+00  1.66419796e+00  7.23661140e+00
  5.75838232e+00  2.35203916e+00  6.55459063e+00
  5.48753926e+00  2.28558606e+00  5.62099233e+00
  5.57156434e+00  1.28145189e+00  5.93536265e+00
  5.96752428e+00  1.18366363e+00  5.02266263e+00
  5.57483680e+00  1.09653041e+00  4.13372787e+00

molecule   76
  1.83892921e+00  1.58740975e+00  2.19181419e+00
  2.53311747e+00  1.29203858e+00  2.81887551e+00
  1.96754692e+00  4.88248287e-01  2.67878663e+00
  1.24762896e+00  1.02909646e+01  2.67184431e+00
  3.53757393e-01  1.03891195e+01  3.15842194e+00
  7.34303556e-01  1.04327106e+01  4.10979592e+00
  1.01550637e+01  1.03335603e+01  4.14427265e+00
  9.60627056e+00  7.01690149e-01  4.28674206e+00

molecule   77
  1.35795324e-01  8.85863281e+00  4.11072034e+00
  1.48028499e-02  8.57678571e+00  5.07045711e+00
  1.02245719e+01  7.70173595e+00  5.42492821e+00
  9.65484564e+00  6.90618111e+00  5.62244887e+00
  8.89209967e+00  7.45701067e+00  5.89879395e+00
  9.01529483e+00  6.57485665e+00  6.42052521e+00
  9.75322832e+00  6.67997794e+00  7.09618684e+00
  9.10252730e+00  6.37934730e+00  7.75257587e+00

molecule   78
  5.10854014e+00  8.93557804e+00  1.89493149e+00
  4.74643897e+00  9.24209367e+00  2.80634178e+00
  4.11498455e+00  8.66394693e+00  2.31786975e+00
  3.63652069e+00  8.55320281e+00  1.47455415e+00
  2.71826835e+00  8.80930424e+00  1.87617178e+00
  2.02099495e+00  8.32977039e+00  2.43649674e+00
  1.20580912e+00  8.03282385e+00  2.90806116e+00
  1.44617721e+00  7.08530596e+00  2.65540101e+00

molecule   79
  7.24173531e+00  6.11342404e+00  2.73769935e+00
  7.99194243e+00  6.77529577e+00  2.91625959e+00
  8.61809120e+00  7.49671923e+00  2.90948029e+00
  9.42571726e+00  7.92752590e+00  3.36126389e+00
  9.55862065e+00  8.31091222e+00  4.27435058e+00
  8.72273929e+00  7.77652300e+00  4.15270315e+00
  8.82457763e+00  8.01850235e+00  5.06329586e+00
  9.32995561e+00  8.78430558e+00  5.40418668e+00

molecule   80
  1.26965490e+00  6.13922029e+00  3.79893653e+00
  2.20591800e+00  6.21887978e+00  4.22117900e+00
  2.28251882e+00  5.32387547e+00  3.83392901e+00
  1.96312208e+00  4.63506025e+00  4.51961867e+00
  1.95565339e+00  5.45831621e+00  5.06012861e+00
  9.72057598e-01  5.48143454e+00  4.98252994e+00
  1.22769036e+00  6.26215587e+00  5.54874910e+00
  1.88653148e+00  5.74562314e+00  6.08181457e+00

molecule   81
  1.73777492e+00  8.23823270e-01  9.47321041e+00
  2.54064869e+00  4.66447497e-01  9.89696723e+00
  2.67324230e+00  4.86616641e-02  3.39583501e-01
  3.40207370e+00  6.36682482e-01  7.43441173e-01
  3.75222223e+00  1.58868371e-01  1.04306154e+01
  3.85898384e+00  1.04147571e+01  9.45183958e+00
  4.67657279e+00  9.92862308e+00  9.22786890e+00
  4.79533688e+00  9.10640342e-02  9.97691225e+00

molecule   82
  3.37069697e+00  5.94793364e+00  8.88756711e+00
  2.89815281e+00  6.61667417e+00  8.34273605e+00
  1.99464840e+00  6.18214857e+00  8.30536318e+00
  1.70907133e+00  5.21881448e+00  8.23535854e+00
  2.60189233e+00  5.20741151e+00  8.65467488e+00
  2.87318834e+00  5.38965536e+00  9.62388781e+00
  2.53065578e+00  4.49347746e+00  9.41386925e+00
  2.89042804e+00  4.16079757e+00  1.02454583e+01

molecule   83
  7.27604836e+00  8.77402786e+00  8.46926946e+00
  6.48550668e+00  9.01950755e+00  9.05392138e+00
  7.36560099e+00  9.53448496e+00  9.24642126e+00
  8.36741993e+00  9.53869095e+00  9.25780124e+00
  8.31316208e+00  9.85229019e+00  8.29106617e+00
  9.09554032e+00  1.04369282e+01  8.19048085e+00
  8.98542300e+00  9.17163131e-01  8.44024993e+00
  9.45417899e+00  4.34978538e-01  9.13458844e+00

molecule   84
  7.85158454e+00  4.43867399e+00  5.48220960e-01
  7.21292422e+00  4.21948638e+00  1.02545616e+01
  6.80110007e+00  3.29254478e+00  1.02239917e+01
  7.00913080e+00  3.60975504e+00  7.07677135e-01
  7.00686658e+00  4.39840762e+00  1.29545671e+00
  7.42093984e+00  4.76953096e+00  2.14634814e+00
  6.45904464e+00  4.75538110e+00  2.35414055e+00
  6.77952221e+00  5.65284036e+00  1.98460878e+00

molecule   85
  2.79480751e-02  5.37888736e+00  8.73831173e+00
  7.63840946e-01  4.68149932e+00  8.61590618e+00
  9.34352507e-01  3.71796894e+00  8.38127442e+00
  9.47180135e-01  3.64060263e+00  7.40038581e+00
  1.87596371e+00  4.00044249e+00  7.60488604e+00
  2.52102636e+00  4.15016678e+00  8.38865034e+00
  3.54740282e+00  4.27387829e+00  8.50206200e+00
  3.77481915e+00  3.55952506e+00  9.20404716e+00

molecule   86
  2.78729257e+00  6.14947100e+00  5.39241592e+00
  3.29146479e+00  6.98135986e+00  5.60611600e+00
  4.20475381e+00  6.68854086e+00  5.91538324e+00
  3.66201356e+00  6.96468812e+00  6.70188906e+00
  3.72229175e+00  5.98333520e+00  6.57175676e+00
  4.67688802e+00  5.59055760e+00  6.42980057e+00
  5.54348632e+00  5.91960991e+00  6.14938001e+00
  6.50856545e+00  5.94701932e+00  6.39094982e+00

molecule   87
  8.85245590e-01  7.39822367e+00  1.49816327e+00
  1.75038131e-01  7.85342647e+00  9.10539417e-01
  1.01314502e+01  8.69138051e+00  7.79002791e-01
  9.36384450e+00  9.31709518e+00  8.41400185e-01
  9.14741560e+00  9.73170797e+00  1.71515421e+00
  8.50121493e+00  1.08543648e-02  1.44579456e+00
  7.59325294e+00  2.40705662e-01  1.80067600e+00
  7.07122897e+00  9.94783591e+00  2.15699170e+00

molecule   88
  8.57751981e+00  1.64941497e+00  7.63737663e+00
  7.72817201e+00  1.48501434e+00  8.12203429e+00
  6.98124180e+00  1.42784466e+00  8.72403659e+00
  6.61778043e+00  2.06991118e+00  9.42286460e+00
  7.40455580e+00  2.62109873e+00  9.32449146e+00
  8.04646723e+00  2.69471131e+00  8.52826181e+00
  7.11060986e+00  2.54439366e+00  8.23612975e+00
  6.16247208e+00  2.40643195e+00  8.11749221e+00

molecule   89
  6.00677247e+00  1.03319332e+00  8.54104527e+00
  5.66362912e+00  1.70738918e+00  9.16553067e+00
  5.03233513e+00  2.32829616e+00  8.66899703e+00
  4.82952362e+00  1.51412043e+00  8.07639579e+00
  4.68965718e+00  1.36645973e+00  9.09326235e+00
  5.02925939e+00  1.19509126e+00  1.00063664e+01
  5.84689127e+00  1.70518467e+00  1.02170646e+01
  5.58822133e+00  1.13320101e+00  5.55055777e-01

molecule   90
  6.35596688e+00  6.63999288e+00  3.17571396e+00
  6.01937279e+00  6.40876874e+00  4.10552468e+00
  6.89420886e+00  6.90369721e+00  4.21924868e+00
  7.68083132e+00  7.39843100e+00  3.85258829e+00
  7.52464145e+00  8.28112315e+00  4.24245122e+00
  7.75147605e+00  8.49874980e+00  5.17082500e+00
  8.40891677e+00  8.54363394e+00  5.95326040e+00
  8.35273815e+00  9.06335230e+00  6.77046266e+00

molecule   91
  3.38069662e+00  9.77121504e+00  1.01088737e+01
  2.81586517e+00  9.60330972e+00  9.28050704e+00
  3.30118554e+00  9.66443577e+00  8.39479025e+00
  3.89966662e+00  1.03253782e+01  7.95116424e+00
  3.12620342e+00  2.46615394e-01  8.40643861e+00
  2.22946709e+00  6.23357440e-01  8.62810111e+00
  2.99930264e+00  1.06020953e+00  9.11511346e+00
  3.52527761e+00  1.23297965e+00  9.96877621e+00

molecule   92
  1.00979063e+01  1.89557801e+00  1.91267498e-01
  1.02884625e+01  1.95121115e+00  9.63746834e+00
  6.00939138e-01  1.33602349e+00  9.76029111e+00
  7.07858343e-01  2.23384762e+00  1.02214520e+01
  1.45863072e-01  3.08007891e+00  1.02647292e+01
  7.00660622e-01  2.92411634e+00  9.43306608e+00
  1.01804342e+00  3.76686140e+00  9.88642159e+00
  1.49374603e+00  4.56012088e+00  9.60535684e+00

molecule   93
  4.07572288e+00  6.00766359e+00  1.77044320e+00
  4.85365690e+00  5.58468700e+00  1.37590479e+00
  5.56615197e+00  5.04999045e+00  1.78062182e+00
  4.74010354e+00  5.24897063e+00  2.38790896e+00
  4.35320891e+00  5.04316426e+00  3.30977200e+00
  4.92972480e+00  4.72241847e+00  4.05579880e+00
  5.48478706e+00  4.46808509e+00  3.26109395e+00
  6.40902579e+00  4.16524085e+00  3.23684809e+00

molecule   94
  7.71602812e+00  9.55842814e+00  3.33340002e-01
  7.98572632e+00  8.61994668e+00  3.89414523e-01
  7.10065534e+00  8.99906594e+00  8.47135132e-01
  6.66179627e+00  9.81100644e+00  1.12673030e+00
  6.85234688e+00  1.01165118e+01  2.03118416e-01
  7.30659736e+00  5.31656639e-01  8.32972108e-02
  6.74450292e+00  6.02907893e-01  9.04648707e-01
  7.68808696e+00  8.99515232e-01  9.95544670e-01

molecule   95
  5.90889421e+00  5.07693997e+00  6.95758620e+00
  6.30895227e+00  4.29335821e+00  6.54550217e+00
  6.02313909e+00  4.56837124e+00  5.64067713e+00
  5.35154574e+00  4.42286415e+00  6.31386159e+00
  5.17795767e+00  4.01058446e+00  5.44093029e+00
  4.28347356e+00  4.42198980e+00  5.52374670e+00
  4.43169072e+00  4.01867046e+00  4.63979266e+00
  4.39587751e+00  3.12386691e+00  5.11953225e+00

molecule   96
  2.82612839e+00  4.03598663e+00  2.50198308e+00
  2.32721928e+00  4.50884961e+00  3.18232163e+00
  2.24713179e+00  3.63375751e+00  3.64792427e+00
  2.25980176e+00  3.53406923e+00  4.66258561e+00
  1.31429134e+00  3.86037988e+00  4.55490288e+00
  1.30047116e+00  4.33949282e+00  3.69703986e+00
  1.04585560e+00  3.38231259e+00  3.68865734e+00
  1.65563726e-01  2.98211040e+00  3.57384385e+00

molecule   97
  3.15199774e+00  4.43532495e+00  7.24552519e+00
  3.99827957e+00  4.82102146e+00  7.67140366e+00
  4.52734798e+00  5.29006244e+00  8.42514786e+00
  5.00977100e+00  4.76143614e+00  7.69130820e+00
  4.91385970e+00  3.92522005e+00  7.16074387e+00
  5.56848044e+00  3.39468575e+00  6.64601491e+00
  6.53375836e+00  3.12563844e+00  6.69664749e+00
  7.02962102e+00  2.31699428e+00  6.51379137e+00

molecule   98
  3.42501132e+00  6.95684965e+00  3.93923742e+00
  4.25319467e+00  7.33884159e+00  4.28725723e+00
  3.59528252e+00  7.62864462e+00  4.96971876e+00
  2.72098163e+00  7.19706631e+00  4.85040888e+00
  2.53308070e+00  8.15354743e+00  4.97553039e+00
  2.67609889e+00  9.10045225e+00  5.30058170e+00
  2.09267724e+00  8.60368223e+00  5.90280772e+00
  3.00923057e+00  8.71689032e+00  6.29989714e+00

molecule   99
  8.55189252e+00  3.88771013e+00  3.72521810e-02
  8.85637408e+00  4.34628434e+00  8.67218739e-01
  9.35678286e+00  4.86240895e+00  1.52457419e+00
  8.78827414e+00  5.42222524e+00  9.28046619e-01
  8.38199455e+00  6.28260142e+00  6.30333583e-01
  8.02465240e+00  6.60228301e+00  1.48078564e+00
  7.88847266e+00  5.65573768e+00  1.41642670e+00
  8.46075261e+00  5.04206008e+00  1.99789429e+00
