  1.7878388e+00
  1.7797821e+00
  1.7446443e+00
  1.7255951e+00
  1.7577014e+00
  1.7990153e+00
  1.7245690e+00
  1.7496671e+00
  1.7473495e+00
  1.8052118e+00
  1.7781199e+00
  1.7851462e+00
  1.7658340e+00
  1.7812826e+00
  1.7927415e+00
  1.7637687e+00
  1.7873310e+00
  1.8656733e+00
  1.8530406e+00
  1.7983709e+00
  1.7938284e+00
  1.8301835e+00
  1.7939419e+00
  1.8246419e+00
  1.8032465e+00
  1.7794289e+00
  1.8550193e+00
  1.8050797e+00
  1.8015807e+00
  1.8369206e+00
  1.7896991e+00
  1.7883338e+00
  1.7782853e+00
  1.8218451e+00
  1.7954751e+00
  1.8003577e+00
  1.7972624e+00
  1.7781367e+00
  1.8197508e+00
  1.8008995e+00
  1.7331476e+00
  1.7992593e+00
  1.8455558e+00
  1.7941962e+00
  1.7818664e+00
  1.8462912e+00
  1.7774396e+00
  1.7468252e+00
  1.8283673e+00
  1.8039801e+00
  1.7825946e+00
  1.7779774e+00
  1.7694481e+00
  1.8111157e+00
  1.8118439e+00
  1.7540258e+00
  1.7417589e+00
  1.7417973e+00
  1.7603370e+00
  1.8221382e+00
  1.8273800e+00
  1.8417364e+00
  1.7386879e+00
  1.7672665e+00
  1.7750256e+00
  1.7815597e+00
  1.8397167e+00
  1.8048252e+00
  1.8045232e+00
  1.7997101e+00
  1.7826445e+00
  1.7887887e+00
  1.8091109e+00
  1.7901478e+00
  1.7964694e+00
  1.8099536e+00
  1.7961215e+00
  1.7921023e+00
  1.7788726e+00
  1.7918342e+00
  1.8267245e+00
  1.7947089e+00
  1.8715403e+00
  1.8096303e+00
  1.7900426e+00
  1.7651814e+00
  1.8193252e+00
  1.7327686e+00
  1.7314912e+00
  1.7796723e+00
  1.8143900e+00
  1.8162241e+00
  1.8146861e+00
  1.7456383e+00
  1.7706671e+00
  1.8084419e+00
  1.7814091e+00
  1.7617621e+00
  1.7513069e+00
  1.8168080e+00
  1.8269562e+00
  1.8213742e+00
  1.7800221e+00
  1.7371612e+00
  1.8237158e+00
  1.7847316e+00
  1.8399359e+00
  1.7749970e+00
  1.8183038e+00
  1.7959387e+00
  1.8596118e+00
  1.8120556e+00
  1.8024008e+00
  1.7801186e+00
  1.7953562e+00
  1.7652962e+00
  1.8040660e+00
  1.7793398e+00
  1.8274438e+00
  1.7656525e+00
  1.7871772e+00
  1.7889983e+00
  1.8043823e+00
  1.7816746e+00
  1.8208271e+00
  1.7964547e+00
  1.8206425e+00
  1.7657228e+00
  1.7906103e+00
  1.8383085e+00
  1.7768528e+00
  1.8533826e+00
  1.8018787e+00
  1.7782543e+00
  1.8477950e+00
  1.8261104e+00
  1.8155268e+00
  1.7528962e+00
  1.7648726e+00
  1.7996040e+00
  1.8345134e+00
  1.7507745e+00
  1.8185680e+00
  1.7864458e+00
  1.8083736e+00
  1.8514607e+00
  1.8270773e+00
  1.8262968e+00
  1.7970023e+00
  1.7449992e+00
  1.7847867e+00
  1.8676702e+00
  1.8474220e+00
  1.8175311e+00
  1.7574936e+00
  1.7965256e+00
  1.7999119e+00
  1.7771563e+00
  1.7726899e+00
  1.8152420e+00
  1.7669045e+00
  1.7818003e+00
  1.7766561e+00
  1.7818009e+00
  1.8498864e+00
  1.7887159e+00
  1.7837935e+00
  1.7561570e+00
  1.8178217e+00
  1.7913675e+00
  1.7256345e+00
  1.7773199e+00
  1.7680838e+00
  1.8140117e+00
  1.8750220e+00
  1.7722263e+00
  1.7943018e+00
  1.7839437e+00
  1.8002307e+00
  1.7538710e+00
  1.7698388e+00
  1.7591237e+00
  1.7752813e+00
  1.8063735e+00
  1.8132682e+00
  1.8306176e+00
  1.7652922e+00
  1.8009961e+00
  1.8016572e+00
  1.7533381e+00
  1.7737666e+00
  1.8201472e+00
  1.7556898e+00
  1.7700160e+00
  1.7755153e+00
  1.8119301e+00
  1.8030723e+00
  1.7721453e+00
  1.8281999e+00
  1.7648609e+00
  1.7820387e+00
  1.8046212e+00
  1.7799471e+00
  1.7540248e+00
  1.7948779e+00
  1.7532299e+00
  1.7719060e+00
  1.7550937e+00
  1.8035695e+00
  1.8224773e+00
  1.7931106e+00
  1.7831280e+00
  1.8007251e+00
  1.7982364e+00
  1.7703194e+00
  1.8084453e+00
  1.8117099e+00
  1.7906853e+00
  1.7533235e+00
  1.8200018e+00
  1.8077106e+00
  1.7760166e+00
  1.7922918e+00
  1.7609907e+00
  1.7741360e+00
  1.7899171e+00
  1.7888820e+00
  1.8100704e+00
  1.8213414e+00
  1.7989127e+00
  1.8505849e+00
  1.7746973e+00
  1.7676999e+00
  1.7710727e+00
  1.7723019e+00
  1.8207967e+00
  1.8290028e+00
  1.7296920e+00
  1.7958713e+00
  1.8131782e+00
  1.7809771e+00
  1.8485116e+00
  1.7341248e+00
  1.7505346e+00
  1.8168594e+00
  1.8203038e+00
  1.7803403e+00
  1.8040526e+00
  1.7593383e+00
  1.7686258e+00
  1.7788716e+00
  1.8537244e+00
  1.8020840e+00
  1.7919941e+00
  1.7664352e+00
  1.8007224e+00
  1.7341665e+00
  1.7688652e+00
  1.7776212e+00
  1.8410733e+00
  1.8448377e+00
  1.7973473e+00
  1.7665954e+00
  1.7872721e+00
  1.7718591e+00
  1.7873620e+00
  1.7964572e+00
  1.7488986e+00
  1.7743024e+00
  1.8099411e+00
  1.8048107e+00
  1.8178377e+00
  1.8336578e+00
  1.7681991e+00
  1.7603667e+00
  1.8107729e+00
  1.8094973e+00
  1.8205441e+00
  1.7791977e+00
  1.7703006e+00
  1.8077843e+00
  1.7592429e+00
  1.7620005e+00
  1.8224239e+00
  1.8693267e+00
  1.8265061e+00
  1.8037543e+00
  1.8075080e+00
  1.8566822e+00
  1.8483064e+00
  1.7793826e+00
  1.7626221e+00
  1.7720736e+00
  1.7918776e+00
  1.7637355e+00
  1.7867175e+00
  1.8221620e+00
  1.8234805e+00
  1.8157348e+00
  1.7790696e+00
  1.7367037e+00
  1.7616656e+00
  1.7518402e+00
  1.7495857e+00
  1.7613052e+00
  1.8160811e+00
  1.8326408e+00
  1.7501453e+00
  1.8212523e+00
  1.7581136e+00
  1.7579943e+00
  1.8030671e+00
  1.7855296e+00
  1.7839961e+00
  1.7974924e+00
  1.7735560e+00
  1.8052632e+00
  1.7726545e+00
  1.7555592e+00
  1.8008138e+00
  1.8016340e+00
  1.8321563e+00
  1.8324518e+00
  1.7862426e+00
  1.8040973e+00
  1.7996885e+00
  1.7908449e+00
  1.8347210e+00
  1.8145123e+00
  1.8319867e+00
  1.8016493e+00
  1.7398072e+00
  1.8027944e+00
  1.8008612e+00
  1.7551675e+00
  1.7729318e+00
  1.7517446e+00
  1.8081362e+00
  1.8260836e+00
  1.7806732e+00
  1.7918959e+00
  1.8179628e+00
  1.8153599e+00
  1.8525743e+00
  1.7460326e+00
  1.8047193e+00
  1.8203570e+00
  1.8348602e+00
  1.8470933e+00
  1.7991293e+00
  1.7350625e+00
  1.7511653e+00
  1.7760831e+00
  1.7762646e+00
  1.7590473e+00
  1.7934738e+00
  1.7664539e+00
  1.8343550e+00
  1.8791550e+00
  1.8676638e+00
  1.8226368e+00
  1.7717258e+00
  1.8366504e+00
  1.7601688e+00
  1.8133391e+00
  1.8068293e+00
  1.7786225e+00
  1.7688065e+00
  1.8014734e+00
  1.8066433e+00
  1.8006400e+00
  1.7829006e+00
  1.7848448e+00
  1.8276294e+00
  1.7975863e+00
  1.8312427e+00
  1.8009382e+00
  1.8097529e+00
  1.7527778e+00
  1.7963690e+00
  1.7741542e+00
  1.7883755e+00
  1.7791210e+00
  1.7888640e+00
  1.8349133e+00
  1.7968598e+00
  1.8023095e+00
  1.7911570e+00
  1.7946530e+00
  1.7074064e+00
  1.7459866e+00
  1.7895499e+00
  1.8076849e+00
  1.8372017e+00
  1.8110850e+00
  1.8060180e+00
  1.7524554e+00
  1.8093916e+00
  1.8576496e+00
  1.7708280e+00
  1.7344165e+00
  1.8059116e+00
  1.7916851e+00
  1.7684647e+00
  1.8003619e+00
  1.8177709e+00
  1.8332102e+00
  1.7714415e+00
  1.7932437e+00
  1.8036920e+00
  1.8179479e+00
  1.8282478e+00
  1.7981148e+00
  1.7910894e+00
  1.8234943e+00
  1.8522436e+00
  1.7498291e+00
  1.8281864e+00
  1.8231552e+00
  1.8191174e+00
  1.7981160e+00
  1.8134691e+00
  1.8015262e+00
  1.8224334e+00
  1.7458926e+00
  1.8655912e+00
  1.8015835e+00
  1.8153389e+00
  1.8331031e+00
  1.8326585e+00
  1.8258584e+00
  1.8067178e+00
  1.8170280e+00
  1.7807895e+00
  1.7832964e+00
  1.8069170e+00
  1.8763605e+00
  1.8396910e+00
  1.8246914e+00
  1.8148655e+00
  1.8268082e+00
  1.8089652e+00
  1.8024237e+00
  1.7923400e+00
  1.7695967e+00
  1.8292463e+00
  1.7510078e+00
  1.7528616e+00
  1.7972350e+00
  1.8291669e+00
  1.8016123e+00
  1.7436750e+00
  1.8211433e+00
  1.8434068e+00
  1.8168737e+00
  1.8047492e+00
  1.7884592e+00
  1.8105492e+00
  1.7765260e+00
  1.7928905e+00
  1.8078995e+00
  1.7876597e+00
  1.7290615e+00
  1.7914286e+00
  1.7543051e+00
  1.7763443e+00
  1.7798597e+00
  1.8010669e+00
  1.8238368e+00
  1.7854639e+00
  1.7708259e+00
  1.7683370e+00
  1.8027364e+00
  1.8333339e+00
  1.8110974e+00
  1.8159457e+00
  1.7903617e+00
  1.8153366e+00
  1.7737698e+00
  1.8426602e+00
  1.7761400e+00
  1.7251303e+00
  1.7901544e+00
  1.7991753e+00
  1.8041168e+00
  1.7810598e+00
  1.7533047e+00
  1.8505888e+00
  1.7898673e+00
  1.7736684e+00
  1.6831867e+00
  1.7946508e+00
  1.7960403e+00
  1.8053213e+00
  1.8070898e+00
  1.7960653e+00
  1.8034849e+00
  1.8236248e+00
  1.8422616e+00
  1.7841333e+00
  1.8144378e+00
  1.8109966e+00
  1.7692546e+00
  1.8017082e+00
  1.7696829e+00
  1.7848513e+00
  1.8213170e+00
  1.7472361e+00
  1.7877858e+00
  1.8047953e+00
  1.8155795e+00
  1.7780587e+00
  1.7647641e+00
  1.8151002e+00
  1.8356641e+00
  1.8826628e+00
  1.8092980e+00
  1.8198329e+00
  1.7386080e+00
  1.7998570e+00
  1.7624352e+00
  1.7575882e+00
  1.7846329e+00
  1.7992200e+00
  1.7599980e+00
  1.7926407e+00
  1.7701150e+00
  1.7997365e+00
  1.7566981e+00
  1.8003046e+00
  1.8248665e+00
  1.8037883e+00
  1.7828377e+00
  1.7854074e+00
  1.8004797e+00
  1.7666595e+00
  1.7517669e+00
  1.7546066e+00
  1.8251066e+00
  1.7574281e+00
  1.7457304e+00
  1.8500320e+00
  1.7901561e+00
  1.8092327e+00
  1.8070600e+00
  1.8171440e+00
  1.7521161e+00
  1.7926314e+00
  1.7824141e+00
  1.8300275e+00
  1.8101829e+00
  1.7785731e+00
  1.7822554e+00
  1.7467130e+00
  1.7925923e+00
  1.8234790e+00
  1.7534782e+00
  1.8313214e+00
  1.7664125e+00
  1.7949583e+00
  1.8143221e+00
  1.7544172e+00
  1.8071317e+00
  1.8198500e+00
  1.7440680e+00
  1.8084316e+00
  1.8058612e+00
  1.7766597e+00
  1.8102783e+00
  1.8320965e+00
  1.7847777e+00
  1.7921664e+00
  1.7940746e+00
  1.7784902e+00
  1.7859372e+00
  1.8239836e+00
  1.7706641e+00
  1.7549858e+00
  1.7657702e+00
  1.7893355e+00
  1.7806674e+00
  1.7786911e+00
  1.7604745e+00
  1.8042433e+00
  1.7434554e+00
  1.7608541e+00
  1.7955373e+00
  1.8194768e+00
  1.7947168e+00
  1.8021074e+00
  1.8139577e+00
  1.8053684e+00
  1.7734379e+00
  1.7579114e+00
  1.7764787e+00
  1.7697605e+00
  1.7636741e+00
  1.7899986e+00
  1.7978209e+00
  1.8131650e+00
  1.8437429e+00
  1.8310616e+00
  1.7701966e+00
  1.8016810e+00
  1.8462960e+00
  1.8040782e+00
  1.7775194e+00
  1.8105087e+00
  1.8167968e+00
  1.8235476e+00
  1.7620207e+00
  1.7506146e+00
  1.7839055e+00
  1.7847445e+00
  1.7768869e+00
  1.7736927e+00
  1.7926700e+00
  1.8215451e+00
  1.7953588e+00
  1.7720170e+00
  1.7993913e+00
  1.7899179e+00
  1.7934342e+00
  1.7253875e+00
  1.7198853e+00
  1.8088353e+00
  1.8593757e+00
  1.8101127e+00
  1.8639789e+00
  1.7790991e+00
  1.7774631e+00
  1.8268066e+00
  1.7241463e+00
  1.8459977e+00
  1.8210820e+00
  1.7930582e+00
  1.8217689e+00
  1.7946782e+00
  1.7771254e+00
  1.7743482e+00
  1.8038156e+00
  1.7386814e+00
  1.7494499e+00
  1.8050662e+00
  1.7642349e+00
  1.8012515e+00
  1.7796471e+00
  1.7565964e+00
  1.8264301e+00
  1.8129213e+00
  1.8457504e+00
  1.7948236e+00
  1.7960213e+00
  1.8226737e+00
  1.7906807e+00
  1.8568508e+00
  1.7862846e+00
  1.8384669e+00
  1.8180818e+00
  1.7935286e+00
  1.7964356e+00
  1.7910453e+00
  1.8226619e+00
  1.8359838e+00
  1.7891614e+00
  1.7333134e+00
  1.7535123e+00
  1.7901726e+00
  1.8179036e+00
  1.7999904e+00
  1.7751052e+00
  1.8135672e+00
  1.8316835e+00
  1.8247238e+00
  1.8028821e+00
  1.8309523e+00
  1.8543604e+00
  1.7896814e+00
  1.8462251e+00
  1.7923839e+00
  1.8053860e+00
  1.8126254e+00
  1.7986832e+00
  1.8090134e+00
  1.7935380e+00
  1.7809664e+00
  1.7824848e+00
  1.8130257e+00
  1.8143733e+00
  1.8413359e+00
  1.7786414e+00
  1.8114235e+00
  1.8290809e+00
  1.8282182e+00
  1.7937191e+00
  1.7180384e+00
  1.7578760e+00
  1.7763896e+00
  1.8129348e+00
  1.7826959e+00
  1.7823680e+00
  1.7998057e+00
  1.8170236e+00
  1.8223739e+00
  1.7597912e+00
  1.8541392e+00
  1.8292628e+00
  1.8241220e+00
  1.7532219e+00
  1.8360354e+00
  1.8049117e+00
  1.8108094e+00
  1.7741299e+00
  1.7960351e+00
  1.7575864e+00
  1.7258006e+00
  1.7907782e+00
  1.7858948e+00
  1.7462060e+00
  1.8055005e+00
  1.8564775e+00
  1.8344182e+00
  1.8273297e+00
  1.7731359e+00
  1.8047337e+00
  1.8005360e+00
  1.7651707e+00
  1.7769073e+00
  1.7891393e+00
  1.7854922e+00
  1.7868643e+00
  1.7862686e+00
  1.8199080e+00
  1.8176257e+00
  1.7765117e+00
  1.7973413e+00
  1.8013826e+00
  1.7807976e+00
  1.7842478e+00
  1.7765612e+00
  1.8173283e+00
  1.8231283e+00
  1.8058980e+00
  1.7659003e+00
  1.7806004e+00
  1.8176158e+00
  1.8311074e+00
  1.7757701e+00
  1.7971522e+00
  1.7967223e+00
  1.8350100e+00
  1.7650942e+00
  1.7947338e+00
  1.8476861e+00
  1.8290353e+00
  1.8140307e+00
  1.7971798e+00
  1.8193406e+00
  1.7630983e+00
  1.7870273e+00
  1.8396882e+00
  1.8126637e+00
  1.7572488e+00
  1.7858612e+00
  1.7562239e+00
  1.7489515e+00
  1.7758807e+00
  1.8185713e+00
  1.8006042e+00
  1.8292512e+00
  1.7266474e+00
  1.7592786e+00
  1.8267436e+00
  1.7892128e+00
  1.8437173e+00
  1.7818101e+00
  1.7674977e+00
  1.7963388e+00
  1.8081630e+00
  1.7957741e+00
  1.7795128e+00
  1.7840016e+00
  1.7972974e+00
  1.7903648e+00
  1.7395148e+00
  1.7755331e+00
  1.7989018e+00
  1.8205247e+00
  1.7971343e+00
  1.8444224e+00
  1.8374304e+00
  1.8275571e+00
  1.7263242e+00
  1.7558859e+00
  1.7825896e+00
  1.7641307e+00
  1.8006301e+00
  1.7925237e+00
  1.8571551e+00
  1.8264993e+00
  1.7766540e+00
  1.8065189e+00
  1.7612496e+00
  1.7781329e+00
  1.8215348e+00
  1.8811425e+00
  1.8089508e+00
  1.8008893e+00
  1.8370401e+00
  1.7954201e+00
  1.7978190e+00
  1.7831892e+00
  1.7542966e+00
  1.7463667e+00
  1.7650783e+00
  1.7994790e+00
  1.7925312e+00
  1.8254337e+00
  1.7824280e+00
  1.7334491e+00
  1.7976678e+00
  1.8461871e+00
  1.8124145e+00
  1.7719476e+00
  1.8326003e+00
  1.7946244e+00
  1.7873493e+00
  1.7699480e+00
  1.8403825e+00
  1.7505845e+00
  1.8021602e+00
  1.7983822e+00
  1.8307170e+00
  1.7865873e+00
  1.7705741e+00
  1.7692467e+00
  1.8014647e+00
  1.7532622e+00
  1.7875510e+00
  1.7919428e+00
  1.8187033e+00
  1.7968005e+00
  1.8324814e+00
  1.7141602e+00
  1.7605162e+00
  1.8210157e+00
  1.7825088e+00
  1.7801785e+00
  1.7928299e+00
  1.7943018e+00
  1.7897270e+00
  1.7833716e+00
  1.7924273e+00
  1.8044487e+00
  1.8031362e+00
  1.7615773e+00
  1.8175941e+00
  1.7954690e+00
  1.8128704e+00
  1.8001084e+00
  1.7248656e+00
  1.7700547e+00
  1.7956074e+00
  1.8694832e+00
  1.8287650e+00
  1.7771818e+00
  1.7633316e+00
  1.8106904e+00
  1.8066690e+00
  1.8244950e+00
  1.8339969e+00
  1.8122917e+00
  1.8097885e+00
  1.7782686e+00
  1.7825555e+00
  1.8109520e+00
  1.7601627e+00
  1.7827071e+00
  1.7998461e+00
  1.7793377e+00
  1.8266807e+00
  1.7873474e+00
  1.8033097e+00
  1.8254522e+00
  1.7857346e+00
  1.8024582e+00
  1.7697212e+00
  1.7414992e+00
  1.7764468e+00
  1.8464385e+00
  1.8219884e+00
  1.7671479e+00
  1.8155392e+00
  1.8241631e+00
  1.7743207e+00
  1.7789156e+00
  1.7674236e+00
  1.7787577e+00
  1.7435977e+00
  1.8096619e+00
  1.7567526e+00
  1.7515213e+00
  1.7674028e+00
  1.8619330e+00
  1.8054236e+00
  1.8221646e+00
  1.8279023e+00
  1.7688462e+00
  1.7723389e+00
  1.8017119e+00
  1.7785201e+00
  1.8568533e+00
  1.7850801e+00
  1.7951337e+00
  1.7562178e+00
  1.7619101e+00
  1.7670759e+00
  1.7920931e+00
  1.7856476e+00
  1.7514164e+00
  1.8314761e+00
  1.8001036e+00
  1.7626056e+00
  1.7446040e+00
  1.7760817e+00
  1.8027504e+00
  1.8045675e+00
  1.7956695e+00
  1.7829709e+00
  1.8133742e+00
  1.8128262e+00
  1.7979289e+00
  1.8210134e+00
  1.7581026e+00
  1.7637490e+00
  1.7862208e+00
  1.8175928e+00
  1.8023606e+00
  1.7757626e+00
  1.8014974e+00
  1.8566749e+00
  1.8054564e+00
  1.7970320e+00
  1.7810985e+00
  1.7519008e+00
  1.8060715e+00
  1.7754739e+00
  1.8023471e+00
  1.7906097e+00
  1.8425771e+00
  1.7654507e+00
  1.8213002e+00
  1.8007766e+00
  1.7729793e+00
  1.7780664e+00
  1.7676365e+00
  1.7926083e+00
  1.7766152e+00
  1.7597763e+00
  1.7773027e+00
  1.7668471e+00
  1.8149300e+00
  1.7658314e+00
  1.7890110e+00
  1.8080792e+00
  1.8527355e+00
  1.7961351e+00
  1.7509260e+00
  1.7878745e+00
  1.8168084e+00
  1.8394736e+00
  1.7721147e+00
  1.7696146e+00
  1.8261807e+00
  1.8141406e+00
  1.7979275e+00
  1.8163824e+00
  1.7902249e+00
  1.7497713e+00
  1.8242460e+00
  1.8489519e+00
  1.7827777e+00
  1.7930119e+00
  1.7702124e+00
  1.8290879e+00
  1.8028510e+00
  1.7721912e+00
  1.7840876e+00
  1.8263433e+00
  1.7946363e+00
  1.8069995e+00
  1.8479012e+00
  1.7943019e+00
  1.7689434e+00
  1.8468714e+00
  1.8124614e+00
  1.7374150e+00
  1.7941192e+00
  1.8264683e+00
  1.7877621e+00
