BOUNDARY

cubic     1.0455159e+01

MOLECULES

species    0
nMolecule  100

molecule   0
  4.99220380690412924e+00  5.93342089277778229e+00  1.51254407640214628e+00
  4.38892371062216036e+00  6.19792939688274025e+00  2.19172628662008595e+00
  3.63165825514632878e+00  5.88940775317164356e+00  1.98895591117346160e+00
  3.05414023031399040e+00  6.38705787992044538e+00  2.57202495633329109e+00
  2.27936367828695730e+00  6.92902284320639161e+00  2.79243390475629560e+00
  2.01877993776859155e+00  7.39453187939076795e+00  3.76947818507369004e+00
  1.65685225877938413e+00  8.21968726473103217e+00  3.51538650025960830e+00
  1.63214467761886417e+00  9.19891932979643911e+00  3.87068789944608094e+00

molecule   1
  9.63984256762343250e+00  5.65917749898454492e+00  9.00223682147544935e+00
  9.15332211573423749e+00  5.76010487864760456e+00  9.71063595446487327e+00
  8.49846418432233719e+00  4.95662571001436536e+00  9.93274475155782355e+00
  9.05524422236294413e+00  4.28003376750891995e+00  9.60944320471135427e-02
  9.34067572028578930e+00  3.44274618483452954e+00  1.04181047070257033e+01
  9.20446136425561789e+00  2.61506254409534478e+00  5.15236883413606961e-01
  1.00269864944967253e+01  2.20033138551777441e+00  9.75729713335459437e-01
  1.02788281003815420e+01  1.22818525941374190e+00  1.20284545669352916e+00

molecule   2
  3.26080087731545731e-01  5.46922232083450588e+00  4.98967687262063109e+00
  9.23038226851573995e-01  4.75805119588053138e+00  4.67302833738840917e+00
  1.30845820126061874e+00  4.28831828833705586e+00  3.76147714570087111e+00
  1.71383282530600622e+00  3.40511756474354943e+00  3.94659303764945690e+00
  1.08962517395158098e+00  2.63270457168794936e+00  3.80074971557826125e+00
  1.70865856960065110e+00  1.81371006744401386e+00  4.00487668423754073e+00
  1.61391101523909297e+00  8.41330921538351983e-01  3.82404740061897463e+00
  2.37350617884282533e+00  1.67540372269739501e-01  3.96039050016766048e+00

molecule   3
  8.35891576072152098e+00  7.63435017259743498e-01  6.30119594230839475e+00
  8.84360440691053995e+00  1.27914497863044518e+00  6.87256984157077255e+00
  9.91558701719451818e+00  1.21135200108432062e+00  6.72431460085362609e+00
  1.66371783484448699e-01  1.39165861479814224e+00  7.51887074006216771e+00
  1.20195055479599766e+00  1.12197693597957060e+00  7.39385057224997944e+00
  1.61264659131923871e+00  2.00450689511069724e+00  6.75304796722746126e+00
  2.62393546084671669e+00  2.05406881055529533e+00  6.66598116569721988e+00
  3.05079567955232811e+00  2.71989680577230830e+00  7.08910064506268611e+00

molecule   4
  5.85703428712375729e+00  3.08151207020037221e+00  8.77648250117172779e+00
  6.61929248848600693e+00  3.16306317106966528e+00  8.00827840939644453e+00
  6.34718265248504387e+00  2.69205998301211169e+00  7.18876669219034881e+00
  7.22208256372788071e+00  2.35343881137663846e+00  6.79214318496109382e+00
  7.65917492913907960e+00  1.81829505082347076e+00  5.95060631229333303e+00
  8.54854878652471406e+00  2.15433342143022122e+00  5.64026876475615158e+00
  9.35629231299079223e+00  1.99087473636153867e+00  6.07791013771398525e+00
  1.00831620717200590e+01  2.61933959945193262e+00  6.11713961649668292e+00

molecule   5
  4.85414212946618839e+00  8.15198358223476127e+00  6.26518340436462928e+00
  4.94950469612365307e+00  7.63029283205073572e+00  7.12188050780171977e+00
  4.10498779985358198e+00  7.56917311748591892e+00  7.71329422994768432e+00
  4.22391028568705895e+00  7.17673787870026469e+00  8.58641697617999355e+00
  5.14287633441234160e+00  7.25052347191066016e+00  8.98340815882442456e+00
  5.30938399316466469e+00  8.11589095731892485e+00  9.35571333391002646e+00
  5.72525284835138315e+00  8.15765919999243216e+00  1.03196367715530481e+01
  5.03585826018489868e+00  8.07599426683131583e+00  6.52123006156994478e-01

molecule   6
  2.06159191215021043e+00  7.61125087914653964e+00  1.04481252723951989e+01
  1.88136852415045586e+00  8.56934838021567913e+00  1.03038892627324952e+01
  1.69547430819742551e+00  8.97281288684883194e+00  9.48251350581986507e+00
  2.46711859549635015e+00  9.48702814692690843e+00  9.06540876834502463e+00
  2.26014806350750241e+00  1.04087715752870498e+01  9.32420829867902512e+00
  2.80780344248883473e+00  7.98161188329274518e-01  9.24075114618397286e+00
  2.17157639524972490e+00  1.56156462231332660e+00  9.00030095995850488e+00
  1.78376083821195097e+00  1.52330680479938185e+00  7.96562798048475873e+00

molecule   7
  4.71692143820845811e+00  7.24439435991162206e+00  2.43409788836223129e+00
  4.86977486401083315e+00  7.39169702405283235e+00  1.39849211139471130e+00
  5.70770509898337863e+00  7.97675248047956753e+00  9.42876580712100676e-01
  5.65485085295137857e+00  8.85012024842110456e+00  5.25026324914650289e-01
  6.49769338109937777e+00  9.29813293378133210e+00  7.56014080192244364e-02
  6.51834958696401490e+00  1.01287405477350898e+01  9.90101199611201288e+00
  6.99599337320560988e+00  1.00275387502095832e+01  8.95082069595691188e+00
  6.59571170477792013e+00  9.66357253902116753e+00  8.07774513172629582e+00

molecule   8
  8.33799987106853635e+00  2.57311360103360132e+00  3.86655414667797936e+00
  9.02902577377648363e+00  2.74313855879971191e+00  4.66432095602186081e+00
  9.56188466623904532e+00  2.14102407286673202e+00  5.30649985201966246e+00
  9.98569914682674664e+00  2.63553109215050618e+00  6.16529158777185948e+00
  9.56620933916025251e+00  2.72702719013724115e+00  7.00400441178163824e+00
  9.97087452748148806e+00  2.07330029883076250e+00  7.64075171643141182e+00
  1.03023590921370101e+01  1.02975414241026897e+00  7.67794747705374014e+00
  9.58927908985007171e+00  5.73407388819201835e-01  8.25391306441633965e+00

molecule   9
  7.33072122953628202e+00  6.70923503863278536e-02  6.69513742089478292e+00
  6.54277350991233853e+00  1.02669717564507117e+01  6.05089133380006228e+00
  6.39053555335712264e+00  3.21317295675020986e-01  5.21324627765720461e+00
  5.73614365858552144e+00  1.02775190628755428e+01  4.58506524366694901e+00
  5.02332580136088858e+00  2.67239173494926874e-01  3.95039110096059742e+00
  4.17242511202122301e+00  8.13644780530252021e-01  4.12184847276100452e+00
  4.71884128205447073e+00  1.49792221564664096e+00  4.67604387421545553e+00
  4.86223102010855435e+00  2.29906524176263893e+00  4.02865407386097818e+00

molecule   10
  9.05948688860211604e+00  7.13125648954838010e+00  9.33841374851061801e+00
  9.61207420733281559e+00  7.52399646845388048e+00  8.49401219569598709e+00
  9.69092995124774426e+00  6.74003807525958898e+00  7.81836504372739327e+00
  1.04549268358542715e+01  6.40011275005262625e+00  7.22433461454368953e+00
  8.71448446145937639e-01  6.14588186479415022e+00  7.61762334818781284e+00
  1.46102745297423198e+00  5.37560707315619624e+00  7.39397689201588548e+00
  2.08603853129914718e+00  4.99490324888821924e+00  8.09856967534940431e+00
  1.78762533932768442e+00  4.04012021926260978e+00  8.46962862209525014e+00

molecule   11
  1.58792567510865723e+00  3.95722833875620017e+00  4.50827703469769414e+00
  1.52295551186991673e+00  3.30697514503048273e+00  3.71358517552871437e+00
  1.36667974568212180e+00  2.41726160640561316e+00  3.80812288501776042e+00
  1.36624591999565403e+00  1.98931063383056772e+00  2.92401184453368312e+00
  6.46980145382059391e-01  1.21908470704491467e+00  3.19391450578734615e+00
  1.01471210669899659e+01  1.18793043825656075e+00  3.11850394844122025e+00
  9.91508377478737835e+00  1.92781954672584799e-01  3.10417935612601559e+00
  9.09326146463712703e+00  1.00292279064179475e+01  3.08473117437986266e+00

molecule   12
  2.48597779356557202e+00  8.96560445504890247e+00  8.52912517163943917e+00
  1.63056310529629100e+00  9.54833375391350714e+00  8.49385865938932305e+00
  1.86167942506204520e+00  1.64912228756395572e-02  8.35732453022613520e+00
  2.66289588053401394e+00  1.02447819630924997e+01  7.62840159177965393e+00
  3.54238330492235631e+00  1.94245344531457614e-01  7.79866952332975583e+00
  4.05506839774003947e+00  4.87801236533587257e-01  6.98556454779470837e+00
  4.81166666233155205e+00  1.19693380406679095e+00  7.10876315662647240e+00
  5.12137230903946339e+00  1.80757284762304571e+00  6.32926167827900166e+00

molecule   13
  2.49764765657664967e+00  3.00541212829242932e+00  3.76071318853847103e+00
  1.93255298655128094e+00  3.11196003115328956e+00  4.60496451049964328e+00
  2.09624706396182603e+00  3.39697979519952353e+00  5.47974003890958006e+00
  1.58318301271056683e+00  3.98028999370234082e+00  6.17039582490532279e+00
  2.00903562175972006e+00  4.88573032479079306e+00  6.39849811557082937e+00
  1.31835293309423740e+00  5.66142658170657409e+00  6.46411887044937394e+00
  1.42656866797049275e+00  6.56002601025535359e+00  6.80726546671415988e+00
  8.17374932893905282e-01  7.16425291304800105e+00  6.60095443547261507e+00

molecule   14
  2.72254723212594474e+00  3.14613143785638272e+00  2.04715781373966976e+00
  2.29071203765512754e+00  3.03205079176345116e+00  1.15927045675499940e+00
  2.51916294763359661e+00  3.76900741098199710e+00  5.05231736834144129e-01
  2.86542203922730154e+00  3.22757508702729545e+00  1.02484663707991217e+01
  3.39116568952775488e+00  3.56938923919521578e+00  9.54641003449754066e+00
  3.86673667984385494e+00  2.86325021145292169e+00  9.00111429624273640e+00
  3.42752353763194995e+00  2.34420454958043756e+00  8.23509744123043319e+00
  3.96581890326539943e+00  1.69643369967830360e+00  7.88939744075101235e+00

molecule   15
  6.90838938835583694e+00  1.19394162072557575e+00  8.76340101330848853e+00
  6.81920292747026924e+00  1.76098990158674207e+00  8.00020659783914212e+00
  7.47417405101792642e+00  2.15977271903643109e+00  7.39149429923010093e+00
  7.44941278231319259e+00  2.55278115397412053e+00  6.49240300113983615e+00
  8.36341019935345997e+00  2.86477211414889332e+00  6.28530468418878296e+00
  8.63549393868839665e+00  3.73727978695675933e+00  6.37204965440578963e+00
  9.42511433084669648e+00  4.27704610773410199e+00  5.92615001984200340e+00
  1.00759632232285945e+01  4.85946261938244639e+00  6.16657594366059225e+00

molecule   16
  7.98030821347696318e+00  1.01784971238923916e+00  3.09479960358534534e+00
  8.56149105353438600e+00  3.11804413989015927e-01  2.62210618219037883e+00
  9.03312983325153063e+00  5.17449267756742159e-01  1.75752692851628822e+00
  9.97619494192061929e+00  1.30713597953995064e-01  1.79477546893259365e+00
  9.18731942334005680e-02  3.53941069979897605e-01  1.00768060554677730e+00
  1.08251598390642911e+00  1.30705550869628956e-01  9.57692017902165293e-01
  1.32855944440790275e+00  1.01800911045337319e+01  1.04405794534973424e+01
  2.01482848078195076e+00  9.47302605788910412e+00  3.08180293533948657e-01

molecule   17
  5.26133629626429666e+00  1.02012192282087746e+01  9.98039493730895622e+00
  4.26392225773115818e+00  1.03721291955898742e+01  9.89849922039872787e+00
  3.71588383548702161e+00  9.59056213298134708e+00  1.01447415682370909e+01
  3.93297273844130046e+00  8.82592707020860878e+00  8.25040645690678087e-02
  3.03138695554398119e+00  8.32707586558999324e+00  3.46308680356318621e-01
  3.21080101257792627e+00  7.58237279535360820e+00  1.01806438436348268e+00
  2.78500706121141306e+00  6.92910679308894206e+00  1.62205436838422035e+00
  3.49641789685406756e+00  6.57877765992895647e+00  2.28686406890056126e+00

molecule   18
  5.44641884018706612e+00  5.57819591820425043e+00  3.17477381073265974e+00
  5.58522977090495765e+00  6.25683480503520872e+00  2.56744801100203013e+00
  5.43245445500649993e+00  6.23809300842474279e+00  1.49840899116867021e+00
  4.49556826806894883e+00  6.31282904782167797e+00  1.21300877618664060e+00
  3.72987789277479775e+00  7.12062039237522004e+00  1.38383581365628139e+00
  3.35479867106856933e+00  7.64275181106223123e+00  5.80770735686968465e-01
  2.33696900199147883e+00  7.94697680454484967e+00  5.73130097259927140e-01
  1.55505184211834191e+00  7.39318966293641999e+00  6.86026955112389203e-01

molecule   19
  6.60775105198874702e+00  5.35914766949742916e+00  3.62846930570399095e+00
  6.40532223493710795e+00  4.73729012718653575e+00  2.94670113405810596e+00
  5.45867366485544903e+00  4.78365322432295237e+00  2.61218697719233761e+00
  5.18376413829074156e+00  3.70881255792937159e+00  2.68584905502680504e+00
  4.89010903079408354e+00  2.86049262167656826e+00  2.47897354824218974e+00
  4.12169294644165785e+00  2.47072303588109632e+00  2.92763335950658687e+00
  4.17542081720030556e+00  1.46440133755200930e+00  2.97013914650860489e+00
  3.60352716035604281e+00  6.46560522789984216e-01  2.82286585000706403e+00

molecule   20
  1.78158733073003006e-01  1.65184046476114554e+00  8.73511737911448982e+00
  2.30446341378943487e-01  2.59850320932999113e+00  8.94025566339359123e+00
  5.60725025910674191e-01  2.91302568190037992e+00  9.73785888031524038e+00
  6.91725030907292648e-01  2.60490402898940054e+00  2.22281419922744305e-01
  1.61744498259730207e+00  2.94102849797776944e+00  6.29732919167992122e-01
  1.70540794926404438e+00  2.71789788557301559e+00  1.64634442540130621e+00
  7.54109206061835735e-01  3.03826204434532166e+00  1.73526153553166651e+00
  2.88690514987690605e-01  3.68873525382232392e+00  2.36860190500371814e+00

molecule   21
  7.81864740931518920e+00  2.66753264133006285e+00  7.73238620449922909e+00
  7.65230128334062787e+00  3.18632510439462013e+00  6.90166390972170429e+00
  7.92119289832405293e+00  2.69752687745676578e+00  6.20799294072402574e+00
  7.88706430863227315e+00  3.24809314624100320e+00  5.37728101591391372e+00
  7.55861803057972459e+00  2.87888277999716680e+00  4.50334567795867180e+00
  7.81133168942180678e+00  3.04849783556413634e+00  3.54891825684487827e+00
  7.88318854206712238e+00  3.97343793653732646e+00  3.14207289278673585e+00
  8.22088688615573382e+00  4.60183415049761990e+00  3.80293454118894836e+00

molecule   22
  6.84154510064435950e+00  9.60871700046431165e+00  1.00816762540122369e+01
  7.06322984361510464e+00  9.99718568175128119e+00  9.11434010207358725e+00
  7.76504347128789618e+00  9.38739951238363318e-02  9.54726035988151978e+00
  7.90452380662312759e+00  9.91718955166658866e-01  9.16861127287272204e+00
  8.42796760862940353e+00  1.86934406584464341e+00  9.50783465214125734e+00
  9.33017552586039400e+00  2.41921037437887687e+00  9.42820325046953478e+00
  9.37408484862594449e+00  3.30982010198430210e+00  8.98920411371826233e+00
  9.73602510441203428e+00  3.83922885749458009e+00  9.81203442228151523e+00

molecule   23
  4.44908674984295960e+00  5.18157105306296106e+00  7.62877005791487983e-02
  4.45210359197875238e+00  4.09579778333989886e+00  2.19030632889503751e-01
  5.03046973738451264e+00  3.69294396036228445e+00  8.95515962514689012e-01
  4.97455500921473082e+00  2.63792376218233704e+00  7.98012247240687311e-01
  4.86065785368474668e+00  1.93584714476304209e+00  1.51159927694979390e+00
  5.69748780216304684e+00  1.46360796824542727e+00  1.72923564819265518e+00
  5.74148992630118826e+00  5.66667230012875445e-01  1.24036579256182655e+00
  6.30541612550944830e+00  3.14535513636855432e-02  1.80467734839722116e+00

molecule   24
  6.83444169661427470e+00  1.04482783618431863e+00  6.22753494391059537e+00
  7.57850981680875613e+00  1.46788186021478895e+00  6.69133695299552755e+00
  7.57418777236362217e+00  1.31901631350791115e+00  7.70065889752387456e+00
  8.11750981580650866e+00  4.60269110318966723e-01  7.93784944449583740e+00
  7.82483764068927723e+00  3.53266949764194149e-01  8.87643483639955733e+00
  7.03728881896374592e+00  7.73452966708833234e-01  9.45496247556154756e+00
  7.06299480369376997e+00  1.43498001352744334e-02  1.02335329817537488e+01
  6.20120872393130096e+00  1.01936298443447200e+01  2.63906133638751039e-01

molecule   25
  2.97248941054608196e+00  2.47808686936526668e+00  1.02924270615520914e+01
  3.58364743075709091e+00  2.28600177737988464e+00  5.83372537093034271e-01
  3.84158621887661100e+00  1.31205113458508804e+00  7.96460338496260301e-01
  3.93147639640220969e+00  7.00951516522635876e-01  1.58901181297594252e+00
  4.68308556535487952e+00  4.00529680692159537e-02  1.96634768614278910e+00
  4.42383206372204363e+00  9.60109321725819242e+00  2.30919875332149305e+00
  4.79878175331145584e+00  8.84025938641609521e+00  2.55825425801028583e+00
  4.49144782711347546e+00  7.92929077603452725e+00  2.47632749271793573e+00

molecule   26
  6.66473905648629472e+00  4.77109709248595326e+00  9.41341785878524462e-01
  6.28543902515123953e+00  4.69769121647945820e+00  6.70201015122859900e-02
  5.74929247018573264e+00  4.06070505003482474e+00  9.94634187878301823e+00
  6.40313676784266761e+00  3.29919288502575192e+00  9.61348555272031824e+00
  6.63952215219820463e+00  3.05664308703863608e+00  8.70553251486845880e+00
  6.75236597700295249e+00  2.05002319500673424e+00  8.52996980212862788e+00
  7.32001011815979830e+00  1.34725377775813615e+00  7.83735564400832008e+00
  6.86016409389573933e+00  5.11269273178580841e-01  7.69381625297971894e+00

molecule   27
  2.29942714345932586e+00  5.73483431480046413e+00  9.52393753373900331e+00
  2.53693673786019147e+00  6.71587852204639013e+00  9.42295749759775880e+00
  2.86056504307768611e+00  7.03390664141445487e+00  1.03382016248938449e+01
  3.50741088071801776e+00  7.54910051572417018e+00  8.93774189542995146e-03
  3.26207533267837135e+00  8.22464107781478226e+00  9.83364725294256381e+00
  3.71564220099758513e+00  7.96947123072489561e+00  9.05520210676109549e+00
  4.53448560595944805e+00  8.11005787759310337e+00  8.43911648039905415e+00
  4.63560257460233327e+00  7.20901048029068559e+00  7.93253014725878280e+00

molecule   28
  5.09189973698774700e+00  3.78100071926747416e+00  4.06018707096116138e+00
  4.05872022243536090e+00  3.90445572337489200e+00  4.18991980759704408e+00
  3.57000660634931455e+00  4.72788045842537841e+00  4.02391531084237464e+00
  2.73614164696418261e+00  4.89957122819953916e+00  4.36868668814623806e+00
  2.93295297207490790e+00  5.78630689354459804e+00  4.77904101425441041e+00
  2.06362446626413609e+00  6.15989128208193293e+00  5.01265944480996417e+00
  2.02100096629972859e+00  7.10748399054961588e+00  5.05695418969107102e+00
  1.42418726933155271e+00  7.62357083361515997e+00  4.50413727072154924e+00

molecule   29
  5.14449012723965815e+00  3.47117712377768983e+00  3.06920436650810613e+00
  4.26709097547453986e+00  2.96482673107020211e+00  3.19616797392703944e+00
  4.24153052059703128e+00  2.39796484738927695e+00  3.99801784273720884e+00
  3.85765403978676291e+00  2.59343936152782639e+00  4.88456069221857803e+00
  3.07389470017337185e+00  2.20034755857298236e+00  5.31820701144143460e+00
  2.55450711307614986e+00  2.74678157345015084e+00  5.91448889662275334e+00
  1.98854434303451022e+00  2.55844601869320298e+00  6.79596256554146105e+00
  2.59733021340506864e+00  2.91115399406996778e+00  7.54307439316643258e+00

molecule   30
  2.86849880172231586e+00  6.35693514563011952e+00  9.98804980885002536e+00
  3.50014142804623729e+00  5.57823388983418145e+00  1.03283070418756218e+01
  4.34827409445495938e+00  5.62678470863416980e+00  9.93321497403068854e+00
  5.22567409504537927e+00  5.50083550689530121e+00  1.04391767537296918e+01
  5.97441884399813272e+00  6.07850023254217842e+00  2.32979413222244247e-01
  5.40861252321568475e+00  6.86754940400330760e+00  6.47352802922741333e-01
  5.80513563685828071e+00  7.68312291832310468e+00  1.06273970768363135e+00
  5.86835826299619079e+00  8.14254140945119076e+00  1.69673332645601249e-01

molecule   31
  8.34114327680070033e+00  2.68858019438391649e+00  9.03566879389628852e+00
  8.75798213265961145e+00  2.62862256089366264e+00  9.90627453117055090e+00
  9.77362933155324498e+00  2.64052888202129266e+00  9.72879375578164840e+00
  1.02703707037663872e+01  3.07202763987645433e+00  2.28406763066285878e-02
  8.08573783829848125e-01  2.98180311991190372e+00  9.92977171056082497e+00
  7.25200172331510018e-01  2.72429957481033558e+00  9.00944030315223543e+00
  1.32975074220016332e+00  2.84009669102795170e+00  8.28045658217598834e+00
  1.73262140407329746e+00  2.03900947586934400e+00  7.93295549306859638e+00

molecule   32
  4.73533940483101823e+00  5.66779784933962549e+00  1.08669817555662540e+00
  4.75501125781662104e+00  5.41319619075140501e+00  2.08660946651877266e+00
  3.81776722055619011e+00  5.30387609774069890e+00  2.45519680146012531e+00
  3.16156736378179204e+00  5.11303230855429636e+00  3.25037971001317105e+00
  2.93427662766525899e+00  4.16879058011510484e+00  3.59504840501484235e+00
  2.17555518062178699e+00  3.73263303851594186e+00  4.24738999552187035e+00
  2.62833695799589506e+00  2.96454604566468483e+00  4.75731727807877647e+00
  2.15298109039311036e+00  2.67689622775339853e+00  5.61262736382811145e+00

molecule   33
  7.50678653688015185e+00  1.67965264688512672e+00  5.59666505757097177e+00
  7.29577754921566513e+00  1.70641171039690520e+00  6.52960776370214191e+00
  7.88220105803645499e+00  2.34447658278441651e+00  7.08219753995864032e+00
  7.63894226039692903e+00  3.36229310774295476e+00  7.37784305695174591e+00
  7.11918821745662900e+00  3.35527946688431067e+00  8.20448988578731964e+00
  7.13151414904958081e+00  2.79960751331758084e+00  9.02073433301759309e+00
  7.09328013181074457e+00  1.75626585708355254e+00  9.02441191518619767e+00
  7.88774608163221558e+00  1.11896412526549205e+00  8.97167014557584608e+00

molecule   34
  5.85415064425822163e+00  6.93651539129902606e+00  2.33315511332499170e-03
  5.97735130534436987e+00  6.05975225002244322e+00  1.00613904380505108e+01
  6.63823492482309785e+00  5.69343545050965005e+00  9.38620420456406457e+00
  6.67255523483753965e+00  4.82652019177959257e+00  8.98099966900619151e+00
  6.39561417924590536e+00  3.90581752314137676e+00  9.40375802682545370e+00
  6.16244411654480739e+00  3.05439904163329734e+00  8.96248334271324865e+00
  5.91736750876996886e+00  2.31750196582474910e+00  9.59840277203255532e+00
  5.49430404112870541e+00  1.38790253191982726e+00  9.49247592508871385e+00

molecule   35
  4.70129764103659920e+00  1.06444822455197041e+00  8.80665466401372043e+00
  5.21755340080701568e+00  1.16491124947395086e+00  7.97603045575671388e+00
  6.10660411855594809e+00  1.56536489298728809e+00  8.17857495218683539e+00
  6.71561030575623885e+00  1.04874787568367944e+00  7.63448468841827843e+00
  7.67303512660305653e+00  1.48581678974546838e+00  7.55216353474149305e+00
  8.59840229268512957e+00  1.64966548992960038e+00  7.95667467260105354e+00
  9.52935922830646653e+00  1.31646701511836106e+00  7.72869083920096678e+00
  1.03947703291168754e+01  1.70370929695573747e+00  8.16463319303159629e+00

molecule   36
  5.82259620762161578e+00  1.88641120293703635e+00  9.02498044711193259e+00
  6.38178075190502181e+00  2.34199607837005974e+00  9.80424085783791455e+00
  6.00628851345417747e+00  2.82024837585996613e+00  1.34834795978234473e-01
  6.50618031206552772e+00  3.53479497132760478e+00  6.59302846922636077e-01
  6.09267866908687061e+00  3.57413739543038389e+00  1.62562485250916322e+00
  6.18431249242170633e+00  4.19075241104917673e+00  2.42573771351609402e+00
  6.85127470560504470e+00  3.94173901454345588e+00  3.12943117929879655e+00
  6.88945970941958308e+00  3.09302516441031106e+00  3.74489401144026601e+00

molecule   37
  2.45184177120914715e+00  2.38387300905325583e+00  1.03983271623674653e+01
  1.77879635993079610e+00  2.41896497284005374e+00  6.27897886323847354e-01
  1.89489210279471010e+00  2.04160038422164325e+00  1.49733243993224541e+00
  1.13807791289551541e+00  1.83577722578045943e+00  2.19821088226226946e+00
  1.37267436861346681e+00  1.34139996091619440e+00  2.88744890812223476e+00
  8.18102667273278072e-01  1.13481745391816036e+00  3.64463132684756408e+00
  1.03525688910368689e+01  7.50508731964613651e-01  3.43083016489590342e+00
  1.03573048559556771e+01  1.02555442904784986e+01  3.59219929873975019e+00

molecule   38
  1.94688611742994322e+00  1.71824506984991832e+00  1.72425237903025175e+00
  2.10285011855760162e+00  8.77339166753548172e-01  1.30678245159566342e+00
  2.24169214958906737e+00  8.59600503385900550e-02  1.98588336594609149e+00
  1.95719424564229127e+00  1.62431609369721341e-01  2.90894794099589848e+00
  2.59104196348571092e+00  9.96541457580374690e+00  3.30458611595234375e+00
  2.22112308445291218e+00  9.51942865359079349e+00  4.13321034308111379e+00
  1.29146838138860964e+00  9.41252915352929520e+00  3.93249901711276095e+00
  7.23511125147634604e-01  1.01225536887717418e+01  4.50994774171913271e+00

molecule   39
  6.69387516071510191e+00  1.74362694895046100e+00  1.38496832435644501e+00
  7.71794564268979144e+00  1.91402265515251391e+00  1.23500978566944131e+00
  8.47845646983134849e+00  1.35597511771078039e+00  9.85204331727500104e-01
  8.46371515361701121e+00  1.23282015075788998e+00  1.03777651884609217e+01
  8.99120860618923068e+00  1.71315101581236329e+00  9.64488808936856579e+00
  9.72844928383689478e+00  1.34211081761005002e+00  9.23932920070491015e+00
  2.62097406390328302e-01  1.53305185542123201e+00  9.38172558007418367e+00
  7.45074727325718555e-01  9.58471366437635530e-01  8.67217396475977509e+00

molecule   40
  9.38326518137409948e+00  4.78216395709578190e+00  1.09928491141799967e+00
  8.85137602070538421e+00  5.04983046202401287e+00  1.96453672684024028e+00
  8.63675421535632637e+00  4.65376995797898640e+00  2.79459917471251273e+00
  7.81862786867023019e+00  4.17608052935295060e+00  3.13837833158536439e+00
  7.74613785059828519e+00  3.90251186656778781e+00  4.12087309112840039e+00
  6.90527558736483016e+00  4.36104805330123391e+00  4.49471023274410442e+00
  6.43229145280484005e+00  3.53789532385200634e+00  4.66321774485143159e+00
  6.63100595075943300e+00  3.33103270543965246e+00  3.68757896889563241e+00

molecule   41
  1.03325876108376757e+01  9.53747979917785216e+00  6.25895209688697718e-01
  4.91836056423400336e-01  9.76857112411545536e+00  1.36906573885233129e+00
  8.36083129810008430e-01  2.04709911204641770e-01  1.27947187625224679e+00
  1.70941102164255199e+00  5.26922212324926420e-01  1.33617527689690618e+00
  2.38689048291905870e+00  9.02711639890188877e-01  6.13379581610278279e-01
  2.48193936350723909e+00  9.73762311940351566e-02  9.71545221835938833e-02
  1.63769114329828369e+00  1.01041794684754951e+01  1.01882795089815890e+01
  1.59445232977026130e+00  9.04538492534645577e+00  1.00370469858805844e+01

molecule   42
  8.36174347881090796e-01  1.03352723455509388e+01  8.04660787366140973e+00
  1.24629027827888983e+00  1.03912125573233798e+01  8.98059003537791156e+00
  1.95867180044152178e+00  9.87208773533491879e+00  9.54205077898020093e+00
  2.85709478385818905e+00  1.02466902393732529e+01  9.54904878437178262e+00
  3.38809095672856708e+00  9.55818682760908800e+00  9.32212695457477558e+00
  4.29336713279383719e+00  9.64706502665650056e+00  9.74092734908174585e+00
  5.04801451727938044e+00  9.58233566231779577e+00  9.20939935551812994e+00
  5.92790299654775676e+00  9.20158942641455724e+00  9.56175255512718181e+00

molecule   43
  3.66612177432677733e+00  3.61077894923957210e+00  9.92199248216882523e+00
  3.26831322640113697e+00  4.00978903222422467e+00  2.87978304105810545e-01
  3.34254934007474525e+00  3.55771682842524228e+00  1.23843266957481224e+00
  3.17913921205126115e+00  4.34378655357613752e+00  1.82527586537607234e+00
  2.69322576804634473e+00  4.21370523371011529e+00  2.70232814019151535e+00
  2.84200121672919437e+00  3.56585235280311075e+00  3.40143453188742129e+00
  3.51388696560371372e+00  4.03309774924400166e+00  3.94136797868386290e+00
  3.05073009686499930e+00  3.75842275626800593e+00  4.76114902846810839e+00

molecule   44
  8.70271361880663541e+00  9.25428309428831142e-01  3.32717249005771798e+00
  9.05096004081361016e+00  8.39351753206701967e-01  2.45521189353822322e+00
  8.49786885041181428e+00  8.97105501122136717e-01  1.58006825725211897e+00
  8.01236941108392386e+00  1.76218111387902265e+00  1.46179254262614045e+00
  7.29977732028448045e+00  1.97689509103956618e+00  7.79596779241714444e-01
  7.48385668536692794e+00  2.56294395519506946e+00  3.02534926538662319e-02
  6.56884744451168157e+00  2.88987212650183256e+00  1.02536366649702142e+01
  6.25801002255654026e+00  3.76126443826320456e+00  2.24119238978017776e-01

molecule   45
  7.90944169462022395e-01  3.97002595886041343e+00  1.31615014446873468e+00
  6.72180503064814916e-01  4.84945757988541004e+00  1.65095456547323294e+00
  1.03980151019228142e+01  5.32164174722693328e+00  2.01340939683139553e+00
  2.34915553403597682e-01  6.23264478555236678e+00  2.11776371531476304e+00
  7.61202957293358462e-02  6.85793234726669887e+00  2.81648265975875578e+00
  3.66986339346066393e-01  7.83068707832494315e+00  2.55329511119508945e+00
  1.01674982053102489e+01  8.52752601674958299e+00  2.77793530254252863e+00
  4.73186198942802672e-02  8.97475227921246521e+00  3.66361592508013967e+00

molecule   46
  5.39290378019163086e+00  6.89978873995607511e+00  1.01276629439257828e+01
  5.78422439136958921e+00  7.66136860511942341e+00  9.69123082457410057e+00
  5.65778490845595883e+00  8.13887271989587013e+00  8.84251515127450638e+00
  6.37671111047565464e+00  8.73111613589072277e+00  8.56642980107204011e+00
  7.25704658694980420e+00  8.53680936832925141e+00  9.19798378867693245e+00
  8.15209077786867908e+00  8.49525455926243112e+00  9.04766858304298616e+00
  8.51385050204022065e+00  8.27964318833700830e+00  9.88727301487151244e+00
  8.36431832720352908e+00  7.45481910749360033e+00  1.03352869567345405e+01

molecule   47
  2.78047763366461709e+00  6.91934505320701287e+00  7.67768655421876556e+00
  2.99689260868387697e+00  6.46485488334276059e+00  8.50381163027059017e+00
  2.38292292000873207e+00  6.98629803271147232e+00  9.00955379366547682e+00
  2.45475668051953111e+00  7.00244145947397723e+00  9.96984823544569387e+00
  3.19282845356640710e+00  7.48256895233310715e+00  3.11451105241924708e-02
  3.50634126478316244e+00  7.00137346062216448e+00  8.44408521346417196e-01
  3.93725745495891832e+00  6.18775037081756007e+00  5.84757420741601419e-01
  3.40769962910270063e+00  5.38903789917932929e+00  3.49996632838673327e-01

molecule   48
  6.12160297081381088e-02  2.35388445216606623e+00  4.48520780934155461e+00
  1.03782858010235692e+01  3.14344211758139869e+00  3.90695064242851409e+00
  3.59382384308664982e-01  3.02688742586938186e+00  2.97623937424460294e+00
  1.43600924043223444e-02  3.14964253393641958e+00  2.11288070626154045e+00
  7.54875458296526247e-01  3.52361612260084689e+00  1.55928211032770214e+00
  7.80662359442732989e-01  3.78737240187093960e+00  5.81489510016924172e-01
  7.52823141930012096e-01  4.76399330563625956e+00  2.13013455943229957e-01
  2.71284527632311478e-01  5.22425212710417064e+00  9.78915369639681821e+00

molecule   49
  2.19197279827263403e+00  4.70773895228539807e+00  1.80081467237828363e-01
  1.83886828039706440e+00  5.54612343475789515e+00  6.90893882101309531e-01
  1.02026167393428890e+00  5.45048709515966578e+00  1.18294739037683327e+00
  4.41573288132317332e-01  4.70206955148580796e+00  1.05742442080116095e+00
  1.00916183905308880e+01  4.87918800562408972e+00  1.49065523218128604e+00
  9.13596598092121148e+00  4.82817072923531398e+00  1.12065281042140752e+00
  8.33870183695648493e+00  5.49560035148179438e+00  1.49705557723647265e+00
  7.58364468457309115e+00  5.58834921202605628e+00  8.84783803348741071e-01

molecule   50
  1.05634356230730675e+00  8.33287200469955991e+00  9.74256519541250832e+00
  5.92603338135830882e-01  8.11843124755965562e+00  8.79361904993361598e+00
  3.97088152225554936e-01  8.64719251998394078e+00  8.04341967556146820e+00
  6.92458069547043920e-02  8.27992093664082773e+00  7.06876618301423321e+00
  1.03542285609867548e+01  9.05042334939883553e+00  6.54768581037771735e+00
  9.40419259552522036e+00  9.27918715848277742e+00  6.28511269594336497e+00
  9.06370763123466361e+00  1.00869286787818382e+01  5.74172096456227266e+00
  8.31665555317229277e+00  1.13686986006343749e-01  6.15605021043471989e+00

molecule   51
  9.92322291286159697e+00  7.77468638451702265e+00  2.15029137449236041e+00
  1.03783352186965914e+01  6.83195880265407229e+00  2.31331522580761284e+00
  4.74816700171228234e-01  6.71134055146830999e+00  3.18203886161445570e+00
  1.09119657482363586e+00  5.90958328580086611e+00  3.34595581393008912e+00
  1.77079775993895261e+00  5.91584458250271261e+00  4.11290184977035800e+00
  1.31406023736090383e+00  5.59528963732365003e+00  5.00660764007716175e+00
  2.12049229089721969e+00  5.64973518990990708e+00  5.62379177585388579e+00
  2.12894890860055419e+00  4.74403454201535268e+00  6.04654249928889698e+00

molecule   52
  7.88045397550721027e+00  1.59668449168290438e+00  3.79682203924402151e+00
  7.89138555980995271e+00  2.44831846230532957e+00  3.26627746745865544e+00
  7.65899311451008913e+00  3.45105761725373528e+00  3.52693864099601129e+00
  7.32019523629532642e+00  4.09336389332305561e+00  2.88558165830233015e+00
  6.45598656894578316e+00  4.51613905660505477e+00  3.01570118802353937e+00
  5.66677363507521026e+00  3.97333245738616547e+00  2.67571398417407913e+00
  5.02870597709877920e+00  3.52535919171816259e+00  3.28535192301416101e+00
  4.99973234701847868e+00  3.70283294865731838e+00  4.34233317312023814e+00

molecule   53
  1.55292260637899204e+00  3.80316129164208183e+00  6.48617383438490069e+00
  9.13378181893428120e-01  4.64572330799895727e+00  6.79160277922630939e+00
  1.04461503220773011e+00  4.72627097006645425e+00  7.70692802040906688e+00
  1.92633007853931515e+00  4.95507646146066882e+00  8.06517252495960157e+00
  2.34365810627351046e+00  4.67701788924006490e+00  8.84983640316845666e+00
  3.34190230920818276e+00  4.60165193229910763e+00  8.94899955605730035e+00
  3.79469790354958603e+00  4.62489274561502572e+00  9.90902553261731889e+00
  4.49328282190049411e+00  4.29467593325674546e+00  9.22216791514455814e+00

molecule   54
  1.51162774482952544e+00  5.13946258083050367e+00  4.06187568489349449e+00
  8.28308060130105384e-01  4.72925554097114720e+00  3.36938010073742822e+00
  1.10898626217211183e+00  4.24888929772083923e+00  2.56644457962572714e+00
  1.67322589360152718e+00  3.43057475748094021e+00  2.40182055175991405e+00
  2.01975865700916790e+00  2.87457171360830488e+00  3.02844549011872166e+00
  2.51475989125461563e+00  3.21500864608571790e+00  3.79366518917392970e+00
  3.16380264146275403e+00  3.99046418117034163e+00  3.67577595911099175e+00
  4.21862384462859286e+00  4.03849485793884000e+00  3.80137744385769816e+00

molecule   55
  4.72091508473699939e+00  6.47015031652724915e+00  4.61433499766731448e+00
  5.27147815484262594e+00  6.39084054751669761e+00  3.75939273213793390e+00
  4.81986716216032729e+00  6.94739752350894690e+00  2.94280569186642316e+00
  3.87734048469131398e+00  7.10452415917964508e+00  3.22592076631075786e+00
  3.54721060656680054e+00  6.83653564275309034e+00  4.08353020658177890e+00
  2.59810842645595663e+00  6.73980639039263529e+00  4.39034395073827355e+00
  2.22111973859266243e+00  5.89323117469213020e+00  4.82166634933615867e+00
  1.78732121503449592e+00  5.33245376247457958e+00  4.12755278961600158e+00

molecule   56
  9.47742060135201569e+00  7.36522526253480692e+00  4.15773290078447211e+00
  9.27281315640546389e+00  6.46377322848905855e+00  4.05429426724128117e+00
  8.40495398523467685e+00  6.12727702553390419e+00  4.45124001726579177e+00
  8.01980931752527226e+00  6.75612831706088368e+00  5.09610421423249260e+00
  8.76000700175254288e+00  6.86178066687094912e+00  5.74842962529420820e+00
  8.34853402657931198e+00  6.53801991490255041e+00  6.59122515725938207e+00
  7.95570580250598702e+00  7.09815660532273096e+00  7.43804341469889252e+00
  7.39864236727837721e+00  6.54519644176928850e+00  7.93809883352810708e+00

molecule   57
  6.52984498124534518e+00  1.39316541025904428e+00  3.88425812092569211e+00
  6.04914686891092934e+00  2.14275257684341769e+00  4.13887789725215249e+00
  6.10514214622035123e+00  3.15173036505587500e+00  4.15920961417358104e+00
  5.24785527871616697e+00  3.32075391546789112e+00  4.45380409892057738e+00
  4.42671738789091851e+00  3.23544356118814136e+00  3.84862753919349876e+00
  4.67944213337873727e+00  3.04280110254200320e+00  2.86985058318501363e+00
  4.05346496017140900e+00  2.73582772658860351e+00  2.20057429693858753e+00
  4.22961317541181536e+00  3.14146985822828473e+00  1.30150545156769404e+00

molecule   58
  1.01851497037008620e+00  3.48957300276246940e+00  4.50224274543357517e+00
  8.92170011110316352e-01  3.28086023679131200e+00  3.58193431656894834e+00
  1.03325228637394471e+01  3.07318320966460190e+00  3.71164318519469472e+00
  9.95009105025763141e+00  2.45530848394504364e+00  2.94561035124907411e+00
  9.22001800608538957e+00  1.86022629183480448e+00  3.22566022820855469e+00
  8.60506107093417327e+00  1.72476993348981589e+00  2.49920631155958084e+00
  7.86608409105617135e+00  1.96388835068013368e+00  3.02046135044652564e+00
  7.19760278980398738e+00  2.67823065376338487e+00  2.76598468099500350e+00

molecule   59
  9.51345223748872648e+00  1.71808568313225862e+00  4.31800665400340300e+00
  1.04384285902957199e+01  1.72882112863313964e+00  4.17421226927274258e+00
  1.03416785947155212e+01  1.83351391138178599e+00  3.18858714298633705e+00
  2.36426172628787512e-01  1.31450321530832603e+00  2.48091227529483938e+00
  1.00322643088063632e+01  1.34117574556217001e+00  1.68471584052170265e+00
  9.99262239031808974e+00  5.60155941926645085e-01  1.03055702489194001e+00
  9.32418330709178811e+00  2.83177219239151512e-01  2.65396501163332799e-01
  9.44353359488691169e+00  9.68572208125704393e+00  8.40383825160415654e-02

molecule   60
  6.73687150860277839e+00  8.44952810952325661e-01  5.22720953860713333e+00
  6.68650732601799280e+00  8.96696585210004504e-01  4.19919202912582623e+00
  6.80336750770692067e+00  1.85663396982358808e+00  3.74872562305782964e+00
  7.67055866128502206e+00  1.46410490217278588e+00  3.34084568764586587e+00
  8.51286268810574498e+00  1.89248770090210194e+00  3.34965330384579829e+00
  9.40980202059231630e+00  1.37262434869328076e+00  3.61853998672781252e+00
  9.57337089539648645e+00  6.93645354897758804e-01  2.87470324200430305e+00
  1.20867503625099459e-03  3.87591473147544885e-01  2.63322260154712362e+00

molecule   61
  7.00463160858357448e+00  5.57371885025725256e+00  2.43699473337482608e+00
  7.26101406159128260e+00  6.18386909344683566e+00  3.16546220443673398e+00
  7.14011486169998033e+00  7.11373883146297992e+00  2.92980370324589501e+00
  7.49012229954026942e+00  8.00928260512680801e+00  3.16683256812214964e+00
  7.54988357055282666e+00  8.73042191824360181e+00  2.59901311989896477e+00
  8.26610370316073961e+00  9.43890769097778559e+00  2.57697466461043412e+00
  8.00349042771253316e+00  1.02363035865079652e+01  2.03221463762328192e+00
  8.74866231622574908e+00  3.30044226329205159e-01  1.55286755340000582e+00

molecule   62
  3.30794102920900013e+00  9.06620362473096542e+00  8.04528874703060448e-01
  4.31605201152390183e+00  9.06619930240057670e+00  1.03381091937405722e+00
  4.81320768208020233e+00  8.48241607230111683e+00  3.08610451841834332e-01
  5.64109991986495274e+00  8.07633029834094174e+00  6.65389102170024782e-01
  5.40555210230527106e+00  7.14841969443184055e+00  1.06351770747391106e+00
  6.17304128248859740e+00  6.65112995927465001e+00  1.24782706182772563e+00
  6.56049325289772689e+00  5.83331781450795894e+00  7.36118790767616771e-01
  6.76327164601118014e+00  5.69489262239588712e+00  1.01183842558623702e+01

molecule   63
  6.97207735404026252e+00  2.24793057447566236e+00  1.01530536102049727e+01
  7.86691461816058002e+00  2.76776276313674430e+00  1.01872054782337571e+01
  8.46260970041655369e+00  2.89817211554567322e+00  4.40249599033283090e-01
  9.35376211369597854e+00  3.04846264319389615e+00  5.66847748813401608e-02
  9.88758002017679516e+00  3.85642676804974149e+00  1.04392472210029563e+01
  9.52121260671554204e+00  4.54280374722255154e+00  9.75828956091399569e+00
  8.46894932922872634e+00  4.58816461976965950e+00  9.74447275099510257e+00
  7.76633317245610311e+00  4.20495451925325980e+00  9.12285175922007419e+00

molecule   64
  6.24354266723455797e+00  2.89256814692111419e+00  8.54077832438619211e+00
  6.36360077585514983e+00  2.86188458884255326e+00  7.60761396250816002e+00
  6.11671192711469836e+00  2.05718501279337396e+00  6.98418091801554830e+00
  6.86629169660760308e+00  1.40862346843641184e+00  7.11590923558619348e+00
  6.84386550013948280e+00  5.08344074203987972e-01  7.69241242296652761e+00
  7.44331360072076365e+00  1.03681060145054698e+01  7.28724072203980811e+00
  7.12610910970682276e+00  9.59965218892368100e+00  6.92670334825235567e+00
  7.68429169299803672e+00  8.70803777523828337e+00  7.13661859888607175e+00

molecule   65
  2.63711254430343844e+00  2.51047510407381669e+00  1.09503206959773358e+00
  3.17387727224258320e+00  2.58797527352847112e+00  3.69677589055164901e-01
  3.78007861697054270e+00  1.82823668370018488e+00  1.96736226405589881e-01
  3.58620076591978121e+00  8.77496461829330054e-01  1.03593293338561541e+01
  3.91813393797108356e+00  1.97253147189067168e-01  5.94586077353428055e-01
  4.56022834328456383e+00  9.80853471123024079e+00  4.37138950262497161e-01
  5.41490495755104551e+00  1.01242359226569878e+01  6.70753657136460291e-01
  5.88326434933006936e+00  5.21867413849526729e-01  4.62316247625500054e-01

molecule   66
  5.84860165050196379e+00  3.78402211361656526e-01  1.04047014911796829e+01
  5.59442257737017545e+00  1.00534395683451834e+01  5.84361252859741498e-01
  4.78393809884068322e+00  9.55281965334245342e+00  8.43154805472876134e-01
  4.94386576061840888e+00  8.83225770392799348e+00  1.55249375318543770e+00
  4.65258029406451357e+00  7.86811950442647046e+00  1.32563722895713099e+00
  4.76701488504522342e+00  7.21483171207648954e+00  2.17335379172104126e+00
  4.68547795957496316e+00  7.65785249403266821e+00  3.18020258701434422e+00
  4.81666739920537967e+00  8.62507235078815171e+00  3.48245478011012999e+00

molecule   67
  8.95929521354836744e+00  1.01396709709650938e+01  8.06716848336471948e+00
  9.83262917211024678e+00  9.82909359291886808e+00  8.44559284656860498e+00
  2.44939498356962881e-01  1.00886996590073466e+01  8.47285240533440920e+00
  9.44845053976477223e-01  9.57840976135392275e+00  8.91773445495131512e+00
  1.55306570162861468e+00  9.98208846786015158e+00  9.52537519598881488e+00
  1.65342841867217616e+00  9.60309821832432142e+00  2.25416790498069730e-02
  2.54902777030591832e+00  9.78297374290741928e+00  5.50395581288157132e-01
  2.82104376689528724e+00  9.03747448971763134e+00  1.10997815844466174e+00

molecule   68
  5.70779857847909788e+00  8.48987885579424173e+00  9.49485576705348322e+00
  5.25487484296740259e+00  7.99772703855006739e+00  1.01993436134226663e+01
  4.45643226086538835e+00  7.38561483442050548e+00  1.02777742139409778e+01
  4.25398003539232672e+00  7.06417110072242505e+00  7.11039272403345635e-01
  4.75969635676208647e+00  6.20363111913563525e+00  1.16254155255770009e+00
  4.99506345013806818e+00  5.27029775618365992e+00  6.76116584338918969e-01
  5.85984003701098999e+00  4.99285005412771898e+00  2.90196866950005017e-01
  6.73747903738801135e+00  5.08473285679323439e+00  7.73268182276726890e-01

molecule   69
  8.43708679403716566e+00  5.85818312012929976e+00  1.93396489219045598e+00
  8.41201567506008274e+00  4.95752976235804255e+00  2.33372919438072035e+00
  8.78723333176830224e+00  4.13441656576188254e+00  1.85209483313153123e+00
  8.20498210166110198e+00  3.22837451071018222e+00  1.95696106683192239e+00
  8.94340235593583976e+00  2.60497394470011701e+00  1.98067703662358374e+00
  8.48920488469400780e+00  1.75432939229542706e+00  1.57728993348640323e+00
  8.78541236642480605e+00  1.15940396185712835e+00  8.68230114287037225e-01
  9.42858297122142730e+00  1.47062501227550713e+00  2.38903036772237343e-01

molecule   70
  5.95667349145568714e+00  2.78377948300242295e+00  4.19839941023347041e-01
  5.59186006714164385e+00  2.39825845969758689e+00  1.00363316207232263e+01
  5.80434587496710641e+00  1.41766952898435306e+00  1.01554167248634393e+01
  5.47819371019533996e+00  8.13451002607672335e-01  9.48515250597912640e+00
  4.57013280168261815e+00  5.29943003808412749e-01  9.84808181383219150e+00
  4.06724721114843213e+00  1.02605478469187279e+01  9.35405861485322987e+00
  4.74299012959682020e+00  9.66609464857620537e+00  9.10307925411818708e+00
  4.75104396082204339e+00  8.61613857155645668e+00  8.97309649644613927e+00

molecule   71
  3.94643748121352100e+00  1.00324979264935230e+01  8.24094526081187340e+00
  3.31762828073020311e+00  9.16674253965749486e+00  8.10782664543458864e+00
  3.22077323715690067e+00  8.91486802067310080e+00  7.19200857091767443e+00
  3.49058976467491888e+00  9.58322075481304836e+00  6.46767354389636662e+00
  2.91220606488398692e+00  9.91046571045180968e+00  5.69332128059278730e+00
  2.93589857319444247e+00  3.55234004936923142e-01  5.37418061615597953e+00
  3.44843524107913257e+00  1.17600661098417225e+00  5.53614539617659851e+00
  3.55638892091200809e+00  2.19106875840090032e+00  5.16793832951502008e+00

molecule   72
  3.76607448999397132e+00  3.44970953436879801e+00  8.28003210373726972e+00
  3.64058106925434100e+00  3.78078666056189139e+00  9.24259675983472562e+00
  4.24533296136855665e+00  3.85740495392009297e+00  1.00473129598817295e+01
  3.82353928964935230e+00  3.80155503772925929e+00  4.19227326251649046e-01
  3.67634470141141723e+00  2.85229878862498687e+00  6.25632942476448406e-01
  3.01350961253241190e+00  2.99789557016539643e+00  1.38627880947329096e+00
  3.15602292114790961e+00  2.54374120070646992e+00  2.21331204267865012e+00
  2.33131910989063629e+00  2.10888465914946899e+00  2.52272111903076279e+00

molecule   73
  7.70450353417246525e+00  1.03966739145478133e+01  4.72814628003282245e+00
  7.22544468346931978e+00  9.89323178829702776e+00  4.02333005758256235e+00
  8.02130591342438137e+00  9.19488377017071556e+00  3.88950849822489708e+00
  8.45633056799904281e+00  8.94110142101681582e+00  3.05654278179420702e+00
  7.98280035117342379e+00  9.18465389435227486e+00  2.17738096772311884e+00
  8.39431785288596011e+00  9.64378127330618184e+00  1.47886875461003697e+00
  7.83982207241409945e+00  4.04763056607536781e-02  1.70336784483578363e+00
  7.46598662918928468e+00  7.83762182622685266e-01  1.06853121493284142e+00

molecule   74
  4.30267940267480586e+00  6.41554348605899705e+00  3.64017536292243626e+00
  5.13285503587328407e+00  6.17927000328624665e+00  4.02282443579280979e+00
  5.13718484987035939e+00  6.35425550044273990e+00  4.98863817803964960e+00
  5.62007139250275767e+00  6.08952415945728553e+00  5.84596460645240246e+00
  5.88269780927555086e+00  6.74473738288138058e+00  6.60672945978562876e+00
  6.19626780101869556e+00  6.12914823449498325e+00  7.47245508065211350e+00
  6.11420648891597640e+00  6.63262022864946310e+00  8.36549275058002451e+00
  6.80419200205544961e+00  7.32556522558650514e+00  8.17911244735334542e+00

molecule   75
  4.09829833079701622e+00  6.92730562569182773e+00  6.75211274268850747e+00
  5.03450390622458333e+00  7.07048078555386716e+00  6.94316005811433534e+00
  5.43191188748522258e+00  7.05984632567229742e+00  6.04710132598790739e+00
  5.28753846212109568e+00  6.09791838240878192e+00  5.72268566644268883e+00
  4.98327519721699286e+00  5.47771029676291210e+00  4.98670657467822043e+00
  5.38431972252175584e+00  4.50075352218337876e+00  4.82589777265870001e+00
  5.07880923933382800e+00  4.08326593904140811e+00  3.97309871340821497e+00
  4.87686065108287714e+00  4.66594378713505620e+00  3.22306765270262385e+00

molecule   76
  5.32195230590940582e+00  7.06009836277176106e+00  4.09827270715918868e+00
  6.21972543906919473e+00  6.61217377680458096e+00  3.96582189682466923e+00
  6.00011979737055778e+00  5.99958174848597992e+00  3.12228742375641399e+00
  6.22322214818246255e+00  4.97225501974122164e+00  3.20114339185596819e+00
  5.85014954835328815e+00  4.00995628367510992e+00  3.20170443528609461e+00
  4.86277535261846605e+00  3.91396957186262906e+00  3.69366046671986403e+00
  4.15298501812404552e+00  3.77198984818641536e+00  2.94089512089996896e+00
  3.19331914679448925e+00  4.05729029798526497e+00  2.96023890979025950e+00

molecule   77
  1.03095343328515732e+01  4.10418372585770186e-02  8.02171252473258711e+00
  8.70656841593387409e-02  9.69417944971621637e+00  8.61781409509216090e+00
  6.74996514445519114e-01  8.88912327855071460e+00  8.61293157476846893e+00
  7.74464271544159089e-01  8.63477049277660669e+00  9.59880103062762657e+00
  1.07517875228978022e+00  7.77643090716644458e+00  9.64153695660025178e+00
  1.16486678195835713e+00  7.74210350336946540e+00  1.57726111276565106e-01
  6.53147256270876220e-01  6.89399519993469045e+00  4.36742796257389543e-01
  6.57392595102499588e-01  6.40648039128406666e+00  1.28919232349205082e+00

molecule   78
  1.04433658245237631e+01  2.60429652800051814e+00  8.57464141501143651e+00
  1.00233250778715348e+01  2.54555582527904312e+00  9.49845236375069923e+00
  1.03079795295066905e+01  2.95646375576774556e+00  1.02861184613278507e+01
  9.50440894925037583e-02  2.38455644153058266e+00  7.39313512449270793e-01
  5.61663430474423464e-01  1.47845173970129085e+00  9.26067397702534545e-01
  6.22385200528027482e-01  1.27594862664140996e+00  1.93364213723417966e+00
  1.02327204977000008e+00  3.57175700104229721e-01  2.09396587446270965e+00
  8.32519567926992110e-01  1.02060785326672629e+01  2.91180198957401926e+00

molecule   79
  1.89935728883760824e+00  9.09482095253274458e+00  3.01143846414829275e+00
  1.31363968756373417e+00  8.37071746843634656e+00  2.56983940867724492e+00
  5.53853367862586765e-01  7.98648160532525253e+00  3.06052728880606306e+00
  1.00199652037961027e+01  8.14966034676344719e+00  2.89387159141965311e+00
  9.56686690341901169e+00  8.52693352641962399e+00  3.63878180442232235e+00
  9.45204069844376171e+00  9.47829722624577542e+00  3.47157475689446571e+00
  8.75305305357273689e+00  9.68187940902562971e+00  4.10373204769998612e+00
  9.15053932840343798e+00  1.00875461885342972e+01  4.96037932413128679e+00

molecule   80
  1.04357739533878817e+01  1.98013108562716877e+00  3.13719431019879913e+00
  8.86202418859702967e-01  2.02128311540581773e+00  2.89564986356661969e+00
  1.50329207014642741e+00  2.82831717247358627e+00  3.24339932709159484e+00
  2.44508505241540330e+00  2.74735216607276644e+00  3.42123534190587675e+00
  2.61319765847435548e+00  2.94457390546240649e+00  4.35417188452138326e+00
  3.45581881004845748e+00  2.58155167995187318e+00  4.63379800667304842e+00
  3.78533523306403730e+00  2.73134295624397394e+00  5.63568537914188905e+00
  3.96976154449878038e+00  2.02439113995141673e+00  6.24230497576079291e+00

molecule   81
  5.10761422447739033e+00  1.41042488896429674e-01  6.63604080140312558e+00
  5.47419895360826647e+00  1.04368775847326845e+01  5.76877888408408257e+00
  6.08951179621017324e+00  6.88582536070139417e-01  5.37153564145842921e+00
  6.35210074640814071e+00  5.92890461965397408e-01  4.34884402007733950e+00
  7.00728511623467654e+00  9.97640192359101396e-01  3.81843406504867255e+00
  7.38190031591759510e+00  6.74211586210720304e-01  2.94294835056732262e+00
  7.15104697984798499e+00  1.03969759477371113e+01  2.32022816079904759e+00
  7.28300670421155516e+00  9.47592383239350866e+00  2.42806649513533568e+00

molecule   82
  3.43939092458495121e+00  6.83855362000637346e+00  7.81362579645762967e+00
  2.61034927241144388e+00  6.87828586193647240e+00  7.19124452232443101e+00
  2.48216124951730288e+00  7.10175416593075948e+00  6.09636567704558541e+00
  1.80107919651183579e+00  7.78924921732036601e+00  5.89031980394139509e+00
  1.42113753249014674e+00  8.20473971088753018e+00  5.00592957721142628e+00
  1.47337657483369244e+00  9.15019922650343709e+00  4.89173520941656825e+00
  5.90111290347676842e-01  9.56201559321734607e+00  4.84528248445118237e+00
  4.27168907281076926e-01  1.02466206054522715e+01  4.17728875635400243e+00

molecule   83
  3.28316238677181138e+00  9.89214652267154193e+00  3.18637844846307772e+00
  3.09515048162573114e+00  9.77127565628913253e+00  4.09039385195924510e+00
  2.13673209036037370e+00  9.37587956852439142e+00  3.99447179297440691e+00
  1.72101576438283210e+00  9.02528682331285736e+00  4.82650482436602069e+00
  2.10183954404993090e+00  8.32472095309791449e+00  5.29573718767371027e+00
  2.38567622795589118e+00  8.40277068447767661e+00  6.33819364641914795e+00
  2.51362070311935915e+00  7.75852164332404559e+00  6.93499831158128455e+00
  3.49774335574539164e+00  7.86203240409199910e+00  7.08603787333751978e+00

molecule   84
  7.38358210360428258e-01  4.92858176510708823e+00  8.28532180246093297e+00
  1.54366457834689075e+00  4.29953472612783560e+00  8.30215237010008877e+00
  2.27868228003255036e+00  4.85174815830186912e+00  8.42553505196782027e+00
  2.91961631597733273e+00  5.22098583843513531e+00  7.59849468864308975e+00
  2.84285789055661153e+00  6.15095477254517853e+00  7.08987753547861299e+00
  3.48439254398502474e+00  6.41443424537856544e+00  6.29211530125256857e+00
  3.58613926718560672e+00  7.29815575872792000e+00  6.48369415968173701e+00
  2.89553387674585361e+00  7.94139336682443187e+00  6.48586579502731020e+00

molecule   85
  8.72583927083858235e+00  1.21863821591286658e+00  3.00968548297176763e+00
  8.07390784102793191e+00  9.39700468629197871e-01  2.33526342598260417e+00
  7.07024203849289457e+00  8.94895244036312931e-01  2.17591295128284568e+00
  6.62126517373654710e+00  9.70970350048212083e-01  1.32871176888276876e+00
  5.65361959633264366e+00  1.04799855727091540e+00  1.57835796817955831e+00
  5.11157219875710034e+00  7.45379855786346135e-01  7.55551949879618379e-01
  4.17603752748518708e+00  1.03639270787016469e+00  5.88451976464119619e-01
  3.77196267032994648e+00  5.38323991292119164e-01  1.03324765902678077e+01

molecule   86
  1.36332299971699378e+00  1.90742702632097938e+00  1.27332548064988771e+00
  2.30876914554322354e+00  2.15400934315967874e+00  1.02029479187605965e+00
  2.80181634178570427e+00  3.07297518613736464e+00  1.13031201776635903e+00
  2.28256091903600344e+00  3.80353149931365486e+00  1.54555279361660425e+00
  1.31524432442180239e+00  3.65956410402304444e+00  1.86700625986636659e+00
  7.39670889943994547e-01  3.00534044063548267e+00  1.49736753902763198e+00
  2.19567920101722339e-02  2.35547086545019191e+00  1.98602974767839591e+00
  9.47822794761552245e+00  2.19058946084556583e+00  1.97235245723611996e+00

molecule   87
  5.70073116757006559e-01  7.57258447248449595e+00  4.97011094877549375e+00
  9.04727969689963274e-01  7.40032107205076173e+00  5.88689420271110730e+00
  1.91940934189087642e+00  7.69140409632832345e+00  6.17462566203048713e+00
  2.58083338153532793e+00  7.29801376008446212e+00  6.89603356371306830e+00
  3.24092888043816130e+00  7.93605700901209676e+00  7.30071727963451433e+00
  3.10551871800490886e+00  7.38315835581472157e+00  8.13687734388333261e+00
  3.74491978468612574e+00  7.18485895288313614e+00  8.89340204449684890e+00
  3.46353860125364665e+00  6.67713230530491675e+00  9.68486652641377432e+00

molecule   88
  7.35351208768454967e+00  1.12358423303104438e+00  5.00674228901315743e+00
  8.04904143593967447e+00  6.24078779282028151e-01  5.54414067571660407e+00
  8.96787640255445950e+00  8.52636328669289512e-01  5.66797179760326841e+00
  9.47897055216802364e+00  1.68532643282657624e+00  5.82291434424345233e+00
  1.01998613674070029e+01  1.95311127842382959e+00  6.41027438397749627e+00
  1.03602273307939985e+01  2.87384099942576654e+00  6.70874043305944578e+00
  1.00391768861089545e+01  3.27629744956974989e+00  7.67196229539934826e+00
  9.04999363890159536e+00  3.06955378526256162e+00  7.74970157829079564e+00

molecule   89
  2.77477492376295132e+00  4.02280326339267624e+00  6.25027986581931838e+00
  2.99934442827335968e+00  3.80669352872220168e+00  7.20014860208534024e+00
  3.83945819847268588e+00  3.33430809720461152e+00  7.43125867961947506e+00
  4.47699981796962110e+00  3.37465613635784045e+00  8.15178124165951346e+00
  5.49294237046603584e+00  3.29650543448903566e+00  8.19502486340518566e+00
  5.83213294842378627e+00  2.53574512274184949e+00  8.61347925687062599e+00
  5.24993836756872678e+00  2.37649887305821261e+00  9.42661085343469018e+00
  4.69020679633319482e+00  1.45922744921260050e+00  9.59241337196121613e+00

molecule   90
  8.60101753121021595e+00  7.44169861265837085e+00  5.70091401694054500e+00
  7.90106878632836462e+00  7.40308258003372011e+00  4.86767252874481304e+00
  7.06035545148206456e+00  7.86016640249829113e+00  4.96976787194489855e+00
  6.16174792831304075e+00  7.53346162467603087e+00  4.72821433360557641e+00
  5.44000463031773407e+00  7.02489137199158442e+00  5.22825154380309076e+00
  4.60063690163260119e+00  7.39910816066457855e+00  5.43011029958199654e+00
  4.69739945270475356e+00  8.30290050409248614e+00  5.00769936660902193e+00
  4.79328026838179522e+00  9.20856799174396023e+00  5.49439770055923216e+00

molecule   91
  6.48878143053778089e+00  3.92035750330914734e+00  1.93714074650982382e+00
  6.82038541204900284e+00  4.57096537738246678e+00  2.53468732454097934e+00
  6.46629392827188987e+00  4.81086991873487246e+00  3.37460587792327305e+00
  6.78604464133391350e+00  4.17898291496930607e+00  4.07539009296825849e+00
  7.33956647271419449e+00  4.39804071932893681e+00  4.81146643232199711e+00
  7.74895134788516238e+00  5.18429883645121681e+00  5.08381468871908027e+00
  8.69274614515671296e+00  5.14676914460399004e+00  5.35898122162332680e+00
  8.92817580743277439e+00  6.15428903088586754e+00  5.60396578212698326e+00

molecule   92
  1.52158763072603564e+00  7.62578575325123964e+00  6.76398096390195569e+00
  2.01757753460079048e+00  8.39866214085698459e+00  7.01822060610434750e+00
  2.12868492863169090e+00  8.56373842477770175e+00  7.94646613373643884e+00
  1.77862441335111532e+00  9.49307228792968516e+00  7.99325494532435954e+00
  2.41164649299326994e+00  1.02352350238953402e+01  7.95454517410805639e+00
  3.07468446701176834e+00  1.02910751092501105e+01  7.10280088801876452e+00
  3.55809334913549824e+00  7.20050652190806773e-01  7.26713077969104937e+00
  3.21097633757131362e+00  1.48673509134424009e+00  6.72041832211460743e+00

molecule   93
  1.04020020264339959e+01  5.35433626449480204e+00  6.97104105935854257e-01
  3.31637818294012676e-01  5.11559424352190906e+00  1.50655722493710087e+00
  9.50874710939300427e-01  4.29164884151470627e+00  1.35493955513590714e+00
  1.81764338766036015e+00  4.49318518187412153e+00  1.82578872309447937e+00
  2.21468521057393097e+00  3.64184358346722936e+00  2.20338658844366719e+00
  2.80507640586746554e+00  3.80095865476810779e+00  2.94871070710672667e+00
  2.79491954042124968e+00  4.73098724831723860e+00  2.86454938541125737e+00
  2.64135156664786841e+00  5.39874843507833280e+00  3.62506143764303701e+00

molecule   94
  1.52516131464119198e+00  9.54997897444965638e+00  4.23025566794800589e+00
  1.57093178054553850e+00  1.00849484626574259e+01  3.29884018079376062e+00
  2.36383148408381993e+00  1.03929274524576449e+01  2.81006768043538280e+00
  2.72958368161032983e+00  7.25769731275114793e-01  2.99333017459203354e+00
  3.72282743570100116e+00  7.78883014047274003e-01  3.31633259495106714e+00
  3.79216917617284999e+00  9.27278265030762938e-01  4.30390960787051391e+00
  4.53121952778372350e+00  1.51040298146372898e+00  4.66706246619778220e+00
  4.65555978018275329e+00  2.04538137719835689e+00  5.54890258122733115e+00

molecule   95
  5.22491526615351809e+00  6.26664908014009470e+00  8.58338928841448379e+00
  4.65264367815207169e+00  5.60697839794261466e+00  8.01715684398095085e+00
  5.25082543983512107e+00  5.09915997866920812e+00  7.55466833982430153e+00
  4.79577564017483038e+00  4.78017071556314832e+00  6.74022011080238670e+00
  5.43093168718925234e+00  5.09069736281329099e+00  5.97881994133679573e+00
  5.11709549499978333e+00  5.20992707196027371e+00  5.01054084895740193e+00
  5.68418983632083830e+00  6.02207883791491128e+00  4.73246627363288486e+00
  5.72287801182077072e+00  6.33062134352942429e+00  3.78715831488496990e+00

molecule   96
  7.42026616957237017e+00  7.99940063418379488e+00  1.54240760342572258e+00
  6.87015244157963512e+00  8.77976491177430418e+00  1.37538072639746645e+00
  6.49361936439718779e+00  8.62332553843231153e+00  5.58598381064042471e-01
  5.68048722304765707e+00  8.02200595019865936e+00  3.86761969331692157e-01
  4.92179425716218066e+00  7.70841648127962209e+00  1.00552231040300377e+00
  4.09752093090265657e+00  7.20005020793956696e+00  7.12758167773712259e-01
  3.35448032528953632e+00  6.95258089151001535e+00  1.14160421443190252e+00
  2.88844459908538154e+00  6.26331040986182241e+00  5.79624848029814288e-01

molecule   97
  7.68876840040704579e+00  3.30076494322629843e+00  5.30235362459798054e+00
  7.66760531868975015e+00  3.27437939052476601e+00  6.26022145723628753e+00
  8.21363394152234605e+00  4.04924009330481205e+00  6.44707564003524958e+00
  9.23556290930219070e+00  4.32213297164392607e+00  6.05605984325891722e+00
  9.98371124519096398e+00  4.72459430842045514e+00  6.44715935307722088e+00
  2.99481851041091540e-01  4.75130941421275477e+00  5.83198667485960964e+00
  9.36508768723928520e-01  5.58048610680154233e+00  5.69763244546129766e+00
  1.25717067559610118e+00  5.57224588416341415e+00  4.76263180488060645e+00

molecule   98
  1.00113595461239235e+00  1.76943502472824932e+00  8.71041560199446430e+00
  1.87222768261825045e+00  1.38800712508488466e+00  9.05790624094999863e+00
  2.18659843109915641e+00  3.62145348325340066e-01  9.11957678254633386e+00
  2.82924079624857505e+00  1.03864871176558999e+01  9.67413256304296887e+00
  2.77202969597277793e+00  9.52093916924992278e+00  1.01730875093088269e+01
  2.52660941443302534e+00  8.53320197612960030e+00  9.67476465300910782e+00
  2.93267747284715785e+00  7.96013426718915973e+00  1.04126635518591151e+01
  2.59887252676792047e+00  6.97478128137901354e+00  2.03732228936287285e-01

molecule   99
  6.58957463028273516e+00  8.28685419492076925e+00  2.68965553712623651e+00
  7.38784102104199558e+00  7.86374436286078549e+00  3.17350583542598441e+00
  7.25121738925118908e+00  7.63910255666621207e+00  4.07709946074428586e+00
  6.93726062142392674e+00  6.70797170861057612e+00  4.49760870492309284e+00
  6.46667128246500678e+00  6.54020104286118187e+00  5.37011980825660817e+00
  5.97109771819197643e+00  5.68339072556605895e+00  5.54428773169850242e+00
  4.97083188324265457e+00  5.55216399396938964e+00  5.72425724493626831e+00
  4.78587315299441052e+00  5.49073614325946568e+00  6.64603392247105251e+00
