BOUNDARY

orthorhombic       1.0455159000e+01    1.0455159000e+01    1.0455159000e+01

MOLECULES

species    0
nMolecule  50

molecule  0
    4.2643552054e+00    1.3050790154e+00    5.1832378987e+00
    4.9575228655e+00    1.9203403263e+00    4.7579807986e+00
    4.7673019633e+00    2.6050796795e+00    5.5078023123e+00
    4.4689789781e+00    3.2947931307e+00    6.2177506439e+00
    4.1587488254e+00    4.0518868739e+00    6.8312741791e+00
    4.8457766327e+00    4.2973210940e+00    6.1681379250e+00
    4.4425262245e+00    3.9420888875e+00    5.2959112909e+00
    3.8565367575e+00    4.7413972868e+00    5.1557226497e+00

molecule  1
    2.9788608174e+00    1.0113326276e+00    4.6252330901e+00
    2.9472226117e+00    6.6469897508e-01    3.6752502539e+00
    3.0817848069e+00    1.2528371456e+00    2.8992921896e+00
    2.3433217427e+00    1.9232733787e+00    2.7760291120e+00
    2.3355160308e+00    1.7745787263e+00    3.7485941641e+00
    1.6197089654e+00    1.7746754633e+00    4.5046114908e+00
    1.3368647698e+00    1.8549308788e+00    3.5669548047e+00
    6.9660868031e-01    2.4799651084e+00    4.0298062400e+00

molecule  2
    7.4458165934e+00    6.7649455064e+00    6.7347092175e+00
    8.3769643679e+00    6.7232498623e+00    6.3403949307e+00
    9.2381780588e+00    6.6981321624e+00    5.8714903647e+00
    8.8482294998e+00    7.0369167799e+00    5.0149815932e+00
    9.0074157230e+00    6.8479783963e+00    4.0210837218e+00
    9.2271249742e+00    7.7779594934e+00    3.7935126181e+00
    8.2773365832e+00    7.5650134614e+00    3.9805065639e+00
    7.4002955868e+00    7.9183131854e+00    3.6835303942e+00

molecule  3
    3.1437237340e+00    9.1744356652e+00    7.5680300101e+00
    3.4418739428e+00    9.8653028490e+00    8.2438716164e+00
    3.5762232328e+00    8.8938950441e+00    8.5141543381e+00
    4.3254371678e+00    8.3408649560e+00    8.1805191809e+00
    4.5133789519e+00    9.3372948438e+00    8.2019045881e+00
    5.2444516382e+00    9.1288859364e+00    7.5642140290e+00
    4.7369724439e+00    8.7618310503e+00    6.7717960411e+00
    4.2526714428e+00    9.6242564486e+00    6.7032685230e+00

molecule  4
    6.5881736969e+00    7.7253955592e+00    6.2579237282e+00
    5.8593806008e+00    8.1642688376e+00    6.7450390392e+00
    6.3459892390e+00    7.8660426819e+00    7.5602487947e+00
    6.5663842233e+00    8.8363968570e+00    7.6758027127e+00
    6.8749074067e+00    9.6523836720e+00    8.1484489609e+00
    7.0757426442e+00    8.8372317969e+00    8.6855608242e+00
    8.0274094815e+00    8.9013916693e+00    8.3081911486e+00
    8.5904919915e+00    8.2109066458e+00    7.8200878205e+00

molecule  5
    6.6792898587e+00    8.8700324093e+00    1.6501095073e+00
    6.4201702051e+00    9.1790684720e+00    7.3078890545e-01
    6.1320831235e+00    8.5449340480e+00    1.8812175630e-02
    6.3485843018e+00    8.5076420847e+00    9.5210645697e+00
    7.2102200679e+00    8.1875956963e+00    9.8133959305e+00
    7.6911962602e+00    9.0672058350e+00    9.6657516264e+00
    7.0503721129e+00    9.5825471013e+00    1.0211610737e+01
    6.2582266596e+00    9.9837609657e+00    9.7375356132e+00

molecule  6
    8.3795971717e+00    3.6916390321e+00    7.1406260759e+00
    8.2237572071e+00    2.9898510645e+00    6.4838487161e+00
    9.1462977931e+00    3.0943778012e+00    6.8634958484e+00
    9.3402390083e+00    3.9673413762e+00    7.3731688911e+00
    1.0064488937e+01    3.5963018466e+00    6.8245583358e+00
    1.0215541247e+01    3.0061182387e+00    7.6128502925e+00
    9.6743474429e+00    3.5640609536e+00    8.2583663626e+00
    8.8608798262e+00    3.0577685323e+00    8.0096686102e+00

molecule  7
    1.4150474151e+00    1.2974396448e+00    8.7579834947e-01
    6.5571973994e-01    1.7697474392e+00    1.2478178153e+00
    1.0670769028e-01    1.1587758263e+00    1.8144486569e+00
    1.0356551773e+01    9.3321163082e-01    8.6797453879e-01
    1.0266593938e+01    2.3463700114e-01    1.4816569827e-01
    9.8121318515e+00    9.8951622809e+00    1.0299375633e+01
    1.0098477320e+01    8.9891760290e+00    1.0101982257e+01
    4.0571444753e-01    9.5824088351e+00    9.9104075282e+00

molecule  8
    4.1296260119e+00    7.0176116325e+00    8.3670176004e+00
    3.6306134304e+00    7.7974266119e+00    8.7616361322e+00
    2.9147427688e+00    8.1515047683e+00    8.1765263499e+00
    2.5877864580e+00    8.6346283473e+00    8.9983376951e+00
    3.4665863038e+00    8.5979092472e+00    9.5039822318e+00
    3.4709070398e+00    9.2592386220e+00    1.0254937956e+01
    3.3814350269e+00    9.6759002842e+00    9.3359336079e+00
    4.3167452336e+00    9.3648138230e+00    9.5294701625e+00

molecule  9
    4.0440567582e+00    7.8438427131e+00    1.2988023968e+00
    4.6046261108e+00    8.3288370214e+00    1.9488782890e+00
    4.5625973131e+00    7.3065047426e+00    2.0076497470e+00
    5.3783081558e+00    6.7765464788e+00    1.8727542246e+00
    5.0514380744e+00    6.9556768289e+00    9.2772369321e-01
    5.1285224715e+00    7.9452400600e+00    1.1338522486e+00
    5.8877199091e+00    7.8851688562e+00    1.7365223130e+00
    6.3803682575e+00    8.2901819103e+00    2.4767667147e+00

molecule  10
    9.4577466606e+00    4.5819680400e+00    8.5453064516e+00
    8.5499015277e+00    4.7874945099e+00    8.9967370595e+00
    8.6368368318e+00    4.2580871806e+00    8.1131806474e+00
    7.6183307785e+00    4.3578445139e+00    8.1298252948e+00
    7.6732229860e+00    3.3431456934e+00    7.9409116006e+00
    7.1981785793e+00    3.2673078676e+00    7.0576362247e+00
    6.9578959583e+00    4.2495402411e+00    7.3052559265e+00
    7.8254454714e+00    4.6622478309e+00    7.0201361803e+00

molecule  11
    4.0396618272e+00    2.3156219000e+00    8.8502413089e+00
    3.9237854679e+00    3.1498605810e+00    9.3818778891e+00
    3.2727691349e+00    3.7228459738e+00    9.7889312492e+00
    3.1346468041e+00    4.3916737052e+00    8.8815221240e-02
    3.5278583868e+00    5.1273985816e+00    6.6296107339e-01
    4.1533930424e+00    5.8760610838e+00    6.0115088997e-01
    3.9778106104e+00    5.7763582323e+00    1.0089114381e+01
    4.5912986689e+00    6.4885985055e+00    9.8136059713e+00

molecule  12
    9.4962523506e+00    2.8109137752e+00    4.3802519178e-01
    8.5201786919e+00    2.7765574542e+00    6.9414366836e-01
    7.9043504296e+00    2.7983789654e+00    1.0368965891e+01
    8.3566686961e+00    2.0012930398e+00    9.9837313352e+00
    8.5185321596e+00    1.2050090089e+00    9.3576356396e+00
    7.6479883418e+00    1.2450096469e+00    8.9327930440e+00
    7.7583512881e+00    3.1366958660e-01    9.3430370805e+00
    8.1430477774e+00    1.0040168358e+01    9.9109470003e+00

molecule  13
    9.6626566040e+00    2.3395848308e+00    6.4793439424e+00
    9.4304248613e+00    2.1941344663e+00    7.4251593132e+00
    9.7501847171e+00    2.4307293543e+00    8.3140203503e+00
    9.4275434300e+00    1.9815442771e+00    9.1231730768e+00
    1.0345460075e+01    1.7543724482e+00    9.4443163822e+00
    9.8854443380e+00    1.2485812628e+00    1.0206711934e+01
    9.2647828906e+00    4.9948290209e-01    1.0286837274e+01
    9.0439630206e+00    1.3101686493e+00    3.7631170044e-01

molecule  14
    1.0658512300e+00    5.4641945774e+00    1.0442506479e+01
    3.1380278569e-01    5.4446148043e+00    7.0205335410e-01
    1.4932855066e-01    4.6258214521e+00    1.6587005126e-01
    1.0053916125e+01    3.8683185682e+00    5.3520969397e-01
    9.7562934795e+00    4.7844755581e+00    7.5391552435e-01
    9.0493673826e+00    4.2871873799e+00    1.2714771853e+00
    8.6950890198e+00    4.3389982388e+00    2.2436717514e+00
    8.2443167792e+00    3.4528608008e+00    2.3609113002e+00

molecule  15
    9.4068475801e+00    5.1042271928e+00    7.3427573272e+00
    9.7940875521e+00    5.4682265474e+00    8.1818723298e+00
    5.5371249493e-02    5.4724141493e+00    7.4877806040e+00
    9.8846529883e+00    6.0939105134e+00    6.9207478087e+00
    1.0086350103e+01    5.8571950196e+00    5.9605615496e+00
    9.6225487907e+00    4.9997330618e+00    6.2044403145e+00
    8.9460769542e+00    4.2391918071e+00    6.0950843903e+00
    9.7081317349e+00    3.6061697904e+00    5.8400903663e+00

molecule  16
    8.9824897448e+00    3.0189200840e+00    9.0489974668e+00
    9.0432377352e+00    3.1753859080e+00    1.0029088178e+01
    9.3274388448e+00    3.9057739871e+00    9.4219386096e+00
    9.4897644251e+00    4.3195835960e+00    1.0313128800e+01
    9.8077265694e+00    4.9216022740e+00    9.5544705622e+00
    9.3651142815e+00    5.7099795363e+00    1.0023916393e+01
    9.9367178510e+00    6.3604812557e+00    7.2102504542e-02
    9.8228304375e+00    5.9528489711e+00    9.2902661984e-01

molecule  17
    1.6094470787e+00    6.4667375171e+00    9.6252437885e+00
    1.8873725353e+00    7.4456613078e+00    9.6035659986e+00
    9.9398760832e-01    7.8055082059e+00    9.3308583337e+00
    1.7296649141e+00    8.4701206170e+00    9.5354189496e+00
    1.7931985048e+00    8.1995094856e+00    8.5676274804e+00
    8.0506547819e-01    8.4242676620e+00    8.3508844165e+00
    1.4235552181e+00    8.5240637285e+00    7.5972472204e+00
    1.2425801560e+00    9.2091547719e+00    6.9173211161e+00

molecule  18
    1.8156409389e+00    9.1522979620e-01    9.5792774508e+00
    2.4623141495e+00    1.6112076449e+00    9.3770606262e+00
    2.8550751984e+00    7.7934239870e-01    9.0064403508e+00
    2.3647290752e+00    1.0365568362e+01    8.8571648770e+00
    2.3163866768e+00    9.9700297002e+00    7.9549453872e+00
    2.0404862331e+00    1.0086752086e+01    7.0039123063e+00
    2.0692849032e+00    5.2755064294e-01    7.5221538766e+00
    1.9977172278e+00    1.1420612034e+00    8.2485220856e+00

molecule  19
    8.9007366592e+00    5.0430797616e+00    5.1297565111e+00
    9.3798353338e+00    5.8259901277e+00    4.7148759560e+00
    9.0120356266e+00    5.3754995942e+00    3.9326554192e+00
    8.7472569321e+00    6.0071733026e+00    3.1829246259e+00
    7.9250244002e+00    5.9645878261e+00    3.7666684808e+00
    8.0782442217e+00    6.6486660178e+00    4.4819672384e+00
    7.9585302675e+00    6.2259762494e+00    5.3188270677e+00
    7.4661155032e+00    5.5054118322e+00    4.8220429153e+00

molecule  20
    6.7550271450e+00    6.6414146140e+00    3.9326140396e+00
    6.2460876287e+00    6.1739294471e+00    3.1908420758e+00
    5.7767625054e+00    5.3455313465e+00    2.9877109785e+00
    6.5823572459e+00    5.3330984100e+00    2.4229706936e+00
    7.4593256137e+00    4.9651445669e+00    2.7075358293e+00
    7.1053548433e+00    5.2090379832e+00    3.6037834830e+00
    7.9094271940e+00    4.7708369515e+00    3.9756799925e+00
    8.7034177704e+00    4.4222999593e+00    3.4402638004e+00

molecule  21
    1.3190597300e+00    9.8572214939e+00    9.4254015268e+00
    9.6306990494e-01    9.4377992284e+00    8.5761073265e+00
    6.4026442197e-01    8.8175355554e+00    9.3182870785e+00
    1.0301412139e+01    9.2385387253e+00    8.8281059619e+00
    1.8280447390e-01    1.0006393657e+01    8.2958838546e+00
    9.8471529601e+00    9.6004526530e+00    7.8520965668e+00
    2.4237833180e-02    9.8916894594e+00    7.1452043490e+00
    3.3665649339e-03    9.3045444841e+00    6.3167294895e+00

molecule  22
    8.3132980911e-01    3.8327186599e+00    9.8565932820e+00
    1.4330687935e+00    3.2287169056e+00    1.0348106115e+01
    1.1368881350e+00    2.8184838813e+00    9.4971574613e+00
    1.2683573891e+00    1.8226822221e+00    9.5023199896e+00
    7.3582906337e-01    1.4866550561e+00    1.0218659015e+01
    8.9816476719e-01    2.3040442493e+00    2.8756488270e-01
    5.3626190673e-01    3.2023346975e+00    3.6020871375e-01
    1.0337114587e+01    3.1903494816e+00    1.0035725902e+01

molecule  23
    5.1655533312e+00    9.7032358714e+00    6.4423713410e+00
    6.1180707550e+00    9.6976301401e+00    6.1644457348e+00
    5.6515934562e+00    9.0670910920e+00    5.5776527560e+00
    5.4178743455e+00    8.7461972002e+00    4.6831147598e+00
    4.4818443293e+00    8.6439610964e+00    5.0442722513e+00
    4.8988004164e+00    7.8496146166e+00    4.6394220998e+00
    5.8267819401e+00    7.7636789258e+00    5.0628888726e+00
    6.5365132833e+00    7.6330046612e+00    4.3332529170e+00

molecule  24
    1.0444214272e+01    8.0320964361e-01    7.0955204388e+00
    8.9707887467e-01    5.5917646867e-01    6.7493666339e+00
    1.0852219586e+00    1.0333951791e+01    7.5186628425e+00
    1.3648680273e+00    1.4166572704e-01    8.4286555494e+00
    5.6083884963e-01    6.6595642750e-01    8.0646401847e+00
    5.9042076468e-01    1.1323231833e+00    8.9501568534e+00
    5.9712921517e-01    2.6733450527e-01    9.4341122921e+00
    1.0188025673e+01    1.0343385387e+01    9.2325119200e+00

molecule  25
    1.4817464675e+00    6.9455851790e+00    8.6959961013e+00
    1.2361296709e+00    5.9623191389e+00    8.4975995339e+00
    1.8783672291e+00    5.2361082269e+00    8.3097190932e+00
    2.7393785436e+00    4.7460035106e+00    8.4980990236e+00
    3.1256216613e+00    5.0228595656e+00    9.4095511237e+00
    3.8872937315e+00    4.3449617906e+00    9.3414392854e+00
    4.7156651441e+00    4.9564119533e+00    9.2820548356e+00
    5.4415516953e+00    4.6367916790e+00    8.6735987038e+00

molecule  26
    8.0163379874e-01    3.4726755170e+00    7.5666589387e+00
    1.1520544572e-01    4.1753736326e+00    7.7791311009e+00
    9.2628142172e-02    4.0106971311e+00    8.7513010410e+00
    1.0336168984e+01    3.0378036545e+00    8.9516019404e+00
    8.2160527560e-01    3.1781220853e+00    8.5706891181e+00
    1.8140752146e+00    3.1500568990e+00    8.4116336055e+00
    1.9328327071e+00    2.1880276116e+00    8.6567441832e+00
    2.6401066168e+00    2.6369289098e+00    9.1825960867e+00

molecule  27
    4.2957266747e+00    6.6328208703e-02    1.7553248817e+00
    3.9448221541e+00    6.7198499810e-01    2.4524697434e+00
    3.0780742347e+00    5.8057998794e-01    2.0344920694e+00
    2.2014265725e+00    7.1602913353e-01    1.5721772948e+00
    1.8530508076e+00    1.6157071990e+00    1.8214552792e+00
    1.1983680856e+00    2.1515487774e+00    2.3767688725e+00
    1.0068222332e+00    1.1732687056e+00    2.4883074029e+00
    2.3977426520e-01    1.8146397217e+00    2.6102406567e+00

molecule  28
    3.2895282441e+00    6.1613592179e+00    2.3220132240e-01
    2.4618708076e+00    6.6645392252e+00    4.6633525615e-01
    2.3397503011e+00    7.0530930041e+00    1.3568251290e+00
    2.7761468244e+00    6.1105052369e+00    1.3121336435e+00
    3.6348366487e+00    6.5965367819e+00    1.5332991177e+00
    3.8499655364e+00    7.0817088115e+00    6.8158940349e-01
    3.0837075421e+00    7.7023085576e+00    6.8827961135e-01
    2.6858234719e+00    8.1131228074e+00    1.0275967719e+01

molecule  29
    8.0576362962e+00    2.3637779284e+00    4.4832056619e+00
    7.7123597924e+00    2.3248911255e+00    5.4586119409e+00
    8.7079234524e+00    2.2877198576e+00    5.6190303463e+00
    9.4983086671e+00    2.3654451936e+00    4.9411454200e+00
    9.5541616121e+00    1.7763713744e+00    4.1686202274e+00
    8.7808222192e+00    1.7844452517e+00    3.5918326219e+00
    8.8644420083e+00    1.2329185320e+00    2.7703074855e+00
    8.6672932467e+00    5.2930025930e-01    3.4466063940e+00

molecule  30
    5.8134525378e+00    6.6032834466e+00    4.5557011174e+00
    6.5011239576e+00    6.4238222092e+00    5.2777961944e+00
    7.2268589170e+00    7.0746529057e+00    5.0814504344e+00
    7.9287295736e+00    7.6965244316e+00    5.4535023192e+00
    7.9888890320e+00    7.8858888846e+00    6.4252817399e+00
    8.9216329382e+00    7.9746219712e+00    6.2883629680e+00
    9.5344315457e+00    8.7356415256e+00    6.5546354757e+00
    9.5530749589e+00    9.3789012604e+00    5.7527938430e+00

molecule  31
    9.2165098792e+00    8.7393947868e+00    8.6771800824e+00
    9.9675373939e+00    8.3688605862e+00    8.2038956282e+00
    1.0108660013e+01    8.2222583508e+00    9.1876409080e+00
    9.9362905028e+00    7.5926537961e+00    9.9431007131e+00
    9.6158913986e+00    7.3665364065e+00    8.9600118125e+00
    1.4167970287e-01    7.3118328842e+00    9.2117366076e+00
    1.0421958300e+01    6.5136756098e+00    8.6082061614e+00
    9.4460953318e+00    6.4328650550e+00    8.5044288244e+00

molecule  32
    3.0672615661e+00    7.1115828048e+00    1.0189278364e+01
    3.9625410137e+00    7.5689766401e+00    9.9733951370e+00
    4.6564066972e+00    7.4748272302e+00    9.2613395251e+00
    5.0562748774e+00    8.3261987726e+00    8.9987294188e+00
    5.6031627353e+00    9.0907037062e+00    8.7062207991e+00
    5.6690725931e+00    1.0041356732e+01    8.3920187483e+00
    4.8631568124e+00    1.0088809735e+01    8.9822892961e+00
    3.9336489195e+00    7.9324432227e-03    8.9500884408e+00

molecule  33
    2.4864706897e+00    1.0041397869e+01    3.1848214070e+00
    3.0391158179e+00    9.3856813779e+00    3.7485363746e+00
    2.2546567587e+00    9.7256438668e+00    4.2356846647e+00
    2.0348553940e+00    1.7871951411e-01    4.0413856235e+00
    1.7578437277e+00    6.8576237393e-01    4.8496994026e+00
    2.3426875721e+00    1.2989517550e-01    5.3978319430e+00
    2.2788789710e+00    4.2665688212e-01    6.3615854482e+00
    3.2339397020e+00    1.6234013057e-01    6.5962763308e+00

molecule  34
    1.7670044048e+00    5.1349419748e+00    6.9870643551e+00
    1.4970211984e+00    4.2681422427e+00    6.5693330230e+00
    1.6515252945e+00    4.3510629687e+00    7.5398433787e+00
    8.6313737279e-01    4.8760212501e+00    7.2196693974e+00
    9.4187319994e-01    4.8339310598e+00    8.2267467349e+00
    1.3183291243e+00    4.0989420657e+00    8.8986050625e+00
    1.0762605721e+00    4.9473837121e+00    9.3863772527e+00
    2.0451522904e+00    5.0658660582e+00    9.3931831161e+00

molecule  35
    4.8052651270e+00    2.7486506426e+00    1.4559792345e+00
    4.1431212503e+00    3.2325786105e+00    2.0491570728e+00
    4.1779753617e+00    4.2502753659e+00    1.9250042293e+00
    4.4091557155e+00    5.1798091686e+00    1.6535004944e+00
    4.2949823570e+00    5.1165663213e+00    2.6474901242e+00
    4.0559740105e+00    4.1585823349e+00    2.8944493893e+00
    3.2324484373e+00    4.6331317486e+00    2.9897224358e+00
    3.1499861498e+00    3.9434609179e+00    2.2337848693e+00

molecule  36
    7.2258610574e+00    8.6124327813e+00    5.9807885731e+00
    7.9593988263e+00    9.0802461251e+00    6.4277214958e+00
    7.7849473091e+00    8.6479658693e+00    7.2954510543e+00
    7.7304215310e+00    9.6064415078e+00    7.5619566612e+00
    8.6929228865e+00    9.6432866667e+00    7.6067313408e+00
    8.9150561639e+00    9.5356386043e+00    6.6496385504e+00
    9.1144146840e+00    1.0454700153e+01    6.3366318954e+00
    9.9995638078e+00    1.0192796409e+01    5.9507919895e+00

molecule  37
    6.9430623223e-01    8.9046669826e+00    1.2499266839e+00
    8.5219640433e-01    9.6494279557e+00    5.7159913551e-01
    1.2289402557e-01    1.0165422145e+01    1.0396554308e+00
    1.0107787055e+01    9.3047397596e+00    1.0350396132e+00
    1.0410885747e+01    8.5104561396e+00    5.6636214031e-01
    2.6518236637e-01    7.7888394852e+00    1.1954588190e+00
    9.5891998907e-01    8.1174148890e+00    1.8609160975e+00
    1.5017514147e+00    7.2766487148e+00    1.8657168298e+00

molecule  38
    1.0285439922e+01    4.9642425369e+00    4.4988756759e+00
    9.8152379897e+00    4.5174100973e+00    5.2700335300e+00
    2.0007815760e-01    4.8418915577e+00    5.6343941865e+00
    2.7781842359e-01    3.8387478020e+00    5.7811224695e+00
    1.1015782775e+00    3.3883805420e+00    6.1604202744e+00
    1.7649569874e+00    2.7069635935e+00    5.9245648008e+00
    2.3704928019e+00    1.9816848442e+00    6.1787800400e+00
    2.9789510489e+00    1.3147654250e+00    5.7626266212e+00

molecule  39
    4.2954655301e+00    9.8645281475e+00    6.9532558270e-01
    4.3696009529e+00    5.1555623600e-02    1.0388549575e+01
    4.7577653829e+00    7.5348537897e-01    9.8392748393e+00
    5.4691483762e+00    5.3391670030e-02    9.9698597820e+00
    5.6099506770e+00    5.6353708663e-01    9.1586613517e+00
    6.5786870534e+00    3.4691878802e-01    9.0553961526e+00
    6.5664239971e+00    1.2856010292e+00    9.3809482175e+00
    6.2901402082e+00    1.7853747623e+00    8.5529750701e+00

molecule  40
    2.4166396768e+00    2.6744972190e+00    1.6658010097e+00
    2.8255575274e+00    3.3850654862e+00    1.0449801997e+00
    2.7146495514e+00    2.7574300404e+00    2.3719611248e-01
    2.3795047234e+00    3.5564364237e+00    1.0257567900e+01
    2.2850776020e+00    3.6009619650e+00    9.2809191727e+00
    2.8723194676e+00    3.6811592342e+00    8.4871606966e+00
    2.5918940275e+00    3.5132730148e+00    7.5445791039e+00
    3.0070139387e+00    2.6316123181e+00    7.8519141773e+00

molecule  41
    3.1274500231e+00    1.4563297784e+00    7.5703523106e+00
    3.5141363101e+00    6.9643014205e-01    8.1646585004e+00
    4.1703172435e+00    1.0946271114e-01    7.8022294146e+00
    4.3864166800e+00    4.9315114238e-01    6.8993236248e+00
    4.3091534104e+00    1.2639294051e+00    7.5198556684e+00
    4.9543726727e+00    8.0770273286e-01    8.1312889742e+00
    5.9372809696e+00    9.6453376904e-01    8.0065945210e+00
    5.2224192879e+00    1.6682113363e+00    7.9443652027e+00

molecule  42
    5.0369794104e+00    3.3209664068e+00    3.3257355245e+00
    4.5053208376e+00    3.5382379646e+00    4.0801094154e+00
    3.6955985375e+00    4.1794922553e+00    4.0886450739e+00
    3.1891568357e+00    3.7107035105e+00    3.3563334042e+00
    2.8045670918e+00    2.8525127036e+00    3.0157939080e+00
    2.0787404600e+00    2.7554482553e+00    3.6923401653e+00
    2.1349551608e+00    2.8136659407e+00    4.7091149478e+00
    2.9800536339e+00    2.2851933960e+00    4.7980992049e+00

molecule  43
    9.9140520312e+00    7.5127181291e+00    4.5849105029e+00
    1.0107816115e+01    7.2401280118e+00    5.5469091317e+00
    2.4044751009e-01    7.9103391039e+00    5.1603436596e+00
    9.8470998512e-01    7.5028049409e+00    4.6965691556e+00
    1.8947629473e+00    7.9110247468e+00    4.8777862115e+00
    1.1925718379e+00    7.9114745370e+00    5.5878767235e+00
    1.9909080909e+00    7.3993557236e+00    5.9973961089e+00
    1.4217476856e+00    7.2733055968e+00    6.8421875945e+00

molecule  44
    1.0096064055e+01    1.4975215401e+00    8.0536420208e+00
    9.7376236640e+00    1.0027647070e+00    8.8530433195e+00
    9.0259502382e+00    1.3115599523e+00    8.2068785631e+00
    8.4243562186e+00    5.0611149896e-01    8.3863826306e+00
    7.5008251074e+00    2.1643164287e-01    8.0999904498e+00
    8.1381195312e+00    1.0007745349e+01    8.4840962059e+00
    9.1429630773e+00    9.8004742009e+00    8.5942398400e+00
    8.9072346583e+00    9.4666413249e+00    9.4800275991e+00

molecule  45
    4.8458477286e+00    4.1058558600e+00    1.0063038564e+00
    3.9672438596e+00    3.6724716150e+00    7.0826619169e-01
    3.8000484242e+00    2.8736837288e+00    1.7217532074e-01
    3.4425222105e+00    2.4798964881e+00    1.0074077457e+00
    3.2564137163e+00    2.1576834319e+00    1.9047052052e+00
    3.6152767468e+00    1.4906122091e+00    1.2149031866e+00
    3.8093438371e+00    1.3306423534e+00    2.2405119668e-01
    4.5032087051e+00    1.9314702505e+00    7.1813102578e-01

molecule  46
    8.2640101433e-01    2.0189036034e+00    8.1087601643e+00
    1.1163305344e+00    2.5489506113e+00    7.3208444645e+00
    1.8463491377e+00    1.9108990802e+00    7.1184544511e+00
    1.1219904836e+00    1.9368945376e+00    6.4223837930e+00
    1.0308105979e+00    2.0382761662e+00    5.4107481437e+00
    1.1062599501e+00    2.9761211956e+00    5.1547878400e+00
    6.4171944665e-01    3.7661876790e+00    4.7635955541e+00
    9.6496926313e-03    3.0146120272e+00    4.8022669848e+00

molecule  47
    3.6105599129e+00    2.1444533063e+00    5.8324048414e+00
    2.9153979925e+00    2.8858451619e+00    5.7827620125e+00
    2.5637303649e+00    2.8615899261e+00    6.7040180444e+00
    3.4459442093e+00    3.2207847156e+00    6.7227679004e+00
    3.3923662872e+00    3.7264950913e+00    5.9036620946e+00
    3.4717847021e+00    3.5578007829e+00    4.8801484333e+00
    2.6524296983e+00    3.8996225458e+00    4.4220395332e+00
    2.7974148739e+00    4.8439900984e+00    4.6074733295e+00

molecule  48
    5.4227552871e+00    8.4894947704e+00    3.6115776355e+00
    6.4033084513e+00    8.8098441455e+00    3.4416147961e+00
    5.9414572228e+00    9.5322630701e+00    2.9767620827e+00
    5.3677619310e+00    1.0343683117e+01    3.1423994316e+00
    5.5748308409e+00    1.0347155276e+01    4.1179185338e+00
    5.2710733628e+00    9.4604473833e+00    3.7499966540e+00
    4.3641549948e+00    9.6752160549e+00    4.0981590765e+00
    4.8582496382e+00    1.0035605983e+01    4.8560175573e+00

molecule  49
    4.9960403224e+00    8.8535740274e+00    3.1433467718e-01
    5.2668098403e+00    7.9806147139e+00    1.0298840832e+01
    5.9499424083e+00    7.3128420859e+00    1.0430787204e+01
    6.6068032376e+00    7.3498343243e+00    9.7406519532e+00
    5.7475759913e+00    6.9904219965e+00    9.4680975512e+00
    5.5217103174e+00    7.2030449156e+00    8.5424935487e+00
    5.8223435220e+00    6.6199095563e+00    7.7628831055e+00
    6.7920829215e+00    6.7174935751e+00    7.9267148931e+00

species    1
nMolecule  50

molecule  0
    7.6578707653e+00    9.4859746696e+00    1.0007819712e+00
    8.0986326717e+00    8.6704044236e+00    1.3249066855e+00
    8.4105201857e+00    8.0498629250e+00    6.1637028246e-01
    8.7888432147e+00    7.3242876300e+00    1.1583728921e+00
    9.3712398866e+00    6.5833369355e+00    1.5278309756e+00
    8.9191769657e+00    6.3004047586e+00    6.7945907638e-01
    8.8837295512e+00    5.4292737414e+00    1.2306228611e+00
    8.8200737876e+00    5.1838644373e+00    2.4228409152e-01

molecule  1
    6.5658046504e+00    4.2641653736e+00    6.1815537781e+00
    5.9854425488e+00    5.1052910387e+00    6.4051131397e+00
    6.3366126515e+00    5.7559819760e+00    7.0263019289e+00
    6.2072751509e+00    6.6311441817e+00    6.5948652305e+00
    5.2384271762e+00    6.2905670862e+00    6.7451360528e+00
    5.0559941910e+00    5.6137975257e+00    7.4725008736e+00
    4.9481619489e+00    4.6101906428e+00    7.4773744149e+00
    5.9333336894e+00    4.6458933809e+00    7.5805606152e+00

molecule  2
    5.3369826941e+00    9.4305189217e+00    9.8818815871e+00
    5.5979068417e+00    9.7025254607e+00    3.2790453344e-01
    6.1340941157e+00    1.0102861806e+01    1.0807725927e+00
    6.3742764264e+00    1.0189171152e+01    2.0226596683e+00
    5.4920270827e+00    1.5228690855e-01    2.1122623682e+00
    5.1749124021e+00    1.0393746851e+01    1.1779800832e+00
    4.6954195567e+00    7.7369967273e-01    9.9353943737e-01
    5.3605138147e+00    8.3535410562e-01    2.2337838537e-01

molecule  3
    6.2219901783e+00    2.4459148168e+00    6.6357824180e+00
    5.2824322501e+00    2.3288535119e+00    6.3012032967e+00
    4.5578678434e+00    1.6816254397e+00    6.1904487751e+00
    5.4282474166e+00    1.3157187112e+00    6.4968883416e+00
    5.5577400616e+00    4.9171810888e-01    5.9108847480e+00
    6.4068744095e+00    5.0301180091e-01    6.4414994886e+00
    6.2972941236e+00    1.0845766515e-01    7.3257943280e+00
    6.8490683544e+00    9.8542420235e+00    6.9707036442e+00

molecule  4
    8.5299764696e+00    9.8073210876e+00    1.7031503561e+00
    9.2538382018e+00    1.0338981039e+01    2.1715751075e+00
    9.3286666420e+00    8.0274329999e-01    1.8136394427e+00
    8.7233466854e+00    5.5274679695e-01    1.0687005593e+00
    9.5813287191e+00    4.3007109649e-02    1.0991289291e+00
    9.0392117152e+00    9.7966071899e+00    6.5209624950e-01
    9.1305597165e+00    8.8381016853e+00    4.4796777108e-01
    8.1751818379e+00    8.8954205570e+00    1.1043000439e-01

molecule  5
    7.4250928431e+00    8.8648419654e+00    2.4391292283e+00
    7.0174300048e+00    9.7077466617e+00    2.8081121847e+00
    7.1224401751e+00    2.2534941932e-01    2.6812067572e+00
    6.1743129664e+00    6.2750550598e-01    2.8143897031e+00
    6.5535711639e+00    5.8341421601e-01    3.7363193019e+00
    7.1584767859e+00    1.2194265350e+00    4.2102771022e+00
    6.3275620748e+00    1.7094631571e+00    4.0973864859e+00
    6.8106508435e+00    2.3305121903e+00    4.7009182378e+00

molecule  6
    5.0801955056e+00    6.0778560478e+00    3.6322752199e+00
    5.1572364715e+00    5.8086797961e+00    4.5922238721e+00
    5.3474674830e+00    6.0347807458e+00    5.5490144934e+00
    4.9127836890e+00    6.8809935732e+00    5.1519874840e+00
    5.4072690477e+00    7.0310628200e+00    6.0045188070e+00
    5.1254218082e+00    7.9857400426e+00    6.0159718168e+00
    4.1921569615e+00    7.7425885148e+00    5.7281723165e+00
    3.5842916850e+00    8.1598785356e+00    6.3817224563e+00

molecule  7
    5.1399124657e-01    4.8821276253e+00    2.2892889385e+00
    1.4105917715e-01    5.5556207245e+00    2.8779041823e+00
    4.6521323554e-01    4.7012292453e+00    3.3008874313e+00
    6.7849344839e-01    5.4123385299e+00    3.9342918374e+00
    1.2215722560e+00    5.4151715739e+00    4.7900776404e+00
    1.8624192625e+00    4.9142347780e+00    4.1371243468e+00
    1.0678120995e+00    4.3434336454e+00    3.9264714868e+00
    1.0904393428e+00    3.4305228613e+00    3.5327635616e+00

molecule  8
    8.5672553728e+00    4.2550422477e+00    4.5466891298e+00
    8.5317008053e+00    3.5689081542e+00    5.2492135395e+00
    7.6638250543e+00    3.4785641325e+00    4.7194292322e+00
    6.8423102103e+00    3.2396122358e+00    5.2971744997e+00
    6.6448457914e+00    3.7850734846e+00    4.4871042678e+00
    7.1342815367e+00    4.2201460680e+00    5.2656718913e+00
    7.8168129927e+00    3.9732335252e+00    5.9301972510e+00
    7.8727640382e+00    4.9482019033e+00    5.6791364994e+00

molecule  9
    7.1996162782e+00    5.0450256358e+00    1.1766227896e+00
    8.0242841448e+00    5.2008137195e+00    1.6892475933e+00
    7.5650844921e+00    4.3022157306e+00    1.8131208078e+00
    7.8534773754e+00    3.5005987310e+00    1.3569833031e+00
    7.0231405815e+00    3.2887023521e+00    7.8388488718e-01
    7.5134022062e+00    3.7574993825e+00    1.9125993645e-02
    8.1057230379e+00    4.0544033619e+00    9.7891595214e+00
    8.5418903808e+00    3.8636892394e+00    2.1786724713e-01

molecule  10
    4.5095267238e+00    4.5766087282e-03    6.0058771968e+00
    3.7946729031e+00    3.5261765084e-01    5.3947782389e+00
    3.8509397955e+00    9.8314927610e+00    5.5378061326e+00
    3.4872084897e+00    9.2144720908e+00    4.8585525373e+00
    3.0397302130e+00    9.0316008643e+00    5.6664060650e+00
    2.8902251524e+00    9.4083441202e+00    6.5501583334e+00
    2.3849533506e+00    8.6096726274e+00    6.5825311245e+00
    2.0416604905e+00    9.0103952622e+00    5.7514899885e+00

molecule  11
    5.3720303587e+00    7.6742024032e+00    7.7167375045e+00
    4.5204173701e+00    7.6100990350e+00    7.1999881756e+00
    3.5812844345e+00    7.7522600546e+00    7.3765546615e+00
    2.7853438829e+00    7.2953040165e+00    7.1119299309e+00
    2.0528729901e+00    7.6328006535e+00    7.6971680737e+00
    2.3815984802e+00    6.6739871176e+00    7.8514587640e+00
    2.4613977258e+00    5.7400695710e+00    7.6275090895e+00
    2.9813090794e+00    6.1900169043e+00    6.9263043882e+00

molecule  12
    1.0164856806e+01    4.3936259767e+00    1.8194001619e+00
    9.8573487190e+00    3.5028705150e+00    1.4906969159e+00
    1.0198026099e+01    2.9616135015e+00    2.2489936948e+00
    5.6359026859e-01    2.8757208440e+00    2.7954639483e+00
    1.1321815294e-01    3.6872450966e+00    3.0882132397e+00
    9.6957458603e+00    3.3285072699e+00    3.4565443593e+00
    9.9090165754e+00    4.2675162139e+00    3.7271129132e+00
    9.6778558663e+00    4.7379878315e+00    2.8912753884e+00

molecule  13
    7.6903161183e+00    1.0371901041e+01    1.6967971390e+00
    6.8711034636e+00    4.6469041168e-01    1.4695907373e+00
    7.3861165925e+00    1.0948071533e+00    2.0678359239e+00
    6.5753948153e+00    1.4930521666e+00    1.6715605282e+00
    5.7707652458e+00    2.0996441232e+00    1.8542036776e+00
    5.5496544137e+00    1.1998380982e+00    1.5086640870e+00
    5.3805673930e+00    1.3067961852e+00    2.4559970541e+00
    4.5838985266e+00    1.8106409529e+00    2.1244700573e+00

molecule  14
    9.2815254206e+00    3.9330638235e-01    5.0130543580e+00
    8.7014078682e+00    9.9202109910e-01    4.4744444666e+00
    8.0103233765e+00    9.9760799865e-01    5.1852982057e+00
    8.7146658922e+00    6.8623078287e-01    5.7765093970e+00
    8.6529838551e+00    1.5241139054e+00    6.3385167681e+00
    7.7596402272e+00    1.0852090676e+00    6.1663177487e+00
    7.0646599342e+00    5.2534884609e-01    5.6753247054e+00
    6.7386723831e+00    1.4318134680e+00    5.8354921469e+00

molecule  15
    4.6403240476e+00    3.3709217679e+00    8.6898606959e+00
    5.1517889855e+00    2.9176914690e+00    9.4799222780e+00
    5.4670538177e+00    1.9851690438e+00    9.5326470539e+00
    4.7720189998e+00    1.5798724813e+00    8.9730414062e+00
    3.8795756654e+00    1.0972883170e+00    9.0317262837e+00
    3.3692794625e+00    1.5146232031e+00    9.7745405636e+00
    2.8472754352e+00    7.4906676010e-01    1.0210952125e+01
    2.2067422667e+00    2.8141739030e-02    1.0379702979e+01

molecule  16
    1.0207677275e+01    8.5109354675e+00    2.1669920481e+00
    9.6380345791e+00    9.3139351818e+00    2.1948700390e+00
    1.0153632280e+01    9.2245736658e+00    3.0230854782e+00
    9.7411792532e+00    8.7080650411e+00    3.7412071887e+00
    8.7309786498e+00    8.7235749382e+00    3.7958780548e+00
    8.1653296033e+00    9.1239914372e+00    4.4969328576e+00
    9.0475737829e+00    8.8384329740e+00    4.9022119605e+00
    9.8012552947e+00    8.4186865280e+00    5.4349960013e+00

molecule  17
    7.8217254005e+00    8.8337206166e+00    3.3826340711e+00
    8.3626655973e+00    8.1038326795e+00    3.0401507351e+00
    7.6222022583e+00    7.5425473043e+00    2.7810282527e+00
    7.4034788660e+00    7.7714117990e+00    1.8483084616e+00
    6.9499352333e+00    6.8969710827e+00    1.7916008267e+00
    6.4656421946e+00    7.0410045531e+00    2.6950321827e+00
    7.2431068135e+00    6.4307307007e+00    2.7302260408e+00
    8.1286509452e+00    6.7009421565e+00    2.3159971548e+00

molecule  18
    9.6584167427e+00    7.7585240126e+00    7.1812518219e+00
    9.9755129199e+00    6.9479400071e+00    7.7019430100e+00
    1.1866406666e-01    7.7319978988e+00    7.4940838923e+00
    4.2725391797e-01    7.7806408404e+00    6.5721066234e+00
    7.3784394320e-01    6.9273684967e+00    6.1164737527e+00
    7.5289019234e-01    6.0150838464e+00    5.7340924034e+00
    1.3918644963e+00    5.8757929358e+00    6.4665822371e+00
    8.0007820286e-01    6.3735504090e+00    7.1087392478e+00

molecule  19
    7.9812833869e+00    6.6924711441e-01    2.0594987282e-01
    7.4083322500e+00    1.1621759386e+00    1.0030590430e+01
    6.8803446440e+00    2.8773726174e-01    1.0031056990e+01
    6.9649947064e+00    9.1578902257e-02    5.2029245409e-01
    6.4801218583e+00    9.3041545540e-01    6.4516822399e-01
    6.0212184756e+00    1.7807509623e+00    7.7678602173e-01
    5.4033638648e+00    1.8101608022e+00    4.8927516885e-02
    4.5245545294e+00    2.1479094877e+00    1.0153419413e+01

molecule  20
    1.8637599314e+00    3.4916404570e+00    2.4452092102e+00
    1.8814312254e+00    4.2081868483e+00    3.0958968886e+00
    1.3682085593e+00    5.0950904100e+00    3.1777092233e+00
    1.6203800947e+00    6.0040789085e+00    3.4693188968e+00
    1.2976247810e+00    6.1514178289e+00    2.5565251768e+00
    2.2365447355e+00    6.3476229023e+00    2.2107120862e+00
    1.5004302257e+00    6.0042146998e+00    1.5656668663e+00
    9.8317845401e-01    6.7435748083e+00    1.1309511789e+00

molecule  21
    6.5693507278e+00    1.8347329951e+00    1.0315821739e+01
    6.9223405120e+00    2.7579154405e+00    1.0338075375e+01
    6.1755873565e+00    2.9999132876e+00    9.7271366401e+00
    5.8731534359e+00    3.1095026684e+00    8.7502850973e+00
    6.3152786989e+00    3.9298517335e+00    8.4517749423e+00
    6.0432795319e+00    3.2373201367e+00    7.7229269256e+00
    5.2703464796e+00    3.8140885217e+00    8.0253591386e+00
    5.2500203041e+00    3.7161535011e+00    7.0771415930e+00

molecule  22
    3.8137330451e+00    5.5513794742e+00    6.2831969714e+00
    3.1301694686e+00    4.9023173478e+00    5.9177638243e+00
    2.5111520697e+00    4.4615063927e+00    6.5476374580e+00
    3.1224248930e+00    4.6167749380e+00    7.3594495905e+00
    3.9678597385e+00    4.6048513412e+00    7.7832564493e+00
    3.7128940240e+00    3.6488842198e+00    7.7127475298e+00
    4.3604795366e+00    2.9526465589e+00    7.4176478342e+00
    5.2711827511e+00    2.5757936947e+00    7.3382372276e+00

molecule  23
    1.7931354964e+00    4.4440929287e+00    5.1374621836e+00
    2.2797390138e+00    5.2607959059e+00    5.4496423661e+00
    2.4314335151e+00    6.1299048056e+00    5.9165517674e+00
    2.2538184191e+00    6.4662521465e+00    5.0302572308e+00
    3.0373465335e+00    6.9315334987e+00    5.4893131394e+00
    3.9375304286e+00    6.9531568751e+00    4.9659600214e+00
    3.9264089513e+00    6.4866789501e+00    5.8447231195e+00
    3.5305693934e+00    5.9330742611e+00    5.0565260386e+00

molecule  24
    7.1969452786e+00    3.5168519801e+00    2.7320049172e+00
    6.6750866310e+00    4.3026761428e+00    2.3850673764e+00
    6.5256824649e+00    3.7262520401e+00    1.5351438599e+00
    5.5778072183e+00    3.3616315092e+00    1.4775097458e+00
    6.1820324377e+00    2.7323964828e+00    1.0023632240e+00
    5.4748269765e+00    2.8728587664e+00    3.0706757350e-01
    5.1408334116e+00    3.7709615351e+00    7.2299714508e-02
    5.6198733037e+00    4.4500018634e+00    9.9235382173e+00

molecule  25
    7.8132794073e+00    1.1944307270e+00    3.4763415838e+00
    7.6622970221e+00    2.0879010861e-01    3.4840192471e+00
    7.9039930596e+00    1.0443787798e+01    4.4517768306e+00
    7.3010793190e+00    9.7599704000e+00    3.9634158165e+00
    7.1221240004e+00    8.8532312690e+00    4.2330477597e+00
    6.8726792535e+00    9.1240315151e+00    5.1585384357e+00
    6.2563804333e+00    9.7822160568e+00    4.7776051317e+00
    6.4324731518e+00    3.0086608973e-01    4.8428308353e+00

molecule  26
    3.0878283997e+00    7.7868405347e+00    2.1706104992e+00
    2.5511435974e+00    7.2458188078e+00    2.8264737553e+00
    2.4175085529e+00    8.0842279003e+00    3.3405407725e+00
    1.5697455205e+00    8.3521707453e+00    2.8613878235e+00
    7.3804705525e-01    8.8216934052e+00    2.5655569399e+00
    3.8217266110e-01    9.7931522152e+00    2.6017056048e+00
    1.1269358607e+00    1.0130931167e+01    2.0641403681e+00
    1.1312332128e+00    1.5637307554e-01    2.9592908247e+00

molecule  27
    8.5190554555e+00    5.8892043673e+00    9.1226936243e+00
    8.2509721235e+00    5.3399225243e+00    9.8382214722e+00
    7.8413773521e+00    5.6544950272e+00    2.2637982708e-01
    8.2736463908e+00    6.4838337611e+00    1.0329251188e+01
    7.8075883463e+00    7.1403610586e+00    4.4831603902e-01
    7.3216657564e+00    6.4597117650e+00    8.7878963440e-01
    6.4376376776e+00    6.1477619616e+00    1.1593853916e+00
    6.1936569028e+00    7.1310031789e+00    1.0608519959e+00

molecule  28
    3.3361429563e+00    1.0272139443e+01    4.0500638211e+00
    3.5433123146e+00    1.0405493184e+01    3.1346635679e+00
    4.3501340350e+00    9.9154912799e+00    2.8425652795e+00
    5.1329845398e+00    9.6413858939e+00    2.3060889401e+00
    5.0681937562e+00    9.2117569797e+00    1.4030806371e+00
    4.0840663007e+00    9.3461383068e+00    1.7003448821e+00
    3.3575891357e+00    9.5029633118e+00    1.0310756933e+00
    2.4778266060e+00    9.7621172294e+00    1.4999329362e+00

molecule  29
    2.6274342939e+00    6.3311971170e+00    9.5368278047e+00
    2.1219673688e+00    5.7555740979e+00    1.0228070596e+01
    2.3797814456e+00    5.0435297515e+00    3.8785103273e-01
    1.5882089677e+00    5.0138653955e+00    1.0166737571e+00
    1.8128305133e+00    4.0318137431e+00    8.0451791685e-01
    2.5138950491e+00    4.3414458597e+00    1.4353223209e+00
    2.0503149491e+00    4.7509890541e+00    2.2597610745e+00
    2.3813568612e+00    5.3707031896e+00    3.0294213002e+00

molecule  30
    4.7822010330e+00    4.8694874191e+00    4.3778666917e+00
    5.0264845946e+00    4.8217699622e+00    3.3935679708e+00
    5.5913293865e+00    4.3597200396e+00    2.7505261441e+00
    5.4832688654e+00    4.4108330612e+00    1.7958409454e+00
    5.9434994750e+00    5.0430299409e+00    1.1776003826e+00
    6.0782568673e+00    4.2256819101e+00    6.2731374971e-01
    6.4599907718e+00    4.0099317018e+00    1.0175304435e+01
    6.9437752652e+00    4.8791739711e+00    1.0413625370e+01

molecule  31
    1.9367170427e+00    9.4079058699e+00    7.0565383211e-01
    1.6001709522e+00    8.4891091102e+00    3.6448897494e-01
    1.3221213741e+00    7.6940037275e+00    8.5847514301e-01
    7.5702167488e-01    7.9807667331e+00    9.2340331883e-02
    3.1500257896e-01    7.1232421052e+00    3.1384027942e-01
    1.1673789769e+00    6.7652825424e+00    8.5799560218e-02
    5.1450725179e-01    6.5743944302e+00    9.8466984023e+00
    1.0293363244e+01    5.8867577415e+00    9.6418407413e+00

molecule  32
    9.3517046381e+00    3.1324369373e-01    8.0339285361e+00
    8.9184298887e+00    6.6113213462e-01    7.2294243870e+00
    8.1579575025e+00    1.6856993239e-01    6.7950321202e+00
    8.0075757456e+00    1.0256697110e+01    5.8797732226e+00
    7.9586685622e+00    9.3730734574e+00    5.4215585673e+00
    8.6067282277e+00    1.0047639192e+01    5.0458903366e+00
    9.5806532248e+00    9.8365051446e+00    4.8141249490e+00
    9.0964466735e+00    1.0116842869e+01    3.9639564628e+00

molecule  33
    6.8072056968e-01    4.3111057281e+00    1.1479237568e+00
    1.3533412341e+00    4.2198604190e+00    1.8463006074e+00
    5.4821311262e-01    3.6699886844e+00    2.0152108129e+00
    1.0688382294e+00    3.2165321061e+00    1.3047754532e+00
    1.7963472242e+00    2.7774205367e+00    7.9159205123e-01
    2.3020382667e+00    1.9328867946e+00    6.4396113796e-01
    2.6374153757e+00    9.9508121396e-01    6.9683335169e-01
    3.3945184306e+00    4.0321162448e-01    8.7212950102e-01

molecule  34
    3.9761970296e+00    2.2900901533e+00    4.6179341747e+00
    3.4531851583e+00    2.8061114892e+00    3.9941663520e+00
    3.8814998206e+00    2.7022887990e+00    3.1003582263e+00
    4.2028876040e+00    1.9731998225e+00    3.6288520617e+00
    4.6904043437e+00    1.1502135356e+00    3.3567496247e+00
    3.9925822762e+00    1.0176648521e+00    4.0845612001e+00
    4.3710759827e+00    2.0197706580e-01    3.6678170474e+00
    4.8916180775e+00    6.9428202721e-01    4.3204015745e+00

molecule  35
    7.4503782131e+00    7.8050007642e+00    8.1811746725e+00
    8.0805497059e+00    8.0741607154e+00    8.8823133417e+00
    8.8042475535e+00    8.2261483784e+00    9.5216092315e+00
    8.8466857009e+00    7.4074066616e+00    1.0064543135e+01
    8.6190593995e+00    6.9552221172e+00    9.2042180106e+00
    7.6554141120e+00    6.8192507560e+00    9.2688318642e+00
    6.7402935238e+00    6.5493555794e+00    9.0083075852e+00
    7.2506595555e+00    5.8574020155e+00    9.5164655234e+00

molecule  36
    7.0682970621e+00    4.7532968689e+00    9.3006103599e+00
    6.2689078952e+00    5.3727966161e+00    9.2545260949e+00
    6.0436070705e+00    5.6278185122e+00    8.3140097099e+00
    5.3867078581e+00    5.9118693487e+00    8.9985161259e+00
    4.4096609020e+00    6.0590485449e+00    8.7291488739e+00
    4.1966322659e+00    5.6582534878e+00    7.8407548839e+00
    3.3456932910e+00    6.0381380509e+00    8.2423322255e+00
    3.5546999168e+00    6.3665223267e+00    9.1569803491e+00

molecule  37
    4.5270837814e+00    7.8639850678e+00    3.4831031634e+00
    3.7154732651e+00    7.5515638095e+00    3.0059490925e+00
    3.2627850901e+00    7.4086288270e+00    3.8342082192e+00
    4.1570343934e+00    6.9924127145e+00    3.8929175431e+00
    3.7133107164e+00    6.1072365938e+00    3.8062963557e+00
    2.8251170452e+00    5.7436670086e+00    3.9695469716e+00
    2.4448765403e+00    6.6333188121e+00    3.8089419551e+00
    2.9918729823e+00    6.3703588069e+00    3.0326003353e+00

molecule  38
    9.6718649123e+00    1.7854196124e+00    1.7398849848e+00
    8.8177514212e+00    2.0861612298e+00    2.0693573736e+00
    8.2716570156e+00    1.8684359544e+00    1.2258756490e+00
    7.4218155219e+00    1.3776685390e+00    1.0418703011e+00
    7.3745418952e+00    2.3055900466e+00    7.1967509151e-01
    7.2185493195e+00    2.5486909729e+00    1.6402846238e+00
    6.5529432880e+00    2.7254663459e+00    2.4174296934e+00
    5.8001414548e+00    3.3368884378e+00    2.6038396385e+00

molecule  39
    2.9610858737e+00    7.8485675019e+00    4.9412007909e+00
    2.5618484490e+00    8.7401734853e+00    4.7045888876e+00
    3.2441345086e+00    8.4985932721e+00    4.0398052135e+00
    3.8639589524e+00    8.8695179627e+00    3.4243256654e+00
    3.6874114280e+00    8.5738214387e+00    2.4907010628e+00
    3.1628997543e+00    8.6856727987e+00    1.6099369272e+00
    2.2065445763e+00    8.7898557627e+00    1.7767208597e+00
    2.7212037120e+00    9.0975358990e+00    2.6040273895e+00

molecule  40
    1.0415151557e+01    1.3845425433e-01    2.0001029965e+00
    1.0177493073e+01    3.5638660061e-01    2.9622943326e+00
    9.9417176537e+00    1.2949100110e+00    3.2424775654e+00
    4.4710495086e-01    1.2326444920e+00    3.5809688173e+00
    4.0071423449e-01    1.3620980717e+00    4.5799533010e+00
    4.0369067696e-01    3.5578700863e-01    4.5307810766e+00
    1.0287305587e+01    1.0300083943e+01    3.9279179092e+00
    9.6060938995e+00    5.9219589616e-01    4.0621581203e+00

molecule  41
    1.2023260312e+00    1.0070836438e+01    4.0087503505e+00
    1.1717586833e+00    9.2331450148e+00    3.5078444898e+00
    1.5996742863e+00    8.4787935777e+00    3.9131728230e+00
    1.3061608354e+00    8.8967298858e+00    4.7993618169e+00
    4.6722277419e-01    9.1329544983e+00    4.2935574263e+00
    1.5748875154e-01    9.1857566277e+00    5.2368300853e+00
    9.3369487152e-01    9.2937240415e+00    5.8281325228e+00
    1.2413104657e+00    1.0205300290e+01    5.5376806803e+00

molecule  42
    1.0449733615e+01    2.8056223612e+00    6.0076693101e+00
    1.0428394901e+01    1.9568823523e+00    5.4553955575e+00
    9.5045582581e+00    1.5273787635e+00    5.6028908339e+00
    9.6389866252e+00    1.1259465286e+00    6.4815449475e+00
    7.1903702328e-02    1.5843912769e+00    6.3868277576e+00
    1.0324679930e+01    9.2416215414e-01    5.6574573185e+00
    8.5261317760e-01    1.0423239013e+00    5.7383940089e+00
    1.8447510009e+00    1.2327515040e+00    5.7573946397e+00

molecule  43
    5.8832128417e+00    1.6593072926e+00    5.1164631820e+00
    5.7749508882e+00    2.6086597336e+00    5.3088393147e+00
    5.7992937113e+00    3.5918081122e+00    5.1659505774e+00
    5.7138246652e+00    4.5703487822e+00    5.3851742821e+00
    6.3984766043e+00    5.2031778850e+00    5.2659954722e+00
    6.2138567344e+00    5.6364391401e+00    4.3867581164e+00
    5.8234929319e+00    4.7381157938e+00    4.2729216282e+00
    5.9064026884e+00    3.8918091642e+00    3.7757681581e+00

molecule  44
    7.2995399988e+00    2.0444244454e+00    6.8288179448e+00
    6.6188470668e+00    1.3740953128e+00    7.2047535985e+00
    7.3857471817e+00    1.3329316700e+00    7.8675408271e+00
    7.6006404118e+00    2.3045233021e+00    8.0464767322e+00
    8.2674639464e+00    2.1257646578e+00    8.7785516586e+00
    7.7382596989e+00    2.7481052686e+00    9.3612472953e+00
    6.8064047307e+00    2.7306074221e+00    8.9104614516e+00
    7.1660737466e+00    3.6641486452e+00    9.0393321359e+00

molecule  45
    1.5464668447e+00    7.0268301475e+00    3.3618871483e+00
    8.4189223325e-01    7.5437470493e+00    2.7898250033e+00
    4.2309011042e-01    7.5956390408e+00    3.6993312779e+00
    1.0194489961e+01    8.0674844731e+00    3.1541350778e+00
    9.3696043678e+00    8.2762395289e+00    2.6870355559e+00
    8.9339374999e+00    8.6757938491e+00    1.8956236921e+00
    9.5540407131e+00    7.9791359956e+00    1.4759756204e+00
    9.7341294700e+00    7.7236859459e+00    5.3696854729e-01

molecule  46
    1.0078785545e+01    6.0939127665e+00    2.1502426883e+00
    1.0434247745e+01    6.8096209005e+00    1.5384407981e+00
    1.0087735811e+01    7.2779808519e+00    2.3743751936e+00
    9.6765859182e+00    6.6253535864e+00    2.9985431556e+00
    1.2160054614e-01    6.6776585837e+00    3.3342019366e+00
    1.0165745327e+01    5.9532542692e+00    3.8912524462e+00
    4.7652098505e-01    6.4609947219e+00    4.2702350857e+00
    1.0419532999e+01    5.9781986345e+00    4.9382055394e+00

molecule  47
    8.8124130472e+00    3.2733516303e+00    4.1780157088e+00
    7.9911078448e+00    3.6051893907e+00    3.6933604675e+00
    7.8545793803e+00    2.7360960402e+00    3.2275120148e+00
    7.4193907607e+00    2.0069323415e+00    2.6337924894e+00
    6.5024923789e+00    1.6530569221e+00    2.8444626897e+00
    5.6608562017e+00    2.1765182805e+00    2.9573168269e+00
    5.2100088106e+00    2.0893683152e+00    3.8023623127e+00
    5.6151408172e+00    2.8529811221e+00    4.3120656700e+00

molecule  48
    7.4502247708e+00    6.0686752004e+00    8.4310362869e+00
    7.8943979228e+00    6.5990005246e+00    7.7434892621e+00
    8.7139689824e+00    7.2056982894e+00    7.6515888800e+00
    8.8586380026e+00    6.2857666745e+00    7.2923508821e+00
    8.3742168571e+00    5.4671886690e+00    7.6127454459e+00
    7.5396499403e+00    5.7349018640e+00    7.1963123255e+00
    7.2870467045e+00    5.8374802319e+00    6.2893586819e+00
    8.2773574814e+00    5.7144870375e+00    6.4467466508e+00

molecule  49
    6.6361981890e+00    5.7139637645e+00    2.9530727512e-01
    5.8152457520e+00    5.5320671354e+00    1.0141264503e+01
    5.1599617552e+00    5.5604373556e+00    4.1334858142e-01
    5.0835680974e+00    6.0030237776e+00    1.3152876065e+00
    4.8226353896e+00    5.9391668317e+00    2.3028438508e+00
    4.4516395644e+00    6.6426413549e+00    2.9167525109e+00
    5.1490085613e+00    7.3278288856e+00    2.8231303937e+00
    5.7420370801e+00    7.4775610612e+00    3.6173234749e+00
