BOUNDARY

cubic     1.0455159e+01

MOLECULES

species    0
nMolecule  100

molecule   0
  3.93416299377447931e-01  8.73860104060694631e+00  6.62742490260467765e+00
  2.27342058829381050e-01  7.89754058377515555e+00  6.54126489141400747e+00
  9.98567455511398627e+00  7.78838077293159792e+00  7.21382457228324192e+00
  9.13822322963782696e+00  7.18530426704144976e+00  7.11562101961054871e+00
  8.43204213015541981e+00  7.61619562810143425e+00  7.69526138575555407e+00
  7.46693404110342840e+00  7.32466620617900688e+00  7.89890692780542469e+00
  7.14994813737770230e+00  7.31178502263214458e+00  8.79623465989915054e+00
  6.30078214730705533e+00  7.69094766480176872e+00  9.15004919923590343e+00

molecule   1
  4.22556674832001045e-01  8.48835001912847886e+00  5.70981915701748299e+00
  5.91591198159890572e-03  8.04884540537036841e+00  4.95543488793319131e+00
  1.37301970735170559e-01  8.63241475101848543e+00  4.05557059162363576e+00
  2.80845026201459236e-01  8.64691999555498292e+00  3.05650217307156247e+00
  7.88981277877300435e-01  7.81869415343151530e+00  2.79098334861140929e+00
  1.72323604379052675e+00  8.03909879276505990e+00  2.99296834252085286e+00
  2.10937725415114663e+00  8.16451200742180028e+00  2.02158310482496129e+00
  2.59268442561098622e+00  9.02593392210673251e+00  1.85728608452343158e+00

molecule   2
  9.46155462195910602e+00  1.62577644721389913e-01  4.93289392711709240e+00
  9.41553913979923252e+00  9.92449172876546193e+00  4.12089135637500537e+00
  9.29963097883572765e+00  2.16253992027449111e-02  3.33185868804000185e+00
  9.26352784934621454e+00  9.94938990319844407e+00  2.46321577186029383e+00
  1.01374514604103467e+01  9.75199013229963363e+00  2.05645803014608575e+00
  1.02060830427734945e+01  9.34332433908470428e+00  1.17253762378738791e+00
  6.20127117934278216e-01  9.05937362715617844e+00  7.70439772093564956e-01
  3.34034365368238717e-01  8.23756224555815386e+00  2.02627533100483453e-01

molecule   3
  4.22235934555932602e+00  3.58015698483808809e+00  4.92131746756359156e+00
  4.77396855342411186e+00  3.48361183949837683e+00  4.07800990692482923e+00
  5.14888279137739335e+00  2.56451732932253229e+00  3.96106991803314878e+00
  5.77774807765964482e+00  2.81089980101914350e+00  3.36600469901923915e+00
  6.74889634023096630e+00  2.31017538935859479e+00  3.53958639542515296e+00
  7.48105656521370133e+00  3.06671717984898695e+00  3.34857780549187689e+00
  7.31324437540710104e+00  3.86439266133624848e+00  4.03146344271805734e+00
  6.56245244898972491e+00  4.54513439598941194e+00  3.92774118895736901e+00

molecule   4
  1.14890477125539148e+00  9.03136521928105296e+00  8.24317424295676204e+00
  1.96973410205352506e+00  9.25435064760068293e+00  8.76019883254565634e+00
  2.14493673180926514e+00  1.02721709168222120e+01  8.87478084186541238e+00
  2.82945654162865967e+00  5.71810197068486792e-01  8.68290643205232548e+00
  2.48521497936400992e+00  1.44953889799092073e+00  8.85292721479190980e+00
  2.67668651680015213e+00  2.26083177343563912e+00  8.33944687900407722e+00
  1.94585534980257124e+00  2.88779227348809675e+00  8.06234233575775150e+00
  1.80920234947435521e+00  3.14426697929576937e+00  7.13195332814477290e+00

molecule   5
  4.11300689844046552e+00  5.95908399260746613e+00  3.69594101076437997e+00
  4.31885196837134888e+00  5.10036481204598946e+00  4.03273704238895636e+00
  4.71634479433720522e+00  4.97250654724028518e+00  4.93428204499379142e+00
  3.91228939741571979e+00  4.72954096428655824e+00  5.49936155634455748e+00
  4.27028708068235652e+00  3.84963353408463593e+00  5.96063600065634258e+00
  3.81688763301174028e+00  3.11233414478712778e+00  6.28091759595476962e+00
  4.01740298014612129e+00  2.16600213645389772e+00  6.36343601435103157e+00
  4.38912482113094793e+00  1.57352374261863548e+00  7.07002183431199072e+00

molecule   6
  4.14311567594551189e+00  1.93959517265046300e+00  5.11957642282858671e+00
  3.63292877697447958e+00  2.60044939348008652e+00  4.55121070566246200e+00
  2.85602210074341567e+00  2.90858313215602582e+00  5.03142084613922247e+00
  2.12756131174535668e+00  2.92815726124280751e+00  4.36908672650787722e+00
  1.15003972989824232e+00  2.86404706574710755e+00  4.51557285583413837e+00
  6.29718394884989152e-01  3.07690341073397455e+00  3.70849561491641833e+00
  1.00558899963540131e+01  3.11276955135227107e+00  3.56587288222338250e+00
  9.57800239888921645e+00  3.90374569363581259e+00  3.17465279421330759e+00

molecule   7
  2.98083447346183306e+00  6.11700773459150859e+00  1.78932304503483208e+00
  3.23240680548137194e+00  7.02990506867257192e+00  2.16844766646062581e+00
  3.87194755494113751e+00  7.15398539327962357e+00  1.46711017116657416e+00
  4.78723594281347520e+00  7.33893726237335731e+00  1.91206935327726146e+00
  4.91309182150031898e+00  8.31370480588492633e+00  1.87897398393646675e+00
  3.99902127583184619e+00  8.89805433963071835e+00  1.71686181893614287e+00
  4.15532615097144031e+00  9.35461847655466450e+00  9.40879291364896564e-01
  3.66964845914564597e+00  1.01394475529674288e+01  1.19418742468594274e+00

molecule   8
  5.63992934799776649e-02  9.60331316564933601e+00  8.41263173472783166e+00
  9.93627525810493140e+00  9.30096996416011912e+00  7.58247506065696886e+00
  9.19840394719097532e+00  9.80054045095724646e+00  7.23097031367668031e+00
  8.78665260530460834e+00  9.12765266980635204e+00  6.66197171596371884e+00
  7.95753795617129889e+00  9.10719989070369174e+00  6.06422411798641292e+00
  7.46195738690004973e+00  9.84951983584368129e+00  5.88348120013813869e+00
  7.18302603842095433e+00  9.78312337895989437e+00  4.90757594923131890e+00
  7.98819851522452939e+00  1.71506408926370502e-03  4.87764144942977129e+00

molecule   9
  7.10769916655903522e+00  1.02138263115314487e-02  1.95484372369144688e+00
  7.11730455570473897e+00  2.46951609735206218e-01  9.69104563618457648e-01
  6.56881227816474578e+00  7.86029865518854232e-01  2.58854304256094736e-01
  6.89599404607876210e+00  1.41141235332494719e+00  9.95139185553327899e+00
  6.62131828753897178e+00  2.26019764634567855e+00  1.00048928784744504e+01
  5.86990291403053277e+00  2.60041874327874467e+00  1.04019615212575260e+01
  5.89099443256583388e+00  3.09150467217600466e+00  8.55237262380430741e-01
  5.22999097122614121e+00  3.65265832050413675e+00  1.19338468473013926e+00

molecule   10
  3.51070763076954551e+00  5.78966637821750840e+00  4.81668363992474813e+00
  4.16992022553376973e+00  6.02049156422944609e+00  5.41766503201828886e+00
  4.90317936980486468e+00  6.70631793880464944e+00  5.10883438889577235e+00
  4.75355155994264944e+00  6.74404350642447703e+00  4.10617106634471529e+00
  5.72454244574729554e+00  6.90923129831001326e+00  3.79122316042267249e+00
  6.38798747513964571e+00  6.19251123775803958e+00  3.50994154151382887e+00
  7.35754824408208297e+00  6.19114924401846700e+00  3.69964165522543587e+00
  7.68375067260815214e+00  6.14213304264848237e+00  4.65285341081554549e+00

molecule   11
  5.46707627450187950e+00  5.67073608905573412e+00  4.56887939767258011e+00
  5.55941240326208863e+00  4.71262509581805400e+00  4.24512911873854737e+00
  5.02766241442713380e+00  4.43732490030312121e+00  3.42061659755735770e+00
  4.26642797532352080e+00  5.02644188034090700e+00  2.93545067516669400e+00
  3.39274604523183676e+00  5.17326493171364543e+00  3.49027961142628840e+00
  2.72344164948336553e+00  5.76808230917585174e+00  2.98068040399351153e+00
  2.07371971559854051e+00  5.28669676807711575e+00  2.35118369419383466e+00
  1.63225041129049808e+00  5.85607123351532266e+00  1.63500237083394118e+00

molecule   12
  2.35668920474838517e+00  8.25605219836089610e+00  1.25956553399582366e-01
  1.38320969859287191e+00  7.90930644247783121e+00  1.04239640823378714e+01
  1.58032951918511544e+00  7.31292911634316933e+00  9.75437012866952280e+00
  1.12025432506457623e+00  6.33155863481525572e+00  9.82455632393050138e+00
  1.49340166316307443e+00  5.53484506544160926e+00  9.28517882102493708e+00
  2.36297788520471164e+00  5.23016334198697397e+00  9.45052024337025642e+00
  2.74614635998978107e+00  4.35618632603441114e+00  9.12756919778414222e+00
  2.42565353442735843e+00  3.66109955317507607e+00  9.64388403866750643e+00

molecule   13
  9.30956781527534716e+00  5.80432071515677794e+00  2.84420682533372382e+00
  8.84866990861052116e+00  5.09959950782526494e+00  3.33556003306076798e+00
  8.41371227599621463e+00  4.16669170719583626e+00  3.38945435550107721e+00
  8.73725758938771868e+00  3.47402874152478036e+00  3.83481662221827024e+00
  8.46614715496892423e+00  3.43332976125763834e+00  4.88843424454048670e+00
  8.53440726076834721e+00  4.35677752424123010e+00  5.41751658301547590e+00
  9.28732253077037306e+00  4.94439965892495348e+00  5.32338467128974990e+00
  9.30439601141567252e+00  5.85025543859617692e+00  5.86363884497471233e+00

molecule   14
  3.38352804777678662e+00  1.40978875964662898e+00  3.26413547742036725e+00
  3.84194423177509492e+00  1.54149212407268710e+00  4.14903112801300100e+00
  4.07912544881111394e+00  6.51118947742435283e-01  4.66866088889860809e+00
  4.57362402317583427e+00  6.61548594661654638e-02  4.16274107615666722e+00
  5.24348140069267377e+00  9.95894902679306782e+00  4.58795583471531643e+00
  4.83162214887288233e+00  9.25165207436221770e+00  4.84952614220818212e+00
  4.62382391436888174e+00  8.38284996891002088e+00  4.49785764484628281e+00
  4.35842232629074111e+00  7.55231472863454023e+00  4.90688218717361657e+00

molecule   15
  3.04393046625142949e+00  2.82389905150544029e+00  9.06121554183612687e+00
  2.62482130273057201e+00  2.44472834240970061e+00  9.79796782385951559e+00
  2.95387622211667855e+00  1.53279302976988996e+00  9.98193085595222840e+00
  2.58981651089102449e+00  6.40577415379579240e-01  9.65813731237071593e+00
  3.11250178580717130e+00  1.02182473255750974e+01  9.73447316861557255e+00
  3.25042287943157593e+00  9.62060207960761637e+00  8.99642343878698014e+00
  3.21299508497324737e+00  9.85074981861866661e+00  8.15117907022615995e+00
  2.49877686764816032e+00  9.24952940998515238e+00  7.80750924872569119e+00

molecule   16
  2.86862247461920283e+00  2.15972094414411808e+00  6.75868931060304057e+00
  2.61966796358117193e+00  2.25010464526648146e+00  5.81266877213667676e+00
  1.83415716378809912e+00  2.58954408538966163e+00  5.48351842156626290e+00
  1.02029710345291225e+00  1.96100244996408546e+00  5.26027068294390787e+00
  3.23437088299431963e-01  2.26628124644717177e+00  4.66065442131006069e+00
  1.00475555500183713e+01  2.90057765054790639e+00  4.79744662476821215e+00
  1.03992242767952199e+01  3.80560390925477421e+00  4.44329288725941929e+00
  9.57014410197251131e+00  4.25792992153519201e+00  4.60975554661297071e+00

molecule   17
  1.81923282069314213e-01  8.40074871736195661e+00  8.50884038297326839e+00
  1.00443962983227362e+01  8.49642011101183137e+00  9.28420708736022426e+00
  9.62302406948353450e+00  9.21290359082189703e+00  9.67820205358205143e+00
  9.67793238793540311e+00  8.91126655868570694e+00  1.92700818779590416e-01
  9.15854959348147979e+00  9.54128166589227789e+00  7.80305987117791644e-01
  9.13021258320672757e+00  1.02004000108612478e-01  5.78875807686354049e-01
  8.35956840457451733e+00  7.16268096495819018e-01  7.11097299489219403e-01
  7.87620907255951597e+00  3.86960998658692656e-01  1.02697223893951506e+01

molecule   18
  7.76012058993921716e+00  8.41503111251338393e-02  2.90974170002015908e+00
  6.83439543488417556e+00  3.43822456023612388e-01  3.04310508377122435e+00
  6.48192281518655911e+00  2.29539872460940327e-02  3.84908046946975135e+00
  5.72882520119332028e+00  9.94907345858323566e+00  3.67990686574376324e+00
  5.46079285459935626e+00  8.99526186514389359e+00  3.62593502806795698e+00
  5.27678876497035709e+00  8.43776699896562832e+00  2.90294386539399563e+00
  5.67327275512226503e+00  7.57170540674890802e+00  2.98241325836452686e+00
  6.11226721868756240e+00  6.88962608273495025e+00  2.31771144396732698e+00

molecule   19
  1.03616735471410202e+01  4.93485406644914892e+00  2.67548950882751413e+00
  1.04300690350789580e+01  5.84622685277285470e+00  3.13426106994033438e+00
  9.63020369896095829e+00  5.97729358859261151e+00  3.78240096227597355e+00
  9.38564279920233524e+00  6.13885735718940939e+00  4.75545193208664063e+00
  8.62743535965122810e+00  6.38322302510368988e+00  5.14817234865483009e+00
  8.05134271710582006e+00  5.66436675046729299e+00  5.61388816176689254e+00
  7.20251074917905676e+00  5.31667850917373119e+00  5.02312788955843637e+00
  6.65254685400861145e+00  4.60503383918033293e+00  5.03493584507263403e+00

molecule   20
  7.04792614929793881e+00  2.80408403472203194e+00  2.25126088525351609e+00
  7.56592980077819632e+00  2.09221572381272569e+00  2.65216773904454506e+00
  8.47055543820728651e+00  2.29169479713826796e+00  2.50673137270552671e+00
  9.00316922391256114e+00  1.67475253233266375e+00  2.97808109810410793e+00
  8.62442424720252276e+00  9.52944333012346156e-01  3.64907614490546495e+00
  8.21226231353681335e+00  9.66685987640548250e-01  4.56132419738995853e+00
  8.04317025061108914e+00  1.86444224531063774e+00  4.96058155250604305e+00
  7.98727446135253061e+00  1.90416795919697024e+00  6.03299055202425549e+00

molecule   21
  5.26639887709204757e+00  9.15919718942580618e-01  7.40991133733475760e+00
  4.42798398796359738e+00  5.81700736160460585e-01  7.32254551200045611e+00
  4.44918616941193257e+00  1.03877971107958267e+01  6.49773973114870174e+00
  3.76446589953798538e+00  9.65859232002206269e+00  6.68723658916881192e+00
  2.87592425689030762e+00  9.91732514851645064e+00  6.96543300044805047e+00
  2.01444855955236557e+00  9.63447868258517381e+00  6.56185225702016428e+00
  1.24365126005755933e+00  9.49103538934281943e+00  7.26469841352279921e+00
  1.50370620830865542e+00  1.01115299350479670e+01  7.91620542006961880e+00

molecule   22
  4.56693402638018497e+00  2.98805683774618291e+00  1.65653292726219048e+00
  4.36805867065715869e+00  3.95472510972931079e+00  1.61556626758728772e+00
  5.17472431409043665e+00  4.43635637650773251e+00  2.16124302080616726e+00
  5.15615820684979642e+00  5.52622926141204918e+00  2.27549602069369383e+00
  5.04041601486283053e+00  6.01590417004131872e+00  3.10937980695579208e+00
  4.59812476359719824e+00  6.90898528944747170e+00  2.80966590070221800e+00
  4.38068947347741133e+00  7.72117592228090288e+00  3.35208981024426000e+00
  4.21409342906374373e+00  8.57991502437355180e+00  2.82590949518795531e+00

molecule   23
  1.96704564203611820e+00  1.72699399302505285e+00  1.58686358698481245e-01
  1.47175803388642334e+00  2.28434512207087970e+00  9.95955301815640404e+00
  5.19745235513994763e-01  2.55598938938547882e+00  9.92505638702129822e+00
  3.23370467945726159e-01  3.52583967784989261e+00  9.54053462760480819e+00
  9.78963434681335265e+00  3.68193750467476866e+00  9.55417293908890031e+00
  9.26158189183770197e+00  3.20607562333920182e+00  1.01373384179920354e+01
  8.33017147621350240e+00  2.93991434730003220e+00  9.84473602606343512e+00
  7.95703749081285405e+00  2.44049034498510897e+00  1.35624809842694004e-02

molecule   24
  5.00143080414724750e+00  3.65846900603829939e+00  2.64498643655711962e+00
  4.50894293884142350e+00  2.89441266339332159e+00  3.11806314717082023e+00
  4.13991668378122402e+00  2.13573104604359232e+00  2.56925638227758224e+00
  3.10553856832601882e+00  2.27402110223760756e+00  2.40781219626129950e+00
  2.69090117066756696e+00  1.37115166132039401e+00  2.12133433998836818e+00
  1.92939736596773947e+00  8.98929621880887875e-01  2.64351034801799889e+00
  1.55638156443405995e+00  1.32849864502385367e-01  2.31551905608520103e+00
  1.52591791284438050e+00  9.65922103734851412e+00  2.66750636220741200e+00

molecule   25
  8.77069462772620545e-01  9.12162534809769454e+00  4.79242347356919041e+00
  1.80715391026574879e+00  9.37118401885427055e+00  4.72202954774450756e+00
  2.22417389752135453e+00  9.68406662686641617e+00  5.49922393590160929e+00
  2.09090388595305177e+00  1.37159365570127367e-01  5.77691817136923014e+00
  1.33406683733954390e+00  8.15898295832077847e-01  5.71493773668989835e+00
  8.93794369125609167e-01  9.82272925919786544e-01  6.57678221617962500e+00
  4.91319253090691910e-01  3.32127917975256370e-01  7.12208239138763144e+00
  1.03055155280727782e+01  4.78329755626834829e-01  7.84911126956149019e+00

molecule   26
  9.10682144455593701e+00  7.01653352852392942e+00  8.15079340457199564e+00
  8.19759621342566724e+00  7.17069807948632487e+00  8.71089417976456915e+00
  8.05776343592041755e+00  8.11197849496119261e+00  8.95491727932146908e+00
  7.21968469226503284e+00  8.58274573462712809e+00  9.15470890656281355e+00
  7.34218294095960289e+00  9.60129575071205466e+00  9.03985352095298822e+00
  8.11413148695003805e+00  9.99402424401346501e+00  9.60701405213910675e+00
  9.02797266503114315e+00  1.01050413382823692e+01  9.27195659218523005e+00
  9.90206954178338528e+00  1.02617803465390320e+01  9.75248303107724723e+00

molecule   27
  2.11968308007060546e+00  8.45941892796305694e+00  9.34570779091462178e+00
  1.45217320487379364e+00  8.85743188176560992e+00  1.00085323789857714e+01
  1.55460187228562230e+00  9.58011800542181469e+00  6.06046593582482279e-02
  2.06047359426756538e+00  1.03331998084167029e+01  1.01744943437954412e+01
  2.78391919146687128e+00  1.97733295861110547e-02  3.36101553245204465e-01
  3.62825870018371255e+00  4.77236482962163255e-01  2.20477245491518481e-01
  4.14789661611768334e+00  6.58377742068870897e-01  1.05692981187094337e+00
  5.09557686749225436e+00  8.60386325414877362e-01  1.24603158806823267e+00

molecule   28
  1.37398028024457530e+00  8.07445017814282551e+00  7.74511702069370589e+00
  1.72679546497513114e+00  7.52835016069753582e+00  7.02151837069824314e+00
  2.32225503861563309e+00  7.91526969295252680e+00  6.42031068318553455e+00
  2.37539933986554574e+00  7.81443421087532286e+00  5.42297180234867948e+00
  2.82669799914885145e+00  8.49751191670573647e+00  4.93007735993886342e+00
  3.32388163181552532e+00  8.29939770567841428e+00  4.14507341741667634e+00
  3.53224511415042830e+00  9.10641483886391967e+00  3.60638242497473938e+00
  4.34940436522196450e+00  9.39006408534675074e+00  3.93147893792960978e+00

molecule   29
  7.57488565532878777e+00  5.86862735521919099e+00  9.15568463504008001e+00
  8.59299484235479483e+00  6.04046632649082493e+00  8.88174833525398277e+00
  8.96041355544196882e+00  5.92790836602988147e+00  7.92784582875462451e+00
  9.85609505354332072e+00  5.20152931535863861e+00  7.84594335564492962e+00
  1.00697451248742773e+01  4.75016148130127913e+00  6.99464533042060133e+00
  5.31578590629652736e-01  4.18373556400981617e+00  7.01837615769668499e+00
  1.03520939673787149e+00  4.10760647590695882e+00  6.26286511479605501e+00
  1.74560828324914930e+00  3.40229752841044286e+00  5.96677932997654548e+00

molecule   30
  2.68262477709228531e+00  5.10587647868282524e+00  1.03797173987873652e+01
  2.63028912799642312e+00  4.12576780681180644e+00  2.93800172312468078e-02
  2.07366415358351119e+00  3.80343847894537523e+00  8.07361526909678218e-01
  1.75259793497601435e+00  4.14604548528810213e+00  1.71984230081822598e+00
  1.82567214989179538e+00  3.69798481903899923e+00  2.48534077600294934e+00
  1.83996445647296181e+00  4.37133328596336579e+00  3.25991890324641975e+00
  1.94338902531753188e+00  4.12216086933787818e+00  4.07379147602705860e+00
  1.19091600928090502e+00  4.08319716655442910e+00  4.65103086938237098e+00

molecule   31
  5.41360449640030961e+00  7.54839399152901613e+00  5.47920884983923440e+00
  5.52371530351031570e+00  7.56041826925536853e+00  6.51616557637219707e+00
  5.71743295804112872e+00  8.42543954064108647e+00  6.85952602838673986e+00
  5.42448335604476828e+00  8.61413625899237623e+00  7.83530972397394443e+00
  6.23036442056908246e+00  8.53461388574850588e+00  8.55723649697400113e+00
  5.96215561246246306e+00  8.79619757976737660e+00  9.45949133185069968e+00
  6.29736248255737774e+00  9.73059987365129331e+00  9.34794388090771200e+00
  6.89404744580610274e+00  9.92584972918607988e+00  1.00715865448526856e+01

molecule   32
  5.12588143917326455e+00  1.84565357928529594e+00  9.19351172991941823e+00
  5.69574280267578548e+00  1.17877973574853168e+00  9.74125062630610827e+00
  5.65556825045567102e+00  1.51909656649699271e-01  9.71830659115065565e+00
  5.97617431417114187e+00  1.02141548291928626e+01  1.08716633973115262e-01
  6.44707280436442698e+00  9.39427630465828223e+00  3.49057160766032937e-01
  6.69317589248660294e+00  8.58609272402645551e+00  1.02488679449141600e+01
  7.62851243178753879e+00  8.21183180900099963e+00  1.04296307339610586e+01
  8.42055541987840783e+00  8.44684724305670542e+00  9.89197798438219955e+00

molecule   33
  3.42562383187283537e+00  3.54937984455231126e+00  7.83784174098357322e-01
  2.83713361351707949e+00  2.89750593117099919e+00  4.71070855948983069e-01
  2.66944957489067258e+00  2.02063312661005234e+00  9.56064243039877915e-01
  3.07249335954510849e+00  1.06253662386400927e+00  1.02223621614290328e+00
  2.65920732488064893e+00  3.33705834601829565e-01  1.68195675139413536e+00
  3.16389647211320924e+00  1.00587211584304566e+01  2.18951939969138509e+00
  4.01375518792259989e+00  1.03695634021379668e+01  2.49197970420807291e+00
  4.53222751877952934e+00  9.48887053840143224e+00  2.67386676255336875e+00

molecule   34
  1.00319334089903975e+01  9.51049728278021433e+00  6.34392704797049678e+00
  4.46618210254578762e-02  9.44200415418805683e+00  5.43515809305495345e+00
  1.00632418805230337e+01  9.31871061320304150e+00  4.58097006669393902e+00
  1.04441393529904545e+01  9.61083560041446283e+00  3.67302426133705273e+00
  2.38463494749298538e-01  1.59732605760045193e-01  3.35333908156522176e+00
  1.92614970257902696e-01  1.79530753962912765e-01  2.36397031980422323e+00
  6.13093407647620103e-01  8.47897554574242540e-01  1.68429406355068179e+00
  5.53708234027559865e-01  8.32891856382714790e-01  6.25615594064189096e-01

molecule   35
  6.35735098566051438e+00  7.65853747078513258e+00  1.53868570192988230e+00
  5.73100371727415858e+00  8.09875676708685255e+00  9.61123319920634378e-01
  4.98280381660911598e+00  7.70229618742481925e+00  6.10151078858533813e-01
  4.84580030783907301e+00  8.31506876833699948e+00  1.03215879541309938e+01
  4.97554682354700351e+00  7.80491485874142654e+00  9.58683387395293707e+00
  5.11058321769989465e+00  8.03829522390889295e+00  8.66975378941234531e+00
  5.60623685859579890e+00  7.34676919666857664e+00  8.06005201727736953e+00
  6.33589096771035365e+00  7.52811777346677324e+00  7.43355100897963084e+00

molecule   36
  6.11780035442700143e+00  1.01084453416645701e+01  2.60159292567781053e+00
  6.91190483023456359e+00  9.60955965321949535e+00  2.78910855329140128e+00
  7.32958904144437273e+00  8.90577792520636713e+00  2.05579586699265615e+00
  7.19561902477034465e+00  8.66668625107683610e+00  1.01450638955192907e+00
  6.84633023033867971e+00  7.80855290209322384e+00  5.63353699632133997e-01
  5.96973800149215439e+00  7.84089953566449793e+00  1.04506819482724715e+01
  6.11138246248979033e+00  6.98223791830247098e+00  9.89102718011149484e+00
  5.79081661637119804e+00  6.16596456351465427e+00  1.01919046296035329e+01

molecule   37
  4.41021179061550672e+00  3.57542382192140629e+00  4.36137366892527856e-01
  4.92389698727206682e+00  2.76981411775124720e+00  6.28167580189245012e-01
  5.50161078069881793e+00  2.37455412074546635e+00  1.52853785057224800e+00
  5.10542666671032652e+00  1.63652734824042190e+00  2.08280037975001076e+00
  5.39443912470901665e+00  1.83013612041814433e+00  2.95591155412094508e+00
  4.74812187635922101e+00  1.65918565778364102e+00  3.68451384912420687e+00
  4.97193023733620976e+00  1.50720429680409973e+00  4.58040743761103553e+00
  5.51536103246563325e+00  6.11900322555282483e-01  4.82375291421844210e+00

molecule   38
  4.97270889499429214e-01  1.36092664425020948e+00  7.88278778404032021e+00
  1.00632965185638898e+01  1.84615610341813841e+00  7.78663207690590120e+00
  1.00781740439504155e+01  2.71994890701787728e+00  8.23556756702695836e+00
  5.72299541634893605e-01  2.70834966351891016e+00  8.55924492417086036e+00
  1.04112245368355771e+00  1.80566892354297281e+00  8.62249455058199388e+00
  1.66753574987374598e+00  1.45278882071454118e+00  8.05540601115361810e+00
  1.42506881196211777e+00  6.74533829270358321e-01  7.57453524642893594e+00
  1.85961949380890434e+00  4.29482811170857626e-01  6.73585399162267873e+00

molecule   39
  8.79004522445116976e+00  2.78229235465515012e+00  8.88632599266718870e+00
  8.79819729069700962e+00  3.69446811304075018e+00  9.23278171576830076e+00
  8.00770387655656712e+00  4.00372875368740377e+00  9.74650971507331043e+00
  7.85826006144182898e+00  3.66744309908748800e+00  2.66068723852360134e-01
  7.72845890489903553e+00  4.17537221624669108e+00  1.08516305996073514e+00
  8.37189888436803109e+00  4.49978738107038367e+00  1.71211487544143948e+00
  7.94581223467405984e+00  4.61102092609346847e+00  2.59569489506560558e+00
  7.85595257504447630e+00  5.42252223015468893e+00  3.26453358284059103e+00

molecule   40
  6.80293787322543864e+00  7.96354113244557738e+00  2.30356701190380120e+00
  7.23453043015665287e+00  7.09301772247453588e+00  2.47199527811008712e+00
  7.07762419238033758e+00  6.12265871583504762e+00  2.77141545241671361e+00
  6.24824253544091679e+00  5.79268607314870021e+00  2.61515153134638778e+00
  6.46010641902700566e+00  4.83429722135874229e+00  2.43774274785827227e+00
  6.02988450366688422e+00  4.11354741347494812e+00  2.85963869018350803e+00
  6.12923699190957372e+00  3.54526975118815368e+00  2.03575781992089189e+00
  5.99932981405348364e+00  2.57860404472008220e+00  2.35867321828932575e+00

molecule   41
  9.19994065092606483e+00  8.46198984282451505e+00  7.39266141937925170e+00
  9.33441554418997477e+00  8.52622714260426307e+00  8.33763747600265503e+00
  9.54134415979298467e+00  7.66740029849600013e+00  8.93842659082991453e+00
  1.01375576546365913e+01  6.90199661550609189e+00  8.41633711267470375e+00
  2.77591114466668176e-01  6.29801306032234010e+00  8.85043235739448519e+00
  2.39428400741235947e-01  5.43941789026938149e+00  8.38059151239586342e+00
  3.05745065727224874e-01  5.69821383696995465e+00  7.35065052541470187e+00
  6.42423175381819589e-01  5.32031252864213666e+00  6.57178410658251710e+00

molecule   42
  7.83201027200454369e+00  7.69883208637592364e+00  4.99262011178122211e+00
  8.42364311973279634e+00  8.26837754122242785e+00  4.47046589941606864e+00
  8.39524607936176892e+00  9.24138273040605185e+00  4.51684081270524906e+00
  9.10118257355613025e+00  9.34033895752690668e+00  5.25491812437765926e+00
  8.96756968553529177e+00  1.01677323029833353e+01  5.79497131573397972e+00
  9.54989500708350825e+00  1.98270022683523298e-02  6.62836373110733490e+00
  1.04188125468018651e+01  3.88054786429323950e-01  6.29359040760531485e+00
  4.94463580469353181e-01  1.00003525499781265e+01  6.20025031458386344e+00

molecule   43
  1.70152475144923709e+00  4.91170002084877400e+00  8.25730620347987276e+00
  2.38997976035485848e+00  4.20140286942478092e+00  8.08443461683390652e+00
  3.26452383373975064e+00  4.39454843724896360e+00  7.94534241630422766e+00
  3.61526697602750158e+00  3.56324428571705720e+00  7.95043922588045771e+00
  4.07187915727276550e+00  2.83659853313790622e+00  7.47732689558963326e+00
  3.70545518782790939e+00  1.93237030176348568e+00  7.74135727299836951e+00
  3.66092543036960238e+00  1.75713464106224371e+00  8.68619929183086015e+00
  3.74801287383927750e+00  1.08260964986663044e+00  9.40884659688367897e+00

molecule   44
  8.87936615272889185e+00  8.77844873880430576e+00  1.50786777969998820e+00
  9.14670224476751237e+00  7.96453932952510790e+00  1.05172059976095800e+00
  9.04912547196157924e+00  7.03692362607149402e+00  1.03416934028177265e+00
  8.70118287056565975e+00  6.54409390449511807e+00  3.29753242328859886e-01
  8.11644069171179972e+00  5.71922578925544745e+00  2.28886518046106852e-01
  7.14012022378504874e+00  5.79317318411812821e+00  1.54689638090464959e-01
  6.55025397497430006e+00  5.61389695320209547e+00  9.86681749268669961e+00
  6.61920915647109265e+00  5.32442596071762964e+00  8.89854164607133846e+00

molecule   45
  8.77957760617669614e+00  4.78964910347000894e-01  2.52806276867978363e+00
  7.99706024577052599e+00  1.14003560655718439e+00  2.70727669409320182e+00
  7.43379079297300382e+00  1.02174800990410630e+00  3.50690803978679755e+00
  7.45526168353057894e+00  2.18697482617543404e-01  4.01175166186211740e+00
  6.73914615829420249e+00  5.14228496225254128e-01  4.78454706919873907e+00
  6.38928693100916334e+00  1.04138827344409037e+01  5.54178710281954956e+00
  5.68235496176409516e+00  4.43086062897683652e-01  5.94285507448433403e+00
  6.12537729281536958e+00  7.86467673711986781e-01  6.77493094830662379e+00

molecule   46
  5.17883669390772816e+00  4.45234016746445871e+00  9.84614954990796498e+00
  4.56083804252344027e+00  4.29908188850917750e+00  9.08470176438328103e+00
  4.79910340644654188e+00  3.53491894094545467e+00  8.43885632167159905e+00
  5.38481327303313151e+00  3.75413905193314479e+00  7.63354865983010633e+00
  6.45055748366888348e+00  3.81028550558071544e+00  7.76229942875674883e+00
  7.04793274765622257e+00  3.62269456359938058e+00  7.01037266300565420e+00
  7.99845972038118447e+00  3.47556440147040213e+00  7.44419292856671699e+00
  8.31759052419202938e+00  3.93524280456048459e+00  8.20987403755596645e+00

molecule   47
  1.11241346205321356e+00  4.86092769358873067e+00  2.00790927163983346e+00
  9.04494175443184112e-01  5.75586047958424096e+00  2.38609470366075094e+00
  1.25539808579761591e+00  5.84121005211943611e+00  3.29193908577104866e+00
  8.88793637027830208e-01  6.71292812667492367e+00  3.55244435860995411e+00
  1.49797296135719439e-02  6.89713273657795334e+00  3.53145104471100080e+00
  1.00591605590093387e+01  7.58697351000758857e+00  4.13760810343988616e+00
  9.57611656415338786e+00  7.36114574142478872e+00  5.07945212809929458e+00
  9.72364548697621522e+00  8.00876615362061983e+00  5.89093331684784616e+00

molecule   48
  2.87747370353826071e+00  4.34551990064623883e+00  4.37653713899143781e+00
  3.07320304350005102e+00  4.20014050779656234e+00  5.29258128215392354e+00
  2.91899161450930178e+00  5.10127059754396583e+00  5.76618738195965008e+00
  3.58875764401406760e+00  5.63824389504206547e+00  6.24653171949041930e+00
  3.45007333574845321e+00  6.55073379441585324e+00  6.56043414534447322e+00
  4.30071472917028341e+00  6.97497332515203716e+00  6.03353178281864722e+00
  4.51101078542627132e+00  7.84910850743085931e+00  6.25924471073557598e+00
  5.09101090478567730e+00  8.51778986858837328e+00  5.92867865005990691e+00

molecule   49
  2.03051317232721162e+00  1.01108141965508711e+01  3.82302433956112830e+00
  2.72603439127084934e+00  1.64342385145601844e-01  3.22741806036311774e+00
  3.69614556453938414e+00  1.61894409850486948e-01  3.47621295592570823e+00
  4.33124957014179301e+00  8.66494818692156610e-01  3.18600904258014683e+00
  5.04927338432900275e+00  2.56065140639031963e-01  2.87014273131107656e+00
  5.07446067698983239e+00  1.02089645450763165e+01  2.02702958602870575e+00
  5.48402316327624106e+00  9.31153517073290793e+00  2.09195122954894330e+00
  6.15294919950495789e+00  8.88463862102737423e+00  2.56856992799243145e+00

molecule   50
  2.81848377385888327e+00  8.68044443245613984e+00  5.93541591353417708e+00
  3.50539582555573359e+00  8.06953716094647255e+00  5.58039222444507566e+00
  3.41783393174364303e+00  7.18370418490083118e+00  5.14579204831827663e+00
  3.53621183714261722e+00  7.07168957442805901e+00  4.13244611390681804e+00
  3.16024627732866614e+00  6.60530524799337382e+00  3.35357591643323927e+00
  2.30673913357978977e+00  7.06464684296172774e+00  2.99390984056197107e+00
  1.88845364609097910e+00  6.68700775496157185e+00  2.26636711429314675e+00
  1.35095477919008866e+00  7.30114678249346927e+00  1.82597130407780317e+00

molecule   51
  7.02685395271862934e+00  8.87169643057258384e+00  5.67502308226384322e+00
  6.30482813853233637e+00  8.26711287171017872e+00  5.91008333336808889e+00
  6.72642433230105752e+00  7.46919079492226246e+00  6.35713866466979027e+00
  6.29451866678143279e+00  6.64348661907437954e+00  6.17670654229246097e+00
  5.33137815614314459e+00  6.42294789518900000e+00  6.56310412921713571e+00
  4.89375770017451206e+00  6.95113229950418798e+00  7.30864273817384102e+00
  4.16845039594394873e+00  7.67122305827592221e+00  7.34095604238978616e+00
  4.50417820859469931e+00  8.67892167083603994e+00  7.47232138763978160e+00

molecule   52
  6.10614489443852371e+00  4.55901545962522459e+00  1.00670264783289571e+01
  6.97967122770469217e+00  4.58385452284499806e+00  9.90154965142273724e+00
  7.10466853305567003e+00  4.17505931760448501e+00  9.02302454782219066e+00
  7.53153033200964650e+00  3.28760055551857100e+00  9.03164031593049543e+00
  7.81973147129566737e+00  2.60934384347209969e+00  8.26926572669341731e+00
  7.38073325128098023e+00  1.72613059427502513e+00  8.67244353055675532e+00
  6.43211064705589219e+00  1.58838383271273953e+00  8.80136728744363062e+00
  6.40164982589639742e+00  6.43017564962319876e-01  8.54681241761295674e+00

molecule   53
  1.56236019684024474e+00  2.05383071818894303e+00  2.00664616000780693e+00
  1.65166697497775083e+00  2.26782204042672708e+00  2.97518412948168987e+00
  2.46945235913319605e+00  2.61110983130635921e+00  3.23832784942099172e+00
  2.54711328250084801e+00  2.05989941784676267e+00  4.04129473986380194e+00
  2.39997264757726692e+00  1.05361263823741025e+00  3.85797093898780341e+00
  1.71544026951007966e+00  5.72277756260881953e-01  4.47237668506756147e+00
  1.13333579984179211e+00  1.03254036172327357e+01  4.38903868832022592e+00
  2.17619099835484525e-01  2.66981680700795268e-02  4.87227052611552125e+00

molecule   54
  4.11581047986071147e-01  6.74274110828447704e+00  1.47096752660264141e+00
  3.97883685635721074e-01  7.71745945620483642e+00  1.20963899491899585e+00
  1.32756889388498789e+00  8.00232738833056878e+00  9.25975108142087944e-01
  1.79784951651367542e+00  8.96205881893105705e+00  8.64970521634508271e-01
  2.71532403175858583e+00  9.22458343905517886e+00  5.81104430426413021e-01
  2.57141162498510445e+00  9.27628545601073640e+00  1.00325939801420194e+01
  3.05779062887557052e+00  8.49531980206809756e+00  9.58390233126181101e+00
  2.84589560232987537e+00  7.66690592418634065e+00  9.75026699157267096e+00

molecule   55
  5.61359180675158509e+00  3.56278365676232234e+00  4.55960538552949313e+00
  6.32309542734044250e+00  3.59829134907297599e+00  5.35225786519883240e+00
  7.30779082786978229e+00  3.63811388232545330e+00  5.37371700212266479e+00
  7.85886876912727583e+00  2.86704697714929635e+00  5.60246538304299602e+00
  8.74508544546857536e+00  2.88881711852832757e+00  5.87975632900603262e+00
  9.48020602766019138e+00  3.50301519686961393e+00  5.49416634873360188e+00
  9.97759945230524181e+00  4.24705073964446811e+00  5.97465694953178605e+00
  1.01326002066884495e+01  5.22691065101998920e+00  5.78856867381746643e+00

molecule   56
  1.31556165333210950e+00  4.99189758341638146e-01  8.90299217286381861e+00
  4.41671017814734002e-01  5.45968078283292857e-01  9.22686169341563378e+00
  2.37842024039240846e-01  1.53602145439486404e+00  9.32784112936960952e+00
  2.39414692618698105e-01  1.59063100348076691e+00  1.03410178460968663e+01
  8.61920117418235265e-01  2.22223627805589929e+00  3.35399844388403923e-01
  6.70492553438712835e-01  2.18505909888266947e+00  1.39018947181286379e+00
  1.03537054027956232e+00  3.00846569699233424e+00  1.80658830878088628e+00
  2.00189148627857350e+00  3.21764775025609273e+00  1.63505761411785677e+00

molecule   57
  8.28413370637132118e+00  9.23377396924828453e+00  8.67388299452232836e+00
  7.49567552858831920e+00  9.25179052002028968e+00  7.98539308156700223e+00
  7.37491842465579328e+00  8.39259228176976535e+00  7.46880077226210659e+00
  7.85017510674145935e+00  8.22124053038795566e+00  6.68142397371077923e+00
  7.66294973870534601e+00  7.50784529632217978e+00  5.97907233675775451e+00
  8.20230066692874615e+00  6.70287609274600715e+00  5.98422987246935989e+00
  9.11590413274591960e+00  7.02451381367298389e+00  6.12181202136289304e+00
  8.95887171938805338e+00  7.98055884140272020e+00  6.49204416285491526e+00

molecule   58
  6.46452796493386916e+00  2.72217790778267377e+00  4.74870237548555618e+00
  7.47178228702883018e+00  2.79349277062328039e+00  4.53858843520904731e+00
  7.95179977706362617e+00  2.31446947854337948e+00  3.84813182872204562e+00
  8.90760776843076307e+00  2.21418741382781192e+00  4.24125130227754710e+00
  9.79306825621338106e+00  1.89450047719138426e+00  3.83450006641938268e+00
  1.02343274589457707e+01  1.10540101919749612e+00  4.32812099593461053e+00
  3.78262795983803135e-01  1.15955534350319600e+00  5.24066140062954400e+00
  3.67562450941426588e-02  1.51289595099593432e+00  6.09557900833910526e+00

molecule   59
  9.16520839734883630e+00  3.11954252227523376e-01  8.34630791857774490e+00
  9.68833186958343440e+00  8.15171044317387627e-01  9.03686967031302224e+00
  9.41018263393891630e+00  1.67243907804766012e+00  9.21615546459033119e+00
  1.00513300693845924e+01  2.26755772700691427e+00  9.74946593329668332e+00
  9.82668479169286080e+00  2.37504590722561781e+00  2.49275618983302444e-01
  1.03590727626015102e+01  2.95736565698970910e+00  8.16435861566292220e-01
  1.01384625402007167e+01  3.79377928482350413e+00  5.32450999596716712e-01
  3.47625456734460381e-01  4.48597313580203938e+00  8.16450524638567043e-01

molecule   60
  1.04403257255958124e+01  6.68920291400846523e+00  2.47181972053642696e+00
  9.86391931195732852e+00  6.26790261917812952e+00  1.63315581254145958e+00
  1.02656110288632334e+01  5.46818283286011919e+00  1.08504571904565972e+00
  4.57713282232122043e-01  5.51514458915629113e+00  1.15729226518518677e-01
  1.06813328394569163e+00  4.75657865333583096e+00  1.03100093502849646e+01
  1.07245065904556158e+00  4.31718002066648943e+00  9.51329112306202518e+00
  1.29856149966734891e+00  3.30214225281194773e+00  9.71984067620249093e+00
  1.87915813651249231e+00  3.04111081456382193e+00  4.92071271434436422e-02

molecule   61
  9.56359622408745125e+00  6.56616466774550567e+00  9.29220176999502812e+00
  9.76563611672766463e+00  7.27221056494702456e+00  9.93392950514211570e+00
  2.71702849799070056e-01  7.39545794523680833e+00  9.92961092236275711e+00
  6.35629133817778857e-01  8.27161442886299803e+00  9.54263589776264176e+00
  2.37752006276265110e-01  9.22639331140956820e+00  9.83618792337629522e+00
  7.43842661689523066e-01  9.97667141968846138e+00  9.27574643474783400e+00
  1.01552356271314670e+00  1.27364407722616452e-01  1.00161944335647100e+01
  1.44416074929766536e+00  1.02705210498525523e+00  9.75268253847704614e+00

molecule   62
  5.88805115302879845e+00  2.13430967028272933e+00  6.64780259982871513e+00
  5.91895673345513718e+00  2.88546519994610851e+00  7.22082284155718224e+00
  5.21707501776882410e+00  3.38083676189797444e+00  6.78242566035938133e+00
  4.30561996846557449e+00  3.86211121467116447e+00  7.17344829548999030e+00
  3.48874721425350343e+00  4.32280022012612175e+00  6.76371155005642954e+00
  3.25065769304936891e+00  5.20418828010328927e+00  7.24937345470909023e+00
  2.32339243860131317e+00  5.68985483428396588e+00  7.51141262673868848e+00
  2.29105634181981177e+00  6.66644588369979907e+00  7.48291629704681327e+00

molecule   63
  2.95772700546123701e+00  7.71972856026636833e+00  3.35588843301382722e+00
  3.04159093147378412e+00  8.57966789994755707e+00  2.88807289290098623e+00
  3.35408671099696498e+00  8.21815448673543258e+00  2.11854768220195622e+00
  3.13184939463910039e+00  8.04259843987033385e+00  1.23683438567824999e+00
  3.91454079600590710e+00  8.25141378613484022e+00  7.19492513418138357e-01
  3.61508096565811377e+00  8.96977950305718785e+00  1.04169238532666046e+01
  4.26912181797738288e+00  9.44626862040261805e+00  9.98764248000861876e+00
  4.86464609245439128e+00  8.88741082081866551e+00  9.33697617205990404e+00

molecule   64
  9.68051828970161665e+00  6.89557035881942171e-01  1.42480165576046458e+00
  9.19319818622116891e+00  1.54458050580665462e+00  1.61463227247655450e+00
  8.23800067585748863e+00  1.45849138745794460e+00  1.47604114182500812e+00
  7.62255706912894837e+00  2.17419447659489506e+00  1.60728779918232290e+00
  6.63206821704894356e+00  2.10109865848089816e+00  1.47408252828408304e+00
  6.29523155480258900e+00  1.78131758287524122e+00  6.76187245193002440e-01
  5.31941799179805663e+00  1.66891318042917791e+00  6.45074637145255037e-01
  4.68848011675806298e+00  1.86195173788215640e+00  1.03071682198087657e+01

molecule   65
  7.91551610315932352e-01  7.69002503886420374e+00  4.16216770182523899e+00
  1.22458400398358780e+00  8.45353949274021055e+00  3.78271419422687183e+00
  2.23387329950513758e+00  8.61495185982114364e+00  3.71000533448189485e+00
  2.61279534256458490e+00  9.47169693291841952e+00  3.28400638122111577e+00
  3.12639176746616343e+00  9.98831439890285111e+00  4.05567915896596354e+00
  2.85166498366391430e+00  3.10189200374473562e-01  4.63908519376091544e+00
  3.33125261503988401e+00  3.23065347539055969e-01  5.47105671242405656e+00
  2.84051452485449918e+00  5.84191517592177467e-01  6.37222623874033278e+00

molecule   66
  9.79316354786099552e+00  6.21614011346106921e+00  3.12073441446913458e-01
  1.01750465109826234e+01  6.93764758940832049e+00  7.13220813487708827e-01
  9.99503195992792470e+00  7.23105907120966318e+00  1.63411915329434621e+00
  1.01360535715714128e+01  8.29869857379710574e+00  1.62513224614988205e+00
  9.52555426977503217e+00  8.44057821351210258e+00  2.32223686662702855e+00
  9.70550812645470451e+00  9.09655566428807028e+00  3.04486507625704572e+00
  9.25876770166915009e+00  8.57403421840592372e+00  3.97794929721421742e+00
  9.41895288132811181e+00  8.46073938873724529e+00  4.91652095556857560e+00

molecule   67
  7.91496017792968232e+00  4.69053369443838708e+00  4.10285058338769026e+00
  8.56539891581584989e+00  5.31202542936822208e+00  4.42853399276902504e+00
  8.38400549171635845e+00  6.15753243879276901e+00  3.95780399520119008e+00
  8.79370778557951915e+00  7.12567071805912722e+00  4.08291626881417180e+00
  9.00330353095613845e+00  7.78406784192322565e+00  3.34396577635978298e+00
  8.84801884646950754e+00  7.59461714723557257e+00  2.39146253091473016e+00
  8.02195954728236948e+00  7.79261613004202580e+00  1.79445147990952414e+00
  8.17677392120285340e+00  7.90876398481384246e+00  9.02647039897363723e-01

molecule   68
  1.02639224284838004e+01  1.63272773960144968e+00  8.36811481073191810e-01
  1.02087228221919464e+01  1.60540330814283894e+00  1.84397541670530551e+00
  1.02872070169541470e+01  2.42857341736226573e+00  2.29980506491695991e+00
  9.47709908604191753e+00  2.61507706899722381e+00  2.85976237460206395e+00
  8.86168304400542084e+00  3.41424175723974788e+00  2.77592349192315080e+00
  7.96457376933630901e+00  3.30731813506990102e+00  2.39436319200663172e+00
  7.18403030764201667e+00  3.88743225845849638e+00  2.54143299810523393e+00
  6.57512728554986481e+00  3.23398070274844951e+00  3.01654634457624748e+00

molecule   69
  5.05983223477664268e+00  2.21156089841500281e+00  7.25618544919392594e+00
  4.71988463398384184e+00  1.98701075053278609e+00  8.03867555974827752e+00
  4.14826245253247450e+00  2.58441002429257383e+00  8.55242280453801662e+00
  4.32328289082497452e+00  2.72469266618845252e+00  9.52759052882226065e+00
  3.79754087654009487e+00  2.52724842007791928e+00  1.03105491130276956e+01
  3.88663778086375888e+00  2.66414846308330455e+00  7.70794652169563888e-01
  3.77514517590373622e+00  1.76213655513961132e+00  1.11373919013318012e+00
  3.66334951334715875e+00  1.41846640283321190e+00  1.96332443268117207e+00

molecule   70
  2.94310426022639282e+00  3.07803340053468855e+00  7.31570454596745012e+00
  2.81550644797479999e+00  3.51239245296657776e+00  6.42140453804037659e+00
  2.14155658594742748e+00  4.27593374040698926e+00  6.32020968315944742e+00
  1.98166364622496372e+00  4.51474187462895937e+00  5.40083952871768513e+00
  2.10769188515079708e+00  5.37508922108965237e+00  5.28247772573455254e+00
  1.73963586630080314e+00  5.78814658817093264e+00  4.43731170432498967e+00
  2.27302910216499576e+00  6.61112769598216499e+00  4.26990146589493591e+00
  2.14867648775940623e+00  7.62277533645383976e+00  4.29560092213461076e+00

molecule   71
  9.58820676531222560e+00  1.83717361291753667e+00  4.99893376140702106e+00
  8.83177906403781421e+00  1.69115075641956580e+00  5.57228016028500850e+00
  8.72205341470984763e+00  9.29660953592748807e-01  6.13843506112014747e+00
  7.83527887353461328e+00  7.21889230251066438e-01  6.62702408373086449e+00
  7.36148124806940896e+00  1.54734185777972866e+00  6.78039141509210719e+00
  6.97613743040442635e+00  1.66730682520054274e+00  7.64422002504973896e+00
  6.44113987633974183e+00  2.45241973531125623e+00  7.92217591889063133e+00
  5.55204090223238111e+00  2.52307249376158804e+00  8.54662366807448137e+00

molecule   72
  8.51577439397646074e-01  5.82052692630647162e+00  1.09093937956847520e+00
  1.34768051775169106e+00  6.49949145924237115e+00  5.62673202866339928e-01
  2.14031297199022097e+00  6.06697227671690253e+00  3.65313159957898870e-01
  2.24972382709481300e+00  6.36533224399900455e+00  9.81750735732007129e+00
  3.17068188100448589e+00  5.92941692496061457e+00  9.67795903581236949e+00
  3.73610474782213453e+00  5.96688895278446552e+00  8.94948639087056108e+00
  3.84975699496454027e+00  5.24044467498469668e+00  8.35101626859217383e+00
  4.55251037121668922e+00  4.62032407820935020e+00  8.07474858773461079e+00

molecule   73
  6.67196833405780065e-01  3.39239323997265174e+00  5.32668196938158989e+00
  2.85801286049381542e-01  4.37722261438210136e+00  5.32430485747991611e+00
  1.01784253975060257e+00  4.96808447828661848e+00  5.69942791779275204e+00
  1.03118072676966377e+00  5.71739053584187218e+00  5.15935902673303826e+00
  1.51740989005484028e+00  6.60151850706048204e+00  5.18637715511034170e+00
  1.20790038429072677e+00  7.57051771132837281e+00  5.11441617037471108e+00
  1.49988854799993576e+00  8.28587933534122634e+00  5.70246744737238309e+00
  1.25570668959842857e+00  9.22009400689129066e+00  5.80488057864208429e+00

molecule   74
  4.71745312934782124e+00  5.72986010546019742e+00  8.16705329906998934e+00
  4.40214682687731607e+00  5.69242904925284066e+00  7.29987586681186951e+00
  4.48839347280693346e+00  5.01933718210711177e+00  6.59887258828826084e+00
  5.35731553342689626e+00  5.00630624391843337e+00  6.06122274674910244e+00
  5.46553466827739243e+00  4.31774200398483998e+00  5.44289877932774147e+00
  5.32783752519355502e+00  3.40693803840523257e+00  5.69730931762323323e+00
  5.44412629604690412e+00  2.60622044325383673e+00  5.13065244685784716e+00
  5.18273752099926277e+00  1.95170573988377405e+00  5.75733637068750159e+00

molecule   75
  4.54760676600265601e+00  1.18406171609587996e+00  5.81505143956504345e+00
  3.55486854366854832e+00  1.29806158412624462e+00  5.86016855995394348e+00
  3.04682408992561093e+00  1.67163405413112276e+00  5.11177650055793187e+00
  2.01197913366019066e+00  1.59157386109676535e+00  5.01711965244900071e+00
  1.48118622320366233e+00  1.89485820735018140e+00  4.19656574734726995e+00
  7.54792764120817972e-01  1.28733228493134355e+00  3.81506027080412391e+00
  5.50731295516438180e-01  1.28093373857349624e+00  2.83266948937609797e+00
  1.00300772055891443e+01  1.04778154813965485e+00  2.91586396213609156e+00

molecule   76
  8.51555131535679344e+00  9.79045281843901449e+00  9.59232716461834722e-02
  8.10112853749176942e+00  9.34111918179554124e+00  8.89062873298432699e-01
  8.44996155959028172e+00  9.72630402146777051e+00  1.81319825619126962e+00
  8.50059252761240991e+00  9.16099057670168548e+00  2.59454361627620100e+00
  8.35246845948771011e+00  9.74334987232462701e+00  3.44140739338590418e+00
  7.51560264924470012e+00  9.59758961331891847e+00  3.87471007526678823e+00
  7.10185924492613463e+00  8.62453449550910989e+00  3.94942343176472566e+00
  6.33846655034874118e+00  8.45092768087496715e+00  3.50265328818281541e+00

molecule   77
  6.04009630146777887e+00  5.36773565123071705e+00  1.37254816235703170e+00
  5.29640310263061398e+00  5.79366259758562485e+00  8.88505657547362437e-01
  4.65959374932037473e+00  6.42862808792087570e+00  1.27354136688543851e+00
  4.19281015080347075e+00  5.98225935229812045e+00  2.00281903039888487e+00
  3.79198171341422263e+00  5.10418881233991506e+00  2.09937796616367489e+00
  3.02031572404866688e+00  4.73630136246976186e+00  2.64818418921233567e+00
  3.16244490600705852e+00  3.80910159972717732e+00  3.04862067549341997e+00
  3.78516675451767393e+00  3.79615014023671282e+00  3.67763627021501449e+00

molecule   78
  6.35109220843171496e+00  9.22994212420173099e+00  4.32532198175756211e+00
  6.01676090353720117e+00  8.54214329321876775e+00  4.96369142281686582e+00
  6.68410221037243346e+00  7.84287289500067164e+00  4.73455641983889564e+00
  6.32171045901205009e+00  6.91374884400200695e+00  4.72142306428708647e+00
  6.87443605496999943e+00  6.37370493685164607e+00  5.31708924010084072e+00
  6.45102719481122833e+00  5.59738605188347638e+00  5.85951147541007522e+00
  7.20518391834063010e+00  5.21455954702762536e+00  6.40034365652839821e+00
  7.13063158916811091e+00  5.63291953380684962e+00  7.25090166034813777e+00

molecule   79
  6.25127633455189446e+00  1.01236063554764844e+01  1.49683559967409607e+00
  5.38201480201533222e+00  9.75721426096014532e+00  1.02219155122788030e+00
  4.66919346598691032e+00  1.02553187983651242e+01  5.68175983616994396e-01
  4.45574929161845379e+00  8.24975349059372393e-02  1.00912758355063836e+01
  4.70088583628207690e+00  1.01068446527059059e+01  9.20124494522412562e+00
  5.46718990764944479e+00  1.03053443026654215e+01  8.69318804281029145e+00
  5.78167247041072230e+00  9.57026376062706596e+00  8.08631166261436896e+00
  6.40484577924436849e+00  9.92514709182095700e+00  7.40266643395877555e+00

molecule   80
  7.71224566428923719e+00  1.33033977167257378e+00  3.40879768579154363e-01
  7.11569456940560396e+00  1.24110492030946351e+00  1.22280220746337220e+00
  6.13919255824096410e+00  9.93444932010600024e-01  1.49928988554097375e+00
  5.84137788421935955e+00  7.44195039779324774e-01  2.38358278346529096e+00
  6.33232520600029591e+00  1.35059253387072520e+00  3.00846582147213670e+00
  6.08080636098634830e+00  1.39772684113473722e+00  3.89783737899772076e+00
  6.97962997231671967e+00  1.59300918061416108e+00  4.29423802168729196e+00
  7.02165714067810942e+00  1.77028902423649304e+00  5.28824230846424292e+00

molecule   81
  8.27741912827192650e+00  2.32187435903550643e+00  6.93909822471732873e+00
  9.02281916427674879e+00  2.70364946218812374e+00  7.53148279668530130e+00
  9.37275347387624258e+00  3.43201006900390126e+00  7.01961417122357645e+00
  8.99866840718237881e+00  4.33638201414605096e+00  7.47983968174363767e+00
  9.38341626301675724e+00  4.35565789037394691e+00  8.51271826166868983e+00
  9.60135452046314697e+00  5.22461876872173558e+00  8.89175999109756354e+00
  1.04127486928155797e+01  5.43989558422467478e+00  9.58542499493977651e+00
  5.98574356647408323e-02  6.32990191377548861e+00  9.92283447967198207e+00

molecule   82
  8.98614329534450818e+00  6.54292139482272161e-01  1.00870383471497629e+01
  8.56065162419041670e+00  8.12082298852591533e-01  9.09305950234632299e+00
  7.85943455141555791e+00  2.10479291681878511e-01  8.76538094423617409e+00
  8.21037568950666241e+00  9.89484329033207266e-02  7.77015796397126124e+00
  7.42974372537386429e+00  1.03717632357231633e+01  7.20659648865748181e+00
  7.47520464026188680e+00  9.52701183212665548e+00  6.83737891107973894e+00
  6.59567363405760876e+00  9.07627957639340011e+00  6.79831770986046635e+00
  5.78966649242295883e+00  9.33325294660929217e+00  6.13862418022348688e+00

molecule   83
  6.88408419039583475e+00  4.87485121192723891e+00  7.92922258074652220e+00
  7.66760184790062826e+00  4.70908771160621242e+00  7.52887720621519829e+00
  8.35967720430937966e+00  5.41150588069220628e+00  7.11786578763040811e+00
  9.33295708808291558e+00  5.61491092618728604e+00  6.95818339511356232e+00
  9.81740516589351486e+00  6.45974536521349929e+00  7.30208579019446447e+00
  2.47218697582695185e-01  6.54374569235925829e+00  6.81410200850435999e+00
  1.14590312033076880e+00  6.30217312256692797e+00  7.11273372423663641e+00
  1.19349658558476723e+00  5.89281137260015697e+00  8.00328706846744886e+00

molecule   84
  9.35847079950663385e+00  4.91216984788156807e+00  1.96738495895991483e+00
  8.49878047560308936e+00  5.34827620626890887e+00  2.11752637174266489e+00
  7.79401454370908819e+00  5.60220311743788457e+00  1.32810960448070170e+00
  7.06278944492786476e+00  5.01902212393338409e+00  1.33656347848131518e+00
  6.72917194217410231e+00  4.55295059937942526e+00  5.19756766674681070e-01
  5.88158954844794302e+00  4.16123471100910791e+00  5.57953900528128433e-01
  4.96893698910123494e+00  4.55235384738558402e+00  4.07268723071989747e-01
  4.55683552614395104e+00  4.98483600243015967e+00  1.17549572826387316e+00

molecule   85
  5.45272500329834386e+00  3.47397078923943603e+00  9.49211582287814259e+00
  6.09051539579544965e+00  4.19659103484260587e+00  9.13522149978917852e+00
  5.50484292870705350e+00  5.00825697180655105e+00  8.61291784201734245e+00
  5.59625595880960613e+00  5.83706522177518128e+00  9.11418211343977980e+00
  6.38992086732239883e+00  6.36375228706103702e+00  9.02528179810764719e+00
  7.00833270227903959e+00  6.52346775037539839e+00  9.78898130577361947e+00
  7.38713093279925381e+00  7.40611164024510149e+00  9.82563695379710822e+00
  8.37002677109125948e+00  7.39202170550842830e+00  9.68156281284858622e+00

molecule   86
  3.58916716918524203e+00  9.64238537756407510e+00  5.38128900754816453e+00
  4.18157392220954716e+00  8.95315912900015753e+00  5.97146866724007719e+00
  3.61723808353312437e+00  8.38455693533466828e+00  6.70430689479672015e+00
  3.40560861573152440e+00  8.24965307992568420e+00  7.70928286041508581e+00
  2.38993121149533660e+00  8.20397631433422347e+00  8.07706246614125334e+00
  1.92629363718755942e+00  7.52602002919649937e+00  8.51390075000536584e+00
  1.08000239724583968e+00  7.07235650785066028e+00  8.21811726091226724e+00
  6.60828639448184374e-01  7.35815970151710186e+00  7.35685259799812208e+00

molecule   87
  9.90033283628424954e+00  4.92276533144207651e+00  3.66411195900645614e+00
  3.37081502080394169e-01  5.03577041945433912e+00  3.96953942326480158e+00
  1.15581862200998062e-02  5.69818637421907326e+00  4.76045599862343138e+00
  2.68198147358109984e-01  6.67303110575027780e+00  4.86030204624316386e+00
  4.74055564699147725e-01  6.82576765687933751e+00  5.77045393276538654e+00
  1.36932635239352707e+00  6.94664315944410493e+00  6.20160980784811233e+00
  2.06497778345404104e+00  6.21770743665257619e+00  6.31227134461086870e+00
  2.74291722010887362e+00  6.26825421723658316e+00  5.58409853954925683e+00

molecule   88
  2.18330163198599969e+00  9.99101941257756465e+00  1.33904838348127764e+00
  1.43712988658612395e+00  1.03603702400275353e+01  7.86313709783490244e-01
  1.80623037935862096e+00  7.07906159306063043e-01  5.55266892781925980e-01
  1.39753321526650831e+00  1.45032477059690046e+00  1.09504187511539564e+00
  1.68151780667270812e+00  2.40188429092599431e+00  1.01413617073194917e+00
  9.22814337695880837e-01  3.13007177923427982e+00  8.42493814293121090e-01
  1.27747404185566671e+00  3.85492884086145526e+00  2.07245020134009222e-01
  1.54579380679271372e+00  4.74208614685938112e+00  7.23726186722034148e-01

molecule   89
  1.71419720816132437e+00  6.45548785749979359e+00  8.82213993252983286e+00
  2.66279305549715506e+00  6.60445683201424671e+00  8.77905148754072506e+00
  3.06051768855282802e+00  7.56102333488575962e+00  8.78346014268931796e+00
  3.91536029912961059e+00  7.92123010515779402e+00  8.46780895887735241e+00
  3.99594970646705550e+00  8.75026726081751427e+00  8.84945548031886098e+00
  4.73302665635032316e+00  9.34637608666701603e+00  8.45295814839852078e+00
  4.68092419413132799e+00  9.92085119472372412e+00  7.62415177339014516e+00
  5.40318706760059353e+00  1.03640815325098323e+01  7.25646344991405723e+00

molecule   90
  1.02965435221707100e+01  3.54919011378779192e+00  2.43979310858014564e+00
  9.61877793843013329e+00  3.59532933057754800e+00  1.70809837003085763e+00
  9.19158090857766830e+00  2.67622297199440107e+00  1.36764317319605255e+00
  8.32332129537890530e+00  2.53271568273665570e+00  9.91999981657626817e-01
  7.55964654118416668e+00  3.10022130281926067e+00  1.01293505944659334e+00
  6.97256528382302765e+00  3.00957701467764238e+00  3.03029727312498331e-01
  7.12339466474642702e+00  3.46785847556345761e+00  9.93021453021106204e+00
  6.59587645083191365e+00  2.89594603868009282e+00  9.25879287711401489e+00

molecule   91
  3.43548342450608946e+00  2.85989685403653748e+00  3.16854109505946457e+00
  3.94447418259186211e+00  3.50740729394854212e+00  2.50172008691743031e+00
  3.18334044280072170e+00  3.74274576247778246e+00  1.97189832227379069e+00
  3.19958578871066823e+00  4.48460220402892507e+00  1.40086627166116418e+00
  2.56766387340813562e+00  5.30529178065558948e+00  1.17906465805231941e+00
  3.20344909424065571e+00  5.86319959452280681e+00  6.65349818619269229e-01
  2.95649349912517412e+00  6.81099430208109347e+00  4.63860852402432189e-01
  3.67714168015676623e+00  7.33799290303046625e+00  4.30088159596897335e-01

molecule   92
  6.91998443164581101e+00  6.52568987445796456e+00  6.94318741425851105e+00
  7.98404425318310462e+00  6.44150341828495598e+00  6.96929014526896218e+00
  8.02559310120229874e+00  6.30650240585032495e+00  7.98649822518481844e+00
  7.76982676718616627e+00  5.44230349600845376e+00  8.35314918425047281e+00
  8.39964078219228227e+00  4.89907107525701502e+00  8.99814166041036501e+00
  8.49793185746830559e+00  5.05972536298883302e+00  9.97961219079595274e+00
  8.93963559426327770e+00  4.17030590376344179e+00  1.02993491773154791e+01
  8.75428481626875410e+00  4.05571112419795288e+00  8.22436506853263638e-01

molecule   93
  1.64115223456011905e+00  5.12951813218938302e+00  7.05058405327295823e+00
  8.29205715194402337e-01  4.83694222640794447e+00  7.61338275725485492e+00
  8.45954909015856793e-01  4.22981131116977860e+00  8.43020704265455656e+00
  1.03227485747498057e-01  4.58839146307319634e+00  9.04445631841011100e+00
  1.01972538440653153e+01  4.48077948038460505e+00  1.00387076140627940e+01
  9.65005557291252103e+00  5.21387334742834785e+00  1.03061820654698693e+01
  8.97931509400305750e+00  5.04213457395566689e+00  6.18384942362943169e-01
  9.06428573207714372e+00  5.89408173197030383e+00  1.09751472163986774e+00

molecule   94
  8.13521528503002855e-04  3.11667759692864488e+00  6.86290331249100216e+00
  3.90070365207755509e-01  2.19177133669029001e+00  7.01924302059373684e+00
  1.29460005878172968e+00  2.18132116507906071e+00  7.44349294046324594e+00
  1.95549358300477971e+00  1.50371551314381535e+00  7.06443672927646915e+00
  2.82822889907196373e+00  1.34225061322291972e+00  7.72745283606984046e+00
  3.29021883118610070e+00  5.68059857623836373e-01  7.49220116588724405e+00
  3.79877183302327159e+00  3.46354373037837282e-01  8.22559411716047251e+00
  4.67672627455183054e+00  9.60087841530256281e-01  8.32876751162011786e+00

molecule   95
  3.33699098784026216e+00  7.09505368491324528e+00  7.52486439690274445e+00
  3.95569223854455876e+00  6.67616365032167636e+00  8.14443362831176465e+00
  4.55009776400560195e+00  7.07194629678745823e+00  8.99600477408854893e+00
  4.70399859657617725e+00  6.49604850584475990e+00  9.86930800188804014e+00
  4.17844247467578711e+00  5.74967078262408204e+00  1.01367230822040195e+01
  4.07549235311412250e+00  5.07710321341963322e+00  9.44595908035477194e+00
  3.45202492526818627e+00  4.43421498803644276e+00  9.88936108278428883e+00
  3.76210604111188962e+00  3.60398554779447489e+00  9.78120123999375757e+00

molecule   96
  1.16258519715534092e+00  2.59871943951048712e+00  6.44449667699166806e+00
  3.19187963658197571e-01  2.46699694995853447e+00  5.99896264433355508e+00
  9.85681526530871466e+00  2.23744161030883992e+00  6.62816338642661762e+00
  9.62991066728974410e+00  1.19577936149885966e+00  6.55446769871836565e+00
  9.21188311723775044e+00  7.75766941505050323e-01  7.33958589038345632e+00
  9.26453469398109597e+00  1.26103663794417931e+00  8.19398218067059325e+00
  8.41454372465489975e+00  1.61010534049275522e+00  8.25927263536429201e+00
  8.13998097586993019e+00  2.00871141139086928e+00  9.18124924493266725e+00

molecule   97
  5.82327871788252782e+00  6.03656091273238715e+00  8.05425995527703442e+00
  5.91480213173886415e+00  5.64825924069645069e+00  7.18129094262745316e+00
  6.35121980525539431e+00  4.78372157399444387e+00  6.94979401035704214e+00
  6.54239897778288348e+00  4.19753821430131691e+00  6.22433097976639438e+00
  6.16924434351169282e+00  3.15723025888486308e+00  6.25656210709182314e+00
  6.72806748641906260e+00  2.37020187595015042e+00  6.21605473763360372e+00
  6.37594613151193901e+00  1.49082599246540148e+00  6.05290556925738343e+00
  6.96767851496016632e+00  6.87158670679945516e-01  6.02340223877224368e+00

molecule   98
  8.13005098411063898e+00  8.34327187009682625e+00  3.49653400762544120e+00
  7.69086821963914158e+00  7.38934065887624580e+00  3.56566223906790736e+00
  8.42651584567652989e+00  6.88886589767064095e+00  3.11708823231445820e+00
  8.10698479111733405e+00  6.20103705764629964e+00  2.38219178376828955e+00
  8.12901077244637627e+00  6.62094231333699224e+00  1.46742133525616558e+00
  7.37787029150944651e+00  7.08002405360335008e+00  1.28623385432248583e+00
  6.57813118721799039e+00  6.63347160087602283e+00  8.83201100454623744e-01
  5.76956558809786468e+00  7.02043269354653976e+00  8.54327829397877214e-01

molecule   99
  1.18880197672258126e+00  9.48837188496298367e+00  3.62172510991960594e+00
  4.78083214099233211e-01  9.61153889810887563e+00  2.86050750703711287e+00
  5.77107913625073521e-01  9.35565766208248917e+00  1.88520366138558515e+00
  4.78473369834839790e-01  1.01480628314662997e+01  1.26847521153673681e+00
  1.03305658595515766e+01  1.04408612805057306e+01  4.55634627813745419e-01
  9.97802379631614933e+00  7.73421186664334459e-01  1.03094287752383948e+01
  9.33613246256092921e+00  1.19492707708429280e+00  5.47889591622217398e-01
  8.69733161180139724e+00  1.75882873101976100e+00  2.32387774268403673e-02
