BOUNDARY

orthorhombic       1.0455159000e+01    1.0455159000e+01    1.0455159000e+01

MOLECULES

species    0
nMolecule  50

molecule  0
    7.0384491925e+00    6.5100148523e+00    5.4262221992e+00
    7.7114736853e+00    6.7064385568e+00    6.1222934281e+00
    8.6217973732e+00    7.0675977102e+00    5.9830887823e+00
    9.2785983131e+00    7.7765237315e+00    5.8254684224e+00
    8.6500165961e+00    7.5005072613e+00    5.0692624376e+00
    7.9361321050e+00    6.9290478148e+00    4.7902384322e+00
    7.1234786388e+00    7.3521759360e+00    4.3432131320e+00
    6.8886200500e+00    8.3247526834e+00    4.4534187977e+00

molecule  1
    5.3500048979e+00    3.6253376009e+00    3.5949729864e+00
    5.3404426494e+00    2.6255918107e+00    3.6301363900e+00
    5.4169881703e+00    2.0355834677e+00    4.3927026627e+00
    5.1649564442e+00    1.3258935103e+00    5.0563878227e+00
    4.3166264069e+00    1.7982037665e+00    4.8935011682e+00
    3.7467205772e+00    1.6331386811e+00    4.1070855079e+00
    4.3456821708e+00    2.0137314966e+00    3.4254494977e+00
    4.3924197198e+00    2.5692825523e+00    4.2404978646e+00

molecule  2
    9.7796806754e+00    7.9179440284e+00    7.8234974836e+00
    8.8310778632e+00    7.9465906633e+00    7.4585069426e+00
    8.0989057793e+00    7.8827519245e+00    6.7381358064e+00
    8.1095473629e+00    8.7981771562e+00    7.1985545565e+00
    8.9976276315e+00    9.1514009012e+00    6.8754733330e+00
    9.8854236519e+00    9.1666650047e+00    7.3373856539e+00
    1.0427250959e+01    8.3669273166e+00    7.1077758252e+00
    9.5344678638e+00    8.0915117736e+00    6.7323323115e+00

molecule  3
    6.0983999265e-01    1.0373248187e+00    5.7963593683e-01
    1.0216709926e+00    1.5252989989e-01    5.4512903862e-01
    1.1516007680e+00    1.0150504664e+01    1.0125617500e+01
    8.9742285092e-01    9.2025888157e+00    9.7795870994e+00
    6.0754530416e-01    8.8915598884e+00    8.8281281484e+00
    1.3793160173e+00    9.2742104679e+00    8.2239235058e+00
    5.1284288375e-01    9.1458075538e+00    7.7733482122e+00
    9.7995058291e-01    8.2654751383e+00    7.7930855653e+00

molecule  4
    1.6279529588e+00    8.5603035844e+00    9.3899283211e+00
    2.1216400579e+00    9.2706466184e+00    9.9408610187e+00
    1.6606589593e+00    8.8391447346e+00    2.6200319496e-01
    2.2206661549e+00    8.9730263081e+00    1.1034943941e+00
    1.9813048805e+00    9.6447760582e+00    1.7342405008e+00
    1.2322755979e+00    1.0210407637e+01    1.9782854777e+00
    1.8537202635e+00    3.7062810427e-01    1.4988177314e+00
    1.7377010684e+00    9.1692448015e-01    6.5539891512e-01

molecule  5
    5.9755559044e+00    8.9796250544e+00    3.1964153528e+00
    5.5418905456e+00    9.0161866810e+00    4.0954107739e+00
    4.5539051921e+00    9.2186861009e+00    4.0921587914e+00
    3.8940819368e+00    8.4230624899e+00    4.0697138079e+00
    4.6830195919e+00    8.4486646010e+00    4.7167810300e+00
    5.4352532241e+00    7.7331519527e+00    4.6808861454e+00
    5.1915189763e+00    7.8494194467e+00    3.7037774522e+00
    6.1577519257e+00    8.1001046906e+00    3.6774713761e+00

molecule  6
    5.4913596507e+00    9.0101288821e+00    8.8064875691e+00
    5.9722059220e+00    9.8509262542e+00    8.9755151269e+00
    5.0200905112e+00    9.8412751016e+00    9.2345491552e+00
    4.3460244550e+00    9.5144532948e+00    8.5213544616e+00
    4.3306384352e+00    8.8071871256e+00    7.8110000703e+00
    4.8463178012e+00    7.9204459555e+00    7.5240129337e+00
    5.6841073961e+00    7.5821961938e+00    7.8444637420e+00
    6.4634015901e+00    6.9643893303e+00    7.7298991929e+00

molecule  7
    9.8901453613e+00    8.4386516918e+00    2.1789820464e+00
    1.0059212926e+01    9.2781147123e+00    2.7362906224e+00
    9.7837377658e+00    8.5462616102e+00    3.3077496700e+00
    1.0058688029e+01    8.6672554461e+00    4.2857060121e+00
    4.9536547924e-01    8.2478320356e+00    4.4197166131e+00
    1.0901787200e+00    7.4088765585e+00    4.5257866183e+00
    1.0538671160e+00    7.8891158724e+00    3.6691925952e+00
    1.6479676164e+00    7.1143733372e+00    3.5588247410e+00

molecule  8
    9.1576793889e+00    9.2171518838e+00    8.2478227013e+00
    9.0417478619e+00    9.1252464773e+00    9.2317596340e+00
    8.2420483384e+00    8.9495655972e+00    8.6057315893e+00
    7.3121219039e+00    8.8761194185e+00    9.0196803179e+00
    7.4496661030e+00    8.0262114083e+00    8.4826625114e+00
    6.4896839746e+00    8.2277441394e+00    8.4821906949e+00
    6.2196354439e+00    8.7216902095e+00    7.6692955625e+00
    5.3515418463e+00    9.1610610183e+00    7.4333705950e+00

molecule  9
    7.4299341239e-01    6.3184775538e+00    7.1434498727e+00
    3.9418056645e-01    7.2465125103e+00    7.2298810992e+00
    2.6230101386e-01    7.3975971945e+00    8.2081114722e+00
    1.0414641651e+01    6.4816346642e+00    8.0658476185e+00
    9.5001244708e+00    6.1800041920e+00    8.0851910767e+00
    8.6751454085e+00    5.9330055396e+00    7.5878144608e+00
    7.7659903778e+00    5.6734377181e+00    7.2999236072e+00
    7.6398214438e+00    6.6353344620e+00    7.5243253216e+00

molecule  10
    7.0156360977e+00    8.6307850417e+00    6.5885464602e+00
    7.1271858368e+00    7.6706124141e+00    6.4117933640e+00
    7.0345939707e+00    7.7703973059e+00    7.4411755397e+00
    6.1972767503e+00    7.9177333042e+00    6.9446332382e+00
    5.5807798347e+00    7.9977246067e+00    6.1734899426e+00
    6.1796578091e+00    7.1717938036e+00    6.0718711858e+00
    5.2383597189e+00    6.8903592372e+00    5.8907301117e+00
    4.5779631117e+00    7.0763250826e+00    6.6007671753e+00

molecule  11
    2.8446046426e+00    1.1204074700e+00    1.2489908437e-01
    3.0697952709e+00    2.1147759840e+00    2.4859853808e-01
    2.3687449987e+00    2.8236561331e+00    1.8788299215e-01
    2.2839072401e+00    3.7685662640e+00    5.2913555696e-01
    1.9343926262e+00    3.4537437605e+00    1.3819392090e+00
    1.4233964679e+00    3.8716960741e+00    2.1466496515e+00
    1.8046432091e+00    4.7282164004e+00    2.0115378840e+00
    2.3412452297e+00    5.5329406285e+00    1.8187226922e+00

molecule  12
    3.5095127630e-01    2.7667980281e+00    9.1097347779e+00
    9.8505561010e+00    3.1253576920e+00    9.0327557866e+00
    1.0196779343e+01    3.3501661501e+00    9.9949067782e+00
    1.0294936707e+01    2.8735231997e+00    4.3630823613e-01
    3.3504377289e-01    2.3352227271e+00    1.0268487239e+01
    1.0307069150e+01    1.5514675222e+00    1.3492766818e-01
    1.0313906290e+01    1.6305835707e+00    1.0934495870e+00
    9.7906422445e+00    8.0612996202e-01    1.2890363711e+00

molecule  13
    7.4696854121e+00    2.9544581266e+00    4.7896764266e+00
    7.6192295569e+00    1.9769125452e+00    4.6267498839e+00
    8.3017559276e+00    2.1726536226e+00    5.3134977813e+00
    8.5542251884e+00    2.9817602312e+00    5.8882203433e+00
    8.3860076692e+00    3.8822791963e+00    6.3096150496e+00
    8.7808181338e+00    4.2638079671e+00    5.4915423928e+00
    9.7107704577e+00    4.5568491473e+00    5.6255312083e+00
    9.4627516739e+00    4.9898203973e+00    6.5297713666e+00

molecule  14
    5.6380910944e+00    1.4673036389e-01    6.6888127636e+00
    5.3989714355e+00    8.2011028437e-01    7.4268043984e+00
    6.2927294733e+00    3.7980781540e-01    7.3893250048e+00
    7.1283181737e+00    8.4069144476e-01    7.1588115649e+00
    7.5314036523e+00    4.4719900590e-01    7.9879312810e+00
    8.4826616525e+00    6.4286619031e-01    7.8699278034e+00
    9.0748120398e+00    1.3080251240e+00    8.2464854231e+00
    9.5905943514e+00    1.0817054889e+00    9.0954389717e+00

molecule  15
    1.5103669564e-02    8.5906673917e-01    9.8118514083e+00
    9.8742553302e+00    5.0766771011e-01    9.7321204766e-02
    9.6896235305e+00    1.0169715001e+01    9.9424375782e+00
    8.8110632593e+00    1.7353684128e-01    9.9430561873e+00
    8.8023228598e+00    1.0099739880e+01    9.0685480757e+00
    8.0437715306e+00    2.3626596223e-01    9.1411333677e+00
    8.4689429551e+00    1.0517164237e+00    9.4099945015e+00
    9.0614386766e+00    1.5352534535e+00    9.9500022137e+00

molecule  16
    9.3715695058e+00    1.1223070518e-01    8.0893518345e+00
    9.9688402041e+00    1.3481059654e-01    8.8975039219e+00
    1.0084717573e+01    9.6146700875e+00    8.8283421830e+00
    4.1409918015e-01    1.0240379487e+01    8.6294311200e+00
    1.6470545395e-01    1.0071072700e+01    9.6265442335e+00
    3.2881450253e-01    9.7923042617e+00    1.2366404300e-01
    6.7386035093e-01    9.7714603320e+00    1.0658120266e+00
    1.0358994162e+01    1.0323413487e+01    8.1035510438e-01

molecule  17
    2.7851667825e+00    3.4812156414e+00    3.7881147811e+00
    2.9773156229e+00    3.1104114991e+00    2.8566787721e+00
    2.3687473530e+00    3.8416284369e+00    2.6089643289e+00
    1.8276671537e+00    4.1102944365e+00    3.4315549936e+00
    2.2459060041e+00    4.3165834852e+00    4.3205169728e+00
    1.8542612494e+00    5.1772278296e+00    4.0433346338e+00
    2.0134076093e+00    6.1315873936e+00    3.7667717147e+00
    2.3678479595e+00    6.1561020194e+00    2.8653731607e+00

molecule  18
    4.7526042958e+00    4.1671160980e+00    8.8197446214e+00
    3.8607935046e+00    3.9990921254e+00    9.1631097892e+00
    3.6327609366e+00    3.9254131524e+00    1.0096801960e+01
    3.1384770706e+00    4.6297632636e+00    9.6162039815e+00
    3.4947876225e+00    5.2226201126e+00    1.0324361093e+01
    4.2495215703e+00    4.8382937759e+00    9.8543952249e+00
    4.0229738573e+00    5.7399632293e+00    9.5417679482e+00
    4.3058815039e+00    5.2758666005e+00    8.7076692184e+00

molecule  19
    3.6366980642e+00    1.7759550016e+00    9.2171110078e+00
    3.6178336153e+00    2.4324465991e+00    8.4679021822e+00
    4.5696858084e+00    2.3531745240e+00    8.6909213321e+00
    5.4664020377e+00    2.1647096063e+00    8.2872665629e+00
    5.6257851622e+00    2.2418972297e+00    7.3406170417e+00
    6.1180291065e+00    2.2857290430e+00    6.4616914964e+00
    6.4363251604e+00    1.3437182729e+00    6.5471150262e+00
    6.2704249367e+00    1.4234134086e+00    7.5646182513e+00

molecule  20
    1.0331713735e+01    1.5193081986e+00    2.4401487098e+00
    1.0435496896e+01    2.3312013505e+00    2.9802034666e+00
    7.7313548874e-01    1.9782322386e+00    3.4202860320e+00
    1.0177934865e+00    2.8972406973e+00    3.6689966140e+00
    3.4251476937e-01    2.6365972429e+00    4.3134570138e+00
    1.2537485759e-01    1.7581055551e+00    4.7335059517e+00
    9.6982530572e+00    1.3761949657e+00    4.9652643143e+00
    9.2723991555e+00    7.0983246331e-01    5.5531850778e+00

molecule  21
    3.7746831381e+00    4.4624774754e+00    4.4649027651e-01
    4.7398157122e+00    4.2693471475e+00    2.9233318746e-01
    5.3016497083e+00    4.5785718925e+00    1.0705848282e+00
    5.4683959725e+00    5.3939378416e+00    4.8944289100e-01
    5.3912436551e+00    6.3730083774e+00    6.7534800775e-01
    6.1431640680e+00    6.9233167486e+00    1.0508485572e+00
    6.0877158412e+00    7.8428765032e+00    6.8379638397e-01
    6.0861688192e+00    8.7037218575e+00    1.2425550382e-01

molecule  22
    1.1389478855e+00    5.4960070588e+00    4.2393715529e-02
    1.6585593514e+00    5.3747509187e+00    8.6596687830e-01
    1.1739406855e+00    4.4783494630e+00    1.0217672694e+00
    1.0917951027e+00    3.5173081522e+00    8.0662765329e-01
    1.8191423437e-01    3.9441508276e+00    5.8600148398e-01
    1.0317770516e+01    4.8252089493e+00    9.3441461738e-01
    1.0358620469e+01    4.8984471131e+00    1.9242123918e+00
    6.3976868562e-01    4.4580298028e+00    2.3748029831e+00

molecule  23
    1.7748139975e-01    4.1763129895e+00    3.3458524963e+00
    9.9795489377e+00    4.7864182349e+00    2.8744641369e+00
    9.4174362315e+00    5.3760914841e+00    2.2545263311e+00
    8.7340095855e+00    5.6451244208e+00    1.6480914434e+00
    7.8433667818e+00    5.5994215421e+00    1.3292299380e+00
    7.8651438737e+00    5.7419160044e+00    2.3172692770e+00
    7.3339775573e+00    6.3173814507e+00    2.9510830169e+00
    7.9400320697e+00    6.5789250769e+00    3.7234855613e+00

molecule  24
    3.6794603893e+00    8.5206918300e+00    8.6135363661e+00
    3.3988756494e+00    9.4664634816e+00    8.7850946637e+00
    2.3682957499e+00    9.5015318787e+00    8.6225894907e+00
    2.4826968220e+00    9.6403959964e+00    7.6055728747e+00
    3.4644840632e+00    9.7745312184e+00    7.7537006872e+00
    3.5143348206e+00    2.6677249148e-02    7.0409756291e+00
    4.3140026114e+00    3.2700095003e-01    7.5576326957e+00
    4.4892710208e+00    3.7021134050e-01    6.5430180880e+00

molecule  25
    1.1529230282e+00    7.7552897564e+00    5.2506563718e-01
    2.1319725836e+00    7.6476574803e+00    4.8829970962e-01
    2.4299117143e+00    6.7770733687e+00    9.1378919654e-01
    1.8362581729e+00    6.5401230998e+00    1.6847744169e+00
    2.3359758840e+00    7.0593975452e+00    2.3621784339e+00
    1.8857695324e+00    7.9208657473e+00    2.4319566724e+00
    1.5326158139e+00    8.7296964375e+00    1.9918941350e+00
    1.0040047686e+00    8.2777094989e+00    2.6895653110e+00

molecule  26
    1.1638270056e+00    2.2612325851e+00    6.4675406991e+00
    1.7092648193e+00    2.9254122447e+00    5.9045944075e+00
    2.0532882154e+00    3.8179683474e+00    5.5680551390e+00
    2.5680329106e+00    4.6089797561e+00    5.8382112402e+00
    2.1528135849e+00    5.1416110484e+00    5.0741550814e+00
    2.5760711126e+00    5.9451531102e+00    4.6419586982e+00
    1.8581921247e+00    6.4492116643e+00    5.1057197296e+00
    2.6470519893e+00    7.1067550867e+00    5.2250828815e+00

molecule  27
    8.0727382664e+00    7.3834860016e+00    2.8813197462e+00
    8.4016831887e+00    7.6960274393e+00    3.7845746181e+00
    8.4962845894e+00    8.5709519866e+00    3.2862256048e+00
    9.0509888491e+00    9.4094758535e+00    3.2698657143e+00
    8.6532639312e+00    9.4403080392e+00    2.3607808783e+00
    9.1874151075e+00    1.0298417419e+01    2.2019167778e+00
    9.6228340735e+00    2.5756345050e-02    3.1046526184e+00
    8.6425481040e+00    1.0329130910e+01    3.1423599536e+00

molecule  28
    4.5964747242e+00    1.7729289923e+00    1.8582372755e+00
    4.0533299541e+00    2.3656499862e+00    2.3931375098e+00
    3.8956992945e+00    2.9401834867e+00    3.2373466066e+00
    4.1265659026e+00    3.6482910953e+00    3.9274516471e+00
    4.0682862898e+00    4.0286574639e+00    2.9799581884e+00
    3.2235571288e+00    4.4004187529e+00    3.2480576978e+00
    2.9292303628e+00    5.0863849981e+00    3.8412387927e+00
    2.3147910872e+00    5.1461076689e+00    3.0589177059e+00

molecule  29
    6.2741226665e+00    2.5622227382e+00    9.5892484542e+00
    6.5499677789e+00    2.4207443717e+00    8.6387384088e+00
    6.3823667731e+00    1.4999112402e+00    8.8920795240e+00
    6.9730578034e+00    1.2062199623e+00    9.6392244351e+00
    7.5990809334e+00    1.8516487131e+00    9.3917050067e+00
    7.5157004662e+00    1.4776815860e+00    8.4260087825e+00
    7.6127189590e+00    2.4559935550e+00    8.1599011315e+00
    7.3287952265e+00    2.0517804326e+00    7.2932823106e+00

molecule  30
    6.0316830682e+00    6.8244528938e+00    4.4063316191e+00
    6.1354062965e+00    5.8941326317e+00    4.7608676861e+00
    5.3564938434e+00    6.0735876315e+00    4.1251374726e+00
    5.4491006489e+00    6.6858643599e+00    3.3096112680e+00
    4.4812445785e+00    6.8579624372e+00    3.2243702384e+00
    4.9673457778e+00    7.4011849309e+00    2.6476743214e+00
    5.0984276712e+00    7.8364398029e+00    1.7535399049e+00
    5.7678215387e+00    7.9486643443e+00    2.4864299101e+00

molecule  31
    9.3024291717e+00    6.6837044506e+00    5.2792932517e+00
    9.3316039375e+00    6.4269235604e+00    4.2960352273e+00
    9.4834223612e+00    7.4083574332e+00    4.1214535438e+00
    9.9099446831e+00    7.5449449847e+00    5.0111133878e+00
    3.5673778544e-01    7.5187690049e+00    5.4149961706e+00
    1.1012702873e+00    7.0082579866e+00    5.8049437839e+00
    1.7270582972e+00    7.7295311764e+00    5.5516676445e+00
    2.0013332110e+00    7.1782714868e+00    6.3219090381e+00

molecule  32
    9.1038571813e+00    9.6838473840e+00    4.3104594201e+00
    9.9614508567e+00    9.9074080398e+00    4.7248058136e+00
    1.0091613222e+01    4.4779066535e-01    4.9507169091e+00
    9.5207335034e+00    3.9465019168e-01    4.1237079336e+00
    8.6773043928e+00    4.6567135287e-01    4.6571181164e+00
    8.6822356709e+00    1.4671345255e+00    4.7496033975e+00
    8.3272426696e+00    1.8870021503e+00    3.9144496718e+00
    8.5092708458e+00    9.8318498782e-01    3.5226964821e+00

molecule  33
    8.0036722672e-01    1.8425156642e+00    9.2681308379e+00
    1.5186615892e+00    1.4030524722e+00    8.7432078967e+00
    2.4470304403e+00    1.6666833098e+00    9.0844240519e+00
    2.5579139656e+00    1.5365758240e+00    8.1409665728e+00
    2.2656216026e+00    2.4870302289e+00    8.3033233126e+00
    1.5140330252e+00    2.8761161159e+00    8.8348976575e+00
    1.1442604795e+00    3.6211286394e+00    8.2723386159e+00
    1.9897683744e+00    3.6806308849e+00    7.7892483404e+00

molecule  34
    9.9895803879e+00    2.0128526741e+00    9.2362725140e+00
    8.4676201336e-05    1.9310377607e+00    8.3480844694e+00
    2.5376346865e-01    2.5571362293e+00    7.6396805194e+00
    9.9259247346e+00    3.1006784299e+00    7.6465003092e+00
    9.5356045765e+00    2.6974476899e+00    6.8111355521e+00
    9.7799761922e+00    2.3731594291e+00    5.9017208512e+00
    9.2274466887e-02    1.7487280612e+00    5.9578432728e+00
    8.8341732676e-01    1.3485517101e+00    5.4965118980e+00

molecule  35
    9.5122753361e-01    5.6340950907e-01    9.4116932649e+00
    1.6215659147e+00    1.1563361818e+00    9.8817331017e+00
    1.7051727754e+00    2.1326486118e+00    9.9971045882e+00
    1.2552936950e+00    2.1029056973e+00    4.5639809042e-01
    2.1217801534e+00    1.9783128234e+00    9.1817816974e-01
    1.4915906750e+00    2.4333093342e+00    1.5895512105e+00
    5.6697458189e-01    2.1785666337e+00    1.9295776503e+00
    4.0214792884e-01    3.0514841757e+00    1.4874251270e+00

molecule  36
    8.4365555094e+00    1.9778853165e+00    8.8849640374e+00
    8.7048797461e+00    2.9363722339e+00    8.9483168075e+00
    9.2852667636e+00    2.3151499684e+00    8.4373552296e+00
    9.3821247496e+00    1.8720103214e+00    7.4926117468e+00
    8.3873601884e+00    1.9412839689e+00    7.6981187425e+00
    8.2735860047e+00    2.1653677103e+00    6.7240071424e+00
    8.5611217314e+00    1.3362850943e+00    6.2729183407e+00
    7.5933396384e+00    1.3458062108e+00    6.1148763194e+00

molecule  37
    4.1178617175e+00    2.9731903921e+00    5.2235302291e+00
    3.4560931983e+00    3.6135927562e+00    4.8269850758e+00
    2.7582921522e+00    2.9130505098e+00    4.9885743056e+00
    2.6156476290e+00    1.9934067334e+00    5.4147781144e+00
    1.6621755877e+00    2.1039549557e+00    5.1595113716e+00
    1.7003836788e+00    2.5354330054e+00    4.2321928389e+00
    2.2868987470e+00    2.4313407605e+00    3.4006119200e+00
    3.1075334288e+00    2.5135447904e+00    3.9150135194e+00

molecule  38
    1.0154322644e+01    4.9311555113e+00    4.2724307692e+00
    9.5620541931e+00    4.1915953558e+00    4.0341814528e+00
    9.1427302159e+00    3.9989753674e+00    3.1396965522e+00
    9.9123568822e+00    3.5597076065e+00    2.6679006684e+00
    1.0076038450e+01    3.2306644090e+00    3.5610130931e+00
    1.0385976799e+01    3.7568354578e+00    4.4031344139e+00
    7.4071919400e-01    3.5644549130e+00    4.9628953921e+00
    7.0270964022e-01    2.6341457949e+00    5.3202837352e+00

molecule  39
    3.1228500086e+00    6.2796319274e+00    7.4924136979e+00
    3.4035838627e+00    5.4038480192e+00    7.0945261921e+00
    2.8401707497e+00    4.6255584316e+00    7.2861103223e+00
    2.3724807528e+00    3.8446286665e+00    6.7844099613e+00
    1.3869130652e+00    3.7617884117e+00    6.5933682971e+00
    1.0482851650e+00    3.1775114436e+00    7.3519586834e+00
    1.2355039686e+00    2.3532978952e+00    7.9306752211e+00
    1.4493968302e+00    1.5519172581e+00    7.3403711044e+00

molecule  40
    2.6560656036e+00    7.6433349588e+00    3.2832551278e+00
    2.2057922471e+00    8.5298122808e+00    3.1081857033e+00
    2.6704622056e+00    8.5526171697e+00    2.1902233259e+00
    2.9939116198e+00    9.1798252171e+00    2.8908127741e+00
    3.9238266693e+00    8.8686459322e+00    2.9556966357e+00
    3.6361438376e+00    9.5599395249e+00    3.6428010491e+00
    3.7416691754e+00    9.8149668688e+00    2.6506672950e+00
    2.8827522332e+00    1.0142101190e+01    2.3939181624e+00

molecule  41
    4.4746153770e+00    4.9946761647e+00    7.3296320190e+00
    5.4423690447e+00    5.0057496673e+00    7.7062768276e+00
    5.8708223675e+00    4.2489669006e+00    8.2339191421e+00
    6.3407387479e+00    3.5197255862e+00    8.6877276950e+00
    6.0029574536e+00    3.5756478084e+00    9.6185174904e+00
    5.9603259822e+00    4.2290524249e+00    1.0373478255e+01
    6.5329443204e+00    4.7926336140e+00    5.2522054713e-01
    7.1343803805e+00    4.4391453545e+00    1.2724668181e+00

molecule  42
    3.1291641248e+00    7.9865893033e+00    7.7755529445e+00
    2.5963653410e+00    8.3700355944e+00    8.4888234314e+00
    2.1903996189e+00    8.6031245816e+00    7.6220585914e+00
    2.0995247172e+00    7.5871089966e+00    7.6262801864e+00
    2.4304357432e+00    6.9969748802e+00    8.3845560342e+00
    1.4368707474e+00    6.9372664933e+00    8.1133227640e+00
    1.1335594078e+00    7.3824354730e+00    8.9138412557e+00
    1.6312988769e+00    7.4707394818e+00    9.7191938173e+00

molecule  43
    1.0467537867e+00    5.8678226244e+00    8.2267181201e+00
    3.0489480792e-01    5.6580915942e+00    8.8522846268e+00
    7.0591304257e-01    6.5643882337e+00    8.9902672556e+00
    1.2466561961e+00    6.3475702123e+00    9.8110648256e+00
    2.0779808667e+00    5.7667324536e+00    9.8408034081e+00
    2.0888099152e+00    6.6218954110e+00    9.2510802694e+00
    2.9378942212e+00    6.1726467279e+00    8.9363326474e+00
    3.3874081634e+00    5.4939441042e+00    8.3303574224e+00

molecule  44
    9.4831498156e-01    4.8422623818e-01    6.2695317564e+00
    4.1122597910e-01    4.1616292250e-01    7.1090770105e+00
    6.7934123030e-01    1.0010860598e+01    7.4064680046e+00
    2.8374647734e-01    9.3932926226e+00    6.7244666944e+00
    2.5128816962e-01    9.4195714453e+00    5.7404350654e+00
    1.0242551447e+01    8.6405540730e+00    5.3571000298e+00
    9.3009829671e+00    8.9408004764e+00    5.2989818421e+00
    9.2342561651e+00    9.6511219546e+00    5.9485841825e+00

molecule  45
    6.9246131054e+00    1.1709063429e+00    5.3691591863e+00
    6.3588451651e+00    6.8952405054e-01    4.7508982424e+00
    6.5638048160e+00    1.3795855044e+00    4.0268368947e+00
    6.1206804591e+00    1.6831427840e+00    3.2117178846e+00
    5.4608184740e+00    2.1337930564e+00    2.6438532138e+00
    5.1451194576e+00    1.2989652767e+00    3.1470040668e+00
    5.7497611957e+00    7.4329319384e-01    3.7417528087e+00
    5.7834433225e+00    1.2370265565e-02    3.0567606833e+00

molecule  46
    1.0172044627e+01    4.8134894090e+00    8.0150841235e+00
    1.0138575826e+01    4.1356842260e+00    8.7677707447e+00
    1.2201683170e-01    3.7635264743e+00    7.9563709668e+00
    7.4775063176e-01    4.3433856559e+00    7.4226850625e+00
    1.0737956632e+00    5.2198010171e+00    7.1583079500e+00
    1.3992725331e+00    4.8295884019e+00    6.3078103877e+00
    4.0815016439e-01    4.8442734514e+00    6.4518491172e+00
    1.0227707916e+01    5.2976510088e+00    7.1029907085e+00

molecule  47
    2.3868602921e+00    8.8032796034e-01    4.3616362905e+00
    2.3198815111e+00    1.0318586024e+01    4.3842074733e+00
    2.2269353988e+00    9.3140105826e+00    4.4352561116e+00
    2.7830792312e+00    9.3873057731e+00    5.2771853444e+00
    2.4292360752e+00    8.4576563915e+00    5.2911799534e+00
    2.9790576736e+00    8.5494192594e+00    4.4218974557e+00
    3.5705492543e+00    8.2150715562e+00    5.1788488524e+00
    4.0414455213e+00    7.7850850427e+00    5.9559844107e+00

molecule  48
    5.1982635503e+00    9.2537579953e+00    4.6314113390e-01
    5.4125049139e+00    8.8739537105e+00    1.3693151973e+00
    5.2089166425e+00    9.8503068543e+00    1.3876594224e+00
    4.2800444729e+00    9.6532546321e+00    1.5989637992e+00
    4.6583778463e+00    9.0031352735e+00    2.2219730987e+00
    5.6062050747e+00    9.4618078167e+00    2.2095175320e+00
    6.5819930170e+00    9.6126668654e+00    2.3385595545e+00
    6.2696400562e+00    9.9114046184e+00    1.4261450979e+00

molecule  49
    1.0017056584e+01    8.3916536662e+00    8.9645930889e+00
    4.8090699586e-03    7.4914472671e+00    9.1999886812e+00
    9.9585741344e+00    6.7823243694e+00    9.7023709039e+00
    9.8174721245e+00    7.3932660179e+00    3.0797723084e-02
    9.1968851729e+00    7.7563853229e+00    9.7745677987e+00
    8.4757076742e+00    7.9231939148e+00    1.0434384741e+01
    8.3749680579e+00    8.4020754309e+00    9.5577393871e+00
    8.9831460866e+00    8.2077611528e+00    8.7244912421e+00

species    1
nMolecule  50

molecule  0
    8.1541744420e+00    8.1388048767e+00    1.8227901705e+00
    7.4574750481e+00    7.5188461879e+00    1.3983232765e+00
    7.2547260040e+00    7.4120473139e+00    2.3771454894e+00
    6.9305222174e+00    7.5140811615e+00    3.2883810658e+00
    6.3988612019e+00    6.8680665772e+00    2.7415014238e+00
    6.1179382206e+00    6.3855778252e+00    1.9195079050e+00
    5.9828221994e+00    5.4842661572e+00    1.4546651887e+00
    6.7435802307e+00    5.9588264002e+00    1.0435663729e+00

molecule  1
    7.0851358628e+00    6.4216229308e+00    8.5862900600e+00
    6.0943754135e+00    6.2715234360e+00    8.4792073453e+00
    6.5101591028e+00    6.5309445773e+00    9.3867251984e+00
    5.6571501675e+00    6.3805084214e+00    9.8987328620e+00
    4.7699217774e+00    6.0662471356e+00    1.0337092606e+01
    3.8990710634e+00    6.5345356386e+00    1.0231894441e+01
    3.1162687759e+00    7.0973466694e+00    1.0190107503e+01
    2.2669897954e+00    6.6053945428e+00    1.0332770858e+01

molecule  2
    4.1228414309e+00    1.0660448553e+00    5.2441244743e-01
    3.8856339771e+00    8.1288823828e-01    1.0031819949e+01
    4.8460402828e+00    4.1950051155e-01    1.0057504793e+01
    4.9457765607e+00    5.8167108535e-02    5.2023759915e-01
    5.8103520609e+00    1.4210297082e-01    4.0022415750e-02
    6.0380046895e+00    6.3982422021e-01    9.6807361109e+00
    6.7251582537e+00    2.5838106238e-02    9.2924298010e+00
    7.2959219499e+00    9.9881010696e+00    8.6008284242e+00

molecule  3
    5.9823391269e+00    1.0159939327e+01    5.1559986108e+00
    5.4450517892e+00    3.5826022243e-01    4.6534732322e+00
    4.5038564123e+00    1.8553747655e-02    4.6323470991e+00
    4.6481916900e+00    1.0226106377e+01    5.6164162538e+00
    4.6121536906e+00    9.3740910633e+00    5.1194098272e+00
    3.6980872778e+00    9.5405095556e+00    4.7727517450e+00
    3.4229482812e+00    1.0195819078e+01    5.4605787070e+00
    3.9791454836e+00    9.5136264982e+00    6.0035543777e+00

molecule  4
    6.2431278943e+00    1.0919209856e+00    2.2716385652e+00
    6.8151014484e+00    2.4539026417e-01    2.3109637107e+00
    7.7463932763e+00    1.0265976244e+01    2.3460911490e+00
    7.7219022202e+00    9.6775388161e+00    1.5366236973e+00
    8.3497158495e+00    1.0427312548e+01    1.3840016188e+00
    8.7666484057e+00    9.5564578330e+00    1.0770453324e+00
    9.5397860535e+00    9.4656952274e+00    4.2193093647e-01
    9.8000952317e+00    9.0160086263e+00    9.9959615236e+00

molecule  5
    8.4235236671e+00    9.3713568875e+00    7.2013805671e-02
    7.8188727197e+00    9.7489599860e+00    9.8536210820e+00
    7.4093075179e+00    8.9248489779e+00    1.0148690091e+01
    7.5259098098e+00    7.9665697422e+00    1.0108679696e+01
    7.6118738697e+00    8.3228556960e+00    5.9840362882e-01
    6.7829285426e+00    8.6592865463e+00    1.0277675449e+00
    6.4862911916e+00    8.6452333297e+00    1.9639072437e+00
    7.4357478257e+00    8.5724645160e+00    2.3550698078e+00

molecule  6
    4.3605846107e+00    7.5002925365e+00    4.4659971251e+00
    3.3633973489e+00    7.4419046489e+00    4.2739791167e+00
    3.7083859086e+00    6.8784345074e+00    5.0070945974e+00
    4.6743613528e+00    6.7079704779e+00    5.0483383090e+00
    4.2892058525e+00    6.4067613438e+00    5.9419788553e+00
    4.3068714900e+00    5.5760415485e+00    6.4053563916e+00
    5.0702110295e+00    5.6120714885e+00    5.7117823409e+00
    4.9319448381e+00    5.4223661857e+00    4.7150631776e+00

molecule  7
    9.2915070770e+00    3.9182040386e+00    7.1048942163e+00
    1.0206238980e+01    3.7462698592e+00    6.7577540793e+00
    3.7078996370e-01    3.4996900501e+00    5.9985733085e+00
    1.0119410838e+01    3.1951671856e+00    5.3531601732e+00
    9.5865235838e+00    2.6409817337e+00    4.7654428502e+00
    9.3887264589e+00    1.8789978065e+00    4.1620364662e+00
    9.4449484984e+00    2.0344877978e+00    3.1791683451e+00
    9.1536926205e+00    2.9941126023e+00    3.3066342224e+00

molecule  8
    6.3653828246e+00    2.2725856193e+00    4.6520144811e+00
    5.6936354050e+00    2.4626275671e+00    5.3424740269e+00
    5.6376033881e+00    3.2333449270e+00    4.7188270961e+00
    6.5329762211e+00    3.2888135845e+00    4.2850279388e+00
    6.4884079055e+00    4.3303728453e+00    4.4983299313e+00
    6.3885929182e+00    4.7130462856e+00    3.5768694165e+00
    7.3088306014e+00    4.8484192727e+00    3.3518422544e+00
    6.9839879228e+00    3.8929640520e+00    3.1253882163e+00

molecule  9
    9.0261710826e+00    4.7616672361e+00    1.0533576976e+00
    8.2820365877e+00    4.2201272454e+00    1.3919373067e+00
    8.7626225610e+00    4.6523888998e+00    2.1372769282e+00
    9.2384975299e+00    3.8193063671e+00    1.7387309047e+00
    9.4792276641e+00    3.6450927934e+00    7.6117970727e-01
    8.8773506149e+00    2.9258728670e+00    1.1274778514e+00
    9.0853177452e+00    3.0479790473e+00    1.2597055571e-01
    9.5277565060e+00    2.2109004816e+00    4.6633404761e-01

molecule  10
    1.8294111374e+00    8.2915614399e+00    4.2548930492e+00
    1.3628168143e+00    9.0249887973e+00    3.7457617682e+00
    1.6197130001e+00    9.8066956201e+00    3.1951711823e+00
    1.9693109999e+00    6.6905698805e-02    2.6190562603e+00
    2.5976951960e+00    8.6038642014e-01    2.6535731004e+00
    1.9750472427e+00    1.5413634281e+00    2.2744367363e+00
    1.8240273019e+00    1.4579553026e+00    3.2716988527e+00
    2.7465785272e+00    1.4584415531e+00    3.6098536898e+00

molecule  11
    3.2118142442e+00    7.3352921352e+00    6.7829524385e+00
    2.5075080721e+00    8.0529307359e+00    6.7369427577e+00
    3.2401061460e+00    8.4673397516e+00    6.1492268704e+00
    3.7267397331e+00    8.4390238513e+00    7.0290662140e+00
    4.5880975272e+00    8.5638048800e+00    6.5402046795e+00
    5.0572718639e+00    9.4748987709e+00    6.5251403304e+00
    5.8952004665e+00    9.0440527912e+00    6.2482683418e+00
    6.6725287544e+00    9.5720862163e+00    6.6362789684e+00

molecule  12
    9.3346795935e+00    6.9719064290e+00    7.4690783484e+00
    9.6104358319e+00    6.1313212760e+00    6.9430235019e+00
    8.8882495471e+00    5.9852146711e+00    6.2612537241e+00
    8.8269203550e+00    5.4949171376e+00    5.3988772585e+00
    8.9499106219e+00    5.0153544780e+00    4.5337550203e+00
    8.9363286389e+00    5.2107282675e+00    3.5811983373e+00
    9.4444150783e+00    6.0399185313e+00    3.1577290437e+00
    8.8704093744e+00    6.6650290892e+00    2.6210154589e+00

molecule  13
    7.7307552233e+00    1.0145393204e+01    4.6197803122e-01
    7.5287443726e+00    3.5820334594e-01    1.0222562464e+01
    8.0783523237e+00    1.0966612927e+00    7.6554943412e-02
    7.4003693371e+00    1.7911187621e+00    5.0194484020e-02
    6.7412694769e+00    1.0718650022e+00    2.9012309809e-01
    6.0195575800e+00    6.9732601409e-01    8.3174225411e-01
    5.1817732488e+00    7.2483175931e-01    1.4232445707e+00
    5.7303067961e+00    2.2830324443e-01    2.0660359977e+00

molecule  14
    4.4898307734e+00    2.1618308721e+00    7.1227616606e+00
    4.8620219103e+00    2.2965413355e+00    6.2130483924e+00
    4.7119768452e+00    1.3341002808e+00    5.9623766950e+00
    4.1599265985e+00    7.3530595359e-01    5.3166769878e+00
    3.2939344594e+00    1.1686503117e+00    5.5907771807e+00
    3.5824126985e+00    1.3578971469e+00    6.5367046591e+00
    3.5985019429e+00    1.1917974062e+00    7.5291599583e+00
    3.2783717093e+00    3.1610791026e-01    7.9828173104e+00

molecule  15
    3.9281205067e+00    2.2397308114e+00    9.3181131159e-01
    4.1548576852e+00    2.6992182244e+00    6.5138524909e-02
    3.2642130741e+00    2.9369767045e+00    1.0225480415e+01
    2.5262620960e+00    2.8034209601e+00    9.6127122556e+00
    2.4253919571e+00    3.7570023069e+00    9.9490159907e+00
    2.2763374249e+00    3.7682479352e+00    9.0099641682e+00
    2.4946960260e+00    4.5763003877e+00    8.5021448766e+00
    3.3473210954e+00    4.2992613490e+00    8.1375086258e+00

molecule  16
    6.3454988352e-01    2.0925460435e-01    4.3179849522e+00
    1.4325794231e+00    6.8027501189e-01    3.9162951046e+00
    1.1519715685e+00    6.2710924875e-01    2.9853991550e+00
    1.0745330832e+00    8.2325872563e-01    2.0251050349e+00
    4.1144869912e-01    3.2941373364e-01    1.4735442418e+00
    1.0262064231e+01    4.8628699694e-01    2.2248205933e+00
    1.0804268698e-01    4.0942046853e-01    3.1707283540e+00
    3.3533743107e-01    1.0635421326e+00    3.8527222317e+00

molecule  17
    7.0866579322e+00    8.7080193688e+00    3.4519562189e+00
    7.6819100517e+00    9.4112951617e+00    3.0620316328e+00
    7.8004982427e+00    1.0185641998e+01    3.7057304108e+00
    7.7952131258e+00    9.2058113550e+00    4.0300648220e+00
    8.1825519275e+00    8.3902885587e+00    4.4899770928e+00
    7.9758379147e+00    8.7011451195e+00    5.4261707964e+00
    7.6190321841e+00    9.4480733513e+00    5.9768334105e+00
    8.2933677205e+00    9.6374530033e+00    5.2381145913e+00

molecule  18
    2.2774349956e+00    9.4246278603e+00    6.3160448533e+00
    1.4331494206e+00    9.7199520365e+00    5.8454712171e+00
    1.3550675090e+00    9.1428849832e+00    5.0225668196e+00
    8.1675321681e-01    8.5272277132e+00    5.5490746471e+00
    1.2130741686e+00    8.6975154281e+00    6.4272412681e+00
    1.3678959980e+00    7.8545451148e+00    6.8625725815e+00
    5.2374760446e-01    7.9447624557e+00    6.3581004265e+00
    1.0332400904e+01    7.1713752993e+00    6.2745130168e+00

molecule  19
    5.6002725867e+00    2.9129827247e-01    8.4951417105e+00
    4.6251453258e+00    1.6786807829e-01    8.6077855723e+00
    4.6781643872e+00    1.0316304431e+00    9.0498222107e+00
    5.4678700093e+00    1.6082019866e+00    9.3609644054e+00
    5.2597067190e+00    1.3403906579e+00    1.0337819386e+01
    5.0973351457e+00    1.8517128192e+00    6.8055958204e-01
    5.1939211746e+00    2.4666068932e+00    1.0321983551e+01
    4.7329351563e+00    3.3399110974e+00    1.0099072098e+01

molecule  20
    1.2577522283e+00    6.5860649261e+00    2.6226314102e+00
    1.0978310829e+00    5.7443434159e+00    2.1111912622e+00
    3.6062468539e-01    5.8233013467e+00    1.4838717224e+00
    1.0006238651e+01    6.3977234433e+00    1.3991012880e+00
    2.4291001660e-02    6.8671960731e+00    6.7946525367e-01
    8.8107328293e-01    6.5550032642e+00    4.4001778805e-01
    7.8160855568e-01    7.0514353649e+00    1.3069995999e+00
    1.0406155578e+01    7.5217132483e+00    1.6647177586e+00

molecule  21
    7.8435615630e+00    4.4390371828e+00    9.8083267578e+00
    8.5341537697e+00    3.9681967673e+00    9.2087947012e+00
    7.5808681402e+00    3.6080234744e+00    9.0073289034e+00
    7.4641578174e+00    3.9282223938e+00    8.0986122117e+00
    7.3858691036e+00    4.9174957299e+00    7.9161499901e+00
    6.6048664308e+00    5.5336349275e+00    7.8953753746e+00
    6.2865693790e+00    5.8323888131e+00    7.0110296931e+00
    5.5643019336e+00    6.5134592717e+00    6.8342585322e+00

molecule  22
    4.7139055444e+00    3.1906443089e+00    7.2228815185e+00
    5.5422001161e+00    3.3506420368e+00    7.7880138617e+00
    5.2623687197e+00    4.0221430133e+00    7.0846520780e+00
    5.6950103937e+00    4.1921242881e+00    6.1858643533e+00
    6.2177395227e+00    4.6714749887e+00    6.8953596298e+00
    7.0276741307e+00    4.1099643556e+00    7.1757217636e+00
    7.8064089587e+00    3.4977538853e+00    7.1540635517e+00
    8.6162412443e+00    2.9578230650e+00    7.2742822991e+00

molecule  23
    3.4574886115e+00    3.6395690382e+00    7.2945881090e+00
    4.1326061823e+00    3.9944281154e+00    6.6379596592e+00
    3.5252684066e+00    4.6813179764e+00    6.3074333604e+00
    3.3085955271e+00    5.3526757163e+00    5.6692753414e+00
    2.4609203279e+00    5.5848821319e+00    6.1279629097e+00
    1.6514027690e+00    6.0549800149e+00    6.4892567762e+00
    2.0840860354e+00    6.2486996260e+00    7.3854956778e+00
    2.0420022679e+00    5.2333722813e+00    7.3957155244e+00

molecule  24
    1.0092086695e+01    5.8844378458e+00    5.5458505629e-02
    9.2187273254e+00    5.4370936390e+00    2.5331050795e-01
    8.2289579014e+00    5.2800974461e+00    1.4667178055e-01
    8.6549999353e+00    4.3894231301e+00    1.0404830253e+01
    7.9637292335e+00    3.6832352899e+00    6.5658962748e-03
    7.9378229959e+00    2.6740214962e+00    1.0345736807e+01
    7.1930456063e+00    3.0259361268e+00    9.7852853053e+00
    6.8649602458e+00    3.7282536832e+00    1.0420526460e+01

molecule  25
    7.6366827854e+00    7.0000150831e-01    4.4040090337e+00
    7.3923776593e+00    8.1436093510e-01    3.4341778421e+00
    6.6494542478e+00    2.6404412156e-01    3.8578090760e+00
    6.7579754369e+00    9.8032483808e+00    3.5591270687e+00
    5.8678226908e+00    9.9854036885e+00    3.9821445369e+00
    6.5311970609e+00    9.5229811332e+00    4.5795054385e+00
    6.5987444729e+00    9.0814824899e+00    5.4866505564e+00
    6.8633637471e+00    8.1066935079e+00    5.5234826441e+00

molecule  26
    1.0427971335e+01    5.4675979158e+00    5.7183146166e+00
    8.8549646041e-01    5.8636310507e+00    5.7010973981e+00
    4.7771598555e-01    6.1999020089e+00    4.8587728725e+00
    1.1755593768e+00    5.5125525000e+00    4.7222271542e+00
    8.1045701767e-01    5.9040810095e+00    3.8467158329e+00
    8.8441708018e-01    4.9216579518e+00    3.5613662031e+00
    8.3786304015e-01    4.3169195907e+00    4.3727973529e+00
    2.2757042564e-01    4.5669087354e+00    5.1355627119e+00

molecule  27
    9.3094853964e+00    7.1847191222e+00    8.6132563575e+00
    9.1713663792e+00    6.3109748414e+00    9.1542233561e+00
    8.2296135335e+00    6.5641581210e+00    9.0614240865e+00
    8.1576461227e+00    7.3264633179e+00    9.6605228860e+00
    7.7856914198e+00    6.8643802684e+00    1.0453534583e+01
    8.0084373169e+00    6.6640871639e+00    9.7214460530e-01
    8.9807714164e+00    6.8169704653e+00    7.4023457226e-01
    8.8975240608e+00    6.8139566013e+00    1.0204843376e+01

molecule  28
    2.5400240068e+00    1.0222275411e+01    1.0946048749e+00
    3.3416476019e+00    9.6736392273e+00    1.1972016429e+00
    3.2855811654e+00    9.3668567356e+00    2.4413311841e-01
    3.5282212984e+00    9.8639033757e+00    9.8308774226e+00
    2.8505226694e+00    1.0431695788e+01    1.0238179045e+01
    2.0459470645e+00    1.9082499528e-01    9.7683806436e+00
    2.6459699207e+00    9.2425929355e-02    8.9569924850e+00
    3.5646701472e+00    2.3397764931e-01    9.2665300002e+00

molecule  29
    2.9036117001e+00    5.6805576614e+00    9.2126776890e-01
    2.5819828578e+00    4.7422027857e+00    1.1480149412e+00
    2.9741915525e+00    3.8014559776e+00    1.2319369943e+00
    3.4713500318e+00    3.5384934326e+00    2.0470772533e+00
    3.1238647201e+00    4.5140373816e+00    2.0238167364e+00
    3.1970998383e+00    5.4135036444e+00    2.4945526896e+00
    3.9439416176e+00    5.2096338932e+00    3.1312125483e+00
    4.6782074825e+00    5.8429450950e+00    3.0889287494e+00

molecule  30
    4.6589888569e+00    3.3814698716e+00    1.7369671098e+00
    5.1146344326e+00    2.6311458101e+00    1.2819857357e+00
    5.9691088831e+00    2.6166643938e+00    1.7844164036e+00
    5.8180108001e+00    3.5314413653e+00    2.1705412661e+00
    6.1469278707e+00    4.4669254347e+00    2.0576294449e+00
    6.4956986785e+00    5.2147036923e+00    2.5816101700e+00
    7.2588729329e+00    4.6750229147e+00    2.2964224321e+00
    6.9244133826e+00    3.7265172481e+00    2.1134875008e+00

molecule  31
    5.1183215060e+00    7.6173589108e+00    1.0420703988e+01
    4.7207031998e+00    7.1105797275e+00    9.6799253115e+00
    5.3286914756e+00    7.5843116719e+00    9.0241225770e+00
    4.5104738839e+00    7.6591977280e+00    8.5328925559e+00
    3.6387065019e+00    7.1884261152e+00    8.3465943082e+00
    4.1979694224e+00    6.5574244512e+00    7.7863793437e+00
    4.8728203945e+00    6.3160541657e+00    8.5224018681e+00
    5.1661795882e+00    5.5779081571e+00    9.1211150273e+00

molecule  32
    7.1602941788e+00    9.2439885952e+00    7.6238802753e+00
    7.8549690719e+00    9.9701505453e+00    7.6107721489e+00
    8.2383630204e+00    9.9148127293e+00    6.6935849299e+00
    8.0096817624e+00    4.0259288440e-01    6.7894701176e+00
    8.9807900088e+00    1.4584479568e-01    6.7188435925e+00
    8.5844836275e+00    1.4599563619e-02    5.8050681426e+00
    7.5966623508e+00    1.0429899246e+01    5.5265022338e+00
    6.9801662682e+00    9.6884988733e-02    6.3115637402e+00

molecule  33
    9.4204774708e+00    3.9098841206e+00    9.9323623783e+00
    1.0086220492e+01    4.6529628726e+00    1.0170786806e+01
    5.2092673789e-01    4.7504030540e+00    9.7999216145e+00
    6.7831556176e-01    4.3720786106e+00    8.8809109376e+00
    1.3638117486e+00    4.8237907561e+00    8.3092201361e+00
    1.5916303356e+00    5.4212506481e+00    9.0828589161e+00
    1.8695672465e+00    4.6342459266e+00    9.6336656765e+00
    1.3172049965e+00    3.8181941499e+00    9.8168104348e+00

molecule  34
    4.6686179230e+00    6.7177574834e-02    3.6036908275e+00
    3.6519704777e+00    1.6806669594e-01    3.6271656295e+00
    4.1201541168e+00    8.4087422795e-01    3.1042121662e+00
    4.6682094119e+00    2.0983767847e-01    2.5846558668e+00
    3.8184702237e+00    4.1145393899e-01    2.0384420233e+00
    3.3926246595e+00    3.2501864672e-01    1.1477566511e+00
    3.0844189671e+00    1.2115502658e+00    1.5114367921e+00
    3.4109142167e+00    1.5462632825e+00    2.3447457052e+00

molecule  35
    2.7989683319e+00    7.5329293475e+00    9.2951135157e+00
    3.3448212357e+00    8.1137247184e+00    9.8535137949e+00
    4.1653294011e+00    8.1938430530e+00    1.0405928326e+01
    4.3185448379e+00    8.3783489344e+00    9.4382925272e+00
    5.2050502824e+00    8.7446403553e+00    9.7513101426e+00
    6.1275589979e+00    8.5079049567e+00    9.5451735884e+00
    6.3278011201e+00    7.5895565123e+00    9.9386362459e+00
    6.8240668706e+00    7.2771703651e+00    2.8105280054e-01

molecule  36
    9.5774546261e+00    5.2916260135e+00    8.7009085101e+00
    8.9342568589e+00    5.2796538532e+00    9.4915403518e+00
    7.9438104861e+00    5.4636321488e+00    9.4174591375e+00
    7.3924243093e+00    6.0085916105e+00    1.0016974261e+01
    7.0343657464e+00    5.0652619503e+00    1.0090926529e+01
    6.9623629138e+00    4.5856531131e+00    9.2076123004e+00
    6.2488153285e+00    5.2259372903e+00    8.8703482810e+00
    5.7843739669e+00    4.9630547357e+00    9.7070553171e+00

molecule  37
    3.3350364320e+00    6.9046194859e+00    3.1592921536e+00
    3.3727214898e+00    6.0649937108e+00    3.6695484173e+00
    4.2138436657e+00    6.2450722595e+00    4.2270917681e+00
    3.8439600792e+00    5.4224857488e+00    4.6322509328e+00
    4.3506720980e+00    4.7099281535e+00    4.1731267091e+00
    5.1355005012e+00    4.3044743471e+00    4.6756445738e+00
    5.0248597377e+00    3.6316193965e+00    5.4050296530e+00
    4.0549335120e+00    3.9116395917e+00    5.5704719206e+00

molecule  38
    8.5992654952e+00    9.3861692244e-01    9.9156709853e-01
    8.4982296240e+00    1.9193602201e+00    8.3076848305e-01
    7.5574814190e+00    2.2361708245e+00    1.0107943530e+00
    6.7819654624e+00    2.8437955023e+00    1.1318909017e+00
    6.3233235943e+00    1.9154864518e+00    1.0453112804e+00
    6.0768647952e+00    2.0836804399e+00    9.2039504022e-02
    5.8770404476e+00    2.9564313567e+00    5.1224016777e-01
    6.0824726614e+00    3.8117716219e+00    9.0830912428e-01

molecule  39
    3.6648834971e+00    7.9321657452e+00    2.6163337898e+00
    3.7906197328e+00    7.0988812787e+00    2.1535877048e+00
    3.6913726073e+00    6.1373644496e+00    1.9753310747e+00
    3.7042353765e+00    6.5271075889e+00    1.0578362135e+00
    4.2725837250e+00    7.0769121061e+00    4.7407534684e-01
    3.4290886576e+00    7.5712017913e+00    7.6411389769e-01
    3.6131886662e+00    8.0577342822e+00    1.5983344522e+00
    4.1015004178e+00    8.7077749202e+00    1.0854558450e+00

molecule  40
    7.2218051527e+00    1.1928566350e+00    1.3871824333e+00
    8.0948868091e+00    1.4730535323e+00    1.8059984782e+00
    8.4961419782e+00    6.5552723796e-01    2.1150847371e+00
    9.2389478790e+00    1.0480464644e+00    2.7222598589e+00
    9.1730829402e+00    1.5476736343e+00    1.8329754696e+00
    9.4864574468e+00    2.4861966292e+00    1.8913770258e+00
    8.6957711837e+00    2.6191567186e+00    2.4027823148e+00
    8.2028423647e+00    3.4191044193e+00    2.1045528352e+00

molecule  41
    6.4011091660e-01    9.7628950081e+00    2.8160234896e+00
    8.2340491488e-02    9.6420221152e+00    3.6279313577e+00
    5.3339600638e-01    9.5256773427e+00    4.5157745256e+00
    1.4296121393e+00    9.8853024546e+00    4.2653469272e+00
    1.4648741137e+00    1.0440814777e+01    5.1001721609e+00
    2.3561998456e+00    1.0388460540e+01    5.4995316667e+00
    2.7383101010e+00    1.1425765879e-01    6.4618822932e+00
    1.8716953894e+00    1.0328755931e+01    6.8622451683e+00

molecule  42
    2.1419876469e+00    5.4464651597e-01    8.0608476914e+00
    1.1729104979e+00    6.4366524513e-01    7.8836439366e+00
    3.9281347723e-01    9.6873974809e-01    8.3960836343e+00
    1.0094689561e+01    1.0364483771e+00    7.7380041791e+00
    8.4802447436e-02    1.6264541784e+00    7.0881420954e+00
    9.8427050536e+00    1.1230697179e+00    6.6077587206e+00
    1.0326839285e+01    4.3965445256e-01    6.0513255466e+00
    1.0028216384e+01    1.0431905824e+01    6.8420769715e+00

molecule  43
    1.9893170605e+00    9.0482971279e-01    5.4048983352e+00
    1.8248538388e+00    1.5320705590e+00    6.1594755969e+00
    2.2540166907e+00    2.2524091488e+00    6.7525967237e+00
    2.5371942792e+00    2.9528662187e+00    7.4020784526e+00
    3.1457096496e+00    2.2081465947e+00    7.4704667388e+00
    3.6698262959e+00    2.7187527595e+00    6.7622315429e+00
    3.1454308611e+00    3.0625074294e+00    5.9730757524e+00
    3.5881780871e+00    2.1969906845e+00    5.8294298369e+00

molecule  44
    6.7980229298e+00    3.1720589163e+00    7.8408373031e+00
    6.2474469725e+00    3.2418372344e+00    7.0241720187e+00
    7.0732611503e+00    2.9183277246e+00    6.5841865949e+00
    6.8010912159e+00    2.7566066961e+00    5.6347805888e+00
    6.4296813172e+00    3.6957953540e+00    5.5849734609e+00
    6.7561409331e+00    4.6420466718e+00    5.5729995593e+00
    6.0826157039e+00    5.2594007322e+00    6.0235213112e+00
    6.9937122713e+00    5.3377043993e+00    6.3385974031e+00

molecule  45
    3.5883357100e-01    7.3257809824e+00    1.0223458107e+01
    6.9471834587e-01    8.0633452033e+00    9.6359419153e+00
    1.6178195879e-01    8.3563140349e+00    1.0421427089e+01
    1.0067966656e+01    8.4074468016e+00    7.9469807424e-01
    9.5203561430e+00    8.9922430320e+00    1.3486162553e+00
    1.0113138593e+01    9.7039389351e+00    1.6647587131e+00
    4.4343843388e-01    9.0956479136e+00    1.8490935303e+00
    7.6410282287e-01    8.2454215773e+00    1.4971534167e+00

molecule  46
    9.2106793309e+00    7.0939221317e+00    1.7176760564e+00
    9.0416373596e+00    7.9731938215e+00    1.2671443056e+00
    9.0024687084e+00    7.9917229988e+00    2.2623839599e+00
    9.3478578739e+00    7.5860713273e+00    3.1408145840e+00
    1.0327187335e+01    7.5019033951e+00    2.9665084470e+00
    1.0420270182e+01    6.8734366258e+00    3.7634821691e+00
    1.0105527022e+01    5.9201647176e+00    3.8706172713e+00
    8.7520305872e-02    6.0568508207e+00    2.9691068905e+00

molecule  47
    8.5608916603e+00    3.1756164034e+00    4.7001915402e+00
    8.0864800423e+00    4.0648436879e+00    4.5489463293e+00
    8.1829092246e+00    3.7320015964e+00    3.6304492546e+00
    7.8522684648e+00    2.8309498167e+00    3.4378613221e+00
    6.9404413405e+00    2.5864280729e+00    3.6160137567e+00
    6.5916388165e+00    2.7998137305e+00    2.6976174312e+00
    7.0031830314e+00    1.9257850003e+00    2.4680088702e+00
    7.8204098574e+00    1.5575072659e+00    2.9140992809e+00

molecule  48
    8.4686468254e+00    5.4833219871e+00    8.5370074884e+00
    8.7811155364e+00    4.6477481938e+00    8.1049451618e+00
    8.1843518045e+00    4.7574402493e+00    7.2868715522e+00
    8.2852660897e+00    5.0107752784e+00    6.3328567858e+00
    7.8453327332e+00    5.7451467732e+00    5.7952154076e+00
    7.3161498991e+00    5.3773557058e+00    4.9963068334e+00
    7.7547448578e+00    4.5642226860e+00    5.3699979287e+00
    7.3488558001e+00    4.1312411650e+00    6.1587151945e+00

molecule  49
    6.6172045574e+00    6.0317500250e+00    3.6483861503e+00
    5.7468769156e+00    5.7532346544e+00    3.2679741904e+00
    5.3328818506e+00    4.8496352916e+00    3.4201999781e+00
    5.2027812389e+00    4.1373938028e+00    2.7238774503e+00
    5.0227294455e+00    5.0125498253e+00    2.3122713467e+00
    4.1498492682e+00    4.8098188090e+00    1.8250892848e+00
    4.2759780734e+00    5.6781371266e+00    1.2941281475e+00
    4.9531855907e+00    6.1995888765e+00    1.7879342008e+00
