BOUNDARY

cubic     9.0000000e+00

MOLECULES

species    0
nMolecule  100

molecule   0
  8.47079764e+00  1.27403118e+00  1.81026625e-01
  8.42319855e+00  1.78549776e+00  9.33787214e-01
  7.73628569e+00  1.34313328e+00  3.42577360e-02
  7.60266138e+00  1.21313379e+00  6.12218072e-01
  8.47726056e+00  2.73397562e+00  1.28630242e+00
  8.03039099e+00  2.56421972e+00  1.50084111e+00
  7.96846322e+00  3.74458331e+00  8.52786642e+00
  7.50555423e+00  4.03801060e+00  8.24569994e+00

molecule   1
  7.35169296e+00  8.23160862e+00  2.35512261e+00
  6.87315569e+00  8.38233548e-01  4.22405521e+00
  5.64225447e+00  1.04557524e+00  3.01833375e+00
  4.68200006e+00  1.19305209e+00  3.21596608e+00
  3.77752701e+00  3.29791316e-01  3.70265208e+00
  3.12557848e+00  8.52867951e-01  1.90747976e+00
  3.28407254e+00  8.68157668e+00  1.64608557e+00
  3.36011423e+00  8.02203257e+00  1.40964615e+00

molecule   2
  7.53530370e+00  5.73663840e+00  9.79470685e-01
  7.29372230e+00  5.34797381e+00  3.17925159e-01
  7.53872792e+00  6.71378011e+00  9.44885505e-01
  7.88093922e+00  7.15036980e+00  8.98003477e+00
  6.13586410e+00  7.00432438e+00  1.49221963e+00
  4.93649008e+00  7.53631495e+00  1.12425493e+00
  4.99020654e+00  7.73982453e+00  3.51704928e-01
  5.55955667e+00  6.87239619e+00  1.32423629e+00

molecule   3
  3.95662587e+00  6.50022929e+00  3.20072831e+00
  4.69766741e+00  6.57058120e+00  3.33225531e+00
  3.85589853e+00  5.54091503e+00  2.83711146e+00
  4.54986348e+00  5.73453474e+00  3.35486386e+00
  4.02071838e+00  5.65528036e+00  4.08337803e+00
  3.39782190e+00  4.15692433e+00  3.82090349e+00
  5.20529215e+00  2.58997527e+00  5.46403732e+00
  4.48472913e+00  1.29160658e+00  5.17744864e+00

molecule   4
  5.83043587e+00  2.67688727e+00  6.62741370e+00
  5.95959469e+00  2.96703692e+00  7.32504930e+00
  5.30635614e+00  3.32629371e+00  6.68797241e+00
  5.11053862e+00  3.19220872e+00  7.77726823e+00
  3.82905822e+00  3.95633948e+00  7.78717353e+00
  5.15693697e+00  3.78262077e+00  1.45244122e+00
  5.13829098e+00  2.15700989e+00  1.88447002e+00
  5.97993969e+00  2.17228929e+00  9.25139528e-01

molecule   5
  5.48645258e+00  1.12818188e+00  1.55923914e+00
  6.64396665e+00  1.80746440e+00  2.92236288e+00
  7.02582805e+00  8.69716870e+00  1.78527498e+00
  8.03403886e+00  6.36348533e-02  1.57607338e+00
  7.33312273e-01  8.74421602e+00  1.05634122e+00
  4.08090379e-01  6.78262326e-01  2.20936989e+00
  8.71391821e+00  1.30418306e+00  2.79223835e+00
  7.16416456e+00  8.82715229e+00  2.73612688e+00

molecule   6
  5.94101391e+00  6.89588907e+00  8.63322223e+00
  6.96945004e+00  6.81701288e+00  5.35822904e-01
  6.84609825e+00  5.83950908e+00  1.31628201e+00
  7.14985507e+00  7.39769158e+00  1.58308242e+00
  7.61999415e+00  6.84211742e+00  2.80794639e+00
  7.44749398e+00  6.31078428e+00  3.89124358e+00
  7.20356064e+00  4.88061863e+00  4.06071358e+00
  8.46087262e+00  5.44115612e+00  3.98093972e+00

molecule   7
  2.05201680e+00  3.25031669e+00  5.26137889e+00
  3.59917724e+00  3.48371488e+00  4.86850030e+00
  1.11001413e+00  3.34503983e+00  3.58580685e+00
  1.59957156e-01  3.06097989e+00  3.86726810e+00
  7.40220777e+00  3.03901169e+00  5.27286473e+00
  7.12001370e+00  3.44959792e+00  4.90004753e+00
  7.49512284e+00  3.96355042e+00  5.26667999e+00
  6.99911466e+00  5.19499312e+00  5.28261420e+00

molecule   8
  1.28008925e+00  1.29201752e+00  5.27364230e+00
  3.95378871e-01  1.86326970e+00  4.00433618e+00
  4.06077653e-02  2.81927209e+00  2.66338627e+00
  8.89460950e+00  4.37695023e+00  3.59145086e+00
  3.20728587e-01  6.08133603e+00  3.07049440e+00
  1.00353245e+00  6.95909201e+00  3.01413542e+00
  1.47081625e+00  6.49906216e+00  2.80324650e+00
  3.00797339e+00  7.08956434e+00  1.73438888e+00

molecule   9
  7.22515092e+00  3.77512226e+00  6.48773504e-01
  7.59074217e+00  6.35146819e+00  1.87878784e+00
  7.72519537e+00  5.80630686e+00  2.36993079e+00
  8.29007109e+00  5.43268067e+00  5.81440952e-01
  7.96765489e+00  6.46731276e+00  8.80128532e+00
  8.79266887e+00  5.18801816e+00  8.77660453e+00
  1.71018926e+00  5.91476126e+00  8.91097900e+00
  1.76691867e+00  7.35023313e+00  7.94424583e+00

molecule   10
  6.24637386e+00  3.64596606e+00  5.07519313e+00
  6.92283913e+00  3.74711730e+00  6.27853541e+00
  7.76826809e+00  3.04078150e+00  6.53850524e+00
  6.73918933e+00  3.99025539e+00  7.38338876e+00
  7.02145660e+00  4.70521960e+00  6.87427526e+00
  8.43509322e+00  5.61470910e+00  7.63923726e+00
  5.34711585e-01  5.08292608e+00  7.85663531e+00
  9.81655930e-01  4.13536320e+00  7.81168366e+00

molecule   11
  1.65025197e+00  1.28620472e+00  7.84027495e+00
  1.40459052e+00  8.29168984e-01  8.57302567e+00
  2.16415215e+00  6.40113368e-01  7.91407095e+00
  1.73606954e+00  1.83072657e-01  6.51680560e+00
  1.19475600e+00  5.53621584e-01  4.52797622e+00
  2.12432098e+00  8.96080195e+00  2.75622350e+00
  2.42875871e+00  7.85926862e-01  3.61150416e+00
  1.14807274e+00  1.73212741e+00  3.29782273e+00

molecule   12
  9.67593161e-02  4.18478401e+00  7.38709872e+00
  8.42880496e+00  4.66137216e+00  6.37326225e+00
  9.41461313e-01  3.43640413e+00  6.24526710e+00
  2.28312244e-01  3.32775461e+00  6.72952898e+00
  8.33570850e+00  3.10599313e+00  5.99559785e+00
  2.84879121e-01  2.70690502e+00  6.51811502e+00
  9.45449858e-02  2.40416511e+00  6.53913500e+00
  8.23150700e+00  2.39425068e+00  5.98147833e+00

molecule   13
  7.81243034e+00  1.51295986e-01  7.06882860e+00
  8.91573029e+00  1.35168986e+00  7.95679062e+00
  6.99174872e-01  2.39414872e+00  8.60718917e+00
  1.36438243e+00  2.28328527e+00  5.40671414e-01
  1.18678814e+00  1.55112983e+00  8.57099086e+00
  3.10795746e+00  1.95051394e+00  8.24225049e+00
  2.37410738e+00  2.99398930e+00  7.57892392e+00
  2.10917112e+00  3.48039888e+00  7.76719482e+00

molecule   14
  6.50902404e-01  1.51939565e+00  6.90441022e+00
  8.98377887e+00  4.84676987e-01  6.08409352e+00
  1.80234974e-01  1.84344986e+00  7.46309506e+00
  7.68376207e+00  1.30601910e+00  8.16003438e+00
  7.30113887e+00  1.75708866e+00  1.76632063e-01
  7.47322156e+00  1.05266980e+00  1.36454478e+00
  8.64305698e+00  8.13981515e+00  1.47659292e+00
  8.94769594e+00  6.92276425e+00  1.95286901e+00

molecule   15
  4.09235344e+00  5.13017412e+00  7.37286842e-01
  4.64250263e+00  4.64872566e+00  1.64933018e+00
  5.11081566e+00  4.26767772e+00  2.62871977e+00
  5.84081460e+00  4.15118932e+00  2.34608595e+00
  5.06317288e+00  4.12372651e+00  2.00655669e+00
  4.96596201e+00  3.20236309e+00  2.93158981e+00
  4.21656517e+00  1.87178415e+00  3.22294046e+00
  3.80866860e+00  2.67275649e+00  2.30152865e+00

molecule   16
  2.58244233e+00  3.41171660e+00  1.13572585e-01
  1.77215676e+00  4.88549707e+00  8.80692286e+00
  1.62153573e+00  4.87311446e+00  3.97256131e-01
  1.23305393e+00  5.23239630e+00  1.44065257e+00
  1.82814870e-01  6.14428738e+00  1.01570655e+00
  8.32875173e-01  5.84610989e+00  4.88072070e-01
  6.71353693e-01  4.13723759e+00  8.75914943e+00
  8.38419324e-01  4.61208514e+00  5.20989355e-01

molecule   17
  8.29748397e+00  5.47035313e+00  1.52442641e+00
  7.80975258e+00  5.63063576e+00  1.19484060e+00
  7.12759333e+00  4.60070733e+00  1.32811318e+00
  6.81130239e+00  3.95697640e+00  1.57983319e+00
  6.52814811e+00  4.35887861e+00  3.11038084e+00
  7.00147863e+00  4.32120592e+00  4.27666436e+00
  6.91404772e+00  4.44116258e+00  5.11906361e+00
  5.85361737e+00  4.02115286e+00  4.73589751e+00

molecule   18
  4.01753058e+00  8.04783384e+00  5.19811149e-01
  4.32260031e+00  8.58780486e+00  8.71851227e+00
  3.57321579e+00  8.17760182e+00  8.24196129e+00
  3.54906373e+00  6.12808056e-01  1.94509005e-01
  2.80757150e+00  1.53231764e-01  7.33962416e+00
  1.44788343e+00  6.55960703e-01  6.35592858e+00
  2.18471778e+00  1.28856319e+00  7.23585632e+00
  1.71568541e+00  1.85808944e+00  8.20167753e+00

molecule   19
  4.57907967e+00  7.46427559e+00  6.52729296e+00
  4.04013997e+00  6.18655319e+00  6.71705774e+00
  5.49597215e+00  4.56423065e+00  6.65052736e+00
  5.96858410e+00  4.10100858e+00  6.56105452e+00
  6.56124299e+00  5.05593735e+00  7.92625777e+00
  7.33999493e+00  4.45049114e+00  7.77789229e+00
  7.14383740e+00  3.87013820e+00  7.49003486e+00
  7.56479619e+00  3.49039216e+00  6.64298175e+00

molecule   20
  5.03940674e+00  7.61570113e+00  6.18012329e+00
  5.89174853e+00  7.19880001e+00  4.99164267e+00
  4.53504507e+00  7.68614345e+00  4.72438714e+00
  5.19752133e+00  7.62687772e+00  4.15468880e+00
  6.16471842e+00  8.60591469e+00  4.06194710e+00
  6.29510121e+00  8.80315139e+00  2.37703867e+00
  5.35296532e+00  1.74972666e-01  1.73992554e+00
  6.93000601e+00  1.10327794e+00  1.98117345e+00

molecule   21
  1.50703416e+00  2.33261214e+00  5.51116940e+00
  1.34472177e-02  1.93929122e+00  5.77081967e+00
  1.94466365e-01  3.11403642e+00  5.27324356e+00
  1.02924500e+00  4.01332072e+00  3.83266001e+00
  1.28514436e+00  5.19727865e+00  4.19454775e+00
  1.52785215e+00  5.22436014e+00  2.99746893e+00
  3.20912636e-01  5.16213847e+00  3.17648047e+00
  3.27586978e-01  4.27791133e+00  2.97186353e+00

molecule   22
  3.99122540e+00  5.53064700e+00  7.47448731e-01
  4.73235300e+00  5.26533960e+00  1.13108373e+00
  4.96733680e+00  6.26239093e+00  8.79808786e+00
  5.29519294e+00  7.06995412e+00  8.90132749e+00
  5.20168362e+00  6.50698474e+00  7.89607368e+00
  5.40223575e+00  6.22961944e+00  7.68976773e+00
  6.27713864e+00  5.27747131e+00  8.61612472e+00
  6.66073234e+00  4.09139062e+00  2.80691328e-01

molecule   23
  6.83587128e+00  7.97104626e+00  4.96784721e+00
  7.69354121e+00  8.94306450e+00  4.62138749e+00
  7.56669895e+00  8.70683912e+00  3.83583252e+00
  5.92966716e+00  4.12571931e-01  4.26836007e+00
  5.97650769e+00  1.72423842e+00  3.96121662e+00
  5.91045023e+00  2.43256934e+00  2.31731970e+00
  6.71458454e+00  1.89707259e+00  1.55101963e+00
  6.42488826e+00  1.51855850e+00  2.24022896e-01

molecule   24
  1.85058149e+00  2.90147493e+00  3.32712951e+00
  6.11108326e-01  2.50563163e+00  5.47262272e+00
  8.67934045e+00  1.79846130e+00  5.26560082e+00
  6.44698195e-01  1.44799385e+00  4.93836482e+00
  8.85102126e+00  1.46954292e+00  4.88360870e+00
  8.65596660e+00  1.32448716e+00  4.67010431e+00
  7.86593166e+00  2.33546745e+00  5.36271429e+00
  7.61346569e+00  2.54325511e+00  4.71451963e+00

molecule   25
  1.83332316e+00  5.72088909e-01  2.17386854e+00
  2.07568516e+00  9.06471377e-01  1.85736620e+00
  2.49222816e+00  9.53408469e-01  1.31502324e+00
  3.10839309e+00  2.71867481e-01  3.12646074e-01
  3.29934060e+00  8.24404658e+00  8.72722326e+00
  2.21260685e+00  2.48315586e-01  8.65459821e+00
  1.77656592e+00  8.79198045e+00  8.87085132e+00
  1.87834524e+00  8.51453990e+00  8.44967157e+00

molecule   26
  8.95814753e+00  2.60886744e+00  3.41051080e+00
  1.24620523e-02  1.69549915e+00  3.50760358e+00
  8.19421408e+00  3.03040127e+00  2.15970931e+00
  8.34658655e+00  3.65095880e+00  1.49239993e+00
  1.63977156e+00  3.03925418e+00  7.95952222e-01
  1.15973256e+00  2.69205210e+00  1.61047871e+00
  1.66710706e+00  3.90461880e+00  1.68078308e+00
  1.45308348e+00  4.22164998e+00  9.80217355e-01

molecule   27
  4.07876152e+00  1.67424798e+00  1.23156248e+00
  4.40895187e+00  4.43867594e-01  8.01689768e-01
  4.85409395e+00  8.55158300e+00  8.72207371e-01
  4.35901096e+00  2.78800261e-01  1.61618878e+00
  3.65151895e+00  8.07615068e+00  2.22824259e+00
  1.00291997e+00  8.10644915e+00  1.53908323e+00
  1.64854170e+00  6.54359774e-01  8.06191403e-01
  1.39889987e+00  1.53838272e+00  1.57107056e+00

molecule   28
  2.07495673e+00  9.30340144e-01  6.31762162e+00
  2.35398185e+00  1.61297019e+00  7.34157276e+00
  3.12892850e+00  2.72277686e+00  7.45704893e+00
  2.34670895e+00  2.59125598e+00  7.71256738e+00
  2.12985271e+00  4.79935482e+00  7.52863339e+00
  4.04433204e+00  5.85473949e+00  7.67342894e+00
  3.51964110e+00  6.25622584e+00  7.66628430e+00
  2.06793874e+00  5.76688692e+00  8.31747446e+00

molecule   29
  3.97391353e+00  4.14139644e+00  5.38381254e+00
  3.24504906e+00  4.63352208e+00  5.85547560e+00
  3.98974390e+00  5.35103862e+00  5.78881632e+00
  4.73261123e+00  5.54691524e+00  4.60670816e+00
  6.46969074e+00  5.87284339e+00  2.79319960e+00
  5.00397642e+00  7.00381307e+00  2.88068325e+00
  5.29323698e+00  7.31489065e+00  3.25971233e+00
  5.80094589e+00  6.84995925e+00  4.38169106e+00

molecule   30
  1.45309794e+00  7.58324371e+00  1.83982643e+00
  1.73981893e+00  7.75529375e+00  7.18795891e-01
  2.43787661e+00  7.26049397e+00  8.70075200e-01
  3.08356585e+00  6.06503885e+00  5.83266035e-01
  2.90586500e+00  5.37177898e+00  1.33388134e+00
  3.77280385e+00  5.27346055e+00  1.49620448e+00
  2.53767464e+00  4.57167272e+00  1.81142387e+00
  2.99050814e+00  4.50622424e+00  1.24819349e+00

molecule   31
  5.35843830e+00  3.04783777e-02  3.04090250e+00
  4.44322204e+00  8.11634913e+00  2.87858670e+00
  4.98289718e+00  8.09762716e+00  3.36187630e+00
  3.54789625e+00  7.57868725e+00  3.57992980e+00
  3.00853622e+00  7.75555217e+00  4.03059350e+00
  2.64250601e+00  7.78949551e+00  4.06800515e+00
  3.78028941e+00  6.21264538e+00  4.56613337e+00
  4.19134628e+00  6.32007426e+00  4.90969272e+00

molecule   32
  2.60181379e+00  7.45523459e+00  4.69373880e+00
  3.15087464e+00  8.67905404e+00  5.44775268e+00
  2.65913103e+00  5.34632241e-01  6.53416963e+00
  3.25534122e+00  2.68934477e-01  6.82634248e+00
  1.57370197e+00  2.36414713e-01  7.17550956e+00
  7.64945687e-01  7.00519574e-01  7.18772225e+00
  9.54871899e-01  6.28544884e-01  5.29383907e+00
  5.94070916e-02  1.08994206e+00  3.92672401e+00

molecule   33
  4.82806411e+00  9.67651567e-01  8.29840057e+00
  3.91892752e+00  9.47261107e-01  7.07983658e+00
  4.43613865e+00  1.72823860e+00  7.83150973e+00
  4.17798697e+00  2.89386021e+00  6.63492505e+00
  3.92524395e+00  3.50262045e+00  6.81847021e+00
  5.38965153e+00  1.84865449e+00  6.78768325e+00
  5.39016467e+00  9.03337269e-01  7.88897605e+00
  4.34541840e+00  8.12115454e+00  7.76518101e+00

molecule   34
  5.68836303e+00  6.58266690e+00  3.95680910e+00
  5.42654918e+00  6.62132204e+00  3.57244291e+00
  4.93340101e+00  6.01609081e+00  2.64618561e+00
  6.11150329e+00  6.88906151e+00  2.70848381e+00
  6.42602917e+00  8.07439789e+00  3.13112626e+00
  6.92548985e+00  7.13646841e+00  3.14833288e+00
  7.15309251e+00  7.76020012e+00  3.47635623e+00
  6.07577489e+00  8.06559116e+00  2.51560984e+00

molecule   35
  5.15262924e-01  5.09448467e+00  4.59004922e+00
  1.20468645e+00  5.26311786e+00  3.39231812e+00
  1.27548384e+00  4.91423737e+00  2.69937564e+00
  9.89251425e-01  5.99499802e+00  2.33062113e+00
  5.38353076e-01  6.21917899e+00  1.94012250e+00
  4.32041632e-01  6.78145917e+00  1.17704246e+00
  8.29973852e+00  7.03315550e+00  7.86730599e-01
  8.22048806e+00  7.26761237e+00  8.53230293e+00

molecule   36
  8.24115427e+00  6.98190114e+00  8.20179884e+00
  7.37650564e+00  7.50324494e+00  8.27154750e+00
  8.22778472e+00  7.04531852e+00  6.63527816e+00
  7.96605015e+00  8.06794072e+00  6.69114923e+00
  8.08745379e-01  8.25723734e+00  7.44129953e+00
  2.33271058e+00  7.06333169e+00  6.93922425e+00
  1.51987252e+00  7.29574944e+00  5.58881178e+00
  5.86392694e-01  6.75104409e+00  5.62691078e+00

molecule   37
  2.45039695e+00  6.64065915e+00  3.11900521e+00
  1.95309621e+00  5.66814397e+00  3.04430299e+00
  2.29155605e+00  5.06905354e+00  3.41274838e+00
  2.19220465e+00  4.14475774e+00  3.45360800e+00
  9.13451561e-01  3.56814095e+00  3.13380356e+00
  2.18304978e+00  3.42389871e+00  2.61472295e+00
  2.28115976e+00  2.83343040e+00  1.68870385e+00
  1.95536370e+00  2.47206683e+00  2.00644669e+00

molecule   38
  7.16574524e+00  9.45308161e-01  6.37355705e+00
  4.60867952e-02  8.55474666e+00  5.59223893e+00
  2.82003851e-02  7.33471068e+00  5.59954398e+00
  2.45452490e-02  6.71784824e+00  4.89064851e+00
  8.30298990e+00  6.52034738e+00  4.12161849e+00
  7.68116137e+00  7.34883579e+00  5.95136777e+00
  7.46828933e+00  7.82815550e+00  5.13398403e+00
  8.54028219e+00  8.31297960e+00  4.74638789e+00

molecule   39
  3.61217083e+00  3.66050629e+00  7.41808738e-02
  3.78714015e+00  4.28495633e+00  8.46018354e+00
  4.64955747e+00  3.96644072e+00  8.52670374e+00
  3.98074583e+00  3.79484140e+00  8.79947993e+00
  4.42436267e+00  3.99102749e+00  7.15634819e+00
  5.22517286e+00  3.92463798e+00  7.24015364e+00
  6.41165978e+00  5.02819808e+00  6.64545777e+00
  4.97904182e+00  5.75314202e+00  6.50731079e+00

molecule   40
  5.16642631e+00  5.29109142e-01  6.91945236e+00
  4.22453743e+00  6.94826648e-01  7.92042725e+00
  6.26261350e+00  1.02177726e+00  7.29030068e+00
  6.31511274e+00  2.55141755e+00  8.19053112e+00
  7.00422306e+00  3.65195132e+00  8.28339111e+00
  7.63177506e+00  2.85004267e+00  8.11189322e+00
  7.52448409e+00  2.74150809e+00  7.45025231e+00
  8.36466588e+00  2.19397275e+00  6.79407860e+00

molecule   41
  2.93748149e-01  3.55768830e+00  8.32441941e+00
  8.43270827e-01  3.52534120e+00  5.76230636e-02
  2.45279363e+00  3.25956201e+00  8.64815307e+00
  6.60417342e-01  1.90236730e+00  7.92165368e+00
  8.86002281e+00  1.97351775e+00  8.84879831e+00
  8.66818687e+00  2.44323406e+00  4.12029634e-01
  4.45634103e-02  2.26906962e+00  1.96706766e+00
  3.28301653e-01  2.91657920e+00  2.01782234e+00

molecule   42
  1.79767853e+00  3.84866948e+00  3.30600207e+00
  2.44855703e+00  4.20409857e+00  2.59165644e+00
  2.84233569e+00  3.26097951e+00  2.46026655e+00
  3.35249991e+00  4.13254199e+00  2.66709479e+00
  4.68900883e+00  3.95319432e+00  2.66609218e+00
  6.68124270e+00  3.61678025e+00  2.40490011e+00
  6.47616366e+00  3.92032670e+00  2.17894270e+00
  7.87195518e+00  3.69096875e+00  2.97061671e+00

molecule   43
  1.54790629e+00  7.74463704e+00  3.49789838e+00
  1.98004634e+00  8.61467281e+00  4.17592168e+00
  9.06457508e-01  8.35372694e+00  4.33169634e+00
  2.59308073e-01  6.99313615e+00  2.90545502e+00
  5.08758051e-01  7.86157032e+00  2.82345382e+00
  8.38594569e+00  8.37327470e+00  2.89381562e+00
  1.23873860e+00  6.95112943e+00  2.43914784e+00
  1.73035912e+00  6.48739975e+00  3.03101878e+00

molecule   44
  7.83107531e+00  3.45812799e+00  6.07680178e-01
  6.15945341e+00  4.12642033e+00  1.08916583e+00
  5.29878848e+00  2.79920232e+00  5.16544623e-01
  4.77708248e+00  3.06526422e+00  2.03257963e-01
  5.74352781e+00  1.59295514e+00  1.30498653e+00
  6.63971691e+00  2.59639928e-01  6.73682416e-01
  6.54984490e+00  8.23687315e+00  7.97692478e+00
  7.19631361e+00  8.22065518e+00  6.93687231e+00

molecule   45
  5.20489925e+00  1.94451765e+00  3.47345231e+00
  6.10631782e+00  1.61358353e+00  3.47822128e+00
  5.48656932e+00  6.74201639e-01  4.42210666e+00
  4.68820868e+00  3.88576386e-01  4.81419525e+00
  5.56644822e+00  1.20371487e+00  3.54966875e+00
  4.91259704e+00  8.88911697e+00  4.51653552e+00
  4.54006851e+00  2.16368140e+00  4.04548974e+00
  5.66614488e+00  3.68808300e+00  3.41740550e+00

molecule   46
  2.60119111e+00  8.50862888e+00  8.44023236e+00
  2.65067562e+00  8.52783582e+00  1.42008225e-01
  3.45029100e+00  7.75370588e+00  4.20170514e-01
  3.69032863e+00  7.61513024e+00  7.41448783e+00
  2.94317822e+00  7.38425249e+00  7.68600950e+00
  3.37090558e+00  7.43085730e+00  8.91071596e+00
  4.11455669e+00  6.32470243e+00  1.20429347e+00
  4.60113373e+00  6.85006632e+00  8.62857111e-01

molecule   47
  5.27452326e+00  4.89044933e+00  1.75934124e+00
  6.22806774e+00  5.90984458e+00  9.17228339e-01
  7.30808830e+00  5.52234302e+00  2.15557173e+00
  7.90361278e+00  6.09941516e+00  2.82780638e+00
  7.92981603e+00  4.65992554e+00  3.07827766e+00
  6.88671615e+00  3.56423866e+00  2.99130168e+00
  7.32741368e+00  3.97801575e+00  2.30247860e+00
  7.23223949e+00  5.05900609e+00  2.73924745e+00

molecule   48
  5.13197540e+00  4.52480292e+00  4.84404034e+00
  5.81310053e+00  6.09771662e+00  6.44640537e+00
  4.90531821e+00  6.59915881e+00  6.66251550e+00
  5.65452199e+00  5.72596379e+00  6.23981484e+00
  5.96911956e+00  5.83806147e+00  6.00150450e+00
  5.99305362e+00  6.71728835e+00  6.03486261e+00
  6.20316950e+00  7.53332050e+00  6.59343296e+00
  6.84022062e+00  7.85852188e+00  7.17137483e+00

molecule   49
  1.14177621e+00  2.87339830e+00  4.53546611e+00
  7.28116466e-01  2.06695059e+00  4.41082132e+00
  1.31320444e+00  1.64880486e+00  4.37088938e+00
  1.23839633e+00  2.70383371e+00  3.92731190e+00
  1.64731098e+00  2.01869988e+00  3.48830427e+00
  2.69185082e+00  8.40591644e-01  2.58930800e+00
  3.56498233e+00  8.48516282e+00  3.14933368e+00
  4.02002965e+00  8.93453644e+00  3.15932719e+00

molecule   50
  3.99386710e+00  5.73162864e+00  4.87632000e+00
  3.52552351e+00  5.35703284e+00  3.77481325e+00
  4.26795735e+00  5.10585968e+00  4.34741226e+00
  3.15485838e+00  5.41079855e+00  4.32262904e+00
  3.25465832e+00  5.77251180e+00  4.27306470e+00
  1.49522836e+00  6.17548545e+00  4.62283831e+00
  7.18850867e-01  5.83580632e+00  4.67738560e+00
  8.49049230e+00  6.78196883e+00  5.35972616e+00

molecule   51
  7.66084272e+00  1.02637090e+00  7.04255434e+00
  7.28310950e+00  6.64233906e-01  5.70953318e+00
  8.02560145e+00  9.85416303e-01  5.71654567e+00
  7.87364750e+00  1.34846507e+00  7.39656675e+00
  2.63821631e-01  2.04385747e+00  7.20017069e+00
  1.54863037e+00  2.70653933e+00  7.25354249e+00
  2.34243372e+00  2.82212663e+00  6.75470590e+00
  4.30944028e+00  4.16223291e+00  6.82298184e+00

molecule   52
  2.78757291e+00  5.87127651e+00  6.35075573e+00
  1.59740049e+00  6.67451593e+00  6.27697836e+00
  2.21897957e+00  7.42728326e+00  5.83601145e+00
  2.09075324e+00  5.19875662e+00  6.52445950e+00
  2.40610303e+00  5.52373851e+00  5.68550243e+00
  3.49133268e+00  5.27642385e+00  5.96042062e+00
  3.94058060e+00  6.45819671e+00  6.11734846e+00
  3.48587972e+00  6.79675902e+00  6.08708176e+00

molecule   53
  8.21832558e+00  5.78146776e+00  2.27295677e+00
  9.69625847e-01  6.41007770e+00  1.27535063e+00
  8.10230335e+00  6.59439930e+00  1.31608661e+00
  1.01361622e+00  6.67141554e+00  2.01287895e+00
  9.08757964e-01  6.21361337e+00  5.68993970e-01
  8.55679352e-01  7.80616289e+00  9.94609405e-01
  1.04494277e+00  8.48007349e+00  1.50808286e-01
  4.74869954e-01  6.96623252e+00  8.82693510e+00

molecule   54
  4.67029011e+00  6.52829983e+00  4.31490483e+00
  5.06085026e+00  6.10709301e+00  4.75361847e+00
  4.07508689e+00  4.98993935e+00  3.55314516e+00
  3.53900273e+00  3.53997016e+00  3.94166620e+00
  3.40204607e+00  2.56251283e+00  3.17039891e+00
  4.69665079e+00  3.27560840e+00  4.00804926e+00
  4.31615843e+00  2.78186979e+00  5.65587683e+00
  4.13360376e+00  1.73474412e+00  5.91576724e+00

molecule   55
  3.60146322e+00  3.81467944e+00  5.72998504e+00
  3.90619487e+00  3.16836757e+00  5.43131890e+00
  4.72992870e+00  2.98009076e+00  5.08735472e+00
  3.57576809e+00  2.27169389e+00  4.49226836e+00
  3.28967452e+00  2.72264943e+00  4.03008671e+00
  2.71457585e+00  2.20181120e+00  2.87738452e+00
  3.89193531e+00  2.46481579e+00  3.50904395e+00
  3.56447180e+00  1.72665479e+00  4.16317056e+00

molecule   56
  9.79429609e-01  4.85973256e-01  1.91755622e-01
  8.14490222e+00  4.48030950e-01  8.83895141e+00
  7.25718527e+00  6.97639799e-01  7.37171185e+00
  5.38255774e+00  9.38082747e-01  7.30929387e+00
  3.98268468e+00  5.05825022e-01  5.20464413e+00
  3.87285894e+00  1.04013334e+00  6.28116876e+00
  2.70681768e+00  1.80001413e+00  6.30621392e+00
  3.54646935e+00  1.43934103e+00  5.42067826e+00

molecule   57
  8.13856342e+00  1.40275316e+00  6.47665239e+00
  8.17844394e+00  7.37890881e-01  5.71413173e+00
  7.39793586e+00  1.00516985e+00  5.19917748e+00
  8.30122033e+00  7.74675389e-01  5.10831003e+00
  7.98885177e+00  8.10203180e+00  5.41363418e+00
  8.53430206e+00  7.37619893e+00  4.71545258e+00
  1.02834567e-01  4.72017764e-01  3.03934923e+00
  8.39358642e+00  1.94336835e+00  2.73419862e+00

molecule   58
  1.54636398e+00  7.69434675e+00  8.57831179e+00
  2.05268835e+00  7.67513663e+00  8.77213507e+00
  2.73527099e+00  7.06143455e+00  3.65049273e-01
  2.27085907e+00  6.91932711e+00  8.94363678e+00
  1.91190761e+00  5.74276999e+00  7.09398246e+00
  1.22046947e+00  5.58142480e+00  7.06362447e+00
  2.42823795e+00  4.84903007e+00  6.01004902e+00
  2.29864554e+00  6.09577299e+00  5.51881682e+00

molecule   59
  6.98643058e+00  7.73189173e+00  5.81382087e+00
  7.74157735e+00  7.71727640e+00  4.55896178e+00
  8.22221293e+00  6.95062179e+00  3.61737291e+00
  8.34096768e+00  6.74494095e+00  2.84031095e+00
  8.20311792e+00  5.99861741e+00  3.06431743e+00
  7.93712214e+00  4.79113434e+00  3.48001504e+00
  8.61052888e+00  5.18844585e+00  3.12270634e+00
  7.71381190e+00  5.54194855e+00  3.55842679e+00

molecule   60
  4.84768589e+00  1.40000344e+00  6.90591167e+00
  4.38678255e+00  9.13205562e-01  6.45585557e+00
  4.05228120e+00  1.38016185e+00  6.91212211e+00
  4.40126475e+00  2.29214950e+00  6.93575016e+00
  3.55749965e+00  2.03506810e+00  7.14554157e+00
  2.39944387e+00  1.37720889e+00  8.30878473e+00
  3.52251919e+00  1.35968567e+00  7.76251070e+00
  3.44594248e+00  2.46071679e+00  8.17428277e+00

molecule   61
  5.96409936e+00  8.20099207e+00  2.08880945e+00
  6.00599077e+00  1.43307012e-01  2.40417658e+00
  6.33839369e+00  7.52817812e+00  1.32071674e+00
  6.30346059e+00  8.90569391e+00  8.92947630e+00
  5.33490444e+00  8.21529390e+00  8.03284824e+00
  4.77818011e+00  8.78725057e+00  8.36570044e+00
  6.98871007e+00  8.86131191e+00  1.03535195e-01
  7.13016651e+00  7.28556672e-01  8.92881169e+00

molecule   62
  3.67268681e+00  3.28733176e+00  3.16153060e+00
  3.99040843e+00  3.69626424e+00  1.75571067e+00
  3.41354871e+00  4.22953389e+00  5.27769615e-01
  2.22197062e+00  4.04212009e+00  6.97007960e+00
  1.68971032e+00  3.51178606e+00  6.85362082e+00
  2.10782429e+00  3.19577635e+00  5.66402647e+00
  9.33069336e-01  4.13027978e+00  6.28738982e+00
  8.81475172e+00  3.98092372e+00  6.41414234e+00

molecule   63
  3.03614919e+00  1.64167906e+00  1.80506012e+00
  3.20677571e+00  2.44109567e-01  1.82620346e+00
  1.55582566e+00  8.40769759e+00  9.95683370e-01
  2.55190993e+00  7.06371472e+00  2.29304233e+00
  2.34041078e+00  5.33355933e+00  1.95201426e+00
  2.35339177e+00  5.53167231e+00  1.19729167e+00
  3.44293594e+00  5.73391412e+00  1.98017815e+00
  2.31301777e+00  6.35418556e+00  1.62751485e+00

molecule   64
  5.91689239e+00  6.96318149e+00  7.96788153e+00
  5.09582304e+00  4.47926303e+00  7.96296404e+00
  4.38375275e+00  3.58938659e+00  7.94936216e+00
  4.45561903e+00  3.17087531e+00  8.70672058e+00
  5.04778444e+00  3.49261378e+00  7.96582951e+00
  4.85437737e+00  2.26031456e+00  8.12355423e+00
  4.41299463e+00  1.69281503e+00  5.43296133e-01
  5.22878064e+00  2.40716813e+00  6.58741653e-01

molecule   65
  7.72974113e+00  3.59336266e-01  4.09347224e+00
  8.66541361e+00  8.95157102e+00  4.57938840e+00
  1.04559536e-01  7.11383281e+00  3.97412130e+00
  1.71201064e+00  7.02213354e+00  4.20643263e+00
  9.62062596e-01  6.72999015e+00  4.82911316e+00
  2.58515362e-01  6.21086623e+00  4.46437982e+00
  2.49471448e-01  5.93126232e+00  6.76891002e+00
  8.96939781e+00  6.41917430e+00  6.13240701e+00

molecule   66
  7.21006358e-01  5.67930296e+00  8.89776659e+00
  3.95559935e-01  6.47131067e+00  8.96436884e+00
  1.19673534e+00  5.84509513e+00  8.17311689e+00
  7.67287000e-01  6.04697225e+00  8.13485126e+00
  4.84670049e-01  6.27276181e+00  7.37549018e+00
  3.40182444e-01  6.96746717e+00  7.91378073e+00
  1.53981085e-01  5.40580776e-03  3.33441363e-01
  4.91696752e-01  8.93538848e+00  8.11663377e+00

molecule   67
  9.57069461e-01  7.38023333e+00  6.54416069e+00
  7.78055764e-01  7.89325649e+00  6.06916100e+00
  1.85528412e+00  5.58150288e-01  5.57962595e+00
  1.88347716e-02  8.55168131e-01  6.93744233e+00
  8.54517728e-01  8.58657734e+00  6.66870947e+00
  2.42098654e+00  7.11234923e+00  8.07431139e+00
  1.63539012e+00  6.86761409e+00  8.27915940e+00
  2.32120740e+00  6.47390330e+00  7.97400392e+00

molecule   68
  4.51360337e-01  3.47183071e+00  7.66697828e+00
  7.49445687e-01  2.58504611e+00  6.94283742e+00
  1.77268632e+00  2.02157483e+00  6.51386160e+00
  9.51188915e-01  2.54343686e+00  5.88260171e+00
  4.36227144e-01  3.68026515e+00  5.80188443e+00
  6.77655040e-01  3.45721512e+00  4.73031696e+00
  1.41230260e+00  3.65054172e+00  4.01590717e+00
  2.00572400e+00  3.64848480e+00  2.15417280e+00

molecule   69
  7.17563175e+00  6.73168187e+00  8.95589143e+00
  6.35247731e+00  5.85102983e+00  8.41371015e+00
  6.54713836e+00  5.94767480e+00  7.62884563e+00
  4.44684339e+00  4.93247872e+00  6.78041905e+00
  4.88685983e+00  4.88557418e+00  5.92112925e+00
  4.59311831e+00  4.97172017e+00  4.95847901e+00
  5.72983669e+00  5.28015124e+00  4.03900403e+00
  5.79098512e+00  4.83307123e+00  4.13003341e+00

molecule   70
  4.71870414e+00  7.07193097e-01  2.32154184e-01
  2.87793546e+00  1.33285330e+00  7.64619305e-01
  2.70964998e+00  4.07904723e-01  1.59365914e-01
  2.16976900e+00  4.63197691e-01  1.10173337e+00
  1.19650533e+00  9.06982054e-01  2.61061274e-01
  4.42811979e-01  1.22536618e+00  7.27217614e+00
  2.30069798e-01  8.96333508e+00  6.50175257e+00
  7.88208945e-01  7.11849817e+00  6.80454468e+00

molecule   71
  4.21543148e+00  5.22198681e-01  5.11353493e+00
  4.08270056e+00  8.88435891e+00  4.37920526e+00
  3.39689844e+00  7.56218440e+00  4.79771323e+00
  2.06935707e+00  6.87324689e+00  5.24493935e+00
  1.16602888e+00  6.43277550e+00  7.21216578e+00
  6.17093586e-01  6.05125162e+00  6.03514821e+00
  8.75714175e+00  5.50031562e+00  6.44039757e+00
  7.51087384e+00  5.50528236e+00  6.03710975e+00

molecule   72
  7.09496323e+00  1.77968319e+00  7.43903131e+00
  7.23685974e+00  1.18154180e+00  8.39696565e+00
  6.04152055e+00  6.77309313e-02  7.50317728e+00
  5.97950057e+00  1.78299861e+00  8.01550473e+00
  6.47679693e+00  1.81468353e+00  7.00153708e+00
  6.90868484e+00  2.13093104e+00  8.19428815e+00
  6.92619343e+00  3.15787996e+00  1.40199291e-01
  7.95417219e+00  2.25990341e+00  5.00731665e-01

molecule   73
  2.56594470e+00  1.75126038e+00  4.91184370e-01
  3.65607284e+00  2.39747608e+00  1.00384931e-01
  3.27159512e+00  3.74809794e+00  1.68627892e+00
  3.53339044e+00  3.33740927e+00  2.23130458e+00
  3.71153276e+00  3.50386502e+00  1.11770186e+00
  4.65060003e+00  3.11916832e+00  1.65768835e+00
  4.71936955e+00  1.31804987e+00  2.11453949e+00
  4.80802163e+00  6.73235654e-02  2.40681874e+00

molecule   74
  2.33232727e+00  4.58251433e-01  3.51848489e+00
  2.26006133e+00  7.43376378e+00  3.68569455e+00
  3.87034522e+00  7.60198027e+00  4.29546238e+00
  3.48042382e+00  8.14725700e+00  4.90321233e+00
  3.67701457e+00  6.57398780e+00  5.02540182e+00
  4.34335708e+00  7.50549375e+00  5.06656061e+00
  5.44393486e+00  7.70338026e+00  5.02664785e+00
  4.99688938e+00  6.90989908e+00  5.09634637e+00

molecule   75
  3.60765138e+00  8.93819400e+00  5.72469784e+00
  2.85764410e+00  7.18751675e+00  5.48838175e+00
  2.63918893e+00  6.16084022e+00  4.64677335e+00
  2.53376040e+00  5.20172517e+00  4.44226190e+00
  2.61070062e+00  5.82293554e+00  2.78670350e+00
  2.69764193e+00  5.97026231e+00  3.62812857e+00
  3.15774017e+00  7.10521902e+00  3.40891683e+00
  3.85134680e+00  6.56815279e+00  2.11659192e+00

molecule   76
  4.50009258e+00  7.57185039e+00  8.79262499e+00
  3.67467919e+00  6.57826098e+00  8.37313542e+00
  4.26317589e+00  7.30943531e+00  6.58126998e+00
  4.65015633e+00  6.49717161e+00  7.46974902e+00
  5.67201550e+00  7.39115049e+00  7.24695063e+00
  4.75475842e+00  8.78770153e+00  7.19756349e+00
  3.81537196e+00  8.28879325e+00  6.84852805e+00
  3.60530295e+00  8.00855353e+00  6.23856453e+00

molecule   77
  2.73025527e-01  4.55608825e+00  4.93068625e+00
  1.37156743e+00  3.30931585e+00  5.21168901e+00
  1.88644596e+00  3.50459627e+00  4.67610779e+00
  8.25769927e+00  2.86690999e+00  4.43340655e+00
  7.61580057e+00  1.94705417e+00  3.34104931e+00
  8.22288752e+00  1.33667077e+00  3.37102767e+00
  7.77166408e+00  1.34154200e+00  4.66372139e+00
  8.95956519e+00  2.32422711e+00  4.63236144e+00

molecule   78
  6.06856550e+00  2.46985175e+00  4.56922251e+00
  6.56543226e+00  2.63637549e+00  3.19180500e+00
  6.34557770e+00  1.80815323e+00  2.12622443e+00
  5.78024341e+00  2.86140414e+00  1.25693295e+00
  5.38953935e+00  3.00971047e+00  8.42371989e+00
  5.19894079e+00  1.46342103e+00  4.53024780e-01
  7.44467025e+00  1.95690574e+00  1.36022478e+00
  5.96069774e+00  1.06510350e+00  1.01310295e+00

molecule   79
  2.56740241e+00  3.93126714e+00  4.56176883e+00
  2.67374528e+00  3.48245316e+00  4.12362257e+00
  4.04039519e+00  4.43353282e+00  3.39015191e+00
  4.93063342e+00  4.84004521e+00  3.68203690e+00
  3.89920606e+00  5.28808705e+00  2.43380547e+00
  2.83567192e+00  5.10363755e+00  4.92554678e-01
  3.73644394e+00  5.20345943e+00  8.69871319e+00
  3.58099148e+00  5.74192417e+00  8.49908138e+00

molecule   80
  6.45224525e+00  3.20966692e+00  8.04877135e+00
  6.58897139e+00  2.81102840e+00  8.28756868e-01
  8.07077840e+00  2.72722117e+00  8.93132781e+00
  8.67325948e+00  4.19553625e+00  3.28838822e-01
  8.35296928e+00  3.35296181e+00  9.85308207e-01
  1.72297459e-01  3.23357883e+00  1.25260019e+00
  8.36783819e-01  2.84995190e+00  4.50825444e-01
  8.37344414e+00  2.00314143e+00  1.90138362e+00

molecule   81
  6.99295143e+00  2.97741668e+00  2.35864896e+00
  7.78000660e+00  8.34248088e-01  1.01112696e+00
  8.10088252e+00  8.56210411e+00  3.05455803e-02
  6.75224386e+00  7.82474399e+00  4.15766527e-01
  6.49158114e+00  7.96465440e+00  5.27711304e-01
  4.69898414e+00  7.67047653e+00  8.59747618e-01
  5.54697810e+00  8.26930475e+00  1.46610937e+00
  6.80502083e+00  5.83998402e-02  9.16902339e-01

molecule   82
  6.46766748e-01  8.08347448e+00  8.13558112e+00
  8.96290174e+00  7.43217410e+00  6.22113569e+00
  7.69337045e+00  7.26921239e+00  6.13639469e+00
  7.07301003e+00  8.01705548e+00  6.31689245e+00
  8.48570308e+00  2.56898684e-01  7.33885159e+00
  7.71687190e+00  8.10315962e+00  8.60291709e+00
  8.96912334e+00  8.62917141e+00  7.63680819e+00
  3.86544807e-01  7.94332090e+00  6.88582885e+00

molecule   83
  7.72895350e+00  8.66244073e+00  6.27576065e+00
  7.81423481e+00  6.38061175e+00  6.29197026e+00
  7.90113027e+00  6.94206818e+00  5.61653257e+00
  6.69228921e+00  6.24652067e+00  5.74188347e+00
  6.01368978e+00  6.09560603e+00  5.12411027e+00
  5.53875969e+00  5.10235882e+00  5.38807085e+00
  4.89981899e+00  3.87055195e+00  4.40877900e+00
  4.24229822e+00  3.46125496e+00  5.28783111e+00

molecule   84
  5.66570875e+00  5.37995240e+00  7.35061797e+00
  6.01401015e+00  4.02729107e+00  8.75869836e+00
  5.07786746e+00  5.25240402e+00  8.77454317e+00
  4.00859686e+00  6.02596581e+00  6.86444509e+00
  5.31026019e+00  5.56177593e+00  8.39363253e+00
  5.52719148e+00  4.75856720e+00  4.54414105e-01
  5.78023056e+00  5.27705104e+00  1.43958573e+00
  6.06558103e+00  5.97850907e+00  1.65921524e+00

molecule   85
  7.64984608e+00  1.34957502e+00  4.19292961e+00
  8.07800805e+00  3.79986170e-01  3.47154697e+00
  8.95748438e+00  8.84507427e+00  3.53261122e+00
  7.34820251e+00  8.55544100e+00  4.10086330e+00
  8.07601069e+00  8.41711239e+00  4.15322825e+00
  6.41058327e+00  7.67748425e+00  3.83055478e+00
  8.18797821e+00  7.33638570e+00  2.15515608e+00
  8.77064648e+00  5.57764456e-03  2.16659840e+00

molecule   86
  1.28272743e-02  5.17075730e+00  3.99946011e+00
  6.12392430e-01  5.50422294e+00  3.85334915e+00
  2.32921882e+00  5.38393805e+00  3.63005450e+00
  3.06496517e+00  5.29190440e+00  2.63922609e+00
  2.24024240e+00  6.19912973e+00  3.46901439e+00
  2.75564086e+00  4.75296328e+00  5.08522340e+00
  2.72502285e+00  3.94987620e+00  5.92614303e+00
  3.50823789e+00  2.75754275e+00  5.94680428e+00

molecule   87
  2.58829818e+00  6.06007784e+00  2.63650711e-01
  3.02757861e+00  5.41053001e+00  8.36079389e+00
  2.52517206e+00  5.38749358e+00  7.81228872e+00
  3.07906829e+00  4.88976284e+00  7.72864553e+00
  1.67562589e+00  4.74205266e+00  8.06707929e+00
  8.83011863e-01  4.47046465e+00  6.82103441e+00
  8.72300879e+00  2.66173180e+00  8.00807372e+00
  7.79903505e+00  2.56467047e+00  8.29019170e+00

molecule   88
  4.61828813e-01  2.80420463e-01  7.76920589e+00
  1.44418135e+00  8.00873415e-01  7.44343113e+00
  2.57716847e+00  7.20547909e-01  7.46004732e+00
  2.90891426e+00  8.27102369e+00  7.74270523e+00
  1.39928689e+00  8.05967705e+00  8.03024012e+00
  1.53761975e+00  8.22504911e+00  6.69921671e+00
  1.76098224e+00  8.43042387e+00  7.63672725e+00
  1.16069511e+00  8.50763971e+00  7.50238776e+00

molecule   89
  6.70554791e+00  6.60957533e+00  4.86158528e+00
  6.84636842e+00  5.81320161e+00  4.41553836e+00
  7.58732853e+00  6.89327390e+00  5.27682157e+00
  7.90811909e+00  4.81519677e+00  5.56282504e+00
  8.36373766e+00  4.06036465e+00  4.51336357e+00
  3.80930409e-01  5.09592816e+00  1.73991125e+00
  2.54074759e-01  5.96772190e+00  2.39143780e+00
  1.23168830e+00  7.38050238e+00  1.41874926e+00

molecule   90
  7.96477978e+00  4.20070309e+00  2.26470189e+00
  7.77393067e+00  5.17261513e+00  2.58658699e+00
  5.64854527e+00  5.18988843e+00  3.52320816e+00
  5.25648192e+00  5.47937462e+00  3.64586355e+00
  4.43301542e+00  7.35283794e+00  3.19108831e+00
  6.17272134e+00  7.96016762e+00  1.94107870e+00
  6.88504766e+00  7.91467449e+00  1.95116867e+00
  7.86885952e+00  1.64509212e-01  1.70701510e-01

molecule   91
  2.26761094e+00  8.30135966e+00  6.34382200e+00
  3.89019593e+00  7.31006223e+00  7.14144273e+00
  4.52667365e+00  8.85941853e+00  5.92128216e+00
  1.30545520e+00  8.81519342e+00  5.27197356e+00
  2.41037940e+00  9.38222298e-01  5.66582678e+00
  1.63447480e+00  8.20008402e+00  5.88663599e+00
  3.43817587e+00  6.34341561e-01  5.00796665e+00
  4.38431097e+00  1.11900376e+00  4.09070906e+00

molecule   92
  7.93337843e+00  8.75009066e+00  8.33790730e-01
  8.58683849e+00  9.00485162e-01  1.47025867e+00
  8.87958986e+00  8.69647943e+00  1.53387467e+00
  3.14752167e-01  8.31144293e+00  1.12541861e+00
  4.06182270e-01  8.17344780e+00  1.72908009e-02
  6.37558074e-01  7.55174389e+00  8.98489703e+00
  7.37464308e+00  8.45336601e+00  8.75115763e+00
  7.77404606e+00  7.97146735e+00  7.53955662e+00

molecule   93
  2.14865591e+00  1.50837711e+00  2.13908846e+00
  6.26420875e-01  1.54201667e+00  1.97155354e+00
  1.01741911e+00  1.01585738e+00  2.32589126e+00
  1.50209820e+00  1.32290418e+00  3.84595334e+00
  2.07470723e+00  1.17075264e-01  4.15606153e+00
  1.07244912e+00  5.93330121e-01  3.11261208e+00
  6.85915509e-01  5.84311519e-01  4.14755885e+00
  9.48520687e-01  8.96817488e+00  3.13739941e+00

molecule   94
  1.95282500e+00  4.06902176e+00  8.51240539e+00
  1.40304094e+00  3.43803762e+00  8.99439254e+00
  8.07265400e-01  3.46911523e+00  6.80681345e-01
  4.71637382e-01  4.55759128e+00  1.48826545e+00
  1.81062360e+00  3.55730300e+00  1.22690892e+00
  8.81383627e-01  4.93157195e+00  7.48739888e-01
  5.97333039e-02  5.34429375e+00  1.00953021e+00
  8.06952911e+00  4.15821289e+00  7.48990703e-01

molecule   95
  2.30583645e+00  5.95717880e+00  7.21552943e+00
  2.52930586e+00  6.88571602e+00  6.00965872e+00
  3.14986550e+00  7.75367777e+00  6.63207592e+00
  4.22207122e+00  8.66889554e+00  6.88772241e+00
  3.11247422e+00  1.23383201e+00  7.23535030e+00
  3.60061735e+00  3.17278675e-01  6.69719963e+00
  2.09048181e+00  1.49697691e+00  5.93813507e+00
  3.03883395e+00  7.37799269e-01  5.71985160e+00

molecule   96
  2.73131262e+00  8.15787500e+00  5.77616103e+00
  4.26337998e+00  8.10928701e+00  5.82589280e+00
  4.98722422e+00  8.58015928e+00  5.20598280e+00
  5.53486814e+00  8.16818216e+00  6.11825584e+00
  6.01241027e+00  8.78070098e+00  6.39965060e+00
  6.51114462e+00  6.47736317e-01  7.39977866e+00
  6.19215819e+00  5.62655976e-01  6.60626670e+00
  6.88116296e+00  1.89326024e+00  6.38507772e+00

molecule   97
  2.44217132e+00  1.02462906e+00  4.70215144e+00
  3.28023888e+00  8.29467154e+00  3.57775168e+00
  3.70688912e+00  1.87243746e-02  3.77820170e+00
  4.43019927e+00  8.46027274e+00  3.35826569e+00
  3.81700784e+00  8.00247519e+00  2.96763381e+00
  4.53117456e+00  7.38342485e+00  2.04073758e+00
  5.80351691e+00  8.35035846e+00  3.59328912e+00
  7.37572141e+00  8.55701169e+00  2.84728710e+00

molecule   98
  2.54803016e+00  6.69401240e+00  2.49824892e+00
  3.18696949e+00  7.42357535e+00  1.84162536e+00
  2.47033866e+00  7.94984078e+00  2.00477125e+00
  1.84775402e+00  8.15338214e+00  2.38523782e+00
  2.55693577e+00  8.68139700e+00  2.27913546e+00
  2.10246792e+00  8.24634496e+00  3.10794423e+00
  1.76931229e+00  7.69608702e+00  2.69223370e+00
  2.79450076e+00  8.86561277e+00  2.67803375e+00

molecule   99
  6.52473852e+00  1.48103833e+00  4.92514811e+00
  6.98395678e+00  2.05619044e+00  4.79314423e+00
  5.99127433e+00  3.13654886e+00  4.60961407e+00
  6.54327586e+00  2.91526624e+00  4.81079462e+00
  5.98624325e+00  2.37439713e+00  5.31157024e+00
  6.11119148e+00  1.97695320e+00  5.99027124e+00
  5.28806331e+00  1.64840165e+00  5.97856656e+00
  5.67774846e+00  1.08166097e+00  6.30926070e+00

LINKS

nLink               67
       0      48       1          0      48       4          0
       0       2       3          0       9       3          0
       0      61       5          0      76       5          0
       0      50       4          0      75       5          0
       0       2       2          0      81       4          0
       0      23       7          0      33       6          0
       0      78       1          0      99       3          0
       0      50       3          0      75       2          0
       0      58       5          0      66       4          0
       0      66       4          0      70       7          0
       0      29       3          0      83       5          0
       0      23       2          0      57       4          0
       0      50       0          0      83       7          0
       0      36       7          0      65       7          0
       0      58       1          0      58       3          0
       0      85       3          0      97       7          0
       0      59       4          0      90       1          0
       0      28       6          0      52       6          0
       0      38       2          0      82       1          0
       0      65       7          0      82       0          0
       0      36       6          0      71       3          0
       0      39       7          0      84       3          0
       0      25       3          0      70       0          0
       0      52       3          0      95       0          0
       0       0       6          0      41       5          0
       0      82       2          0      92       7          0
       0      38       7          0      57       5          0
       0      13       4          0      88       2          0
       0      71       0          0      91       6          0
       0      84       2          0      84       5          0
       0      21       7          0      59       6          0
       0      32       2          0      95       4          0
       0      32       2          0      95       6          0
       0       4       1          0       4       3          0
       0      62       4          0      87       5          0
       0      84       1          0      84       5          0
       0      47       3          0      59       7          0
       0      85       6          0      90       6          0
       0      24       7          0      40       7          0
       0      19       6          0      40       7          0
       0      10       0          0      17       6          0
       0      10       0          0      17       7          0
       0      17       4          0      47       7          0
       0       6       4          0      34       6          0
       0      34       6          0      85       6          0
       0      47       2          0      53       0          0
       0      15       4          0      73       5          0
       0      12       7          0      24       6          0
       0      12       4          0      12       7          0
       0       6       5          0      89       1          0
       0      20       0          0      74       6          0
       0      14       1          0      67       3          0
       0      40       3          0      40       5          0
       0       8       5          0      35       1          0
       0       8       5          0      43       0          0
       0       3       0          0      54       0          0
       0      48       0          0      69       5          0
       0      26       2          0      80       5          0
       0      26       3          0      80       4          0
       0      26       3          0      80       5          0
       0       7       6          0      89       3          0
       0      54       2          0      79       3          0
       0      37       1          0      37       5          0
       0      31       0          0      31       2          0
       0      20       4          0      74       5          0
       0      20       4          0      31       1          0
       0      27       2          0      76       5          0
