BOUNDARY

orthorhombic     1.04551590000000001e+01  1.04551590000000001e+01  1.04551590000000001e+01

MOLECULES

species    0
nMolecule  400

molecule   0
  1.92193834353564796e-01  5.06410929597891712e+00  4.07646351107664717e+00

molecule   1
  9.49751778452016993e+00  5.03633782234282545e+00  3.49472015161844407e+00

molecule   2
  9.68569610604273201e+00  7.05669104139748082e+00  4.75937948131258004e+00

molecule   3
  1.69542308185533674e-01  4.68263359127913592e+00  2.36544009488788065e+00

molecule   4
  1.52917216753026075e+00  7.50685444343823161e+00  2.29294321310940941e+00

molecule   5
  3.53701965795861994e+00  7.03468052250010878e+00  1.04417336280689588e+00

molecule   6
  2.55602800862662560e+00  6.21636979104431475e+00  1.04185244686760292e+01

molecule   7
  2.52078855837031979e+00  7.21834823443897022e+00  1.27658683482024649e+00

molecule   8
  2.94091463042494394e-01  6.71467302352078299e+00  5.46318322344681029e+00

molecule   9
  7.54627834725685953e-01  3.59065331579756686e+00  6.53843841641436008e+00

molecule   10
  6.21535221166127291e-02  5.65111003082317875e+00  5.55148128503066474e+00

molecule   11
  9.95297546132447231e+00  6.45822875885298586e+00  5.99391708555717706e+00

molecule   12
  8.81925588965514606e+00  4.86800749888132422e+00  5.35613072427911341e+00

molecule   13
  8.61430392011831536e+00  6.67025996413968691e+00  4.22312874860413068e+00

molecule   14
  8.09236036815615023e+00  7.26903914574937993e+00  4.93258330139308754e+00

molecule   15
  7.91664825292344387e-01  5.46855067327521738e+00  6.31706299674919514e+00

molecule   16
  4.35366077089711201e+00  1.94253420078097117e+00  8.60592582982976140e+00

molecule   17
  3.57046257485335827e+00  5.21150206925577009e-01  8.84829027487762154e+00

molecule   18
  3.43439447677414522e+00  2.59317907003610326e+00  3.06211906734179973e-01

molecule   19
  2.85358761305453079e+00  1.55961571654813902e+00  1.04108787474674642e+01

molecule   20
  3.31666115404601625e+00  2.46775318520024767e+00  8.78009921203017107e+00

molecule   21
  2.67866420164068941e+00  1.91050986972646264e+00  8.12799373962669058e+00

molecule   22
  1.00658949148587173e+00  1.62488969076919565e+00  9.00986861036009756e+00

molecule   23
  1.20102627035629395e+00  1.24001769799275707e+00  7.64519300059269735e+00

molecule   24
  3.52976410151149611e-01  6.71598477909907920e+00  6.58670340878394445e+00

molecule   25
  9.84232267384319037e+00  7.79530170269674372e+00  7.69743414955575744e+00

molecule   26
  9.74856334079271925e+00  8.69235949627652715e+00  7.46337109210314775e+00

molecule   27
  8.60213698239504665e-01  9.22383797684336670e+00  7.55051393451166675e+00

molecule   28
  9.00812061664060160e+00  9.96737237031905821e+00  9.16612372241726803e+00

molecule   29
  7.78277813294237131e+00  8.81661346828418324e+00  8.01516453820221209e+00

molecule   30
  7.11433330482874471e+00  7.95994164893871226e+00  5.05326279660275546e-01

molecule   31
  6.84649894705537232e+00  8.21528820935150605e+00  8.25579439223340650e+00

molecule   32
  4.11396520127121779e+00  8.36210560593419139e+00  2.63903219826111224e+00

molecule   33
  4.79671633086363070e+00  8.28259122737962628e+00  4.33238015317862679e+00

molecule   34
  4.08828187701360068e+00  8.76836723110369043e+00  5.72417414004813718e+00

molecule   35
  3.88716025147126487e+00  8.72080603445921865e-01  6.53483286379769357e+00

molecule   36
  4.55371688687129428e+00  9.88378300507626761e+00  5.55061665407935045e+00

molecule   37
  4.88920917857991810e+00  9.45163584678843272e+00  4.28070510421243178e+00

molecule   38
  3.68256347242104543e+00  9.87614091187624332e+00  4.92726971498381161e+00

molecule   39
  3.92427710437426791e+00  2.97955361366397886e-01  5.57106352891330125e+00

molecule   40
  1.92292576637188052e-02  8.13145064979649490e+00  6.98185861532956764e+00

molecule   41
  8.53777097407844998e+00  8.55577608990935623e+00  7.23272942919889328e+00

molecule   42
  7.49561825665288772e+00  8.95751480435271219e+00  6.54462505875085654e+00

molecule   43
  6.88350623955875096e-01  8.63514455507712775e+00  6.34623995479807679e+00

molecule   44
  1.73820376120573905e+00  8.33748760329494232e+00  6.04145672937809319e+00

molecule   45
  2.23677080960459129e-01  9.48152538436100301e+00  6.71574021834377177e+00

molecule   46
  2.50608755805333594e+00  7.31707816822315937e+00  5.63465612587035913e+00

molecule   47
  1.80974985175511938e+00  1.02817833179656084e+01  8.30490235868722415e+00

molecule   48
  2.85828637397488983e+00  8.01184167810129466e+00  7.79998491250020543e+00

molecule   49
  4.12100226872978581e+00  6.43724367351289217e+00  7.35073476326588171e+00

molecule   50
  4.03516892257606852e+00  5.97818076830378242e+00  8.33006019827441335e+00

molecule   51
  4.98083431987114356e+00  5.90090819373276254e+00  8.67244689035893934e+00

molecule   52
  5.05863717670029178e+00  5.63569761738255970e+00  7.66986794941135219e+00

molecule   53
  3.43647831471421217e+00  4.17631121860208587e+00  9.04718106955925272e+00

molecule   54
  3.72811118502996175e+00  5.02797211083765827e+00  7.85960651625393858e+00

molecule   55
  4.92241104620400094e+00  3.34335020811584194e+00  7.85318074586712012e+00

molecule   56
  8.25150474102033016e-01  3.48843611278887411e-01  8.71825668816090982e+00

molecule   57
  9.91514519818716877e+00  1.02040918594880221e+01  9.53055712562903068e+00

molecule   58
  2.36275790087150028e+00  1.04530975480861743e+00  8.87676037358199821e+00

molecule   59
  1.16282220717991636e+00  2.47570182085726891e-02  1.03913638553753174e+01

molecule   60
  7.36451469756517429e-01  2.44948864114923071e+00  9.68094324467361211e+00

molecule   61
  1.04378500428381944e+01  1.58809545388067241e+00  9.61021942115951511e+00

molecule   62
  1.93803272837325680e+00  2.21713760646311764e+00  1.04550226732670737e+01

molecule   63
  7.95268350170910132e-02  1.87319113390831005e+00  8.43136126462331070e+00

molecule   64
  5.58327266528617372e+00  1.50102609402987808e+00  3.75179947893039323e+00

molecule   65
  5.30005964001142704e+00  1.77597918346961303e+00  5.70825533878025393e+00

molecule   66
  3.68556441652167299e+00  9.78028092272978000e+00  6.29467253982905373e+00

molecule   67
  4.12854215401561131e+00  2.67630570834531643e-02  7.88618690944320644e+00

molecule   68
  3.34849065373984267e+00  2.59466832532248393e-01  6.96391785573805322e+00

molecule   69
  2.60161291908547598e+00  1.03240935919391195e+01  9.44705057368987333e+00

molecule   70
  4.53204474948718605e+00  9.85303746800155866e-01  7.63759580859562615e+00

molecule   71
  2.30573922116107255e+00  9.04799676338987879e+00  9.03067853070797888e+00

molecule   72
  3.42160675529704505e+00  9.30471623856884200e+00  7.98449941912446270e+00

molecule   73
  5.00346178839801770e+00  1.03696536829976473e+01  8.31950029148955750e+00

molecule   74
  6.25507679031971620e+00  8.67139442680741546e+00  9.86293293663092285e+00

molecule   75
  5.39254192401740529e+00  9.05685301655745256e+00  7.77980288491378680e+00

molecule   76
  5.43817941950925121e+00  8.79148948404338348e+00  9.32779587011395961e+00

molecule   77
  6.17966294394297666e+00  1.03128267767169568e+01  8.14730630212172180e+00

molecule   78
  5.41754525679694865e+00  9.46291884723270726e+00  1.01856013439046045e+01

molecule   79
  6.64287174921565704e+00  8.67323125320331378e+00  1.26121270388791418e+00

molecule   80
  3.43045361828145712e+00  1.00137234735689180e+01  8.96929762456606205e+00

molecule   81
  1.80944962028758183e+00  9.96653818709827100e+00  7.06115860774172788e+00

molecule   82
  7.90085648234420623e-01  6.99042467662896350e-01  6.64633054484930597e+00

molecule   83
  9.77070425937763787e+00  2.31523039361084731e-01  7.09476527772546994e+00

molecule   84
  1.01981784008353351e+01  3.07882235426975415e+00  8.80473698430502161e+00

molecule   85
  9.21292312687025827e+00  1.50769939045399459e+00  8.89065368916335785e+00

molecule   86
  9.87435418179827629e+00  2.26122991651812555e+00  7.12124114755878779e+00

molecule   87
  1.02097307401945319e+01  3.06793302735391071e+00  7.68082579187561532e+00

molecule   88
  4.63865363517906992e+00  3.91382843480359988e+00  1.42400927171798974e+00

molecule   89
  3.59933139011891923e+00  5.58573252784372176e+00  1.57810152818190463e+00

molecule   90
  3.32124211111828282e+00  4.21615399497670751e+00  3.39398382659789011e+00

molecule   91
  3.57262099097952524e+00  4.83403216409059144e+00  4.28209871222816751e+00

molecule   92
  4.12871388725286526e+00  5.18091733975389079e+00  5.38888198682925346e+00

molecule   93
  4.71561134053072450e+00  5.50671951722481356e+00  4.54119483633932663e+00

molecule   94
  5.06634200776398913e+00  6.70989315798760355e+00  5.85245087878903281e+00

molecule   95
  6.42648427698455382e+00  6.53985718823894224e+00  4.72708503647385836e+00

molecule   96
  3.24157635302611924e+00  6.82867224530104888e+00  5.19786279364359327e+00

molecule   97
  5.33378446314256394e+00  6.80210932674530078e+00  7.06467915575469263e+00

molecule   98
  3.99283046825164600e+00  5.94164134267088073e+00  6.04020750427631903e+00

molecule   99
  3.88558434268089226e+00  6.00874632013060772e+00  4.16950366379832271e+00

molecule   100
  2.97341065960106876e+00  5.48381488056376032e+00  3.56643188078216511e+00

molecule   101
  3.52855621807162123e+00  6.87382892353778185e+00  3.63566380426891378e+00

molecule   102
  4.24918839999985742e+00  7.67918476969570385e+00  5.01586778064797922e+00

molecule   103
  2.57001806768664354e+00  5.42340552495243688e+00  4.52422194175673464e+00

molecule   104
  5.38539035196114657e+00  6.32859880488272708e+00  2.57109798662973743e+00

molecule   105
  6.90779689951632037e+00  6.08528523230876583e+00  2.28964142143607496e+00

molecule   106
  5.73138891647883320e+00  5.62577595456833723e+00  1.81923508706145154e+00

molecule   107
  4.19387318305497825e+00  5.00540476244739896e+00  7.13616450336667318e-01

molecule   108
  4.65565948906397331e+00  5.74290157339898322e+00  2.23259006664298498e+00

molecule   109
  2.88094374795215957e+00  5.78585836709296331e+00  2.64188002787188347e+00

molecule   110
  2.93832302505546661e+00  4.94884364081196715e+00  9.74434748556323616e-01

molecule   111
  4.46608123707161120e+00  5.94858918884003618e+00  1.24281109452394656e+00

molecule   112
  6.67739209374873743e-01  9.75214391231926925e+00  4.09496584601340619e+00

molecule   113
  2.78025849812687786e+00  9.79561884027843099e+00  5.16299660994487652e+00

molecule   114
  3.31613368571870781e+00  9.62950181554190010e+00  3.92284266383038993e+00

molecule   115
  5.37020427593438399e+00  9.90126962925931231e+00  2.84608512596576224e+00

molecule   116
  3.24156775988166190e+00  1.49767957668157381e+00  2.76224093122347769e+00

molecule   117
  4.87212005362644884e+00  6.33061032209282559e-01  3.56625338828437632e+00

molecule   118
  4.06660398461691841e+00  2.80056060836752219e-01  2.46759372102853591e+00

molecule   119
  4.27598291563109001e+00  9.62639997384411039e+00  2.36931658533388267e+00

molecule   120
  8.80244184099920801e+00  4.00549677732110698e+00  1.24973319997187260e+00

molecule   121
  6.86709565183842763e+00  4.27723140348022124e+00  6.45417647071440004e-01

molecule   122
  7.60637432939586056e+00  5.43956309216421730e+00  1.02905689754797471e+01

molecule   123
  7.83880811693317092e+00  6.37960880498807015e+00  2.62991409228198192e-01

molecule   124
  7.10660594917471400e+00  4.34803226455617953e+00  1.01641718741995710e+01

molecule   125
  8.45867076636065107e+00  5.67399099222832870e+00  8.46311349355426068e-01

molecule   126
  8.76019968900095058e+00  8.07443066798318654e+00  2.82862390128228425e+00

molecule   127
  9.71006810351526006e+00  7.90304090057379405e+00  1.91741174704618333e+00

molecule   128
  4.46067610320648278e+00  2.03233506323690172e+00  7.84958680374425843e-01

molecule   129
  4.14924541129043689e+00  2.88380806285340396e+00  2.06910518446318736e+00

molecule   130
  3.61337162753563046e+00  2.20203125632855379e+00  1.39739255040189336e+00

molecule   131
  2.75493452193041977e+00  1.18466625065801878e+00  1.69228140001091054e+00

molecule   132
  3.12500781954647433e+00  1.00237054788358471e+01  2.30981564475165380e+00

molecule   133
  3.39233425262341282e+00  1.14107259521464818e-01  3.98549681372533937e-01

molecule   134
  4.97070307215287688e+00  8.06963428880734135e+00  1.56453014862289219e+00

molecule   135
  4.32139365313639789e+00  9.97655811572421847e+00  9.94422450651700984e-01

molecule   136
  5.21519613907104218e-01  8.50174188364855610e+00  1.02396098394294093e+01

molecule   137
  3.85168010131636984e-01  9.62433069538154840e+00  1.02900302132966548e+01

molecule   138
  1.05272894651470561e+00  8.12607756549344629e+00  8.45610333872895126e+00

molecule   139
  1.04265071373620550e+01  8.37248594155107462e+00  8.20911174579284086e+00

molecule   140
  9.11946617013738781e+00  8.88226039752692920e+00  8.38317640111011819e+00

molecule   141
  8.75621708123316189e+00  9.44275500139486645e+00  5.31564591407485465e-01

molecule   142
  8.31355926805482248e+00  8.52276256237044727e+00  1.03445500178068155e+01

molecule   143
  8.66297506205211043e+00  7.80900284763767338e+00  8.22357107314195446e+00

molecule   144
  3.26117664239749860e+00  1.45679198160217305e+00  8.87907959206290265e+00

molecule   145
  4.35256250064414729e+00  3.62579093366655503e+00  9.24852554411233996e+00

molecule   146
  1.95029233229997567e+00  3.89881445972545748e+00  3.32203056431667088e-01

molecule   147
  3.01927215142804650e+00  3.84975487109677150e+00  4.08280465359317279e-01

molecule   148
  2.51319628964557662e+00  3.18313662736361414e+00  9.03352151035927520e+00

molecule   149
  2.25557295098360333e+00  5.17438440956116175e+00  8.43454141025726400e+00

molecule   150
  1.01991937043921688e+00  3.41332807983493680e+00  1.00921502548281836e+01

molecule   151
  2.75493101130744922e+00  4.30833783397684478e+00  7.12423820433880106e+00

molecule   152
  5.01294489502818186e-01  6.97915405993950522e+00  2.40807674413289075e+00

molecule   153
  1.06342897008948667e-01  7.54594392532201486e+00  3.53732825485629299e+00

molecule   154
  1.01569586297542997e+01  8.24344429474842855e+00  4.28817883929933164e+00

molecule   155
  8.98270174568916957e+00  7.93452292469682252e+00  4.49167290818470200e+00

molecule   156
  9.41604439077279487e+00  7.62868013292954039e+00  3.63433941801010407e+00

molecule   157
  9.41327210564641703e+00  6.24333312278399699e+00  3.63966192926291843e+00

molecule   158
  1.04159438251469805e+01  5.79251907322170467e+00  2.22265303102577771e+00

molecule   159
  1.02630695938491332e+01  6.62120208545118505e+00  3.99854292216656271e+00

molecule   160
  1.02946572012243021e+01  7.17005942045056610e+00  9.67152297317055165e+00

molecule   161
  3.11886932392556249e+00  6.53990285754234169e+00  8.48651782954159906e+00

molecule   162
  8.50778432993241518e-01  7.78554681569099483e+00  9.69936944317251282e+00

molecule   163
  2.14951441814139566e+00  8.77298748829268860e+00  8.02820184840411599e+00

molecule   164
  1.73529536492997360e+00  7.73849505676877758e+00  7.46067881997973004e+00

molecule   165
  3.85178796159662262e+00  7.55352310863945942e+00  7.64589735443350893e+00

molecule   166
  9.38866547781925020e-01  8.56150393717626024e+00  5.37819519575084737e+00

molecule   167
  1.61356350052185959e+00  7.41900883349742291e+00  4.98125242061049978e+00

molecule   168
  9.75645091620479832e+00  9.89014693446405602e+00  5.72303554488315935e+00

molecule   169
  8.27601648114298527e+00  1.01147678808068502e+01  6.23849251117663517e+00

molecule   170
  9.54101974809766240e+00  7.10421088906585840e-01  4.95927291035842455e+00

molecule   171
  8.78574130894193495e+00  1.02098034582584027e+01  3.81811620395991591e+00

molecule   172
  9.76820482413301683e+00  9.40150714925600184e+00  3.80704935553983859e+00

molecule   173
  9.83940603295129002e+00  8.83329266085409515e+00  5.74320178629622724e+00

molecule   174
  1.02647320069091670e+01  8.56783407565478150e+00  3.34558622138643580e+00

molecule   175
  9.77762856417295767e-01  8.00747186228890051e+00  4.44018931099173830e+00

molecule   176
  1.00211655869042300e+01  3.70573234625084824e+00  1.02264807292994817e+01

molecule   177
  1.36735405302617719e+00  3.23283184358019771e+00  9.02216291844109186e+00

molecule   178
  8.56428987207390158e+00  3.27537404099561025e+00  9.36803197350558214e+00

molecule   179
  9.65045854688420768e+00  2.42601418358299625e+00  1.03904127247628892e+01

molecule   180
  7.89441622038100732e+00  2.33109317472098843e+00  5.50666324765538770e-02

molecule   181
  8.64519481524730793e+00  2.38545986891112438e+00  2.21976838499379925e+00

molecule   182
  8.79378478832472332e+00  7.84265206102800705e-01  8.13279992321619627e-01

molecule   183
  7.73963863619259307e+00  1.30180153831520840e+00  3.48702457367271901e+00

molecule   184
  7.45119130606505031e+00  4.33149505899197929e-01  1.01320733756899273e+01

molecule   185
  6.31371950826780459e+00  9.45253029762157482e+00  2.07086453039732582e-01

molecule   186
  6.39293456134257010e+00  1.04545834530092510e+01  1.00959032322676752e+01

molecule   187
  7.12527083907941261e+00  1.04515442225482431e+01  5.05574644226347680e-01

molecule   188
  7.82196368128620012e+00  7.89159150016036759e-01  6.79569178338716662e-01

molecule   189
  6.57677559365541686e+00  1.62934214672174660e+00  9.56423933357877054e+00

molecule   190
  6.10918047670466358e+00  2.49071249432907793e+00  9.41100937445340691e+00

molecule   191
  5.44438627183585400e+00  9.54745729177827851e-01  9.68920349790546354e+00

molecule   192
  6.64730019668872263e+00  5.72464177484728243e+00  8.38646215800362427e+00

molecule   193
  7.86753003315657296e+00  5.03433965207309697e+00  7.16691710671442550e+00

molecule   194
  6.98091050742786567e+00  4.42415763378711446e+00  7.56071732016487275e+00

molecule   195
  5.08330121141693159e+00  4.64488559548576774e+00  7.28467558339168786e+00

molecule   196
  4.76481440977518744e+00  4.96079615378702066e+00  6.02204204109362973e+00

molecule   197
  6.85774814952263689e+00  4.71924643541628175e+00  6.51699942987128722e+00

molecule   198
  8.04368025096986017e+00  4.13969831317476444e+00  4.23727871595843641e+00

molecule   199
  8.87612678106529351e+00  6.37731041604356719e+00  5.51326618286772874e+00

molecule   200
  1.85487605608120565e+00  3.54386584581074837e+00  3.64347559481944172e+00

molecule   201
  2.22457805246458973e+00  1.82803118125847242e+00  3.73532893100560814e+00

molecule   202
  1.23206417657955325e+00  2.30943798232874320e+00  2.99636334664341586e+00

molecule   203
  6.74661673968149245e-01  2.65596801282663053e+00  3.88315982598664133e+00

molecule   204
  1.01990697221052535e+01  3.27348509619724659e+00  2.65037887623361801e+00

molecule   205
  1.04255153142427019e+01  1.14392828932348412e+00  4.90074961339738557e+00

molecule   206
  3.93150988704079551e-01  1.66276856413262597e+00  6.20839626327157745e+00

molecule   207
  4.33201989516351194e-01  1.00652992090119131e+00  3.88879054017311443e+00

molecule   208
  1.80741360134698281e+00  2.40286690834645000e+00  8.53075159417989148e+00

molecule   209
  8.13930466008143227e-01  2.73582192759887377e+00  8.27673451028786467e+00

molecule   210
  8.23813009319568024e-01  2.27394126355710968e+00  6.98606179468237887e+00

molecule   211
  2.20986506813617778e+00  1.05520657934001960e+00  7.54004080049553682e+00

molecule   212
  2.86956859035287426e+00  3.92875711586616438e-01  8.04883859903278598e+00

molecule   213
  2.95602603454219315e+00  1.70751518240628786e-01  5.86148668396395234e+00

molecule   214
  1.21972516574839851e+00  7.42422656699845862e-01  5.50531430649661768e+00

molecule   215
  2.23093454647092404e+00  9.74957310758535023e+00  4.23522771392942055e+00

molecule   216
  4.03842347593323669e+00  2.57815686721917370e+00  7.01967197965414247e+00

molecule   217
  3.79837141700654257e+00  3.54814968973039191e+00  8.18403838249567883e+00

molecule   218
  2.93869971112605954e+00  1.29544570827759808e+00  5.93017738195137678e+00

molecule   219
  3.20031222908218016e+00  2.60337557790036600e+00  5.85200045650765510e+00

molecule   220
  3.48933623990877706e+00  4.86920319036609683e+00  6.41970645898509407e+00

molecule   221
  4.58882673749949710e+00  5.48858511678856420e+00  6.78360590297372212e+00

molecule   222
  2.97318665472248167e+00  3.34970971902981951e+00  7.20751737292222394e+00

molecule   223
  5.23330126997193990e+00  2.82676760270290517e+00  5.90409258382879987e+00

molecule   224
  4.88509824820492766e-01  4.45381141312385065e+00  1.02650433985140968e+01

molecule   225
  1.33570401729301946e+00  4.13804025848050738e+00  9.47112835712282397e+00

molecule   226
  4.55663957942671116e-01  4.41277257124441924e+00  1.52105843360726167e+00

molecule   227
  1.85659702687943584e+00  4.68243948868722093e+00  9.43899184860209073e-01

molecule   228
  9.85218583983969332e-01  4.02299284216545239e+00  7.78724266769762474e-01

molecule   229
  9.66614109503520424e+00  4.69214254515308760e+00  1.98414265058802775e+00

molecule   230
  1.03199609014069704e+01  5.80612257676652010e+00  3.21178598708659102e+00

molecule   231
  1.26867337151294701e+00  5.38886185984767430e+00  1.42958184938781541e+00

molecule   232
  4.10792451976060224e+00  3.31657599720411422e+00  3.80155375682033769e+00

molecule   233
  2.23208906810882235e+00  1.90786686302425990e+00  2.52034739968151245e+00

molecule   234
  1.80297207746143129e+00  9.92760769542296639e-01  4.17831365962564583e+00

molecule   235
  4.81318295910362703e+00  2.20487176893441861e+00  3.31967104563684057e+00

molecule   236
  1.88836436035280109e+00  6.60343241939833514e-01  1.77796390190254039e+00

molecule   237
  1.64947095263653853e+00  2.99273390526887928e+00  2.28793819346856386e+00

molecule   238
  9.95672052243382621e-01  1.15016274481803760e+00  1.91568667932922954e+00

molecule   239
  2.58639982225572806e+00  2.87318591960795011e+00  2.29500478693351573e+00

molecule   240
  2.94782185180311451e+00  6.05633055080530447e+00  8.41956529569170886e-01

molecule   241
  2.52531149031958391e+00  4.39115205440570833e+00  4.66737284037912836e+00

molecule   242
  1.40767901730051337e+00  4.36988471396521749e+00  2.42837504599772824e+00

molecule   243
  2.31475376044406467e+00  5.48691653096630816e+00  1.68983911742754933e+00

molecule   244
  5.05356451005864127e+00  4.43020785143624973e+00  1.03721424187847795e+01

molecule   245
  2.14308149219085742e+00  4.92556941499887024e+00  3.04135370079000955e+00

molecule   246
  1.44741809808675903e+00  3.32909167528418015e+00  1.25716165519304157e+00

molecule   247
  6.08887168220137664e-01  3.32397358132665266e+00  1.72592235013708772e+00

molecule   248
  7.26988576712242907e+00  1.63584518462194972e+00  2.31384041609944724e+00

molecule   249
  6.56288911160508626e+00  1.35831498941123185e+00  4.46484499228244847e+00

molecule   250
  7.19037162534962615e+00  4.81172228935453528e-01  3.04181576174380064e+00

molecule   251
  6.47417783608467268e+00  5.82472185619164362e-01  8.97948665839101046e-01

molecule   252
  5.58536749222695139e+00  2.43583040231925629e+00  7.04326198660573000e-01

molecule   253
  5.67978760411327688e+00  8.28518791507603547e-01  1.66370243777359594e-01

molecule   254
  3.72310646152038638e+00  3.10465038964348583e+00  9.97956946683657442e+00

molecule   255
  4.72061369407262532e+00  2.77776620558725540e+00  9.87478371310218428e+00

molecule   256
  8.53805429958281614e+00  1.25451838163963347e+00  4.90444467048048960e+00

molecule   257
  9.47234743725618777e+00  5.59958309856052772e-01  3.91049827810263073e+00

molecule   258
  6.64770306887783136e+00  2.12007996938058296e+00  5.69409390731183507e+00

molecule   259
  8.37319444276936053e+00  1.92586295947811670e+00  4.12087669980762161e+00

molecule   260
  7.27880421981039749e+00  2.05249705165957641e+00  4.54887147336457875e+00

molecule   261
  6.56941046399358530e+00  2.85957653786570321e+00  4.77362070339202393e+00

molecule   262
  5.16156175637357872e+00  4.32891560115277052e+00  4.99284112648458489e+00

molecule   263
  6.84536719323105736e+00  3.96259776002259700e-01  4.93770490251368965e+00

molecule   264
  1.79815675499708694e+00  6.32863543520778471e+00  7.94404356461384697e+00

molecule   265
  2.02149870531977216e+00  5.69740188507946677e+00  5.48200999967878300e-01

molecule   266
  2.08234939685498022e+00  6.91523494101701797e+00  3.47877453875374942e-01

molecule   267
  3.32283867216959194e+00  6.43403643110504131e+00  9.48707008803005891e+00

molecule   268
  4.22025480403633679e+00  6.70215393720461883e+00  2.12864847181738037e-01

molecule   269
  2.03648880117153741e+00  8.81400098573748991e+00  7.11731485652563611e-01

molecule   270
  3.14557624783318435e+00  7.41245529579491169e+00  1.04467975451704778e+01

molecule   271
  1.40593854534061524e+00  7.64255270316588398e+00  6.95902398847144221e-01

molecule   272
  7.20445945982880165e+00  5.86319450017473986e+00  6.19612529996538708e+00

molecule   273
  6.21964762002695881e+00  4.53412564831329590e+00  3.28856493125032046e+00

molecule   274
  8.07941333501429249e+00  4.00467020173479860e+00  2.24433279251259288e+00

molecule   275
  6.88372833894326952e+00  3.73906231262105626e+00  2.69926408541195650e+00

molecule   276
  5.24633255684948097e+00  4.99724209542561226e+00  2.47028835137831670e+00

molecule   277
  5.65199609574100315e+00  4.07447476159105193e+00  2.49512406949936549e+00

molecule   278
  5.90495448055956551e+00  3.13913767596199289e+00  1.46303440848987321e+00

molecule   279
  5.13524089868830114e+00  2.84648215490019618e+00  2.47808374907195361e+00

molecule   280
  2.02770080223811267e+00  4.27257041912737456e+00  5.71800099150376440e+00

molecule   281
  2.50872676417778351e+00  5.28865884807966857e+00  6.97028998299936120e+00

molecule   282
  2.70552344484111140e+00  5.95127236955987371e+00  7.71043398869839613e+00

molecule   283
  1.50002261975472151e+00  5.00282940602227821e+00  7.76795048069853777e+00

molecule   284
  1.73955956642641296e+00  3.94384710495685553e+00  8.21443600714709632e+00

molecule   285
  9.52767873794274411e-01  6.69321181127853659e+00  8.77387694715253019e+00

molecule   286
  2.66408206507968093e-01  4.59103400943419615e+00  5.44226576767660664e+00

molecule   287
  1.00449760603256664e+01  8.26198942119915891e+00  9.66408710969679774e+00

molecule   288
  9.83946765028182391e+00  1.45783387871779224e+00  5.00849807359679405e-02

molecule   289
  9.61744946289537239e+00  9.04368966124758522e+00  9.26905903442914614e+00

molecule   290
  1.45389803273352203e+00  8.31428710812465027e-02  9.11760973790439411e-01

molecule   291
  9.44545964734544774e-01  1.37462950960896135e+00  1.02981812668851784e+01

molecule   292
  1.04331982023569267e+01  2.22837922633502661e+00  1.06902542095145114e+00

molecule   293
  1.38022685761082908e-02  1.09454699538469513e+00  7.94910939794432392e-01

molecule   294
  2.54388683328844900e-01  2.00637135059038485e+00  1.34647121249394486e-01

molecule   295
  7.54848089617794571e+00  1.63680996340877649e+00  9.66686752084858725e+00

molecule   296
  1.02280878110545679e+01  8.77598690800089676e-01  8.97632679935819056e+00

molecule   297
  9.76742133104823579e-02  9.21230284142965239e+00  8.61785901061240267e+00

molecule   298
  9.28118553286124381e+00  8.85588271438310670e+00  1.02765122095765449e+01

molecule   299
  9.15390303571256858e+00  2.91721494066482928e-02  1.03331892596681172e+01

molecule   300
  8.16402874294240455e+00  2.79924419608795882e-01  9.23469018628575355e+00

molecule   301
  9.30306878200298826e+00  5.71836506373100906e-01  8.30840873914453759e+00

molecule   302
  8.66358667506634639e+00  2.18468135615243764e+00  9.96495016388125343e+00

molecule   303
  2.08066604672884486e-01  5.21438205076076078e-01  9.94144060925370532e+00

molecule   304
  6.75068988981023210e+00  7.17821675781872415e+00  7.85359970837143084e+00

molecule   305
  5.21349317118790268e+00  7.98533578014577294e+00  8.28328788439549690e+00

molecule   306
  5.69318151760299607e+00  1.01705556247563731e+01  9.05003393874777906e+00

molecule   307
  4.20045803531251583e+00  6.99071776196477845e+00  8.34251381901223432e+00

molecule   308
  4.46745357392460729e+00  6.76154864508648679e+00  9.51142519695140898e+00

molecule   309
  2.98258584958121231e+00  8.70415054470889160e+00  3.36521536715918446e-01

molecule   310
  4.01852414725563012e+00  8.95175194953230147e+00  1.26586738503272667e+00

molecule   311
  4.28954263191739038e+00  1.02239629400439043e+01  3.71421536095369076e+00

molecule   312
  9.00302679046357035e+00  1.03939489841455224e+01  2.75052221098465433e+00

molecule   313
  6.45116452407607266e+00  1.01544049498667768e+01  3.99757308626269392e+00

molecule   314
  8.99763555514006796e+00  8.99097886930331036e+00  4.17381592073896801e+00

molecule   315
  7.57714637101862465e+00  7.70130442907705781e+00  6.12839613003821881e+00

molecule   316
  6.93012302127150459e+00  7.27909528741696654e+00  5.21055604582349563e+00

molecule   317
  9.21228299498529779e+00  8.30566647377254164e+00  6.57966352896063533e+00

molecule   318
  7.34639316575131573e+00  8.02622481922951181e+00  4.34205203052424160e+00

molecule   319
  5.39218699074118391e+00  9.69843452368523984e+00  5.99062567127229517e+00

molecule   320
  7.73623725380306748e+00  1.69001850402127185e+00  1.16476164097673651e+00

molecule   321
  7.04260698810129337e+00  2.69327104733863187e+00  2.02411992452841183e+00

molecule   322
  8.24030820352104953e+00  3.47171067288479174e+00  7.18078756694654929e-01

molecule   323
  8.38575979033033114e+00  4.74058680895340334e+00  2.76961475860521722e-01

molecule   324
  9.18263108283641039e+00  4.31453505728600906e+00  1.00492025101402316e+01

molecule   325
  9.56603400529740888e+00  4.78492178712696425e+00  9.90353585783204093e-01

molecule   326
  9.00379882422395461e+00  5.44173272368138772e+00  1.02492323294725818e+01

molecule   327
  7.84090919588316204e+00  3.64172419363643396e+00  1.02169271512638513e+01

molecule   328
  9.69443549636837965e+00  5.76767426328471089e+00  9.56149718342544475e-01

molecule   329
  9.39103927818811712e+00  5.41924895863470368e+00  9.15310973280424101e+00

molecule   330
  8.23686686961095305e+00  4.69571152013609350e+00  9.75190062691910420e+00

molecule   331
  1.00677068419524627e+01  5.06053960399626845e+00  9.92078665317316855e+00

molecule   332
  9.69321156090036773e+00  3.10762062310350995e+00  9.59626313121372831e+00

molecule   333
  1.00640873072381734e+01  3.50501860936937204e+00  1.56291070923432507e+00

molecule   334
  3.09918781498194018e-01  3.08351560663333935e+00  6.05047112875188420e-01

molecule   335
  1.00332732198868424e+00  1.35308477940991612e+00  9.88201169707870308e-01

molecule   336
  7.44700616161048146e+00  1.19239578065741991e+00  5.31564400712204232e+00

molecule   337
  8.35738373878277052e+00  2.04718053108538744e-01  4.84405072648122026e+00

molecule   338
  6.96665667441485414e+00  7.03824928323149801e-01  6.70428124543022630e+00

molecule   339
  6.39005995064670973e+00  1.09762451686349483e+00  6.02588947952861709e+00

molecule   340
  5.03620335176845479e+00  2.32949437527137881e+00  4.82843296087825724e+00

molecule   341
  4.42219564021025136e+00  1.31052584198402111e+00  4.38528612981512289e+00

molecule   342
  6.09781007223911509e+00  3.70668199701088152e+00  4.08988656334759249e+00

molecule   343
  5.93361054832412815e+00  2.57662928089678145e+00  3.71011202449231625e+00

molecule   344
  1.27890846018443494e+00  7.02780675213990058e+00  3.20426003245042912e+00

molecule   345
  8.47331134448446543e-01  5.63802628461144906e+00  7.41740848846772050e+00

molecule   346
  2.31155301277747727e+00  6.95414270958947700e+00  7.04175102741957026e+00

molecule   347
  2.21369984447735657e+00  6.42527738647855795e+00  4.94495968292706323e+00

molecule   348
  3.11002643059133943e+00  7.78555277308494098e+00  4.67471452252764852e+00

molecule   349
  3.42047389791272760e+00  7.81788403756409345e+00  5.88296955630459362e+00

molecule   350
  2.60486330056287452e+00  6.09459521283663985e+00  6.10554753312483989e+00

molecule   351
  3.44019193209240770e+00  6.32840012881916625e+00  6.70572617760931156e+00

molecule   352
  8.56926181315111890e+00  8.14407104326966014e+00  7.60950179867510346e-01

molecule   353
  6.49038938112324093e+00  9.02552640253761496e+00  8.75440260546309013e+00

molecule   354
  5.98889830751722041e+00  8.21522517795817819e+00  3.39378255902940518e-01

molecule   355
  6.99650038241904237e+00  9.43025433173752425e+00  9.78685494361730157e+00

molecule   356
  8.47285903420826436e+00  9.40093640634049876e+00  9.83670867757905931e+00

molecule   357
  7.27869641176340387e+00  2.76064986755083108e+00  9.31078100594771207e+00

molecule   358
  8.34026395399991038e+00  1.06340308916486892e+00  1.01770445158926641e+01

molecule   359
  7.61793932408431296e+00  8.95899159923077271e+00  7.88308332556962088e-01

molecule   360
  9.97617817272977625e+00  8.98761200910143465e+00  1.58740284656702668e+00

molecule   361
  9.58697909988012142e+00  8.28232338544564328e+00  7.98872602059342629e-01

molecule   362
  8.19828649056860925e+00  1.03160900306824743e+01  3.01626230798370643e-01

molecule   363
  9.85138998948523970e+00  7.50178422086005270e+00  1.82055526849990212e-01

molecule   364
  9.64971248700968864e+00  1.01487969896342261e+01  7.04198052741062952e-01

molecule   365
  1.31236505921445823e+00  9.42920260877054339e+00  2.24887549992572794e-01

molecule   366
  1.00776437649272061e+01  1.34275694818473657e+00  2.08937174122131752e+00

molecule   367
  5.64680774217497863e-02  4.40505238058735316e-01  1.66882956916592917e+00

molecule   368
  9.19501958647284567e+00  7.58338573403308036e+00  5.76301341576102555e+00

molecule   369
  1.02157026437857610e+01  7.80607024747039269e+00  5.49956181734880456e+00

molecule   370
  1.21846017812548446e+00  6.28779747338606221e+00  4.80778292148667319e+00

molecule   371
  1.31793668875387504e+00  6.34656740377631756e+00  6.12627786124644302e+00

molecule   372
  9.92789690967662786e+00  7.39607866964011862e+00  6.49550102919224059e+00

molecule   373
  9.04218859587081258e-01  7.65589211592189667e+00  6.18760561031645651e+00

molecule   374
  7.28618939020407641e-01  7.22273962355670740e+00  7.86142177151167587e+00

molecule   375
  2.85817201149846101e-01  7.68409404640448912e+00  8.90654884073708253e+00

molecule   376
  1.56157815893241692e+00  1.14633702352965372e+00  2.78954448016209433e+00

molecule   377
  1.68701108817013434e+00  1.05201024616922614e-01  3.74952711675857131e+00

molecule   378
  2.89424058267106377e+00  4.16048133600689929e-02  4.54491571159043772e+00

molecule   379
  1.80216174783793082e+00  1.01849036627105693e+01  5.22557081749450880e+00

molecule   380
  3.89063593411032338e+00  9.47483748819050842e-01  3.57683209181352169e+00

molecule   381
  4.53816860309563308e-01  1.64440323278031353e+00  2.74017907253420834e+00

molecule   382
  8.13841455323185303e-01  3.50781942077997044e+00  2.86580424386036592e+00

molecule   383
  8.55715632294066553e-01  2.32836566474089102e+00  1.74110163554093211e+00

molecule   384
  9.31403759321188396e+00  3.01489874352321463e+00  6.67414551829244918e+00

molecule   385
  8.02689802869052471e+00  9.34469039849764482e-01  8.51670622466312466e+00

molecule   386
  7.18202900772026176e+00  1.56866659146846588e+00  8.63874151041765082e+00

molecule   387
  8.66604535873145565e+00  1.42801039444286682e+00  7.98563014722275799e+00

molecule   388
  8.16582832310252549e+00  9.55044055335816644e+00  7.18223908082491569e+00

molecule   389
  8.15007355988098148e+00  9.43740311244212116e+00  8.74231339777789707e+00

molecule   390
  6.58038878982340947e+00  9.91184193604322239e+00  5.97301207318687233e+00

molecule   391
  7.54262235639529788e+00  9.24181547563844141e+00  5.56750489055994269e+00

molecule   392
  6.12466151544503923e+00  7.30744789731669364e+00  7.84429614067947312e-01

molecule   393
  7.84194590391322954e+00  7.15085868808195091e+00  9.25954080759282427e-01

molecule   394
  4.86999805995012203e+00  9.04099511375222598e+00  1.81133921714756085e+00

molecule   395
  8.49332315065060151e+00  7.33788169483314157e+00  3.39485943947749780e+00

molecule   396
  7.10369697927195709e+00  7.21912550256416541e+00  3.83289249563937195e+00

molecule   397
  6.38091857307490429e+00  5.17112674824736551e+00  5.27857911281425896e+00

molecule   398
  8.57619731373597638e+00  5.71117119818850139e+00  3.46507216442827737e+00

molecule   399
  6.00589195658397035e+00  7.03108754840850558e+00  3.83441954473537683e+00

species    1
nMolecule  400

molecule   0
  8.84627321298674474e+00  8.90476081636093264e-01  5.81416835926911979e+00

molecule   1
  8.31505052541958811e+00  5.00515471477165685e-01  3.30204576365948554e+00

molecule   2
  8.65465538275127066e+00  9.63018876186815476e+00  5.03733651275367400e+00

molecule   3
  7.76843266834705215e+00  1.03469024578971780e+01  3.91227504906835932e+00

molecule   4
  5.82981810262824496e+00  4.66397781187339100e-01  4.33978137615746995e+00

molecule   5
  5.24463137773169574e+00  9.92472759853281694e+00  1.76719564093293369e+00

molecule   6
  5.01261936009169240e+00  3.68563412563818305e-01  1.49652047305352354e+00

molecule   7
  6.60234026707406230e+00  9.83301071008266803e+00  1.17997568183480706e+00

molecule   8
  1.42331552999610822e+00  1.04454035656519011e+01  6.18044627625516707e+00

molecule   9
  2.32672930461384458e-01  1.03827867922359403e+01  5.98153344832918332e+00

molecule   10
  1.12561208344163638e-01  7.99734416124336267e-01  7.65630383909269607e+00

molecule   11
  8.94078687645836645e+00  9.26630346734138755e+00  5.84354418051047553e+00

molecule   12
  1.04390113469590080e+01  9.71869202680037603e+00  7.69999091953242853e+00

molecule   13
  8.74017328406530680e+00  1.92781469385492765e+00  6.96240118634185112e+00

molecule   14
  7.08424015261567064e+00  1.01848542261066690e+01  7.17502280458931097e+00

molecule   15
  7.45012101934869708e+00  2.08776062510516791e+00  7.67675551334434836e+00

molecule   16
  4.52546399131163835e+00  7.99622275113500525e+00  9.43415621475136490e+00

molecule   17
  3.93419999918690166e+00  9.13763458984194976e+00  1.01016315904350460e+01

molecule   18
  4.78049086508199039e+00  9.77073573076946111e+00  9.35181250599715774e+00

molecule   19
  2.27567331072477641e+00  8.04794512385444705e+00  9.03392029333809710e+00

molecule   20
  4.23153887401018913e+00  8.50467947310910333e+00  7.76772995361659468e+00

molecule   21
  3.50403149164500771e+00  5.23827671899189973e+00  9.41700698203611353e+00

molecule   22
  5.25195709031917435e+00  5.26653616289811488e+00  6.47250882649866521e-01

molecule   23
  1.47360511066572841e+00  5.76328494333255126e+00  1.00044807878565933e+01

molecule   24
  8.91018581579590396e+00  4.81941760517222484e+00  4.35959361974293369e+00

molecule   25
  9.82882149371884850e+00  5.18359702739407613e+00  4.89320430306566578e+00

molecule   26
  8.42932791812699556e+00  5.70074355402757416e+00  4.60308272627709947e+00

molecule   27
  7.88319583980835947e+00  6.03658655847756798e+00  2.78801831248759724e+00

molecule   28
  6.56739368716480154e+00  4.54562454296877316e+00  4.32363732462189887e+00

molecule   29
  7.60978521185820966e+00  4.17706734336752739e+00  3.32476333207046482e+00

molecule   30
  8.83248989618140357e+00  6.00776991023112572e+00  1.73701112691743798e+00

molecule   31
  7.55763206804515697e+00  4.51594081133501390e+00  1.39571931463586196e+00

molecule   32
  5.31714659974574122e+00  3.45185042826575650e+00  4.12687996221680398e-01

molecule   33
  5.86623127291847979e+00  4.21453778463583184e+00  1.31505040793125594e+00

molecule   34
  7.11174318826795027e+00  2.87532947550930151e+00  8.48766268537226920e-01

molecule   35
  6.97595940140582638e+00  3.66512391521715930e+00  1.53809749351853076e+00

molecule   36
  6.48122337571394880e+00  1.89860073335628754e+00  1.02003793974017398e+00

molecule   37
  6.64574769937398280e+00  2.30740438932598790e+00  3.08650624394928075e+00

molecule   38
  6.09031011002481293e+00  2.98273210200914374e+00  2.61045571868086501e+00

molecule   39
  6.81157453636531240e+00  4.17112575183074963e+00  5.43254868277893710e+00

molecule   40
  3.16129316873225186e+00  9.02328607443964437e+00  2.08481423068768201e+00

molecule   41
  3.24274419869204866e+00  8.83151403991464612e+00  3.30141947242631284e+00

molecule   42
  2.64628667928307104e+00  6.52402772649932849e+00  4.07379969860962809e+00

molecule   43
  1.99459305579633450e+00  5.41119851021640219e+00  5.33222809031558054e+00

molecule   44
  2.73282192854835770e+00  8.78723837422139020e+00  4.29950721093868804e+00

molecule   45
  4.58735851041243325e+00  9.01554359746767098e+00  3.41347347085915054e+00

molecule   46
  1.46712296000480996e-01  9.04704905605612986e+00  4.89934092628026185e+00

molecule   47
  7.46261060570168500e-01  6.97464791895725611e+00  4.28041431695114394e+00

molecule   48
  1.46693482578519940e-01  9.87138980572716207e+00  1.39841890858181594e+00

molecule   49
  4.29741140846169056e+00  1.00508384511400699e+01  1.03970721570007996e+01

molecule   50
  1.07663042743711190e+00  8.62096098713098868e+00  7.82628457642841946e-01

molecule   51
  1.18600885959589131e+00  6.83154755261935165e+00  1.01946483312410923e+01

molecule   52
  1.86889913981012956e+00  8.23442026275833605e+00  1.53398974865470517e+00

molecule   53
  1.94376275612127863e-01  8.42720402208254704e+00  1.09038739783742455e+00

molecule   54
  2.04251908276823002e+00  8.35723036285625831e+00  3.57290884314393598e+00

molecule   55
  1.01320009609567685e+00  8.23550969885159745e+00  3.39941133889968405e+00

molecule   56
  7.50379330824753499e+00  4.59318279884446667e+00  8.52154889154754080e+00

molecule   57
  8.17597669477760469e+00  5.77043372503151986e+00  6.44001721905638647e+00

molecule   58
  9.00793945166693710e+00  5.30895580115350363e+00  6.95598471648045180e+00

molecule   59
  9.73247305176567146e+00  6.48679821080317698e+00  7.23708954990359743e+00

molecule   60
  1.01452740532865384e+01  5.13666148625959540e+00  7.27603119975482038e+00

molecule   61
  3.53101412940578951e-01  3.58575925117987060e+00  9.31177675617195533e+00

molecule   62
  6.74854157714923075e-01  4.66964799598021418e+00  8.42191101606142922e+00

molecule   63
  9.59900218167110530e+00  1.62519414924086281e+00  5.86233670346489699e+00

molecule   64
  7.41727599901023726e+00  4.75920405613177500e-01  1.71869713601497520e+00

molecule   65
  5.90056186831529494e+00  7.89678837501468323e+00  2.97953464735508522e+00

molecule   66
  7.43008784193357119e+00  9.47541006055541679e+00  3.38119467640983062e+00

molecule   67
  8.08548477146147526e+00  9.07392235892290167e+00  2.56809694789723375e+00

molecule   68
  7.89759085622215107e+00  1.01858549967307379e+01  2.33333435225461638e+00

molecule   69
  9.36564412462938378e+00  6.64132841784251027e-01  1.60802469654826075e+00

molecule   70
  8.47292916904070381e+00  1.03556438579195120e+01  1.38496035163995224e+00

molecule   71
  8.46737332149703015e+00  1.24339075130330801e+00  2.44457746889359573e+00

molecule   72
  1.90379524088844315e-01  2.59270405700938911e+00  6.07979588033583163e+00

molecule   73
  2.46284548575012074e+00  2.89711692912789509e+00  7.95909717367787461e+00

molecule   74
  8.98803723974802349e-01  3.67132403911235983e+00  5.46721843469268709e+00

molecule   75
  1.68113966240021284e+00  4.91738931270104462e+00  6.45944270369943752e+00

molecule   76
  6.73330055962182428e-01  3.63026752457800139e+00  7.80191097615997364e+00

molecule   77
  7.11787892812822509e-01  4.61449447583436179e+00  7.04299371766066962e+00

molecule   78
  1.83822695554910287e+00  6.01152694758722905e+00  6.84932307268888607e+00

molecule   79
  1.73360791129225089e+00  7.31089692800203395e+00  8.44102914821852757e+00

molecule   80
  9.84458253506367598e+00  1.01785661444350470e+01  8.35262481262724776e+00

molecule   81
  8.80422665331638710e-01  2.19986080923354650e-02  7.66808443476524637e+00

molecule   82
  4.39688612603550022e-01  9.91685177134363194e+00  9.25905455818049106e+00

molecule   83
  1.33877274764320564e+00  8.81093216919853717e+00  9.50109406985273530e+00

molecule   84
  2.21820078059733694e+00  7.38276207458795586e+00  9.78763102979415045e+00

molecule   85
  9.96274574996633255e+00  9.20272402694160974e+00  4.51110362188605230e-01

molecule   86
  4.26809679454875412e-01  7.68479014075348843e+00  4.41677922312905535e-01

molecule   87
  9.77846904756196444e+00  6.91443633273625036e+00  2.38776193518061630e+00

molecule   88
  5.73629928164763481e+00  1.71481637471010573e+00  8.82016617164815919e+00

molecule   89
  7.07866690723337033e+00  1.28280822595915045e+00  1.01154251401409743e-02

molecule   90
  8.21596811396955573e+00  2.39893644465284206e+00  8.45847244312632540e+00

molecule   91
  8.49259732144554214e+00  4.18573380184485178e+00  8.75971067184768515e+00

molecule   92
  6.64173782033440396e+00  3.44960598726095613e+00  8.32029966689766631e+00

molecule   93
  7.90392525893770070e+00  3.43910802036434493e+00  8.44150690869949827e+00

molecule   94
  6.72442095805502404e+00  2.47330907570272851e+00  8.38163213647968597e+00

molecule   95
  6.76596899845771826e+00  2.22553228205161835e+00  1.12137163607892415e-01

molecule   96
  6.86750264936914778e+00  2.93354047499049297e+00  7.14773421526344865e+00

molecule   97
  8.56312857535967886e+00  3.04884844492069318e+00  7.71166159482698710e+00

molecule   98
  9.13273720376476028e+00  2.54070182717451676e+00  8.92991272245861900e+00

molecule   99
  1.01923237229005537e+01  4.10656354906213128e+00  7.79738186064747207e+00

molecule   100
  1.03965282179796841e+01  5.47659705285810805e+00  8.57496376171563846e+00

molecule   101
  9.98096697021888346e+00  4.40729080274941065e+00  8.83558628070916896e+00

molecule   102
  1.02191791072442637e+01  6.95533147844509081e+00  8.37999104950341689e+00

molecule   103
  4.72569104348427582e-01  4.89955504543701625e+00  9.34716748549813126e+00

molecule   104
  5.79011185482036428e+00  4.02690609365214325e+00  7.06743157762941365e+00

molecule   105
  4.06653357802011328e+00  3.48755096736990877e+00  6.28420376212689913e+00

molecule   106
  4.09548379557385367e+00  4.18546580404222990e+00  7.29622539607999965e+00

molecule   107
  4.40442883429972376e+00  4.38924579044106000e+00  8.61997147122080953e+00

molecule   108
  5.92566261487850987e+00  6.27739206622598545e+00  7.86628769967575003e+00

molecule   109
  5.87721991670662725e+00  5.78549683719892904e+00  6.52142323581086103e+00

molecule   110
  6.37808235922268008e+00  6.62748533924804306e+00  5.95031317217925793e+00

molecule   111
  7.56363142892043072e+00  7.01677447690880651e+00  7.20808745924649141e+00

molecule   112
  1.01280707238641945e+01  1.08234622517853118e+00  3.14768725675528982e+00

molecule   113
  1.15367331904055948e+00  9.67914232797293828e+00  1.31274610207431319e+00

molecule   114
  9.02328350562902060e+00  1.34341286455426423e+00  3.37227194985905676e+00

molecule   115
  9.31292220522492009e+00  2.35892666417067964e+00  2.95352952411420766e+00

molecule   116
  9.31976543027149695e+00  3.70601136318713298e+00  2.48564385410273037e+00

molecule   117
  8.25471032932095383e+00  2.16175204384873876e+00  3.10532355748738764e+00

molecule   118
  7.67953322339605116e+00  2.88359566865643924e+00  2.82073573161622804e+00

molecule   119
  7.43356701464446612e+00  3.24146044749464446e+00  4.15451619539782779e+00

molecule   120
  8.54961419595114691e+00  4.08066810441251526e+00  7.72055702838441604e+00

molecule   121
  7.48954590238216600e+00  3.21038207898065320e+00  5.15907202644948271e+00

molecule   122
  7.64455223414785134e+00  3.57535753493182318e+00  7.36759172960739672e+00

molecule   123
  7.71995862960626855e+00  4.96714972592436155e+00  5.99924817300102298e+00

molecule   124
  8.86363145981701628e+00  3.73119761092045277e+00  4.86929960180874666e+00

molecule   125
  8.62048084432028894e+00  4.22329193415668858e+00  6.33115605927331693e+00

molecule   126
  9.48535389443435761e+00  4.21523335320998882e+00  5.86001766174828020e+00

molecule   127
  8.61405712071095397e-01  5.36002750800291228e+00  4.93358045831750225e+00

molecule   128
  5.31496030044572088e+00  5.75641493735913734e+00  5.37985960813796638e+00

molecule   129
  5.12198176792787763e+00  6.35020191373091425e+00  4.03842881113551666e+00

molecule   130
  5.64058757637965691e+00  9.02838421336609365e+00  3.67049308348653058e+00

molecule   131
  4.88727490126537756e+00  7.96491083689833257e+00  3.33097259847786598e+00

molecule   132
  6.41035206006062008e+00  8.57625741743485470e+00  4.00548039938365452e+00

molecule   133
  5.72196636894750377e+00  6.23443208575378160e-01  2.96809426376213104e+00

molecule   134
  6.85566583486207737e+00  8.69704164809919256e+00  2.81136611244617773e+00

molecule   135
  6.31629823608337837e+00  1.02313249684766756e+01  2.87934460299615047e+00

molecule   136
  6.57047529763393712e+00  6.35107895279575363e+00  1.06937852324359461e+00

molecule   137
  8.39242076176496177e+00  6.31895469384509756e+00  9.79399570674866027e+00

molecule   138
  8.16017775165110493e+00  7.15082445636832009e+00  9.12582254284808769e+00

molecule   139
  8.95644505984740213e+00  7.79222337459706527e+00  1.00646887685995310e+01

molecule   140
  9.11951860134525560e+00  6.72874499033492857e+00  9.01170533572846766e-02

molecule   141
  8.38759953925428725e+00  5.45545580351168802e+00  8.95290218395312820e+00

molecule   142
  6.70516634551441726e+00  5.19869856470744551e+00  9.88117706831661913e+00

molecule   143
  6.26765671233219113e+00  5.26907314988586162e+00  7.59055857995302508e-01

molecule   144
  1.00982691725172202e+01  7.44106254454767857e+00  1.16201847313152484e+00

molecule   145
  1.71856085965033795e-01  8.57108667245056388e+00  2.32108880144597496e+00

molecule   146
  9.53450800302262991e+00  8.74511221941669703e+00  2.56449094150408374e+00

molecule   147
  7.87132483786003245e+00  8.52754197618542165e+00  3.55173852897539266e+00

molecule   148
  7.69540509575634246e+00  8.52351937737886800e+00  1.74247631878251097e+00

molecule   149
  7.29601662205023249e+00  7.83795605820365271e+00  3.08418182476513758e+00

molecule   150
  7.89207272331977983e+00  9.55265159336487635e+00  1.54837066071651841e+00

molecule   151
  9.26056713731517966e+00  9.84329935130853073e+00  1.86396354189896907e+00

molecule   152
  1.64209210432261044e+00  9.05070059727023413e+00  4.85544663021970013e+00

molecule   153
  2.88573145638934081e+00  8.75262621738183100e+00  5.80524611300139703e+00

molecule   154
  3.65785890110950751e+00  8.59795257272221924e+00  6.79251939255115555e+00

molecule   155
  6.48054986578659609e+00  8.16308675865213651e+00  6.12852025501332065e+00

molecule   156
  4.58679389045686303e+00  6.57808074385316388e+00  3.12795036250780534e+00

molecule   157
  4.36309920526936246e+00  6.49737275398713532e+00  5.23757580400838219e+00

molecule   158
  4.39660968804316354e+00  7.10825496069502005e+00  4.10826169514474326e+00

molecule   159
  3.09153771754790219e+00  7.76975238173872107e+00  3.62714743574802334e+00

molecule   160
  4.08284869044854726e-01  2.49374352229066121e-01  4.48928379489082374e+00

molecule   161
  1.18796244211309787e+00  9.60213076498938989e+00  5.74527729996794001e+00

molecule   162
  8.38946674960348915e+00  8.15714529871479854e+00  5.66499509427607073e+00

molecule   163
  9.76266448168717815e+00  9.93931871494802799e+00  4.65795850735236527e+00

molecule   164
  9.53202772235197493e+00  9.64511933903875729e+00  7.02517970699865835e+00

molecule   165
  1.07829555886094752e+00  1.04336581315626624e+01  2.77180119863518737e+00

molecule   166
  1.00597311183284361e+01  1.03767877715104664e+01  3.32988784009445338e+00

molecule   167
  9.82120886944519711e+00  3.11233728473095939e-01  2.36674463843346761e+00

molecule   168
  2.12601172932869797e+00  6.12107982310931575e+00  8.83710242566666615e+00

molecule   169
  2.32583328880755236e+00  5.40964797114031359e+00  9.58127640432157612e+00

molecule   170
  3.79035838262060887e+00  4.30585381232726228e+00  1.02819195598983004e+01

molecule   171
  2.57941070701284847e+00  3.35275389246698818e+00  9.94903603001550785e+00

molecule   172
  4.94366566720884482e+00  4.85885229764739979e+00  9.34121567521661156e+00

molecule   173
  5.71045959923239721e+00  3.97290647873879355e+00  8.29227387724648146e+00

molecule   174
  5.67214052654735212e+00  2.24298930115526396e+00  7.84485425533100056e+00

molecule   175
  6.12179189703757487e+00  2.16258493040818411e+00  6.78826655698034465e+00

molecule   176
  6.52381083092811931e+00  3.37021080118725491e+00  8.97436563568977247e-02

molecule   177
  6.62130495484544834e+00  4.96128139555888126e+00  1.98621088057466944e+00

molecule   178
  4.40919625858747999e+00  4.86456566885385833e+00  1.85696522434632816e+00

molecule   179
  5.25991402533783692e+00  1.93668437406326799e+00  1.82011146861146278e+00

molecule   180
  3.59614594535345411e+00  3.85732481468059119e+00  1.42685662494740950e+00

molecule   181
  4.22750086204974718e+00  1.73098931635876085e+00  2.30637628145294649e+00

molecule   182
  4.24201999609299296e+00  3.24097266027522712e+00  4.87876477307879530e-01

molecule   183
  5.38743632979821552e+00  1.26180046640954369e+00  1.02273050143205779e+00

molecule   184
  8.70775827631018551e+00  8.54169483056206502e+00  9.28085033065360498e+00

molecule   185
  9.27578962332151846e+00  5.84903497720506671e+00  7.93501731168917601e+00

molecule   186
  8.69752255512889505e+00  6.43028424313952129e+00  8.57791685608404819e+00

molecule   187
  8.45538966956546112e+00  7.62666143822313369e+00  6.77568392026510136e+00

molecule   188
  3.03630647280577814e-01  6.24391349091352410e+00  7.93751096359365071e+00

molecule   189
  7.60007744148566733e+00  6.47382108441905491e+00  8.45113370035874389e+00

molecule   190
  7.13715674286672641e+00  7.33481447312751023e+00  8.88621141611856480e+00

molecule   191
  6.14332197384701573e+00  5.20431645002925602e+00  7.29932638177886695e+00

molecule   192
  5.24029196310105583e-01  9.21236350639128609e+00  3.05299138580870189e+00

molecule   193
  1.02269860181057730e+01  9.78888313904617391e+00  2.43574362020496515e+00

molecule   194
  2.41574884407357260e+00  8.17563542470032267e+00  2.42741711834848317e+00

molecule   195
  2.26646839649330056e+00  9.71070846273403454e+00  3.01764025441602435e+00

molecule   196
  2.56524365620439410e+00  6.11506181196019072e-01  2.70098180923590236e+00

molecule   197
  1.43375202096408993e+00  9.33467793289899106e+00  3.60469378937017249e+00

molecule   198
  1.38919787535831274e+00  9.01217005983827768e+00  2.16258385167205480e+00

molecule   199
  3.31369749304333538e+00  9.07129598153178923e-02  3.27771052792686657e+00

molecule   200
  9.19050083540409624e+00  4.73555982185089608e+00  8.24512924156003102e+00

molecule   201
  6.65756300980166937e+00  3.63967215493398033e+00  9.39445750203677399e+00

molecule   202
  7.37868203401524791e+00  5.46509208158640991e+00  9.13739123361660077e+00

molecule   203
  6.50453864777645219e+00  4.76620536031161990e+00  8.77714695487429886e+00

molecule   204
  7.31326101720882527e+00  5.37763842952424564e+00  7.32972116952019803e-01

molecule   205
  6.05393483353849771e+00  4.42954134835974056e+00  2.05500685054491539e-01

molecule   206
  4.68148842517646901e+00  5.66829883754353148e+00  1.00193962210866410e+01

molecule   207
  5.93902933468936300e+00  7.24843309925284807e+00  1.81947833598460318e+00

molecule   208
  7.32009016227388187e+00  3.67473151718557567e+00  6.27379509104096389e+00

molecule   209
  5.58297745277873059e+00  4.01927067406161243e+00  5.93307563519980530e+00

molecule   210
  6.21907787848874882e+00  3.34885009525292343e+00  6.56056616174741958e+00

molecule   211
  4.48312469706336358e+00  4.41386147618218239e+00  4.03581295072745494e+00

molecule   212
  4.60141089029131312e+00  4.11234055907103713e+00  2.77139328915697059e+00

molecule   213
  4.27564831364394582e+00  3.79290430590862337e+00  4.81569083916157492e+00

molecule   214
  2.34724406713713218e+00  2.71963267247994178e+00  6.71016167977562183e+00

molecule   215
  5.25621962042105473e+00  3.28817808871392225e+00  4.38297871127149019e+00

molecule   216
  5.80353264437448413e+00  5.39889291907131597e+00  9.35696080202955827e+00

molecule   217
  6.55654285727144259e+00  7.57460304617834623e+00  9.75314443453659585e+00

molecule   218
  6.16971735288246848e+00  6.30929679042758451e+00  1.15383648907987441e-01

molecule   219
  4.13107709487039632e+00  7.26714818635975135e+00  1.87208377917000779e+00

molecule   220
  4.94338509898824441e+00  7.18507476234834552e+00  9.53623175021397262e-01

molecule   221
  4.63189833074509849e+00  8.83941022157489797e+00  3.64839873167347839e-01

molecule   222
  5.45913638559914993e+00  1.03633454330352262e+01  7.31732621659862303e-01

molecule   223
  7.08679349027542482e+00  9.56868332174533975e+00  2.27187065150640155e+00

molecule   224
  7.43757543923272646e-01  7.55293310781566518e+00  1.44900386406216919e+00

molecule   225
  2.85787275400471508e+00  7.02702295835325597e+00  2.61659410509684331e+00

molecule   226
  3.51906446222543412e+00  9.53594332183926596e+00  4.88608441219920753e-01

molecule   227
  3.88535792319601025e+00  6.39467481072986033e+00  2.37462925460057006e+00

molecule   228
  3.13290663180242168e+00  8.10889812108285213e+00  1.31768771378944405e+00

molecule   229
  4.12602228589854647e+00  7.95633105473588298e+00  8.65918671728881706e-01

molecule   230
  5.92251861828320969e+00  5.63300481928013053e+00  3.61118873736004309e+00

molecule   231
  3.89525595371190514e+00  5.48434253660375681e+00  2.94823084863186313e+00

molecule   232
  5.59069750920783548e+00  8.81927829976424782e+00  4.96563739385154079e+00

molecule   233
  5.66910696032021910e+00  9.92697824079298385e+00  4.79841323778836681e+00

molecule   234
  4.84978888823771026e+00  4.37351805775125502e-02  4.72092047089770261e+00

molecule   235
  7.08960228869219833e+00  9.22630424150143291e+00  4.51269164958457036e+00

molecule   236
  7.06790711049239651e+00  8.23747001553547697e+00  5.40674505776653280e+00

molecule   237
  8.02574990810591160e+00  7.29560134480543576e-01  6.34595506618702476e+00

molecule   238
  6.59924039315875266e+00  1.57885362864246814e+00  7.58164726208383488e+00

molecule   239
  7.68874482290718664e+00  1.23448967539856000e-01  5.50693572358667716e+00

molecule   240
  3.84819773946074084e-01  4.29661092168604419e+00  3.35269128444297149e+00

molecule   241
  2.11182350665972640e+00  3.33618159384841118e+00  5.05579141735775650e+00

molecule   242
  1.02506386084652217e+01  2.14796042236237295e+00  4.49257113413735887e+00

molecule   243
  5.49682238055937411e-01  2.19713109725742139e+00  5.26048952912126655e+00

molecule   244
  1.69594903464219882e+00  1.94243163251234208e+00  6.47198580328865258e+00

molecule   245
  1.03282004769795304e+01  3.01648338856596698e+00  5.10842623905455628e+00

molecule   246
  9.46055940582224508e+00  2.75068399340216851e+00  5.51697534040984738e+00

molecule   247
  9.81159093728008536e+00  4.01910482707579586e+00  4.63515043570810192e+00

molecule   248
  6.28771673815650467e-01  3.78161857673768376e+00  4.43641617793119725e+00

molecule   249
  3.18942004543097557e+00  3.71099959520456890e+00  4.96374114443683201e+00

molecule   250
  2.77027846117539189e+00  3.26004638500721677e+00  3.53589784256686679e+00

molecule   251
  9.50139006948317322e-01  5.41297126937938522e+00  2.91108097442227631e+00

molecule   252
  9.82707061369253942e+00  3.90652371938162268e+00  3.40987795777165825e+00

molecule   253
  9.62004885731931303e+00  3.01596645080831571e+00  4.11565387126460713e+00

molecule   254
  1.03073446145585930e+01  2.22996356138683316e+00  3.22402057789836194e+00

molecule   255
  9.42348675396972268e+00  1.59876331448137865e+00  1.00056718960062252e+00

molecule   256
  9.78013610013853807e+00  2.42551049933324681e+00  1.96118244404073239e+00

molecule   257
  2.13029088012594325e+00  1.02030926013530028e+01  2.12141000798738633e+00

molecule   258
  2.12386416266616429e+00  9.45175357520492532e-01  6.65749076185055966e-01

molecule   259
  2.36918724615512932e+00  9.47507563786204088e+00  1.39621123034219896e+00

molecule   260
  2.83599499573472036e+00  2.04353967210962273e-01  1.49482777536364630e+00

molecule   261
  2.69274451830697625e+00  1.97800457407550079e+00  9.09096237691414122e-01

molecule   262
  1.92827309462644281e+00  2.30933366696729303e+00  1.34479384140180702e+00

molecule   263
  2.35695813494329931e+00  9.51055887508620579e+00  1.03047973358453131e+01

molecule   264
  6.08321920100060343e+00  1.41973436895568872e+00  2.33023393267036649e+00

molecule   265
  6.14085171760219861e+00  4.74080762682384471e-01  1.77719622438195746e+00

molecule   266
  5.60403252381492667e+00  3.84321279957985817e-01  5.52887612627325087e+00

molecule   267
  3.63863616493964459e+00  2.49176163493838576e+00  3.13629305157016525e+00

molecule   268
  5.03314140892655093e+00  1.22556557601150540e+00  2.58762615674125751e+00

molecule   269
  5.07074171980775290e+00  3.56671272089542857e+00  3.41509777768354050e+00

molecule   270
  2.30984670409228698e+00  2.63033526191278533e+00  4.34773232055821879e+00

molecule   271
  3.94887492239985693e+00  2.52443982646779919e+00  4.77956757956322598e+00

molecule   272
  1.33356887138766367e+00  2.62176499455638234e+00  4.61049183334870172e+00

molecule   273
  2.22277957922202507e+00  1.14282146992899936e+00  5.16156538789709085e+00

molecule   274
  1.50261494326060241e+00  2.99001474706353720e+00  7.22336094479992497e+00

molecule   275
  2.07044233929309529e+00  8.68473850355247379e-01  6.26007146409599624e+00

molecule   276
  2.11040071549141395e+00  2.12091704888483257e+00  5.59950792175762668e+00

molecule   277
  2.98327493893995133e+00  1.77457223510056950e+00  6.97336903308021849e+00

molecule   278
  3.12536219808301530e+00  1.74377375191687256e+00  4.97971913639979924e+00

molecule   279
  3.42544265570438178e+00  2.02920969644162019e+00  4.04504300834915309e+00

molecule   280
  1.93884429052994611e+00  6.51780640771039899e+00  2.55736064728780299e+00

molecule   281
  9.41917457724755991e-01  5.94388695810814838e+00  3.86449288431652160e+00

molecule   282
  1.22432736985109192e+00  4.56125341982864629e+00  4.64930589632566527e+00

molecule   283
  1.66861838986618460e+00  3.14955490861352105e+00  5.95518518165481670e+00

molecule   284
  1.92357073736518358e+00  3.78363719031495327e+00  6.72116852959604660e+00

molecule   285
  3.16418868017720012e+00  5.36067573044742307e+00  5.58464412976648550e+00

molecule   286
  2.98262855540363736e+00  3.79352828642633977e+00  6.22077369144887271e+00

molecule   287
  1.80670456773417243e+00  5.41953993137145318e+00  3.85272784081107078e+00

molecule   288
  6.27285868492079679e+00  6.85983353846639510e+00  2.72028698080055609e+00

molecule   289
  6.78281603857639759e+00  5.57566501826842220e+00  4.39261640582751411e+00

molecule   290
  7.45940461056102944e+00  7.12559146102779284e+00  2.25400358343970941e+00

molecule   291
  7.30725479799065791e+00  5.03194222519726431e+00  2.85110904188660630e+00

molecule   292
  7.82732945809436043e+00  6.22358068501422945e+00  1.69328825740667566e+00

molecule   293
  8.65421319622878649e+00  7.51579603148025122e+00  1.95544006580316099e+00

molecule   294
  8.69302157979841539e+00  6.66725159455485805e+00  2.59830091859566936e+00

molecule   295
  7.60829338502453467e+00  4.85773333038988397e+00  4.86698136991955810e+00

molecule   296
  4.76230355358518676e+00  9.25374221337458058e-01  5.90184070430068530e+00

molecule   297
  4.96242974019117078e+00  1.00603371876719887e+01  7.14794433111236316e+00

molecule   298
  4.78483884917759550e+00  9.17189370128227388e+00  6.67735699166339458e+00

molecule   299
  2.57332351703953632e+00  8.53128613896386234e+00  6.76603473747552719e+00

molecule   300
  4.51460700133877335e+00  9.51379763607206286e+00  8.03246054194964465e+00

molecule   301
  2.28366338582505390e+00  9.72275321399812853e+00  6.01793699572737406e+00

molecule   302
  1.55024884886080949e+00  8.98485798587188533e+00  6.80127893579885079e+00

molecule   303
  1.22594808825116863e+00  9.41701860927512691e+00  8.51090882075453514e+00

molecule   304
  2.59770397938934083e+00  2.33424475956355870e+00  9.58129923042216447e+00

molecule   305
  2.74298480958472535e+00  9.59752218586813655e+00  7.29845461806674312e+00

molecule   306
  3.36915920444314221e+00  8.27284036638978293e+00  9.79047874231191528e+00

molecule   307
  2.42742048633195351e+00  1.01823035696072512e+01  6.09894508101777144e-01

molecule   308
  3.45855749089305664e-01  1.27720164019964944e-01  5.63425156748089684e-01

molecule   309
  1.49218263290806008e+00  1.03336030244658517e+01  9.37286022337913494e+00

molecule   310
  2.15488638267215071e+00  8.37160352589381418e+00  1.02478523981057954e+01

molecule   311
  3.67346290856881241e+00  8.01213909521081469e+00  8.57505459858219865e+00

molecule   312
  8.63774789008174260e+00  1.84568101121861505e+00  6.44810483321908934e-01

molecule   313
  8.86729008550126174e+00  3.11352548549383901e+00  1.03918588980237487e+01

molecule   314
  9.31556740904402503e+00  2.80655990458616156e+00  8.20684254964068272e-01

molecule   315
  1.03562480978989679e+01  4.10526657053657207e+00  6.43312562846042546e-01

molecule   316
  8.48868535683019942e+00  4.97656909619726751e+00  1.73915624236600497e+00

molecule   317
  1.63610393220353811e-01  5.13480421447942437e+00  8.64919611235345331e-01

molecule   318
  5.58629035113636374e-01  5.48679426246195501e+00  1.03773803049007096e+01

molecule   319
  1.53583985747127311e-01  6.17278996390026702e+00  1.09308161484790434e+00

molecule   320
  8.56098518611671366e+00  1.63536566042624371e-01  7.40219003535079612e+00

molecule   321
  6.71248659339481257e+00  4.81278090966526906e-01  9.11277488749436593e+00

molecule   322
  9.19965708220696854e+00  8.25362177648604756e-01  9.69767172776433029e+00

molecule   323
  7.87078897353136941e+00  1.02785011551688470e+01  8.09948722662421261e+00

molecule   324
  6.04052802313673176e+00  9.51520188337095796e+00  6.97627718046059631e+00

molecule   325
  6.99351573322837883e+00  9.97118812333272864e+00  8.87191236801423599e+00

molecule   326
  7.64372094012099623e+00  7.97388344856046594e+00  7.32561068459832754e+00

molecule   327
  7.65745223826644406e+00  8.31263233917235667e+00  8.89719485977427738e+00

molecule   328
  2.52721423042909565e+00  4.20194163872806126e+00  2.10195508854473756e+00

molecule   329
  1.81391893327211617e+00  1.70700117823290043e+00  9.54721582620693709e+00

molecule   330
  2.43813319094587078e+00  3.40472262662971836e+00  1.22056536698717144e+00

molecule   331
  2.83828674824021787e+00  4.70253372320157581e+00  1.01025772850047737e+01

molecule   332
  2.34769768393644274e+00  4.19517868670281224e+00  9.19699846979832891e+00

molecule   333
  1.64616876527989242e+00  4.82049040201098578e+00  1.03347059392925154e+01

molecule   334
  3.69459392563260991e+00  5.77565465789512178e+00  4.01853394115701257e-02

molecule   335
  5.60278125393204274e+00  3.79141556898201060e+00  9.64059022817560596e+00

molecule   336
  4.14427080897259437e+00  1.77927010481097714e+00  5.43001605825284273e+00

molecule   337
  5.55249144452158827e+00  1.27809666695911339e+00  6.68709504685385969e+00

molecule   338
  7.39174769699048628e+00  7.53107035873020858e-01  7.72385106349318473e+00

molecule   339
  5.98039908903437922e+00  8.61752438519412300e-01  8.31265591006604332e+00

molecule   340
  4.51515217454216433e+00  7.07799940695206020e-01  9.31414780274024778e+00

molecule   341
  5.14422369673448276e+00  2.46280499020577848e+00  6.95505669947539218e+00

molecule   342
  3.65791572744436877e+00  1.37818172217645007e+00  7.87361226174634066e+00

molecule   343
  4.55658159881534619e+00  1.68028315886454616e+00  6.66715571158982812e+00

molecule   344
  9.47074659137024533e+00  5.67421876072552500e+00  2.45086067942244101e+00

molecule   345
  1.11690183948375843e+00  6.32683264928343725e+00  1.67078009971294916e+00

molecule   346
  1.02505787549573029e+01  6.37587178668407795e+00  1.03843969137041778e+01

molecule   347
  9.35196954823983795e+00  7.59793579730592228e+00  8.90707183489640641e+00

molecule   348
  9.90289129490201070e+00  6.33723773764588394e+00  9.16070457902897495e+00

molecule   349
  9.75663991542175757e-01  6.70774171961486410e+00  7.42717441368614173e-01

molecule   350
  4.87725464046322943e-01  6.08597907805421112e+00  9.55587228858026094e+00

molecule   351
  1.03750657440332317e+00  5.66739779312331304e+00  8.88806308938723255e+00

molecule   352
  3.71516644180741995e+00  9.08105919259578265e+00  9.09799205418243595e+00

molecule   353
  4.13076558644062874e+00  6.96936245030623081e+00  6.34927324376278168e+00

molecule   354
  5.21658156445192134e+00  6.95519495555716638e+00  8.34708779040051141e+00

molecule   355
  4.59323791642570356e+00  7.84394247785870657e+00  6.78886218026005306e+00

molecule   356
  6.08358757079013479e+00  8.28279415487487469e+00  7.14509183314205121e+00

molecule   357
  5.01464997678403446e+00  8.19734762486955937e+00  5.66834925178576299e+00

molecule   358
  5.54526462347344040e+00  7.61863778707200989e+00  6.30897165898252066e+00

molecule   359
  8.06376814936451680e+00  6.65937270691975591e+00  6.10781331646356485e+00

molecule   360
  2.06496225693550128e+00  3.42849632006263949e-01  1.02846178303295357e+01

molecule   361
  3.51966068361336726e+00  1.09252279737508640e+00  8.00939067857558862e-01

molecule   362
  5.17122484003884697e+00  1.04412043475429908e+01  1.01705069085920137e+01

molecule   363
  5.27643176205564579e+00  1.83176858235153639e+00  1.01753837186065148e+01

molecule   364
  4.52860829234269513e+00  4.98427486245905438e-01  6.24382318401743519e-01

molecule   365
  3.70385629806890737e+00  6.14370138361626017e-01  9.92773079428170035e+00

molecule   366
  5.20205642091443377e+00  2.76719324424670488e+00  8.87486334559709000e+00

molecule   367
  3.78278455156823679e+00  1.95516137305764470e+00  9.77517419976351931e+00

molecule   368
  8.10078332139621260e+00  8.72101355250608101e+00  4.57991832776800845e+00

molecule   369
  5.77152613076719589e+00  7.65711765060791905e+00  5.31334099163364915e+00

molecule   370
  7.61986964713588755e+00  6.30035310762938927e+00  3.63549179317782478e+00

molecule   371
  7.42499745133935640e+00  6.16026400027444510e+00  4.88608386702904429e+00

molecule   372
  7.00626041943602562e+00  6.05693960869503023e+00  7.14411059428289530e+00

molecule   373
  8.48739983931639408e+00  6.64558724728730166e+00  7.48057772985010772e+00

molecule   374
  7.21935983140783755e+00  6.36073228874201479e+00  9.64329997792912685e+00

molecule   375
  6.03652431855037541e+00  7.20788706936522328e+00  8.89726002724149012e+00

molecule   376
  8.40971058963619456e+00  3.39844999653442725e+00  5.72358222704421404e+00

molecule   377
  9.42451191984395287e+00  1.47987776458801212e+00  4.30006596318283307e+00

molecule   378
  8.60230548926340610e+00  2.54932665078031917e+00  4.83364667115808633e+00

molecule   379
  9.94426406964562126e+00  1.26477636087234901e+00  6.77622715380135343e+00

molecule   380
  8.65602967734684725e+00  2.99804111539263163e+00  3.59711758797439263e+00

molecule   381
  8.96003669919621792e+00  3.88179563448798515e+00  3.92279661659603862e+00

molecule   382
  8.66359972078035945e+00  4.74042354385349629e+00  2.68432643934552839e+00

molecule   383
  8.26684760637055049e+00  2.75661108936653987e+00  1.32522546332759772e+00

molecule   384
  7.40554892981886681e+00  8.28503696038705151e+00  9.87797578785771435e+00

molecule   385
  5.52188787707006412e+00  6.51968803898745719e+00  9.61838134485397944e+00

molecule   386
  5.16676444585129602e+00  7.27593541126798993e+00  1.01512744164758431e+01

molecule   387
  5.38801973271588430e+00  6.29533566631781749e+00  8.85587669368724129e-01

molecule   388
  6.97377159084453524e+00  6.93341866138416929e+00  1.04160541157194757e+01

molecule   389
  6.85418313728545403e+00  7.81028655316788711e+00  1.82495370733513917e+00

molecule   390
  9.12119648905206581e+00  7.12884389962692744e+00  1.19751348188772178e+00

molecule   391
  8.83282051013312142e+00  8.72803479771954827e+00  1.70559393221917976e+00

molecule   392
  8.02422818116455616e+00  2.16233406964367703e+00  5.64977222485985031e+00

molecule   393
  9.81641872587183606e+00  5.85630907378755228e-01  5.97828457473982855e+00

molecule   394
  9.74708957365555761e+00  1.39767428716443076e+00  7.86258317082986125e+00

molecule   395
  1.01218338630150217e+01  3.84730598379731559e+00  6.58700796629257557e+00

molecule   396
  8.11224512734017900e+00  2.93274415599320148e+00  6.63926588018111108e+00

molecule   397
  7.40769156712297505e+00  2.12584467522012854e+00  6.61746590292836245e+00

molecule   398
  5.95066211120798005e+00  3.46708191952185107e-01  6.61960632541303262e+00

molecule   399
  4.97744004181339506e+00  3.65159511950608051e+00  6.73233130277289504e+00
