BOUNDARY

orthorhombic    1.0455159000e+01    1.0455159000e+01    1.0455159000e+01

MOLECULES

species    0
nMolecule  50

molecule  0
    4.4603799871e+00    1.0143082512e+01    6.7427368773e+00
    5.4160481431e+00    1.0029111882e+01    7.0400097414e+00
    6.0068319231e+00    9.5593521615e-02    7.6155946864e+00
    5.1969114869e+00    3.2237005608e-01    8.1817658890e+00
    4.9327570341e+00    1.1513378317e+00    8.6988713953e+00
    4.2129034363e+00    1.6209289656e+00    9.2250556345e+00
    3.5044125745e+00    2.3089364135e+00    9.2141202224e+00
    3.9449128856e+00    2.9766286890e+00    9.8101371644e+00

molecule  1
    6.1835106774e+00    2.0984205351e+00    1.4294886181e+00
    5.7616523515e+00    2.1760711486e+00    2.3459874330e+00
    5.9756370817e+00    3.1281353677e+00    2.4713264648e+00
    5.4404732737e+00    3.2797470821e+00    3.2638266541e+00
    4.7253267940e+00    2.8634171147e+00    2.7333768038e+00
    4.4472658389e+00    3.5045892472e+00    3.4210910597e+00
    3.7992004236e+00    3.7663130541e+00    4.1885568647e+00
    3.3479685631e+00    4.5727949268e+00    3.8397821763e+00

molecule  2
    8.6570355949e+00    8.3962158251e+00    4.8903683395e+00
    9.6400281621e+00    8.5139914672e+00    4.5914979028e+00
    9.0366821863e+00    9.1348019307e+00    4.1097396896e+00
    8.9770549496e+00    9.1466300274e+00    3.0841543555e+00
    9.7172756278e+00    9.7108796422e+00    3.4485349956e+00
    9.7373027986e+00    9.7780211156e+00    4.4671622290e+00
    8.9955823718e+00    9.4353258904e+00    5.0370839722e+00
    8.1501075184e+00    1.0026221018e+01    5.1110514922e+00

molecule  3
    3.8019159307e+00    7.5328904597e+00    6.8541355752e+00
    3.5720501991e+00    6.8572015817e+00    7.5727303414e+00
    3.7535818768e+00    6.7339625656e+00    8.5878475351e+00
    3.9977322785e+00    7.6823007746e+00    8.4559140703e+00
    2.9866540816e+00    7.5478621787e+00    8.3660189566e+00
    2.0810364351e+00    7.7057961493e+00    8.0199635068e+00
    1.3511770680e+00    8.0366309619e+00    7.3809239529e+00
    9.3598624949e-01    7.6851668748e+00    8.1679272827e+00

molecule  4
    4.2108000674e+00    1.1886306738e-01    2.8206416662e-01
    3.5279484342e+00    1.0260079667e+01    1.0047988864e+01
    2.8232189992e+00    1.0098851266e+01    9.3734390273e+00
    1.9707298890e+00    9.5931736782e+00    9.2424417684e+00
    1.6351626308e+00    9.9456630882e+00    8.3796878904e+00
    1.7714739003e+00    9.4070462087e+00    7.5365271530e+00
    2.3884775687e+00    8.7066796119e+00    7.3576688548e+00
    2.4206422412e+00    8.8926205774e+00    6.3729068637e+00

molecule  5
    2.5086616465e+00    8.0157507964e+00    4.2283398873e+00
    2.9037617917e+00    7.3731106967e+00    4.9054774483e+00
    2.9406486286e+00    8.1529975793e+00    5.5044678239e+00
    3.9380329767e+00    8.2142593691e+00    5.5022069173e+00
    4.9078354459e+00    8.0394323852e+00    5.5423963127e+00
    5.3401121004e+00    7.6110333547e+00    4.7508672901e+00
    6.1809952056e+00    8.0875760970e+00    4.8067208562e+00
    6.8784032793e+00    7.9281592956e+00    5.5632661670e+00

molecule  6
    1.0110854609e+01    1.7194990543e+00    4.5901490489e+00
    4.7663673479e-01    2.2524383885e+00    4.6462907163e+00
    1.0165709878e+00    2.5470638379e+00    5.4313148711e+00
    1.5231969960e-01    2.9853949417e+00    5.2533342004e+00
    9.6281420815e+00    3.0707817771e+00    5.0158288649e+00
    8.7210328179e+00    2.7044668826e+00    5.2391155706e+00
    8.1503854628e+00    3.1625491117e+00    5.9293804310e+00
    9.0242984954e+00    3.5887838415e+00    5.7490694655e+00

molecule  7
    5.6683394444e-01    9.6037906466e+00    3.8180793197e+00
    3.0919664955e-01    9.5111526566e+00    2.8201737784e+00
    1.1810591673e+00    9.7124310105e+00    2.3584608313e+00
    1.0981676740e+00    8.7601188510e+00    2.1294963560e+00
    2.7829182314e-01    8.4017600027e+00    2.4815334838e+00
    1.0404424985e+01    9.2501651512e+00    2.0076398798e+00
    9.5102365486e+00    9.3099199307e+00    1.5836673936e+00
    1.0236155368e+01    9.8067015946e+00    1.1312822282e+00

molecule  8
    1.0259431713e+01    9.1426903691e+00    1.0023725974e+01
    1.0419887399e+01    8.7234142800e+00    4.5556049487e-01
    6.4266439237e-01    8.1565220594e+00    3.7446835772e-02
    6.9659900131e-01    8.1773486173e+00    1.0494825625e+00
    2.1282146360e-01    7.3499240136e+00    6.9087677666e-01
    1.0211065498e+01    7.1303454872e+00    1.0237894227e+01
    3.7799902971e-01    7.4977926795e+00    9.5885651506e+00
    9.9501345035e+00    7.9589272559e+00    9.5483335940e+00

molecule  9
    5.4585319986e+00    3.8890780324e+00    9.4692833135e+00
    5.9235714224e+00    4.7224555885e+00    9.2981762891e+00
    5.1654051282e+00    4.8846223098e+00    9.9244335317e+00
    4.7922508394e+00    4.6826184407e+00    3.8938456853e-01
    4.1606027860e+00    5.4098237588e+00    6.0225665444e-01
    3.9808701626e+00    6.2911996067e+00    9.6385262859e-01
    3.0684592822e+00    5.9504795035e+00    1.1995146547e+00
    2.7080414934e+00    6.3335370151e+00    2.0348527338e+00

molecule  10
    6.4578813647e+00    1.0308961201e+01    8.9090545436e+00
    7.0258004488e+00    6.1582853549e-01    8.6635338784e+00
    7.2694487528e+00    1.3417954353e+00    9.2960957928e+00
    7.9951447368e+00    1.3552902013e+00    8.6460536004e+00
    8.5398814380e+00    8.2733327752e-01    7.9926475961e+00
    8.3812887535e+00    4.5022603423e-01    7.1243076780e+00
    7.6380008000e+00    1.0262576983e+00    6.7348645912e+00
    6.9377253283e+00    1.0929741411e+00    7.5083736960e+00

molecule  11
    3.7704785593e+00    5.7129395208e+00    8.3988735127e+00
    3.2939910359e+00    4.8998843918e+00    8.7530537617e+00
    2.7936370903e+00    4.6708569204e+00    9.5452501130e+00
    2.9622878537e+00    3.9851929951e+00    1.0213382570e+01
    2.6543406101e+00    3.3588732483e+00    9.4301466328e+00
    2.0909831693e+00    3.4124152091e+00    1.0262158327e+01
    2.6733067798e+00    2.6006675775e+00    1.0083114859e+01
    2.3915791747e+00    1.7490763281e+00    9.6881246213e+00

molecule  12
    9.0249081795e+00    3.1496230222e+00    1.0832659089e+00
    9.6813037454e+00    3.8868617695e+00    1.1993501740e+00
    9.9477091323e+00    3.2125837741e+00    6.0803597148e-01
    9.8144444315e+00    2.4059151496e+00    1.2036655321e+00
    1.0251431286e+01    1.5529756994e+00    9.4202029580e-01
    4.4609461092e-01    2.1594185391e+00    1.3236693019e+00
    6.0480129519e-01    2.8467637298e+00    5.9667259605e-01
    4.5647282763e-02    2.3454221104e+00    1.0407528737e+01

molecule  13
    8.9098255893e+00    7.3737155200e+00    5.0413610662e+00
    8.0824452486e+00    7.2305905362e+00    4.5532804787e+00
    7.4224804387e+00    7.1453396649e+00    5.3047420176e+00
    7.8248727843e+00    6.5700611687e+00    5.9938031713e+00
    8.3704002660e+00    7.4164277277e+00    6.0632247092e+00
    9.3836802270e+00    7.5403358549e+00    6.0630411028e+00
    9.5480141717e+00    6.5890909195e+00    6.0618531051e+00
    9.8879999385e+00    6.0666272605e+00    5.2593119785e+00

molecule  14
    7.1875756642e+00    2.2865574696e+00    8.6127297955e+00
    7.6342528857e+00    3.1840698265e+00    8.7082084710e+00
    8.0520039075e+00    3.9867084940e+00    8.2881584729e+00
    8.9637715227e+00    4.1369717871e+00    8.6394627898e+00
    9.6396231417e+00    3.6432084951e+00    9.1316944597e+00
    9.4177091802e+00    2.9661699819e+00    9.7943044746e+00
    9.3064721664e+00    1.9321279715e+00    9.6601104936e+00
    1.0134085174e+01    1.4258414692e+00    9.8938126584e+00

molecule  15
    8.8588398294e+00    7.1698460880e+00    7.9882572732e+00
    9.5928297934e+00    7.1581687773e+00    8.6986016435e+00
    1.0078056756e+01    7.0901410781e+00    7.8741717203e+00
    3.4452151846e-01    6.5690999605e+00    7.4251548231e+00
    1.0223634280e+01    6.9754052179e+00    6.7758295157e+00
    9.5236388995e+00    7.6258293270e+00    7.1148049121e+00
    1.0051137296e+01    8.4223816099e+00    7.3725160933e+00
    1.2106772144e-01    8.2881358912e+00    8.2226697486e+00

molecule  16
    1.4707320622e+00    1.2578715454e+00    2.1985175514e+00
    5.2803354838e-01    1.0545682390e+00    2.3781745763e+00
    1.0200133632e+00    3.7897687784e-01    1.8389233327e+00
    1.2405782667e+00    1.1165853607e+00    1.1943079331e+00
    1.6145296905e+00    5.0317933192e-01    5.3574715600e-01
    6.3664757105e-01    3.2655413667e-01    7.8435994003e-01
    2.1106094867e-01    1.0000875676e+00    1.7388076783e-01
    2.0844104856e-01    2.8935426102e-01    9.8496280837e+00

molecule  17
    5.9261708175e+00    9.1728200221e+00    1.5451681755e+00
    6.1020492722e+00    9.1393899480e+00    5.3937701499e-01
    5.2640009224e+00    8.6942380733e+00    6.5254346457e-01
    4.6993215817e+00    9.3291847381e+00    1.4895328661e-01
    4.2350821788e+00    8.4969741696e+00    1.0380385899e+01
    4.5924152398e+00    8.9464328078e+00    9.5793615017e+00
    4.1885549152e+00    9.6825080417e+00    9.0314252844e+00
    4.5917553731e+00    1.0078476696e+01    9.8512629777e+00

molecule  18
    6.3856899490e+00    3.3014846609e+00    3.7753944322e-01
    5.8485135318e+00    3.0083755429e+00    1.0026129436e+01
    4.9679228961e+00    3.3391798087e+00    1.0307065201e+01
    4.2059326735e+00    3.4894422557e+00    4.4250531053e-01
    3.6843733217e+00    3.4393395709e+00    1.2843542412e+00
    3.0880785358e+00    3.1957570585e+00    5.0743770152e-01
    2.4467050391e+00    3.3669440272e+00    1.2661321119e+00
    2.7254458541e+00    4.2507158240e+00    8.9777547747e-01

molecule  19
    6.6054013485e+00    1.6435668755e+00    6.1655174524e+00
    5.8729451393e+00    1.3441559619e+00    5.5766526473e+00
    6.7972431264e+00    1.5377844226e+00    5.2286348045e+00
    6.6145163814e+00    2.4877899492e+00    4.9524412189e+00
    5.8570964370e+00    1.9230194857e+00    4.7305585063e+00
    5.6471109366e+00    9.8877300465e-01    4.4575380281e+00
    5.6238983909e+00    1.2840174513e-01    4.8891252671e+00
    6.5196782818e+00    6.1325826656e-01    4.7179323849e+00

molecule  20
    8.3060649522e+00    6.3529742745e+00    4.9705439964e+00
    7.9450413171e+00    5.5168383786e+00    5.2953326809e+00
    6.9640696368e+00    5.8191593099e+00    5.0904075816e+00
    7.1992669355e+00    4.8648500546e+00    4.8250470646e+00
    6.3493939602e+00    4.5155003022e+00    4.3471197584e+00
    6.4809299160e+00    3.7122896714e+00    4.9166659601e+00
    6.9840705140e+00    3.2588945268e+00    4.2217899905e+00
    7.1933634669e+00    4.0416455350e+00    3.6665998911e+00

molecule  21
    2.1884124209e+00    5.7920418834e+00    7.7148099574e-01
    2.6654767089e+00    5.1321820968e+00    2.0456966023e-01
    1.8785942073e+00    5.4915455427e+00    1.0165784912e+01
    2.5126895418e+00    6.2480173466e+00    1.0039271786e+01
    1.8576340767e+00    6.6736354136e+00    2.2335439283e-01
    1.6925904340e+00    7.6734955874e+00    1.9253024173e-01
    1.6748787893e+00    8.6730737250e+00    1.0351425807e+01
    2.5067065430e+00    9.2478265187e+00    1.0121230292e+01

molecule  22
    7.7368019322e-01    6.3934769260e+00    8.4248232216e+00
    5.7541111107e-01    6.2716480576e+00    9.4130041135e+00
    9.2534706935e-01    5.9050474307e+00    1.0286232486e+01
    1.0448915139e+01    6.0604072649e+00    1.6424142999e-01
    9.5272208549e+00    5.7571421220e+00    3.5493473960e-01
    9.6782378460e+00    5.0704540721e+00    1.0611610834e+00
    1.0052763634e+01    4.5623684655e+00    1.8619299400e+00
    9.8104528448e+00    3.7122578512e+00    2.3423519731e+00

molecule  23
    3.6749715278e+00    8.7364005059e+00    2.0048555425e+00
    3.7262242024e+00    8.6770107300e+00    2.9531572362e+00
    2.9694094611e+00    8.3349711020e+00    3.4719251234e+00
    3.2185300668e+00    7.3810284606e+00    3.4018363778e+00
    3.2060121623e+00    6.4714891800e+00    3.7959745539e+00
    3.6207635295e+00    5.6745922371e+00    3.4967722500e+00
    3.4651086690e+00    5.6371478715e+00    2.5173842769e+00
    4.0207454115e+00    6.3444468703e+00    2.9341644917e+00

molecule  24
    8.4658263065e+00    1.0326193269e+01    8.6363304218e+00
    7.5819052034e+00    1.0330931828e+01    8.2522439701e+00
    7.9142654334e+00    9.3606735769e+00    8.4674636808e+00
    7.5066698005e+00    8.5088352184e+00    8.1321983956e+00
    6.5336160083e+00    8.1323463375e+00    8.2429294654e+00
    5.8449728116e+00    8.4569115241e+00    8.9123642356e+00
    5.0747569173e+00    8.2628586068e+00    8.2272844122e+00
    4.3783399264e+00    8.0867325368e+00    7.5210757704e+00

molecule  25
    9.2683373159e+00    5.9310201566e+00    1.5216103950e+00
    1.0240458669e+01    6.0526736587e+00    1.4647737197e+00
    3.7685094174e-01    5.4865070270e+00    9.1399913871e-01
    6.5724114630e-01    6.4185553632e+00    8.4472649520e-01
    1.2389950584e+00    5.7988490729e+00    1.4344066029e+00
    1.6053745097e+00    6.6393997091e+00    1.2777068264e+00
    1.8373538463e+00    6.8750843818e+00    2.2240425483e+00
    1.6524120891e+00    7.8751938908e+00    2.1488344410e+00

molecule  26
    1.0440343738e+01    3.2899820149e+00    9.8197621164e+00
    1.0312848431e+01    2.8761847519e+00    8.9327580633e+00
    3.1332153693e-01    3.6976683268e+00    8.6418485723e+00
    9.8573701495e+00    3.8683271068e+00    8.1619004786e+00
    1.0304573244e+01    3.2667427960e+00    7.5203943260e+00
    2.9120392820e-01    2.3460049048e+00    7.4089839469e+00
    3.6794083184e-02    2.6414520250e+00    6.4827545904e+00
    2.8967175613e-01    1.7166820623e+00    6.3350931653e+00

molecule  27
    1.0321736622e+01    1.0257426648e+01    2.1033885206e+00
    1.0371650875e+01    1.9945039272e-01    3.0529818967e+00
    7.8547692823e-01    3.0617537709e-01    3.5578567200e+00
    6.3334138953e-01    1.3132353129e+00    3.6436204125e+00
    1.0231562452e+00    2.2377011040e+00    3.7301433397e+00
    1.6966720809e+00    1.5307112537e+00    4.0810738582e+00
    1.9217714702e+00    2.4871259219e+00    4.1228780449e+00
    1.7740066792e+00    3.0899314061e+00    4.8815863247e+00

molecule  28
    5.0664581512e-01    4.8770683555e+00    8.7061706445e+00
    1.1548005885e+00    4.4780854546e+00    9.3929176717e+00
    1.5975366714e+00    4.3706073076e+00    8.5218710426e+00
    1.9627902919e+00    5.2502311799e+00    8.2252158020e+00
    2.0897957680e+00    5.3507738103e+00    9.2238036825e+00
    1.7989017773e+00    6.2521577327e+00    8.9353040175e+00
    2.8169875991e+00    6.4378834279e+00    8.9124051615e+00
    2.5213302324e+00    6.3988929224e+00    7.9537314651e+00

molecule  29
    8.6369894749e+00    3.1066413702e-01    6.1760894220e+00
    9.1281623416e+00    1.0102497593e+00    5.7294415458e+00
    1.0125091670e+01    1.1260644751e+00    5.6839098229e+00
    9.8668642155e+00    2.0160873415e-01    5.4107444967e+00
    2.1898897776e-01    1.0255750010e+01    4.9628472554e+00
    7.4386103866e-01    6.8280545672e-01    4.8946718129e+00
    1.2054158259e+00    1.3963936275e+00    5.4659756646e+00
    1.5928518212e+00    1.0500629932e+00    6.3403544540e+00

molecule  30
    4.2991184151e+00    7.2322427007e+00    5.0934835712e+00
    5.0610101618e+00    7.0297587221e+00    5.6689276373e+00
    5.9263297384e+00    7.5358552143e+00    5.7640161933e+00
    6.2739412288e+00    6.5964288376e+00    5.7094180676e+00
    6.2171018358e+00    7.0937113253e+00    6.5729377611e+00
    7.0654971838e+00    6.5927981282e+00    6.8040026515e+00
    7.9034624823e+00    6.1746207450e+00    7.1416338812e+00
    7.2863635514e+00    5.4887664280e+00    6.7788397564e+00

molecule  31
    5.9039220975e+00    7.5589624398e+00    2.6859003089e+00
    6.9166251737e+00    7.4479034167e+00    2.8181761595e+00
    6.3215032259e+00    7.0996837392e+00    3.5284862132e+00
    5.3347587296e+00    7.1807688151e+00    3.7680273200e+00
    4.3734488214e+00    7.4118065109e+00    3.7189420075e+00
    4.4803909586e+00    8.1443184639e+00    4.3804283352e+00
    4.6973718293e+00    8.4506153710e+00    3.4764501553e+00
    4.6857620829e+00    7.7981789237e+00    2.7556428444e+00

molecule  32
    9.3809791558e-01    9.5874800521e+00    9.6324802673e-01
    1.0577412967e+00    9.5207444124e+00    1.0428173145e+01
    1.1116394658e+00    9.0628998663e+00    9.5883808715e+00
    3.4911021727e-01    9.2713964986e+00    8.9620032806e+00
    8.7620942032e-01    9.3096430638e+00    8.1082706732e+00
    1.3769652447e+00    8.5513797510e+00    8.5610463411e+00
    1.3275165380e+00    7.7792183062e+00    9.1900330786e+00
    1.4179901139e+00    7.0091706799e+00    9.8064879445e+00

molecule  33
    8.4663195242e+00    2.9735083786e+00    9.2540999461e+00
    9.2600244396e+00    2.7972489012e+00    8.6648473559e+00
    9.6773973268e+00    1.9396544211e+00    8.5822166601e+00
    8.6343511149e-02    1.4283908986e+00    8.5118796754e+00
    9.8963165926e+00    1.2678867882e+00    7.7580787031e+00
    9.5948656035e+00    1.8481394683e+00    6.9924316995e+00
    8.6976266738e+00    1.5045673371e+00    7.0880197125e+00
    8.4213152845e+00    2.0620750313e+00    7.8914619586e+00

molecule  34
    6.3497797153e-01    3.7210543436e-01    6.5771723128e+00
    1.0158608612e+01    4.1553629218e-01    6.7828435788e+00
    2.9840202071e-01    2.7395208438e-01    7.5865062776e+00
    9.0527358002e-01    1.0305590418e+00    7.8003187792e+00
    1.1681147838e+00    1.6673432693e+00    7.0771107011e+00
    2.1635813153e+00    1.8698904594e+00    7.1795089860e+00
    2.7461100141e+00    1.6298748894e+00    6.3941829478e+00
    3.1898640613e+00    2.1558642827e+00    5.6509591835e+00

molecule  35
    1.5032436467e+00    3.5689361473e+00    9.1936300042e+00
    1.5473535841e+00    2.5976709103e+00    9.4472090301e+00
    1.5202362332e+00    2.6414810501e+00    1.0449456511e+01
    1.6609278184e+00    2.6765292704e+00    9.9171040843e-01
    1.5758986841e+00    2.1745678203e+00    1.8351215999e+00
    1.1950587161e+00    2.8492606350e+00    2.5187522608e+00
    2.0757474152e-01    2.9455003677e+00    2.7042507097e+00
    1.0322611789e+01    2.1256669856e+00    2.2115057081e+00

molecule  36
    9.9846404700e+00    1.0023358373e+01    9.4777608224e+00
    9.0863321531e+00    1.1172452437e-02    9.5149264824e+00
    9.2991251627e+00    8.5783464445e-01    8.9567033110e+00
    8.5376595311e+00    1.0601827501e+00    9.5617453187e+00
    8.1600712516e+00    3.9615959571e-01    1.0231029304e+01
    7.2907988301e+00    1.3615773499e-01    9.8193787722e+00
    7.5234788144e+00    9.6144831928e+00    9.7706679178e+00
    8.4981346664e+00    9.4964076944e+00    9.7882920811e+00

molecule  37
    2.2036013606e+00    3.4261880672e+00    8.4386844736e+00
    2.3459594229e+00    3.1861722312e+00    7.4999756762e+00
    1.5593298133e+00    2.8673231863e+00    7.0692764095e+00
    1.1813179318e+00    3.3107448465e+00    6.2930908394e+00
    1.8629588307e+00    3.9253747415e+00    6.6635331849e+00
    1.7191233414e+00    4.5633023232e+00    7.4180729215e+00
    2.7166925683e+00    4.5345305935e+00    7.5560962921e+00
    3.0204281830e+00    5.4980104927e+00    7.5188644849e+00

molecule  38
    2.1450011280e+00    5.4905925895e+00    3.5374175773e+00
    1.6410095658e+00    5.4657251463e+00    4.4041123707e+00
    2.4542647628e+00    4.8641292510e+00    4.4794005560e+00
    2.2571078064e+00    4.4101451521e+00    5.3649178578e+00
    3.1148276899e+00    4.0935167879e+00    5.0288440300e+00
    2.7621963616e+00    3.1782333026e+00    4.9099612592e+00
    3.1656767023e+00    3.3211278641e+00    5.7924609643e+00
    3.0392393058e+00    3.7495852768e+00    6.7023041389e+00

molecule  39
    4.5972647229e+00    2.8270774917e+00    8.3197424221e+00
    5.2312123600e+00    3.5351293887e+00    7.9646088314e+00
    5.6318189782e+00    4.2275004329e+00    7.4114471362e+00
    5.8696337323e+00    3.3462849780e+00    7.0066341139e+00
    5.9165120259e+00    2.4404044263e+00    7.3362958801e+00
    6.8974694946e+00    2.1816834609e+00    7.1275952217e+00
    7.4845815914e+00    3.0056345288e+00    6.9690826792e+00
    6.7485089794e+00    3.1848963279e+00    6.3390360596e+00

molecule  40
    5.6383382107e+00    3.8239461092e+00    4.0580585372e+00
    5.0336698171e+00    3.0164298522e+00    4.2805623412e+00
    4.8555279665e+00    2.3383808667e+00    3.5650862481e+00
    4.5891172415e+00    1.8452273062e+00    2.7912401714e+00
    4.9207342115e+00    1.2415993447e+00    3.5581733539e+00
    5.3254615737e+00    8.2514275410e-01    2.7877977985e+00
    4.4762356375e+00    3.0212040620e-01    2.7439598427e+00
    5.2376743738e+00    1.0115536741e+01    2.6433289127e+00

molecule  41
    2.5185538295e-02    2.4736883997e-01    8.6889456174e+00
    9.4390259781e-01    9.5599159841e-02    9.0555335450e+00
    1.5308254395e+00    2.8466547946e-01    9.8397764594e+00
    2.2808711092e+00    7.7174977686e-01    9.5105350091e+00
    2.2849257802e+00    5.9823429739e-01    8.5334078184e+00
    2.5590506108e+00    1.0422505390e+01    7.8215332525e+00
    3.2997141365e+00    2.0707615254e-01    8.4730559900e+00
    4.1241506647e+00    3.7887054895e-01    8.9550564181e+00

molecule  42
    3.6994998695e+00    1.5293961089e+00    2.2919765636e+00
    4.1676156980e+00    1.9853100014e+00    1.5615748029e+00
    3.3987398609e+00    2.4771119216e+00    2.0245827972e+00
    2.6146201269e+00    1.8254351990e+00    2.2566596578e+00
    2.6853930711e+00    2.2459285337e+00    1.3378730464e+00
    3.1266699257e+00    1.4789456888e+00    9.0818351198e-01
    3.2154349616e+00    6.2790458477e-01    1.3170697633e+00
    2.2298047198e+00    7.9480679363e-01    1.3352133455e+00

molecule  43
    3.1921478823e+00    9.7730987775e+00    5.0517851396e+00
    2.6256094838e+00    8.9647450665e+00    4.7883343093e+00
    1.7986420583e+00    8.5061267711e+00    5.0704035832e+00
    1.8203738694e+00    7.5150626300e+00    5.2240231539e+00
    1.5884877090e+00    7.9921087139e+00    6.0515487527e+00
    8.7887289207e-01    7.4904197853e+00    6.5815959870e+00
    1.7928968140e+00    7.2131703315e+00    6.7948892090e+00
    2.5642883499e+00    7.2750718773e+00    6.1329003293e+00

molecule  44
    5.6848689250e+00    9.5846224075e+00    8.5137478645e+00
    5.7256722364e+00    8.9776668362e+00    7.6369676737e+00
    6.6870016299e+00    8.8433223079e+00    7.5306867484e+00
    7.4015541380e+00    8.7369919249e+00    6.8985185944e+00
    6.5683151017e+00    8.4908584328e+00    6.3568002558e+00
    7.1581594049e+00    9.1892639957e+00    5.9361301623e+00
    8.1253672063e+00    8.9241902461e+00    6.0544233294e+00
    7.6553868406e+00    8.4907067649e+00    5.2898171882e+00

molecule  45
    2.6488470981e+00    9.2731339142e-01    1.8880185377e-01
    1.8739639710e+00    1.6042379047e+00    1.4035975096e-01
    8.9078120922e-01    1.8146351874e+00    1.8156605549e-01
    7.1633704534e-01    1.4090754841e+00    9.7201656374e+00
    1.2137173529e+00    1.0565799570e+00    8.9450705996e+00
    9.7730703686e-01    1.9778548826e+00    8.7562614866e+00
    1.3009840499e+00    2.5051618486e+00    8.0101015320e+00
    1.0809981296e+00    3.4650509412e+00    7.8355561709e+00

molecule  46
    1.6984767569e+00    1.9523389817e+00    3.0655873494e+00
    2.2507803410e+00    2.8197444907e+00    3.1519021024e+00
    1.4492443048e+00    3.2912930522e+00    3.4089055317e+00
    2.0918829490e+00    3.6871445308e+00    4.0368788066e+00
    2.3730792172e+00    4.0980723714e+00    3.1684141218e+00
    2.7007470026e+00    3.6912833851e+00    2.3115992560e+00
    1.7200113110e+00    3.8364349737e+00    2.3426241487e+00
    8.1003304583e-01    4.1752821836e+00    2.6060136323e+00

molecule  47
    4.0206756305e+00    1.8050105181e+00    8.2051211780e+00
    3.9725394040e+00    8.7358174973e-01    7.8909599553e+00
    3.1937259473e+00    9.9690089895e-01    7.3446822418e+00
    3.5085822859e+00    1.5111764231e-01    6.8404713055e+00
    3.0348168145e+00    9.7218285275e+00    6.9705260912e+00
    3.5927058934e+00    9.0674920375e+00    6.4786856630e+00
    3.6333091462e+00    9.9479210893e+00    6.0144341846e+00
    4.4016743768e+00    9.4699684580e+00    5.5779045263e+00

molecule  48
    3.9309735207e+00    9.3875791740e+00    4.0164417281e+00
    3.6871167850e+00    1.0365534749e+01    3.8873738197e+00
    4.6113117262e+00    2.4962171556e-01    3.6727893413e+00
    4.9153316299e+00    9.8642304451e+00    4.1218238638e+00
    5.5502016948e+00    9.2198208216e+00    3.5728219963e+00
    5.1533097132e+00    8.9396165560e+00    2.7026621259e+00
    4.7442432588e+00    8.5853410998e+00    1.9228441537e+00
    5.6329959614e+00    8.3231233937e+00    2.1487356320e+00

molecule  49
    9.0067353680e+00    8.4314537602e+00    9.8893203755e+00
    9.4242059112e+00    8.8944472671e+00    9.1163934786e+00
    9.5206221506e+00    8.2655033700e+00    8.3278995389e+00
    8.8170145341e+00    8.9829135975e+00    8.2633194870e+00
    9.0880963461e+00    8.9959602574e+00    7.3039284920e+00
    8.7126182168e+00    8.3439461820e+00    6.6571091041e+00
    8.3477784279e+00    7.6451422544e+00    7.2189166896e+00
    7.4726385110e+00    7.5746753132e+00    6.7171266419e+00

species    1
nMolecule  50

molecule  0
    6.6735884022e+00    8.1912937559e+00    9.5235138183e+00
    7.4997653745e+00    8.5878260833e+00    9.1655331891e+00
    7.9983102838e+00    8.6616984692e+00    1.0023039178e+01
    7.6871494684e+00    7.9241214928e+00    1.3005545576e-01
    8.0579110620e+00    7.5833464303e+00    1.0258085882e+00
    7.7734784674e+00    7.9961487937e+00    1.8954884304e+00
    8.1375326095e+00    7.3427646836e+00    2.5618950158e+00
    8.3310266479e+00    6.6432098552e+00    1.9053612030e+00

molecule  1
    6.8899314149e+00    5.8481195000e+00    7.8865060066e+00
    6.5397182487e+00    6.7731535146e+00    7.8899963421e+00
    7.0552585041e+00    6.5921919775e+00    8.7293155916e+00
    7.3636531734e+00    6.2843249956e+00    9.6577036020e+00
    7.2257393560e+00    7.2731460678e+00    9.5715968904e+00
    6.2666456827e+00    7.1282134866e+00    9.4505205631e+00
    5.6938235603e+00    7.0643609772e+00    8.6257785307e+00
    4.7860656358e+00    7.2817150387e+00    9.0249025517e+00

molecule  2
    3.2652966666e+00    9.8291039822e-01    9.5683113489e+00
    3.6708140813e+00    1.4612440194e+00    1.0348208244e+01
    4.2959431590e+00    1.4073852835e+00    6.6756824548e-01
    4.5038461990e+00    1.9354896103e+00    1.0289118523e+01
    4.9712961465e+00    1.2546310404e+00    9.7596146963e+00
    5.2622713376e+00    1.1307995343e+00    2.3683358408e-01
    5.8346810734e+00    3.1223142485e-01    4.8703869627e-01
    5.8546913725e+00    1.0423496428e+01    1.0007993972e+01

molecule  3
    3.2809346700e+00    3.3549333795e+00    3.2207693478e+00
    2.9040331512e+00    2.8803473950e+00    3.9856288547e+00
    3.3364784708e+00    2.1118411032e+00    4.4796028011e+00
    2.6951529049e+00    1.3655675481e+00    4.4953771502e+00
    3.3816990707e+00    6.4744654063e-01    4.7756559503e+00
    4.3700653227e+00    4.3928037186e-01    4.8463581710e+00
    4.6199768768e+00    3.6909240437e-02    5.7275768117e+00
    4.8846581230e+00    9.4729367036e-01    5.9254982182e+00

molecule  4
    8.0813044473e+00    1.4700248570e-01    1.7929719452e+00
    8.7842839941e+00    1.0021136215e+01    1.4598413651e+00
    8.6923443976e+00    7.1382415902e-02    6.3384469587e-01
    9.6383090231e+00    1.3965161978e-01    9.9343747185e-01
    9.9165287947e+00    1.6885905298e-01    5.9117671294e-02
    9.4676966055e+00    9.7049294664e+00    1.5128259825e-01
    8.6389243900e+00    9.3329967381e+00    5.2928941161e-01
    8.0218337797e+00    8.6950200639e+00    9.5704498843e-01

molecule  5
    7.0311631308e+00    9.2874748847e+00    1.1999498354e+00
    7.0619104906e+00    8.2927446141e+00    1.2190997555e+00
    6.7201130024e+00    8.4658405099e+00    2.1325139794e+00
    6.3752040846e+00    9.3272953546e+00    2.4359816680e+00
    6.5314515641e+00    9.9497185152e+00    3.2095958431e+00
    6.3319295713e+00    3.5992176404e-01    3.6373327553e+00
    6.2457082885e+00    1.1643405456e+00    3.0194153186e+00
    6.4268978933e+00    1.0672350132e+00    2.0648114277e+00

molecule  6
    5.8503210086e+00    5.8392902184e+00    5.2447603693e+00
    6.1658124691e+00    6.4709984633e+00    4.5518271764e+00
    5.3009999269e+00    6.0654543318e+00    4.2909905169e+00
    4.2980832479e+00    6.2494465999e+00    4.3106793814e+00
    3.9051783973e+00    5.8675594713e+00    5.1718244797e+00
    4.6536400379e+00    5.8114518962e+00    5.8326083574e+00
    4.7705149164e+00    5.6843940014e+00    6.7926194433e+00
    4.5388437671e+00    6.6712402402e+00    6.6194596096e+00

molecule  7
    8.2858376330e-01    5.2298231433e+00    7.3349485642e+00
    9.6016552616e-01    4.6641452700e+00    6.5640312382e+00
    1.4013847632e+00    4.9950554966e+00    5.7145327917e+00
    1.2663545119e+00    4.0440867292e+00    5.3953791017e+00
    9.2629235620e-01    4.7618770860e+00    4.7825531817e+00
    1.2431519327e-01    4.2011734580e+00    5.1066792438e+00
    1.0248637176e+01    3.7131333205e+00    5.9303461284e+00
    3.9033649175e-01    3.8126443961e+00    6.7381197189e+00

molecule  8
    8.2139200126e+00    4.2016107548e+00    6.2009222843e+00
    7.5946726411e+00    4.0073902586e+00    5.4613017051e+00
    7.9307352408e+00    3.4443975664e+00    4.6711589170e+00
    8.0538894540e+00    2.7758725452e+00    3.9438373742e+00
    8.9766905843e+00    3.0223686124e+00    4.1951974596e+00
    9.9456428426e+00    2.8688156200e+00    3.9523262577e+00
    9.7350846836e+00    3.8309088598e+00    3.9800545313e+00
    8.7666032190e+00    3.9776301941e+00    4.1411867835e+00

molecule  9
    8.2120362437e+00    5.3175844737e+00    1.8488934309e+00
    8.9898033824e+00    5.0778022686e+00    2.4068098273e+00
    8.3118971680e+00    4.2840463331e+00    2.3304724815e+00
    8.2089136523e+00    3.7522596149e+00    1.5046435336e+00
    8.5967516040e+00    4.2567623191e+00    7.6979956700e-01
    8.9287746670e+00    3.7429440608e+00    1.5866299132e-02
    8.9945755549e+00    4.7619462294e+00    1.0337197379e+01
    9.7080857907e+00    4.1176797737e+00    1.0015451463e+01

molecule  10
    5.3244792744e+00    1.4019247229e+00    1.3270194778e+00
    4.6639663805e+00    1.1513793544e+00    2.0561050541e+00
    4.5652755112e+00    3.1007539273e-01    1.5445685493e+00
    3.7305539678e+00    1.8861683869e-01    2.0241169728e+00
    3.4210116712e+00    1.0181016514e+01    2.8852174378e+00
    2.7764172262e+00    1.0073883937e+01    3.5950321345e+00
    2.0868407243e+00    9.7818629935e+00    4.2031463622e+00
    2.4453510219e+00    6.4932346401e-02    4.8168385178e+00

molecule  11
    2.6435805914e+00    8.9067883892e+00    8.5777466128e+00
    3.4566284514e+00    8.6155320525e+00    8.9797985262e+00
    3.8849986266e+00    8.9732552546e+00    8.1843208878e+00
    4.5226704684e+00    9.2391102844e+00    7.4285295058e+00
    4.6718830676e+00    8.9196691936e+00    6.5067705473e+00
    5.6492449126e+00    8.6656608109e+00    6.6342651572e+00
    5.3650073795e+00    7.7640352118e+00    6.6460429766e+00
    5.7896227819e+00    7.8786950031e+00    7.5169508999e+00

molecule  12
    1.0531730984e+00    4.4606571734e+00    3.5460443727e+00
    2.0926411685e-01    4.8582910998e+00    3.1515928803e+00
    1.0336837592e+01    4.9160175501e+00    4.0789165118e+00
    9.8322967856e+00    4.8277760412e+00    4.9474506624e+00
    8.9211714756e+00    4.6165478278e+00    5.1196854173e+00
    9.0288920881e+00    5.5520103241e+00    4.7418963876e+00
    8.2584412256e+00    5.2464278813e+00    4.2054023032e+00
    8.7120724483e+00    5.3536229639e+00    3.3298572399e+00

molecule  13
    7.8547178984e+00    7.3338685798e-01    8.7443771254e-01
    7.5497013478e+00    1.0183106945e+01    9.1698621380e-01
    6.5940326999e+00    1.0156961042e+01    6.5564760294e-01
    6.8220581777e+00    5.3157098028e-01    1.2221436725e+00
    6.9632016110e+00    1.0380188125e+01    2.0445278619e+00
    6.1649726511e+00    2.4103524927e-01    2.5743973834e+00
    5.9165432743e+00    1.0389624228e+01    1.6518484918e+00
    5.2066128366e+00    1.0000779410e+01    1.0810921346e+00

molecule  14
    6.5336672681e+00    4.5911588039e-01    6.3268648274e+00
    5.6308550417e+00    6.7744653808e-01    6.6611335105e+00
    6.0767744970e+00    1.4976909762e+00    7.0318120864e+00
    5.6469303483e+00    2.2254395269e+00    6.4145906442e+00
    4.7828278928e+00    2.4397356564e+00    6.8868908536e+00
    5.0912801967e+00    1.8140677944e+00    7.5889735982e+00
    4.3982127422e+00    1.3604843559e+00    7.0731514564e+00
    4.2604113034e+00    1.8006370616e+00    6.1559153050e+00

molecule  15
    4.8120411137e+00    5.8456524432e+00    7.9193033361e+00
    4.7559897584e+00    6.2546585658e+00    8.8356243212e+00
    4.5771931056e+00    5.2884171374e+00    8.9287606604e+00
    4.4110967627e+00    4.2996134393e+00    8.8058031820e+00
    3.6114471342e+00    3.7008677388e+00    9.0184250149e+00
    3.4390387427e+00    3.4194752157e+00    8.1077494910e+00
    3.0202740621e+00    2.5121733418e+00    8.1542043348e+00
    2.5941670701e+00    1.6163775040e+00    8.1243147252e+00

molecule  16
    9.3470528918e+00    3.4077792719e-01    1.9506862947e+00
    8.7218483491e+00    1.0446246951e+01    2.6200444684e+00
    8.4428020925e+00    7.3562017410e-01    3.2341993099e+00
    9.2598711785e+00    1.1754275339e+00    2.8720980363e+00
    9.5121693324e+00    1.0825719793e+00    3.8405267879e+00
    1.0069108654e+01    4.4631738911e-01    4.3829925948e+00
    9.0384462430e+00    3.4776175065e-01    4.4687469933e+00
    8.7444698936e+00    1.0059202253e+01    3.7992024165e+00

molecule  17
    6.5102088395e+00    8.6944373178e+00    3.4187064692e+00
    7.3091042064e+00    8.8619199357e+00    2.8658892768e+00
    7.3934426077e+00    8.2575412377e+00    3.6489033753e+00
    7.3807189528e+00    7.2632200958e+00    3.6679057397e+00
    8.0254727306e+00    6.5611369837e+00    3.3655057382e+00
    7.4196271916e+00    5.8641699716e+00    3.6804852053e+00
    6.9822401704e+00    5.0488724025e+00    3.3048679593e+00
    6.3797763209e+00    5.6316544398e+00    3.8136209900e+00

molecule  18
    3.5861561070e-01    8.6215748964e+00    6.5196903894e+00
    1.0211619741e+01    8.4341206220e+00    5.7316842970e+00
    1.0212930814e+01    7.7527940873e+00    4.9978892728e+00
    5.7624781789e-01    7.8645950201e+00    5.4966589601e+00
    3.1822865883e-01    6.9141225014e+00    5.4811862252e+00
    6.2732785287e-01    6.2942210632e+00    6.1913656785e+00
    1.5486670561e+00    5.9621060241e+00    6.2117805459e+00
    1.2468971775e+00    6.2354862738e+00    7.1175828508e+00

molecule  19
    5.2272593796e+00    2.7194365057e+00    9.1718303214e+00
    5.4995580701e+00    2.0096275234e+00    8.4909277464e+00
    6.3666762681e+00    1.4957503184e+00    8.4215655839e+00
    6.2349740622e+00    1.1582273682e+00    9.3765574357e+00
    5.8678477360e+00    1.8838633214e+00    1.0011698994e+01
    5.8894350494e+00    2.2447473038e+00    4.6847525091e-01
    5.2217022994e+00    2.8973473111e+00    8.4008657191e-01
    4.2651528861e+00    2.4849444447e+00    7.0603957474e-01

molecule  20
    2.1162879332e+00    5.2423837617e+00    1.8110883251e+00
    1.1990969502e+00    5.0429073117e+00    2.2063262202e+00
    1.5947329214e+00    5.8764662229e+00    2.5586075717e+00
    7.0281735720e-01    6.3386484026e+00    2.7178015576e+00
    6.9271543648e-01    7.1857619767e+00    2.1846081786e+00
    1.0300899150e+01    7.3341094387e+00    1.6639124840e+00
    9.3711332968e+00    7.5829758265e+00    1.3721758867e+00
    9.5540967774e+00    8.0582728343e+00    5.1113860083e-01

molecule  21
    6.1971135026e+00    2.7247160716e+00    8.5624111863e+00
    6.3157962429e+00    3.6259143328e+00    8.8703142837e+00
    6.3069986636e+00    4.3169709131e+00    8.2086894224e+00
    6.7207275980e+00    5.0827915081e+00    8.7231847461e+00
    6.1885756912e+00    5.8840824402e+00    8.9953141853e+00
    6.1929027185e+00    6.1581940592e+00    9.9514170829e+00
    6.2364575207e+00    5.9295880587e+00    4.5651231432e-01
    5.2744341175e+00    5.7767757524e+00    5.6863137910e-01

molecule  22
    5.6122420478e+00    6.2822676864e+00    7.3796311149e+00
    6.0099193301e+00    5.8599633587e+00    6.5410819327e+00
    6.1932635890e+00    4.9019111731e+00    6.8796022495e+00
    5.5538714543e+00    5.0369662701e+00    6.0995885373e+00
    6.4754286555e+00    4.9801143945e+00    5.7161602859e+00
    7.1186294065e+00    4.5572267577e+00    6.3205045314e+00
    6.7815076297e+00    3.9690703929e+00    6.9826966174e+00
    6.1127412237e+00    4.0897336950e+00    6.2113812603e+00

molecule  23
    3.2560742696e+00    5.8922634416e+00    6.0075182758e+00
    2.4634012755e+00    5.8044357910e+00    6.5380268345e+00
    2.3205108121e+00    4.8057301466e+00    6.4268196700e+00
    3.3197110862e+00    4.8026865928e+00    6.2989506863e+00
    3.0088203225e+00    5.1858538276e+00    5.3591628302e+00
    2.1743385566e+00    5.7442350833e+00    5.4019506877e+00
    2.5797236115e+00    6.0266912100e+00    4.5271209638e+00
    1.8364693545e+00    6.6637035127e+00    4.6016880206e+00

molecule  24
    9.1288881317e+00    1.4685995294e+00    2.5922912133e-01
    8.9472764650e+00    2.3428902171e+00    5.6892266853e-01
    8.4767436604e+00    2.1293137224e+00    1.0137362230e+01
    7.6224859266e+00    2.5778135501e+00    1.0010424969e+01
    7.8988834588e+00    2.3173446538e+00    4.8401241138e-01
    7.5625838439e+00    3.2240754586e+00    7.8138630782e-01
    7.0100265609e+00    3.5863418448e+00    1.5753435295e+00
    7.1091722935e+00    4.3535248700e+00    2.1791274767e+00

molecule  25
    7.4329059022e+00    5.4611617188e-01    2.7523226213e+00
    7.6324114258e+00    1.0006634177e+01    2.9290291135e+00
    7.9020679120e+00    9.2733665242e+00    3.5733095811e+00
    7.3361669714e+00    9.8983060932e+00    4.0471146184e+00
    7.4709781102e+00    9.3095540655e+00    4.8705305669e+00
    6.5538142968e+00    9.0300122042e+00    5.0870494805e+00
    5.6461280686e+00    8.9458942049e+00    4.6967924798e+00
    6.1269831728e+00    9.7099515536e+00    4.3023086437e+00

molecule  26
    1.6332701540e+00    6.5161060397e+00    3.3013708839e+00
    2.0188809019e+00    7.4189457823e+00    3.1680106734e+00
    1.3067447402e+00    7.8099026263e+00    3.7592595883e+00
    6.6533117319e-01    7.5721840478e+00    4.4861163286e+00
    5.9613453707e-01    6.8841543660e+00    3.7303111390e+00
    5.9376728159e-01    6.3699425453e+00    4.5940304854e+00
    3.4174735682e-01    5.6365992989e+00    5.2144124498e+00
    1.0329141599e+01    5.4635347649e+00    6.0801363120e+00

molecule  27
    7.6139099750e+00    7.4788967234e+00    8.2322395168e+00
    8.3778599085e+00    7.6612989912e+00    8.8255609038e+00
    8.6021648087e+00    6.7257699087e+00    9.0930850191e+00
    8.2458739539e+00    6.8268578342e+00    1.0006871222e+01
    8.7148164749e+00    6.4995207877e+00    3.6242431134e-01
    7.7620630716e+00    6.7207247351e+00    5.3522383002e-01
    7.3977159937e+00    5.8853232769e+00    2.4295720949e-01
    8.2188508963e+00    5.5701774358e+00    1.0309469361e+01

molecule  28
    4.3685117318e+00    9.5825368771e+00    2.8307320505e+00
    4.1557409959e+00    9.6061896843e+00    1.8208329140e+00
    3.5438942588e+00    9.4426328623e+00    1.0428209376e+00
    2.8014429246e+00    8.8144218373e+00    9.6181211568e-01
    2.1308840816e+00    9.4197499258e+00    5.9833119090e-01
    2.6444932533e+00    1.0194420054e+01    2.5693086894e-01
    2.6955389410e+00    1.0124752384e+01    1.2594929087e+00
    2.6171654637e+00    1.0295334515e+01    2.2322570519e+00

molecule  29
    5.7158255202e+00    4.1522846120e+00    1.1589745055e+00
    4.8721824624e+00    3.7042891586e+00    1.3593492728e+00
    4.1960413096e+00    4.4416978798e+00    1.2796479427e+00
    4.3614606704e+00    5.3503592759e+00    1.6893013766e+00
    4.5203007732e+00    5.4122150463e+00    2.6770679598e+00
    4.0072974133e+00    4.5763906226e+00    2.6781293454e+00
    3.0004959197e+00    4.6839098388e+00    2.6464564272e+00
    3.1714501466e+00    4.9464285415e+00    1.7293559805e+00

molecule  30
    4.8396111429e+00    3.8837763032e+00    2.3730659018e+00
    5.8159365436e+00    4.2354471993e+00    2.4134749580e+00
    6.1318044402e+00    5.1429939401e+00    2.1991655861e+00
    5.7472951307e+00    5.3109886685e+00    1.2999284269e+00
    6.7218343147e+00    5.4719916549e+00    1.3300774732e+00
    6.6350150192e+00    4.5889649805e+00    7.9533453509e-01
    7.5544467874e+00    4.9330091608e+00    1.0498922648e+00
    8.1488052422e+00    5.7330380499e+00    8.7542097158e-01

molecule  31
    2.1557662063e+00    8.2080676928e+00    9.4153765210e+00
    3.0806561788e+00    7.8343239812e+00    9.4867081629e+00
    3.3541124918e+00    6.9339043780e+00    9.8012892211e+00
    4.1119273174e+00    6.3184463158e+00    9.6436414934e+00
    3.5309853144e+00    6.0419943339e+00    1.0354976329e+01
    3.7066110795e+00    5.1126451414e+00    1.0076033143e+01
    3.6964665464e+00    4.4009251569e+00    2.9377250850e-01
    4.1581509194e+00    3.9569133863e+00    9.9554328397e+00

molecule  32
    9.2823502350e+00    9.0492881678e+00    6.0469826690e+00
    8.7233407894e+00    9.7520765817e+00    6.5391487506e+00
    9.5444151886e+00    1.0204726172e+01    6.3362453935e+00
    1.0002975420e+01    9.8438975064e+00    7.1187131918e+00
    9.8532492707e+00    9.6577111714e+00    8.0613285468e+00
    9.1403366521e+00    1.0150734727e+01    7.5774909913e+00
    8.2623550718e+00    9.6400923405e+00    7.4859168990e+00
    7.3972460511e+00    9.8264537079e+00    7.0051021786e+00

molecule  33
    9.1024549048e+00    5.1772570637e+00    9.2767948680e+00
    9.4628056392e+00    5.9819391514e+00    9.8032829417e+00
    1.0227986783e+01    5.3044732726e+00    9.8712598003e+00
    2.7728003098e-01    4.4577611785e+00    1.0077987752e+01
    7.8543848063e-01    3.7172438265e+00    1.0398974717e+01
    1.4036259118e+00    4.4193360526e+00    2.9886582508e-01
    1.4470505235e+00    4.1332376411e+00    1.2038254909e+00
    5.0572375228e-01    4.0347861087e+00    1.6408623492e+00

molecule  34
    5.5178916149e+00    3.4709426388e+00    5.1528128291e+00
    4.5752509833e+00    3.7685823274e+00    5.0245419662e+00
    4.0304064599e+00    2.9661016844e+00    4.8674668463e+00
    4.6755480157e+00    2.2439349773e+00    5.1752040583e+00
    4.2091125572e+00    1.4659415324e+00    4.7332937549e+00
    3.7861825620e+00    1.2629663909e+00    3.8261063079e+00
    3.0290505684e+00    6.5992507201e-01    3.6717053279e+00
    2.4378020967e+00    1.3112082840e+00    3.1768356152e+00

molecule  35
    5.3018277004e+00    8.0568407692e+00    9.7322945983e+00
    5.9756737559e+00    8.6952603182e+00    1.0093924279e+01
    5.4993774436e+00    9.4331249794e+00    9.5651535856e+00
    6.4956126241e+00    9.5376800543e+00    9.5619018002e+00
    6.9151015294e+00    8.8861205582e+00    1.0201933744e+01
    6.6026936057e+00    8.0277354676e+00    1.9780366075e-01
    6.8025437143e+00    7.0541508268e+00    1.7452992714e-01
    5.8694209197e+00    6.9153122376e+00    3.8717174430e-01

molecule  36
    7.9941511340e+00    5.0787230878e+00    9.1051690008e+00
    8.1116269514e+00    4.2625255009e+00    9.6508885822e+00
    7.2484397435e+00    4.3588204925e+00    9.1291675062e+00
    7.1797054282e+00    4.9886856406e+00    9.9259493960e+00
    7.3211705740e+00    4.1927975622e+00    6.9501118023e-02
    6.5916365122e+00    4.0308689801e+00    9.8465159612e+00
    5.9095484525e+00    4.1730950761e+00    1.0982643118e-01
    6.2527177594e+00    5.0851035091e+00    1.0305434030e+01

molecule  37
    5.3359099654e+00    6.7146192129e+00    1.3866400157e+00
    4.5900424983e+00    6.8878907746e+00    2.0315202136e+00
    5.0536636455e+00    6.5825067234e+00    2.8891449067e+00
    6.0361834740e+00    6.4253599679e+00    2.8519620494e+00
    5.4711214375e+00    5.7046234308e+00    3.2231064671e+00
    5.0668426324e+00    4.8828642511e+00    3.6224673235e+00
    4.3399572066e+00    5.0959125889e+00    4.2594930328e+00
    5.2039811357e+00    4.8522827298e+00    4.7287420382e+00

molecule  38
    9.1862585391e+00    4.4517208145e+00    3.2418705082e+00
    8.9116817053e+00    3.4797835282e+00    3.2529702615e+00
    8.1647489949e+00    3.0361098453e+00    2.7836605575e+00
    8.0328351201e+00    2.5826891530e+00    1.8590526192e+00
    7.1113779540e+00    2.6238882609e+00    1.5848554404e+00
    7.3741496347e+00    1.6471014763e+00    1.5983902080e+00
    6.7983264653e+00    1.7096551372e+00    7.6834739007e-01
    6.9509150356e+00    1.3645127750e+00    1.0284075686e+01

molecule  39
    2.1296355940e+00    9.3049104920e+00    1.7884778854e+00
    2.7107791606e+00    8.9686372020e+00    2.5298368552e+00
    2.7806722630e+00    7.9929083367e+00    2.3612782376e+00
    3.3355024575e+00    7.1699282273e+00    2.3562379815e+00
    3.7327883954e+00    7.1766781117e+00    1.4406218141e+00
    3.6634107679e+00    8.1264326406e+00    1.0899455561e+00
    3.5445215842e+00    7.7743456586e+00    1.6233900289e-01
    2.8885470446e+00    7.4149369113e+00    8.6399327995e-01

molecule  40
    9.0565297400e+00    2.1653383780e+00    2.4615434516e+00
    9.6219683146e+00    2.8177952382e+00    2.9254488222e+00
    9.3726066601e+00    2.0928579084e+00    3.5723391638e+00
    8.4895815725e+00    1.6149947470e+00    3.5872923349e+00
    7.9365092815e+00    1.8206349649e+00    2.7919699269e+00
    8.4550006359e+00    1.2439997544e+00    2.1860220223e+00
    8.4900626078e+00    1.5509617523e+00    1.2521152524e+00
    9.3661192098e+00    1.1690593296e+00    1.3972491037e+00

molecule  41
    1.8787049341e+00    7.8985483800e-02    3.0437801019e+00
    1.8083878033e+00    3.8299042397e-01    3.9789940412e+00
    1.5112684087e+00    2.7280446304e-02    4.8289817161e+00
    1.0583023937e+00    9.5978368454e+00    4.8137690647e+00
    3.8652015249e-01    8.8560933584e+00    4.5830062307e+00
    8.7406351860e-01    8.8495509284e+00    5.4439794321e+00
    5.8643675195e-01    9.6768763391e+00    5.9902482022e+00
    1.0282990141e+01    9.4560710553e+00    5.4018131961e+00

molecule  42
    2.4427522382e+00    2.7389511420e+00    6.3940430189e+00
    1.7228258343e+00    2.1062300821e+00    6.1455287608e+00
    2.0191485430e+00    1.9968165507e+00    5.2457344823e+00
    2.4605885889e+00    1.1195957684e+00    5.4149192810e+00
    2.8604255912e+00    3.4967755028e-01    5.8864025866e+00
    2.4812710802e+00    6.3888817314e-01    6.7674885823e+00
    2.0234124872e+00    1.0205312907e+01    6.6206990854e+00
    1.4252139438e+00    2.1832007145e-01    7.2799239392e+00

molecule  43
    3.5164251809e+00    2.2398522365e+00    7.0601247893e+00
    3.9654575354e+00    3.1625641672e+00    7.1904380598e+00
    3.7927653732e+00    4.1207446360e+00    7.3570574583e+00
    4.4139015039e+00    4.8118839154e+00    7.6617664460e+00
    4.8557031356e+00    4.5258773912e+00    6.7904540616e+00
    5.1107047784e+00    4.0533641299e+00    5.9593180649e+00
    4.3408072563e+00    3.7057070789e+00    6.4901059716e+00
    4.5879664768e+00    2.9038867502e+00    6.0062042115e+00

molecule  44
    8.3813993243e+00    1.5672951544e+00    5.2419704167e+00
    8.3742593476e+00    2.0779039080e+00    6.1046252346e+00
    8.5531348048e+00    2.5457836789e+00    6.9561703316e+00
    8.2149252424e+00    3.0933869609e+00    7.7351483085e+00
    9.0283709708e+00    3.6381890355e+00    7.5235109629e+00
    9.0866275945e+00    4.3584912044e+00    6.8396707096e+00
    8.4632639847e+00    5.0428903261e+00    7.2331575627e+00
    7.6661628401e+00    5.0010312086e+00    7.8097839757e+00

molecule  45
    1.9227578200e+00    8.6628818750e+00    3.6362284131e+00
    9.8002610547e-01    8.6420761422e+00    3.2787452070e+00
    1.6572431852e-01    8.2264664947e+00    3.7090922823e+00
    9.7266899743e+00    8.5443562190e+00    3.4177586145e+00
    9.3751101989e+00    8.3208292469e+00    2.4884274929e+00
    8.7577107844e+00    8.5535916390e+00    1.7639098563e+00
    8.0767664318e+00    9.1377218264e+00    2.1862773076e+00
    8.2344988412e+00    8.3898886051e+00    2.8276975036e+00

molecule  46
    8.9029796395e+00    7.7102507811e+00    3.4430856512e+00
    9.0059733871e+00    6.7982014438e+00    3.0359197853e+00
    9.5817601066e+00    7.3240073448e+00    2.4556203284e+00
    9.9954788868e+00    7.4771270855e+00    3.3856229728e+00
    1.0102715782e+01    6.7614018284e+00    4.1496310354e+00
    9.1703152295e+00    6.5238197855e+00    4.3013010774e+00
    9.5349125997e+00    5.7276683768e+00    3.9315386401e+00
    9.9451442147e+00    6.1969514761e+00    3.1517168020e+00

molecule  47
    6.1019657234e+00    9.7419532787e+00    5.7289553317e+00
    7.0310792464e+00    1.0079044186e+01    5.4413801794e+00
    7.6367896697e+00    4.3602442670e-01    5.4692649415e+00
    7.7334150914e+00    3.9943892106e-01    4.4832215309e+00
    7.2672691939e+00    9.9644560670e-01    3.8054545408e+00
    6.6037979792e+00    1.7276963393e+00    3.8045073310e+00
    5.7229081168e+00    2.1216802898e+00    3.4537513397e+00
    6.4157522199e+00    2.8533406104e+00    3.5733486084e+00

molecule  48
    1.0058007587e+01    5.7898119744e+00    8.4658639851e+00
    9.3322543400e+00    5.2046553873e+00    8.0696508916e+00
    8.6702625340e+00    5.9294775167e+00    8.3607363239e+00
    9.2611001947e+00    6.2066284707e+00    7.6088230119e+00
    9.9875655020e+00    5.8824087906e+00    6.9989720480e+00
    1.0028618165e+01    4.8809034078e+00    7.0362667350e+00
    9.3097250731e+00    5.2972485552e+00    6.4003227820e+00
    8.4213127890e+00    5.6942316945e+00    6.1965108344e+00

molecule  49
    7.2772404872e+00    5.4749783166e+00    2.2838563892e+00
    7.1040696467e+00    6.4479546214e+00    2.3750307942e+00
    6.3186457271e+00    6.4818230019e+00    1.7834043782e+00
    7.0050679462e+00    6.9846443308e+00    1.3513564074e+00
    6.2577681633e+00    7.6050674490e+00    1.6160803911e+00
    5.4882488213e+00    7.6904688421e+00    1.0241968154e+00
    4.7236746009e+00    7.1940324446e+00    6.2094565082e-01
    4.9773818850e+00    6.4495320468e+00    1.0384252300e+01
