BOUNDARY

cubic     9.0000000e+00

MOLECULES

species    0
nMolecule  100

molecule   0
  2.58587765e+00  7.73590370e+00  5.41154974e+00
  3.54115040e+00  7.69296985e+00  6.09260965e+00
  3.49493920e+00  8.27704613e+00  5.46548708e+00
  4.14965774e+00  8.30991569e+00  4.60060296e+00
  3.18204975e+00  8.42159666e+00  3.65276006e+00
  4.28291124e+00  5.26495509e-02  4.80015158e+00
  3.43230070e+00  4.37909232e-01  5.83341472e+00
  2.23580427e+00  3.08119899e-01  6.25912544e+00

molecule   1
  3.13414308e+00  4.74101705e+00  7.93587960e-01
  2.33343556e+00  5.16733263e+00  1.95182081e+00
  1.94795723e+00  4.51497760e+00  1.69012746e+00
  2.44894772e+00  4.66404225e+00  8.76188064e-01
  3.32768492e+00  4.08939997e+00  2.57821207e-02
  4.10452399e+00  4.72808914e+00  6.09120202e-01
  3.50102905e+00  4.53782017e+00  1.73276662e+00
  1.80553947e+00  3.05541133e+00  8.65574693e-01

molecule   2
  7.44382188e+00  2.88170825e+00  8.24784066e+00
  7.21581850e+00  2.03364504e+00  7.59341727e+00
  8.24138631e+00  2.83408049e+00  7.43958872e+00
  8.22489815e+00  4.44395474e+00  7.59704576e+00
  8.79252449e+00  4.73751093e+00  8.07937815e+00
  8.44347709e+00  5.43137624e+00  7.57803581e+00
  1.29191034e-01  4.20257023e+00  8.09486104e+00
  8.38658452e+00  3.66876018e+00  8.39432507e+00

molecule   3
  8.89385686e+00  7.67875583e+00  4.36170155e+00
  8.48929966e-01  8.11721294e+00  5.54542030e+00
  2.72698163e+00  7.86793584e+00  6.13815283e+00
  3.91716714e+00  7.05101414e+00  4.56142636e+00
  2.17840203e+00  6.26746513e+00  4.90445210e+00
  1.44878199e+00  5.48721846e+00  2.96750125e+00
  1.31426588e+00  5.78524388e+00  3.08192484e+00
  3.14051009e+00  4.83853970e+00  3.57437284e+00

molecule   4
  7.51898362e+00  7.80225310e+00  6.32075543e+00
  8.42662370e+00  6.91627008e-01  5.61659870e+00
  7.74191404e+00  1.15584878e+00  5.79554007e+00
  8.73409386e+00  8.90842797e-03  5.24689013e+00
  3.37478891e-02  7.91641614e+00  4.56392944e+00
  7.00445669e+00  7.29513908e+00  4.96671426e+00
  5.75954685e+00  6.76742631e+00  3.56186371e+00
  4.73631600e+00  5.95274912e+00  3.65206269e+00

molecule   5
  8.17433025e+00  2.16993760e+00  1.94443221e+00
  7.93759441e+00  1.79422637e+00  2.36221294e+00
  8.44198806e+00  2.49021134e+00  2.51047841e+00
  8.51234977e+00  1.42717844e+00  2.62800642e+00
  5.26811170e-01  8.51272845e-01  2.47380032e+00
  4.26185491e-01  7.70723456e-01  1.42781530e+00
  8.76258040e+00  1.13615369e+00  7.08042025e-01
  1.60928569e-01  2.62236521e+00  8.57626579e+00

molecule   6
  5.12632324e+00  8.25112552e+00  4.02228020e+00
  4.79242730e+00  7.66522653e+00  3.14041712e+00
  3.83207386e+00  5.56614916e+00  3.71287185e+00
  3.57046297e+00  6.80465428e+00  3.01044237e+00
  5.13086336e+00  5.19497747e+00  3.06665118e+00
  7.59621466e+00  5.10105927e+00  2.96112152e+00
  8.10359909e+00  3.30505277e+00  3.07194447e+00
  7.86657320e+00  1.91175460e+00  3.19113080e+00

molecule   7
  3.76359591e+00  1.78498369e+00  3.96477803e-01
  4.15619406e+00  2.26172839e+00  1.09046628e+00
  5.76272174e+00  2.32252805e+00  1.22367195e+00
  6.42240096e+00  1.88170377e+00  6.34504542e-01
  5.73302418e+00  1.69336582e-01  2.64433851e-02
  5.93470214e+00  1.04920581e+00  1.70424154e-01
  5.90548396e+00  1.26163990e-01  5.43606569e-01
  4.89201378e+00  8.27800933e+00  8.35779848e+00

molecule   8
  8.97738356e+00  8.97119010e+00  6.08844500e+00
  8.19872743e-01  8.37711184e+00  6.43780559e+00
  8.29763185e+00  7.62493114e+00  6.27416310e+00
  8.52800877e+00  7.21558965e+00  5.77536666e+00
  7.95133745e+00  8.16795301e+00  4.09140321e+00
  8.48768833e+00  6.81858191e-02  3.75181979e+00
  7.49231188e+00  7.62008622e-01  1.58271914e+00
  6.95930695e+00  8.57788643e+00  5.30638770e-01

molecule   9
  1.01925174e+00  2.76400030e+00  1.12508447e+00
  1.51777989e-01  2.05427329e+00  3.47135892e-01
  8.55115792e+00  3.66978253e+00  3.20728327e-01
  8.13381596e+00  4.40312468e+00  8.45292879e+00
  2.33205885e-01  5.41639694e+00  7.34707103e+00
  1.35364727e+00  4.22153142e+00  6.71176542e+00
  1.44961165e+00  5.35313375e+00  6.37271638e+00
  4.04270121e+00  4.17782857e+00  7.04908899e+00

molecule   10
  3.48322081e+00  5.31608310e+00  5.71773346e+00
  4.63534556e+00  5.62347780e+00  5.08569868e+00
  4.53532493e+00  6.59781212e+00  5.54121368e+00
  4.89921017e+00  6.59545895e+00  4.89212072e+00
  5.24430770e+00  6.37594421e+00  4.94823643e+00
  6.10045895e+00  6.90977557e+00  5.37073628e+00
  7.41923188e+00  7.55936267e+00  4.35195590e+00
  8.09301983e+00  7.54984221e+00  4.76006787e+00

molecule   11
  5.09202681e+00  1.21707872e+00  3.84494676e+00
  4.21596602e+00  2.32311639e-01  2.43255769e+00
  3.33855602e+00  7.73492785e-01  2.88326525e+00
  3.62770692e+00  3.19614752e-01  3.05786286e+00
  2.73778329e+00  2.12220707e+00  1.68576030e+00
  2.21438663e+00  2.70159026e+00  2.22062354e+00
  1.35107021e+00  3.67762706e+00  2.31115728e+00
  1.58839573e+00  3.15236072e+00  2.46178356e+00

molecule   12
  8.48069236e+00  2.18418458e+00  4.92719883e+00
  3.82031109e-01  2.06638199e+00  5.41364318e+00
  1.53447288e+00  3.01297411e+00  4.40691240e+00
  1.06847359e+00  3.24957998e+00  5.13671138e+00
  1.32351040e+00  2.12925882e+00  4.89868093e+00
  7.99177825e+00  3.43735687e+00  4.24191129e+00
  4.26099515e-01  2.66729651e+00  4.24919629e+00
  2.75354583e-01  2.73248906e+00  4.62331878e+00

molecule   13
  5.32791879e+00  5.03360905e+00  4.97124998e+00
  6.96331954e+00  3.73242949e+00  4.06292843e+00
  6.33444425e+00  2.65637785e+00  3.64508378e+00
  6.83667054e+00  1.84329436e+00  3.42686818e+00
  7.40991991e+00  2.08440527e+00  4.77031486e+00
  7.85851294e+00  5.30392969e-01  5.26242780e+00
  7.64258868e+00  8.40648306e+00  4.72746154e+00
  7.63395253e+00  6.67493819e-01  4.53894671e+00

molecule   14
  3.51340020e+00  3.06670922e+00  3.37718161e+00
  2.34281142e+00  3.40263847e+00  3.22151086e+00
  3.13988579e+00  3.93514919e+00  3.01718015e+00
  3.23066041e+00  4.70962289e+00  2.16371817e+00
  2.75277699e+00  5.76248511e+00  2.09034707e+00
  2.39442921e+00  4.95189794e+00  2.83157121e+00
  3.79734591e+00  6.11673995e+00  1.60175971e+00
  4.65715001e+00  5.74358121e+00  4.91514816e-01

molecule   15
  6.81780206e+00  1.88971281e-01  7.80256703e+00
  6.36489504e+00  2.66070364e-01  7.43790359e-01
  6.29930262e+00  8.07306805e+00  7.71424129e+00
  5.05598381e+00  7.81497877e+00  8.43111490e+00
  5.07926303e+00  7.37779601e+00  7.58497851e+00
  4.47728908e+00  8.59692853e+00  8.29306028e+00
  3.30239467e+00  8.90518874e+00  8.98294432e+00
  3.97368205e+00  1.01208106e+00  8.73334594e+00

molecule   16
  5.36741672e+00  2.15579884e+00  6.08038175e-01
  6.97292993e+00  1.28399339e+00  2.68438293e-01
  6.75932613e+00  1.69904754e+00  8.21306711e+00
  5.23958437e+00  2.73774287e+00  8.03878017e+00
  4.08477641e+00  2.18793294e+00  5.92694696e+00
  4.62838843e+00  1.41161738e+00  4.62266737e+00
  2.96150795e+00  5.03571926e-01  5.49121630e+00
  3.26237297e+00  1.01950792e+00  5.57371653e+00

molecule   17
  4.35301402e+00  8.20727829e+00  5.88203125e-01
  4.18254238e+00  7.02569171e+00  8.56811735e+00
  2.15562962e+00  6.48308538e+00  8.52959862e+00
  2.15522368e+00  7.43324090e+00  7.81239052e+00
  2.13139045e+00  7.23553155e+00  7.00969483e+00
  3.04685298e+00  5.97759274e+00  7.53186489e+00
  3.11493461e+00  4.82008467e+00  6.82218001e+00
  2.59404003e+00  4.76042505e+00  7.65959088e+00

molecule   18
  5.80721941e+00  5.53817383e+00  9.24192540e-01
  4.13093795e+00  5.25797742e+00  8.95673257e+00
  3.62794747e+00  5.63601489e+00  8.00280403e+00
  4.82972556e+00  5.59429558e+00  8.73325083e+00
  5.63227253e+00  5.49172859e+00  8.73887778e+00
  6.14279368e+00  6.29145350e+00  8.55328230e+00
  6.47145546e+00  6.79407271e+00  7.23800580e+00
  7.04296020e+00  6.10087482e+00  8.21882371e+00

molecule   19
  8.30641571e+00  8.02369285e+00  6.52758492e+00
  8.21356571e-01  6.15468456e+00  6.47869782e+00
  2.52280240e-01  5.88885243e+00  5.52310247e+00
  7.40330912e+00  4.69798078e+00  4.88480915e+00
  6.66488092e+00  4.50115959e+00  5.60761861e+00
  6.07352091e+00  4.25992928e+00  5.21315254e+00
  6.60410901e+00  5.59137217e+00  5.46773422e+00
  7.24744475e+00  4.97134390e+00  6.33077059e+00

molecule   20
  5.75242950e+00  6.64851683e+00  2.64236443e+00
  5.10992530e+00  6.90539792e+00  1.93639500e+00
  3.28132748e+00  6.34734672e+00  2.27148534e+00
  4.69686359e+00  6.78826200e+00  2.81847770e+00
  4.62317395e+00  7.50118921e+00  2.13506149e+00
  4.39204547e+00  7.70872040e+00  2.54912697e+00
  4.21214744e+00  6.88392381e+00  2.03130992e+00
  4.83855612e+00  7.89843620e+00  1.97841417e-01

molecule   21
  7.89887827e+00  4.35894890e+00  9.48282417e-01
  8.63686042e+00  3.82761386e+00  1.59643819e+00
  8.47412700e+00  3.12610849e+00  6.93980568e-01
  7.92116267e+00  4.44565638e+00  1.62833061e-01
  8.66799979e+00  5.29867717e+00  5.23752310e-02
  1.19587782e-01  5.79715605e+00  8.91369932e+00
  1.03221242e+00  4.56477457e+00  8.41719688e+00
  1.61827103e+00  4.62144819e+00  8.85027750e+00

molecule   22
  2.94095073e+00  6.93355324e+00  4.46194847e+00
  3.04305221e+00  7.30522919e+00  5.46189988e+00
  2.83404950e+00  8.30140000e+00  6.06695337e+00
  3.75022831e+00  8.51680741e+00  5.61376544e+00
  2.52198784e+00  2.35018551e-01  6.87180135e+00
  3.48799109e+00  8.85589577e+00  6.56795663e+00
  3.36078905e+00  1.85844030e-03  6.81127921e+00
  2.54757644e+00  8.57983996e+00  5.83625981e+00

molecule   23
  2.13291619e+00  8.13110033e-01  7.04895275e-01
  2.92778921e+00  6.73868352e-01  1.44568268e+00
  2.40014702e+00  2.19265969e+00  1.20230043e+00
  1.82488795e+00  7.59883049e-01  2.13517399e+00
  2.60694510e+00  7.94668709e-01  2.49256057e+00
  2.97065719e+00  8.95182965e+00  2.43272897e+00
  2.70915243e+00  7.94210799e-01  3.90174022e+00
  3.28714500e+00  4.80421754e-01  4.22614272e+00

molecule   24
  5.15350288e+00  3.30133504e-02  3.50458856e+00
  4.94167809e+00  1.10261227e+00  5.65908141e+00
  6.09827994e+00  2.96225310e+00  4.86068395e+00
  5.88062724e+00  2.07751554e+00  4.28208508e+00
  6.80268553e+00  2.62263113e+00  5.77191661e+00
  7.51261912e+00  3.13931178e+00  5.83198452e+00
  8.08989208e+00  3.77377186e+00  5.12627783e+00
  7.63678652e+00  4.14129981e+00  4.94747715e+00

molecule   25
  1.01595980e+00  6.91758372e+00  8.62531922e+00
  8.95972064e-01  7.28652809e+00  2.44904593e-01
  1.74243303e+00  5.90413453e+00  9.20824709e-01
  1.15896769e+00  7.43445875e+00  2.02663640e+00
  3.87331134e-01  7.92008323e+00  2.18974547e+00
  8.44003757e+00  8.16810572e+00  1.85698609e+00
  8.07582030e+00  8.27329387e+00  1.45516191e+00
  7.75673378e-01  7.68011593e+00  1.22099908e+00

molecule   26
  4.82489961e-02  2.24707434e+00  7.37460007e+00
  8.08961611e+00  2.07082052e+00  8.27109266e+00
  8.42423147e+00  1.44486102e+00  7.57059405e+00
  1.18175587e+00  1.43659014e+00  8.23632844e+00
  1.49225399e+00  2.24091202e+00  8.40376615e+00
  2.76681436e+00  1.87963309e+00  7.59016802e+00
  3.81586488e+00  1.38052887e+00  7.29163988e+00
  2.36620113e+00  1.39945973e+00  6.07476619e+00

molecule   27
  8.22163224e+00  2.76155314e+00  4.25899700e+00
  8.95225345e+00  1.86985362e+00  4.78139073e+00
  2.75580378e+00  2.89927331e+00  3.76227798e+00
  1.36820844e+00  1.86917976e+00  4.52568024e+00
  1.79285283e+00  1.56222068e+00  2.72963469e+00
  1.10172442e+00  8.03452112e-01  3.17125098e+00
  7.19621822e-01  1.53686752e+00  3.03205875e+00
  1.29382591e+00  2.03159140e+00  1.49909162e+00

molecule   28
  6.65835192e+00  5.93571469e+00  4.21453595e+00
  7.33459648e+00  5.75712832e+00  3.36036172e+00
  6.52995698e+00  6.02453055e+00  1.58745000e+00
  5.60122928e+00  4.71545021e+00  1.70812101e+00
  4.31930962e+00  5.97038067e+00  2.67215702e+00
  4.21488176e+00  6.54065003e+00  3.40067604e+00
  3.16954597e+00  6.03499537e+00  4.36775417e+00
  3.19066601e+00  4.62670429e+00  5.18019032e+00

molecule   29
  6.62828458e+00  8.76523486e+00  6.01916690e+00
  7.20717410e+00  4.60474029e-01  6.51615368e+00
  7.58087591e+00  8.73271476e+00  6.53213377e+00
  8.38079900e+00  6.47625887e-01  7.78031614e+00
  7.65444507e+00  8.62588858e+00  8.10786186e+00
  7.91446243e+00  5.21004436e-02  7.89903666e+00
  6.54671104e+00  8.91983896e+00  8.68616307e+00
  7.13744635e+00  7.34808178e+00  8.37471413e+00

molecule   30
  3.92857044e+00  6.29503291e+00  5.42510055e+00
  4.43772345e+00  6.16745639e+00  6.07265287e+00
  4.38083998e+00  7.88960142e+00  6.86297228e+00
  3.72048966e+00  7.35033758e+00  6.94276300e+00
  3.80533571e+00  7.64734945e+00  7.59874664e+00
  5.02100151e+00  7.10127326e-02  6.69199771e+00
  6.37567733e+00  8.94774857e+00  6.94771508e+00
  5.93613624e+00  8.46414806e+00  7.63192793e+00

molecule   31
  4.67764673e+00  2.75536746e-01  1.04198090e+00
  5.86171911e+00  3.64663137e-01  1.76757740e+00
  4.32631795e+00  4.46493575e-01  1.59184102e+00
  2.42428615e+00  2.80508077e-01  2.99685557e-01
  2.46107491e+00  1.38845178e+00  1.79430296e-01
  6.68032968e-01  7.68685342e-01  1.32288116e-01
  6.41341527e-01  2.00290708e-01  1.09257683e+00
  8.78906614e+00  2.36518108e-01  1.43514960e-01

molecule   32
  3.45140909e+00  3.73853156e+00  5.70247170e+00
  3.44527736e+00  4.68329807e+00  5.99570349e+00
  2.21007579e+00  6.24346967e+00  6.83996804e+00
  2.84383601e+00  6.83761128e+00  6.37409630e+00
  2.79484321e+00  7.43439865e+00  5.30112052e+00
  3.09334585e+00  6.85732261e+00  4.93343425e+00
  1.67763155e+00  6.34641030e+00  3.95675903e+00
  2.49282708e+00  6.05871534e+00  4.18226692e+00

molecule   33
  3.89468485e+00  1.41311282e+00  6.39858866e+00
  4.77660409e+00  2.20068012e+00  5.76170026e+00
  4.57619808e+00  2.26343518e+00  4.74782081e+00
  3.50549394e+00  2.72631355e+00  6.13945524e+00
  4.43302243e+00  3.73885821e+00  5.49868872e+00
  4.91215370e+00  2.93877753e+00  4.20606804e+00
  4.51184005e+00  3.85065852e-01  3.99776749e+00
  5.54381505e+00  8.65093637e-01  3.05639889e+00

molecule   34
  6.10451894e+00  4.02584837e+00  7.61052915e+00
  5.30459258e+00  4.45163920e+00  7.27317363e+00
  4.20330672e+00  3.51955150e+00  8.84445756e+00
  5.14662115e+00  2.79549860e+00  2.33691148e-01
  4.95050586e+00  4.07096836e+00  6.60304085e-01
  5.74927172e+00  4.92755594e+00  8.13213232e-01
  4.70044817e+00  4.96290651e+00  2.14117058e+00
  4.16289241e+00  4.51983724e+00  2.44024006e+00

molecule   35
  8.37955546e+00  8.30350492e-01  3.85142292e+00
  7.61754709e+00  3.56626117e-01  3.31399648e+00
  8.61109749e+00  5.29022595e-01  2.63977771e+00
  3.00750669e-01  1.04026421e+00  3.73512383e+00
  7.15957536e+00  1.55848225e+00  3.01196621e+00
  6.46990962e+00  8.17433551e-01  3.22908320e+00
  5.60020517e+00  8.63794879e+00  1.57362062e+00
  4.28247480e+00  7.23913822e+00  2.96082522e+00

molecule   36
  8.89547482e+00  7.28775872e+00  4.42169271e+00
  3.55959850e-01  5.60008392e+00  2.99813775e+00
  1.09247311e+00  6.22254235e+00  2.77337531e+00
  8.54038936e-01  6.41417979e+00  3.48795670e+00
  7.69123613e+00  6.96654539e+00  4.12605621e+00
  8.99577972e+00  6.18963894e+00  3.66890823e+00
  8.11746113e+00  6.53487484e+00  5.46702830e+00
  8.83771897e+00  6.21735632e+00  4.48517326e+00

molecule   37
  1.03022014e+00  1.90612440e+00  6.60134088e-01
  1.98516638e+00  1.67424200e+00  2.29654020e-01
  1.39291419e+00  8.42301504e-01  4.74456663e-01
  1.15855239e+00  1.08834015e+00  1.62665314e+00
  1.52839497e+00  2.04754638e+00  1.77546975e+00
  1.94920615e+00  1.50314720e+00  9.18334165e-01
  2.78437678e+00  8.38532310e+00  1.73852001e+00
  2.61156475e+00  8.59316706e+00  2.08491470e+00

molecule   38
  1.28719646e-01  3.18618681e+00  2.56114340e+00
  8.93615965e+00  3.92335603e+00  2.76502807e+00
  9.89097615e-01  5.30077674e+00  4.26121719e+00
  1.09449582e+00  6.02786424e+00  5.06373230e+00
  1.65888017e-01  5.34177835e+00  4.71905126e+00
  9.78549660e-01  4.25668999e+00  2.55956046e+00
  9.57368385e-01  4.66306889e+00  3.34537593e+00
  3.94830438e-01  3.41760647e+00  3.28362604e+00

molecule   39
  6.14526742e+00  1.80482396e+00  3.20515422e+00
  5.27245223e+00  1.32728678e+00  2.90748701e+00
  6.72429308e+00  1.50881317e+00  1.89687807e+00
  7.43530862e+00  1.96826058e+00  3.22614991e+00
  7.53574440e+00  1.65020463e+00  1.47024424e+00
  6.66888361e+00  1.02239473e-01  2.31188706e+00
  6.13928568e+00  8.54183643e-01  2.20591926e+00
  5.15550693e+00  1.27798464e+00  1.15788016e+00

molecule   40
  4.32711694e+00  4.18638557e+00  1.64931927e+00
  5.47277099e+00  4.36265441e+00  1.11109377e+00
  6.16681483e+00  3.33463975e+00  1.07081135e+00
  6.60881936e+00  2.17816027e+00  1.53304585e+00
  6.16971812e+00  2.25750247e+00  2.23854426e+00
  6.79537047e+00  2.95594232e+00  2.59374722e+00
  8.11999321e+00  4.21593074e+00  2.82154018e+00
  6.79301658e+00  4.53799565e+00  4.57892837e+00

molecule   41
  6.42535087e+00  8.06939209e+00  6.34925705e+00
  6.31555420e+00  7.77395361e+00  6.45599948e+00
  6.52631370e+00  7.83274768e+00  4.91254493e+00
  5.21990187e+00  7.74638685e+00  4.78519414e+00
  4.38219408e+00  8.32039409e+00  5.90833370e+00
  4.63778000e+00  6.92951464e-01  6.55025433e+00
  5.64866350e+00  8.62335033e+00  5.39726235e+00
  5.12579545e+00  3.06190243e-01  4.56977179e+00

molecule   42
  5.12833516e+00  5.69324669e+00  1.41700544e+00
  6.00948931e+00  5.19744130e+00  2.10355575e+00
  4.57682081e+00  3.98210103e+00  3.53117575e+00
  3.78535280e+00  2.95184396e+00  4.72814185e+00
  3.33896708e+00  1.42962641e+00  3.07977003e+00
  4.53573485e+00  8.65766303e-01  3.03106212e+00
  4.60102404e+00  2.26496476e+00  4.30978576e+00
  4.68734758e+00  3.43983202e+00  3.04082219e+00

molecule   43
  1.74333870e+00  1.16609808e+00  3.84266999e+00
  9.81023489e-01  3.94270707e-01  3.77171930e+00
  1.40165726e+00  8.75489962e+00  3.94547066e+00
  1.66444048e+00  8.96512907e+00  3.44291345e+00
  9.68749704e-01  8.72409568e+00  4.42222414e+00
  1.67056361e+00  8.36584211e-01  5.32538452e+00
  1.71247067e+00  8.25622593e-01  6.45580952e+00
  5.33881862e-01  2.31729716e-01  5.01260065e+00

molecule   44
  8.46932982e+00  4.97524585e+00  4.68303163e+00
  7.24720553e+00  5.19371104e+00  4.31212053e+00
  6.12357230e+00  4.63399086e+00  4.74807509e+00
  6.76084927e+00  5.34385067e+00  3.76054949e+00
  6.51381412e+00  3.70406953e+00  3.62288871e+00
  6.61374081e+00  3.39538997e+00  1.95381833e+00
  6.47989444e+00  3.94771009e+00  2.52439765e+00
  8.32931523e+00  3.58562563e+00  1.68683559e+00

molecule   45
  7.59574852e+00  5.28826810e+00  7.60483027e+00
  1.57834476e-01  5.25934680e+00  7.81738396e+00
  5.40934555e-01  6.02613515e+00  7.25879406e+00
  1.79990572e+00  5.34548244e+00  5.80890466e+00
  3.51927566e+00  5.85310913e+00  6.92947311e+00
  2.41771409e+00  6.64469261e+00  6.73181435e-01
  3.08216030e+00  6.20527288e+00  4.82088801e-01
  2.73135216e+00  5.37158177e+00  5.98423533e-01

molecule   46
  7.04458496e+00  5.63681601e+00  7.68181928e+00
  6.18776821e+00  6.39989747e+00  7.70440177e+00
  6.37214382e+00  5.92486324e+00  6.08463455e+00
  6.95763302e+00  6.17515834e+00  6.63620401e+00
  6.45718570e+00  5.76033175e+00  7.13003594e+00
  7.08246806e+00  5.48884701e+00  6.33415859e+00
  7.61524405e+00  6.01294764e+00  7.01767748e+00
  8.69566143e+00  6.25612185e+00  6.66310908e+00

molecule   47
  4.88622709e+00  2.96427921e+00  5.07524604e+00
  3.07453951e+00  3.17980175e+00  4.88653148e+00
  4.06569191e+00  4.50363900e+00  4.96389261e+00
  2.79184926e+00  5.99529016e+00  5.28591039e+00
  2.64380688e+00  5.73387095e+00  6.38681610e+00
  3.35027026e+00  6.51333484e+00  6.96996929e+00
  4.43001093e+00  7.10854581e+00  6.31017677e+00
  3.29846894e+00  5.78588481e+00  6.65082631e+00

molecule   48
  5.52103496e+00  8.56182961e-01  7.07339602e+00
  5.13928459e+00  8.30083610e-01  8.47271541e+00
  5.80783431e+00  1.44190177e+00  8.33646744e+00
  5.94374257e+00  1.28905861e+00  7.41673751e+00
  5.33987200e+00  1.28977364e+00  7.35650265e+00
  7.14809020e+00  1.08225031e+00  6.31242302e+00
  7.88387337e+00  1.39971788e+00  7.72083135e+00
  8.38591593e+00  2.63351199e-02  8.09970581e+00

molecule   49
  6.03473238e+00  6.14048945e+00  4.41372675e+00
  7.94784667e+00  6.16991345e+00  3.99565475e+00
  8.32620842e+00  5.79138679e+00  3.35543111e+00
  8.06585266e+00  6.54846345e+00  2.97115023e+00
  7.72725788e+00  6.36750733e+00  1.09314530e+00
  8.06825805e+00  8.50357051e+00  9.95374893e-01
  5.53497221e-01  8.29448373e+00  3.32644954e-01
  8.97855574e+00  8.66997229e+00  5.85275167e-01

molecule   50
  8.90556463e+00  9.86844028e-01  6.60831339e+00
  8.44383047e+00  3.62682021e-01  6.15126079e+00
  8.01533771e+00  6.42591708e-01  7.29880786e+00
  8.29562353e+00  1.95720464e-01  6.69640457e+00
  7.38279657e+00  7.67353980e+00  7.26767852e+00
  7.23746812e+00  7.25241064e+00  7.30029387e+00
  5.81767499e+00  7.24016769e+00  6.92185540e+00
  5.62169507e+00  8.06073766e+00  8.69642340e+00

molecule   51
  3.56601924e+00  2.07611081e+00  6.76801600e+00
  4.45188290e+00  1.63729877e+00  6.87810585e+00
  4.28945175e+00  3.46848486e-01  6.91756451e+00
  4.19458423e+00  8.74458291e+00  7.32932687e+00
  6.25987912e+00  6.27408553e-01  5.68114279e+00
  6.14823685e+00  1.49510774e+00  4.69808862e+00
  7.04484500e+00  1.56497142e+00  4.58049589e+00
  6.37037076e+00  7.97326844e-01  4.91303806e+00

molecule   52
  2.85555591e+00  4.63571227e+00  6.16292645e+00
  3.04159001e+00  4.63674588e+00  5.62131970e+00
  3.24491689e+00  4.00138608e+00  4.43918488e+00
  2.38037810e+00  4.83174977e+00  4.06308812e+00
  2.32290798e+00  5.67455285e+00  2.74186168e+00
  2.00679464e+00  6.38707694e+00  2.20662198e+00
  2.30963838e+00  6.46016677e+00  3.26593540e+00
  2.37066756e+00  7.64326711e+00  3.73082104e+00

molecule   53
  2.67881813e+00  3.56925002e+00  5.73191365e+00
  2.66640809e+00  4.14362120e+00  6.56388518e+00
  2.31151799e+00  2.64981865e+00  7.01000657e+00
  3.07006101e-01  3.35384316e+00  6.66905928e+00
  8.65446989e+00  3.46313631e+00  6.44799736e+00
  8.74458015e+00  5.11407420e+00  5.43738265e+00
  7.83112109e+00  5.86234624e+00  5.12581653e+00
  5.42448087e-01  6.04893184e+00  4.35207371e+00

molecule   54
  8.44094573e+00  8.06858708e+00  5.18251328e+00
  8.65988802e+00  8.76333726e+00  6.42993570e+00
  1.08452284e+00  1.82762516e-02  5.91415749e+00
  2.84407331e+00  6.36153652e-01  7.48908831e+00
  1.85415648e+00  1.07829862e+00  7.47459193e+00
  8.05704126e-01  1.01221339e+00  6.03915648e+00
  1.65712202e+00  8.38981964e+00  5.72329231e+00
  1.10452069e+00  7.80081961e+00  4.90376707e+00

molecule   55
  2.94997230e-01  2.87137752e+00  3.26775950e-01
  2.89902529e-01  2.33548702e+00  9.71083541e-01
  8.25805771e+00  2.42555880e+00  3.53221489e-01
  4.55271396e-01  3.58841970e+00  1.32162398e+00
  1.56624610e-02  4.90383813e+00  1.60577299e+00
  8.08474355e+00  6.84556361e+00  7.15026279e-01
  7.71765441e+00  6.97981951e+00  8.73735288e+00
  6.79838766e+00  6.53613015e+00  7.79285825e+00

molecule   56
  3.48434114e+00  1.73123231e+00  2.12496911e-01
  5.18823464e+00  2.64765120e+00  1.17459476e+00
  4.72548009e+00  2.89480438e+00  2.33756771e+00
  4.75728655e+00  2.79949642e+00  1.66244275e+00
  3.83564392e+00  2.08700337e+00  2.05991726e+00
  6.03005467e+00  3.15854944e+00  2.75075590e+00
  5.65408302e+00  2.68464869e+00  1.86266714e+00
  5.12188933e+00  3.90115700e+00  4.17422657e+00

molecule   57
  7.32233196e+00  3.36949188e+00  1.50797319e+00
  8.88768967e+00  3.04826012e+00  1.79169494e+00
  8.30221824e+00  1.53332900e+00  1.90958438e+00
  8.70301749e+00  1.53076262e+00  2.31952083e+00
  8.27717102e-01  1.59117704e+00  2.15671081e+00
  1.22721601e+00  1.90849969e+00  2.54103336e+00
  1.38079184e+00  1.58370314e+00  3.32452037e+00
  1.01242718e+00  3.31227517e+00  3.17182336e+00

molecule   58
  2.99383705e-01  2.68738646e+00  6.61425810e+00
  8.88910978e-01  3.18965280e+00  6.48948314e+00
  1.36368321e+00  3.92716547e+00  7.60419076e+00
  1.17735666e+00  2.64523763e+00  6.78280692e+00
  1.67971962e+00  2.97246310e+00  5.97050640e+00
  2.37553796e+00  1.29706087e+00  4.50089505e+00
  2.41828616e+00  2.05580872e+00  3.13127374e+00
  2.16339014e+00  9.46616427e-01  3.23700773e+00

molecule   59
  3.77673732e+00  2.83712262e+00  7.72221704e+00
  2.69279789e+00  3.69946870e+00  7.41127440e+00
  2.87672969e+00  4.28604831e+00  8.26487416e+00
  2.11407495e+00  5.19568101e+00  8.16582810e+00
  2.94819409e+00  5.57964839e+00  8.37985866e+00
  3.13325398e+00  5.40476004e+00  1.12262137e-01
  2.65752597e+00  4.50587267e+00  8.88594683e+00
  3.53197331e+00  5.91627588e+00  7.44471702e+00

molecule   60
  6.74906253e+00  4.08159799e+00  7.02087139e+00
  7.16667235e+00  3.42552854e+00  7.93440466e+00
  7.91869933e+00  5.35902062e+00  7.95559099e+00
  7.45401808e+00  5.34496796e+00  8.91217117e+00
  8.42095022e+00  6.59328677e+00  8.39223448e+00
  8.75665949e+00  6.81953811e+00  1.01823791e-01
  3.50902208e-01  7.18914608e+00  8.31541855e+00
  7.77800455e+00  8.24250529e+00  8.53950584e+00

molecule   61
  4.25259831e+00  2.52108681e+00  3.74484117e+00
  3.01286558e+00  2.59183778e+00  2.63919829e+00
  4.09651195e+00  2.81502096e+00  2.74058733e+00
  4.12603876e+00  2.31419545e+00  3.15476688e+00
  3.86401900e+00  1.37761039e+00  2.20041700e+00
  3.59847489e+00  1.35738286e+00  2.39621625e+00
  3.75409546e+00  1.33178757e+00  1.17508808e+00
  3.34275978e+00  3.41901518e+00  1.48037752e+00

molecule   62
  6.19668323e+00  2.61719321e+00  6.37871921e+00
  5.52953902e+00  2.22126064e+00  6.53295436e+00
  6.46370133e+00  8.69423132e-01  7.55314012e+00
  6.45205262e+00  1.30193660e+00  6.61359088e+00
  5.76581867e+00  1.98600389e+00  7.05087650e+00
  5.05220995e+00  3.04431008e+00  7.14111641e+00
  5.95497670e+00  3.24434100e+00  7.06823064e+00
  4.26504762e+00  2.39130761e+00  6.89281731e+00

molecule   63
  8.62565863e-01  7.87986115e+00  8.59201941e+00
  7.36944366e-01  8.37885320e+00  8.46739777e+00
  2.13003702e+00  7.94338536e+00  8.32065706e+00
  1.64464331e+00  6.76802812e+00  7.50780310e+00
  1.38250297e+00  7.44635832e+00  8.23273796e+00
  7.83101933e-01  6.57982175e+00  7.93033812e+00
  6.26275560e-01  5.58663298e+00  2.84728537e-01
  1.21628306e+00  5.20643507e+00  8.71995223e+00

molecule   64
  6.78738172e+00  5.29529190e+00  2.46341920e+00
  6.81632587e+00  4.36767662e+00  2.23215301e+00
  8.33306657e+00  4.14471187e+00  2.06316552e+00
  8.22074542e+00  4.85361586e+00  9.54325212e-01
  6.93058315e+00  4.73306468e+00  1.72050484e+00
  7.32295866e+00  4.37544681e+00  1.34355325e+00
  8.19181749e+00  4.93288824e+00  1.61804193e+00
  7.28824425e+00  4.17768852e+00  2.53045256e+00

molecule   65
  1.69308266e+00  2.59069948e+00  8.37210362e+00
  2.32921563e-01  3.84945113e+00  7.96976783e+00
  1.74368131e-01  3.69920078e+00  7.67191133e+00
  9.61950039e-01  3.62452321e+00  5.92980174e+00
  8.68488883e+00  3.91166160e+00  6.98839069e+00
  8.89902738e+00  4.40761858e+00  6.54294274e+00
  9.35059847e-02  4.41652483e+00  5.94296583e+00
  8.97507465e+00  5.61443271e+00  3.96164492e+00

molecule   66
  2.76807711e+00  8.91435625e+00  5.42255169e+00
  3.03016773e+00  6.28801237e-01  5.06341061e+00
  2.70012014e+00  1.69337843e+00  5.07843236e+00
  2.20139786e+00  1.68008702e+00  5.61670180e+00
  2.79406900e+00  1.00627508e+00  4.29492946e+00
  1.96627479e+00  2.50652299e+00  3.76520669e+00
  1.95113362e+00  2.26814672e-01  5.53020409e+00
  1.57545032e+00  2.97123309e-01  4.58462100e+00

molecule   67
  1.94706593e+00  7.26717260e-01  3.94590434e+00
  8.89010267e+00  1.52572315e+00  4.38898266e+00
  9.45310698e-01  2.34053856e+00  3.56726487e+00
  1.36869047e+00  3.94688053e+00  4.13633966e+00
  1.67272434e+00  4.61477010e+00  4.08186520e+00
  1.45024099e+00  4.52594357e+00  4.71049387e+00
  1.16188084e+00  4.51453835e+00  5.69154419e+00
  5.48998792e-01  4.34426810e+00  4.37160613e+00

molecule   68
  2.39712353e+00  3.23803568e+00  8.79155508e+00
  2.29585722e+00  2.08674212e+00  1.30493698e-01
  1.62394900e+00  1.45414565e+00  8.68536999e+00
  5.19416312e-01  2.03628345e+00  8.83121902e+00
  7.74654572e-01  3.56939201e+00  5.97146797e-02
  5.88685437e-01  2.75789457e+00  8.30842584e+00
  1.53199585e+00  3.13086589e+00  4.18146314e-01
  3.19396522e+00  2.20782457e+00  6.27792083e-01

molecule   69
  7.34365991e+00  5.12114073e-01  2.89798579e+00
  7.52530405e+00  8.46589795e+00  3.79513616e+00
  6.93243477e+00  9.97013576e-01  3.78146526e+00
  5.95833320e+00  8.62283244e+00  4.06937899e+00
  5.09675080e+00  3.26668754e-02  5.41367195e+00
  4.53995225e+00  7.62090796e-01  5.18126056e+00
  5.90661256e+00  8.87786286e+00  4.86450778e+00
  5.50243804e+00  8.86323735e+00  2.84353604e+00

molecule   70
  8.97712615e+00  7.33363065e+00  1.39053591e+00
  1.00371447e+00  6.90441428e+00  6.79543283e-01
  3.98011175e-01  7.16671561e+00  1.22997544e+00
  2.43270245e+00  8.83536047e+00  1.56676782e+00
  1.58381956e+00  8.44739145e+00  2.20783631e+00
  2.53505662e+00  1.26284330e-01  2.72949460e+00
  3.27378053e+00  8.07535479e+00  2.94611676e+00
  2.73031847e+00  8.87444486e+00  4.32301677e+00

molecule   71
  2.97204245e+00  7.98408891e+00  2.63229735e+00
  2.24799850e+00  8.41925484e+00  3.65692711e+00
  7.93161691e-01  8.35707066e+00  3.95939031e+00
  5.60417903e-01  7.65087477e+00  5.48787959e+00
  1.41786968e-01  6.59883459e+00  6.57933220e+00
  7.96274108e-01  7.80747463e+00  7.00912747e+00
  1.20392151e+00  8.16067668e+00  7.67875885e+00
  7.25668897e-01  1.62633028e-01  7.80906260e+00

molecule   72
  5.72490293e+00  5.10907536e+00  7.18708553e+00
  6.38126598e+00  5.48549426e+00  7.92303439e+00
  5.48487091e+00  5.40127803e+00  7.18054116e+00
  5.29380418e+00  6.17907591e+00  6.71026605e+00
  4.59970589e+00  6.06329200e+00  7.76782855e+00
  4.58069691e+00  8.13666144e+00  7.43149883e+00
  3.79826262e+00  3.03268490e-02  7.82561164e+00
  3.36338022e+00  8.77050529e+00  8.38170081e+00

molecule   73
  6.80193930e+00  1.21111157e+00  7.42792138e+00
  6.12139573e+00  7.38028208e-01  8.02651349e+00
  5.23895994e+00  8.34465873e+00  5.81732755e+00
  5.27482398e+00  6.53925724e+00  5.97271196e+00
  7.45166652e+00  6.68509788e+00  6.39225249e+00
  6.10861836e+00  6.55105166e+00  6.42417963e+00
  4.03876916e+00  6.98622774e+00  5.11659220e+00
  4.15576844e+00  6.31345773e+00  4.45186157e+00

molecule   74
  3.73963292e+00  2.11739236e-01  2.38056238e+00
  4.23106377e+00  8.16394588e+00  2.71623417e+00
  5.99332907e+00  1.61083681e-01  3.09834224e+00
  5.66857663e+00  7.71606109e+00  3.44028277e+00
  7.01747854e+00  7.40638820e+00  2.56837883e+00
  6.51638608e+00  6.84141236e+00  2.33226348e+00
  6.20042857e+00  7.59196442e+00  2.13939241e+00
  7.82449004e+00  7.90906738e+00  2.31318756e+00

molecule   75
  6.66501077e+00  8.84690966e+00  5.14017873e+00
  8.42069502e+00  1.47504655e+00  5.76406720e+00
  2.28623206e-01  4.09496377e-01  6.28955554e+00
  8.54087634e+00  8.72372460e+00  7.17465880e+00
  8.34979789e+00  7.43204334e+00  7.69455190e+00
  8.36604080e+00  7.62084906e+00  6.98652297e+00
  7.93190031e+00  7.36157386e+00  8.32341393e+00
  8.97644785e+00  6.07238598e+00  8.48641524e+00

molecule   76
  3.49685841e+00  5.17179278e+00  4.74003208e+00
  1.92892526e+00  5.39680065e+00  4.41756967e+00
  2.40716094e+00  5.01996312e+00  3.36869027e+00
  2.31352758e+00  4.21700260e+00  2.49241467e+00
  3.92976196e+00  3.66297746e+00  1.69246774e+00
  3.03328686e+00  2.45648713e+00  2.07382224e+00
  3.35228683e+00  2.12140767e+00  3.55478695e+00
  4.50351937e+00  2.96562550e+00  3.77444224e+00

molecule   77
  1.54724685e+00  6.71555577e+00  1.26658108e+00
  1.71432053e+00  6.82974838e+00  2.05473752e+00
  1.79468576e+00  7.51548860e+00  2.41202310e+00
  1.59230293e+00  7.32561396e+00  6.54800785e-01
  1.87271672e+00  8.32944550e+00  5.46473478e-01
  9.90175218e-01  8.13411897e+00  1.26739110e+00
  2.52244912e+00  8.12280494e+00  1.87076752e+00
  3.08921078e+00  7.66403486e+00  2.18922239e+00

molecule   78
  8.42938758e+00  6.24871071e+00  6.94809096e-01
  7.66273978e+00  7.29951588e+00  1.33085887e+00
  8.53305871e+00  6.78133533e+00  1.65924071e+00
  7.47659770e+00  7.26098971e+00  1.54540600e+00
  5.48037030e+00  6.50001243e+00  1.03831946e+00
  4.50136735e+00  5.68244674e+00  1.98620709e+00
  3.73420817e+00  5.98536256e+00  2.06379164e+00
  3.63470273e+00  6.32756290e+00  1.33712828e+00

molecule   79
  7.20863674e+00  1.16494461e+00  5.60239459e+00
  5.49012874e+00  1.15477199e+00  4.92178490e+00
  7.96969905e+00  8.85779673e+00  5.79680053e+00
  8.27204202e+00  8.76442479e+00  4.55858207e+00
  9.77957099e-01  8.25963882e+00  5.00562789e+00
  1.15168680e+00  7.62674682e+00  3.71268548e+00
  3.71167124e-01  6.65025965e+00  3.60224900e+00
  1.55325219e+00  6.57106253e+00  4.30915740e+00

molecule   80
  2.15172644e+00  8.37841821e+00  7.25866560e+00
  1.86795567e+00  1.61666586e+00  7.50373733e+00
  2.39903007e+00  2.11615225e+00  5.96750279e+00
  1.93853523e+00  2.01704632e+00  7.15777328e+00
  1.23443506e+00  1.36949793e+00  7.39807607e+00
  5.55214281e-01  1.03677933e+00  7.95356995e+00
  8.35595827e+00  2.52302892e+00  7.53010933e+00
  8.30188211e+00  2.53630172e+00  8.38451043e+00

molecule   81
  4.69557119e+00  1.60097105e+00  8.63367707e+00
  3.54141838e+00  7.73051263e-01  7.92923141e+00
  4.28149683e+00  1.46465363e+00  8.08249984e+00
  4.45833305e+00  2.39654533e+00  8.12135691e+00
  5.51098056e+00  3.22143753e+00  6.55843392e+00
  3.77944542e+00  3.45566807e+00  6.16901002e+00
  4.17451339e+00  3.92811712e+00  5.90284693e+00
  5.03174641e+00  4.46511377e+00  6.07530504e+00

molecule   82
  8.38837440e+00  5.08937586e+00  3.43168102e+00
  8.98999181e+00  4.75833068e+00  3.87220341e+00
  8.11183585e+00  6.11467385e+00  2.23655655e+00
  7.89576433e+00  5.79694545e+00  2.15266602e+00
  8.29421562e+00  5.10562471e+00  1.15956544e+00
  8.97631388e+00  4.68503610e+00  1.04526000e+00
  8.42472183e+00  5.15905231e+00  4.18849411e-01
  7.48205353e+00  4.90076109e+00  4.24288787e-01

molecule   83
  7.24029368e+00  8.06590819e+00  8.15699838e+00
  7.95249040e+00  7.80788373e+00  7.91518475e+00
  2.84364404e-01  8.27353275e+00  8.19176513e+00
  2.81201730e-01  9.96364830e-01  8.50719085e+00
  8.19847847e+00  1.27723347e+00  8.13219159e+00
  8.81777001e+00  1.02665844e+00  8.07617254e+00
  8.95853240e+00  1.40945443e+00  7.49767862e+00
  8.16761375e+00  1.45901106e+00  6.93579773e+00

molecule   84
  5.14522522e+00  2.29044125e+00  8.32275872e+00
  5.60236981e+00  1.17353203e+00  3.55477516e-01
  5.36673628e+00  8.52987808e-01  8.69002570e+00
  5.47879476e+00  1.47733030e+00  7.87772511e-01
  5.02956510e+00  7.83370234e-01  6.63276606e-01
  4.67472280e+00  8.93212498e+00  1.37718498e-01
  5.30624485e+00  8.56688710e+00  1.00934775e+00
  6.12702351e+00  8.79186990e+00  9.97163568e-01

molecule   85
  4.92235941e+00  6.96333376e+00  8.36581084e+00
  4.50744608e+00  6.35944349e+00  8.10968592e+00
  4.65328320e+00  5.92255939e+00  7.12736756e+00
  4.26173711e+00  5.26538890e+00  6.79578170e+00
  4.37286150e+00  5.95920388e+00  8.42249163e+00
  5.33465027e+00  5.27899488e+00  8.66284329e+00
  5.04692583e+00  4.82438312e+00  6.04166806e-01
  3.80474863e+00  4.29525886e+00  3.12520690e+00

molecule   86
  7.27644194e+00  6.18270831e+00  1.75551926e-01
  7.05662125e+00  6.90728504e+00  8.98541189e+00
  5.91806184e+00  7.55029673e+00  3.10726762e-01
  6.09127197e+00  6.92513273e+00  2.92557624e-01
  6.13747843e+00  6.57674283e+00  1.70293375e-01
  5.27606055e+00  7.08676331e+00  8.98580159e+00
  8.16770115e+00  8.27182043e+00  8.92329307e+00
  1.81220215e+00  1.19819605e-01  8.42908566e+00

molecule   87
  5.41770109e+00  3.61695203e+00  8.71672717e+00
  5.79593080e+00  3.28717993e+00  8.53817576e+00
  6.00879538e+00  2.58369525e+00  1.78887044e-01
  6.11591281e+00  3.18034626e+00  7.46501767e+00
  6.56825287e+00  2.46231855e+00  7.04173520e+00
  6.25120153e+00  1.47903839e+00  6.30025975e+00
  5.69549503e+00  2.57752111e+00  5.62435496e+00
  5.27973494e+00  2.87318886e+00  6.38583837e+00

molecule   88
  8.38310510e+00  1.02160033e+00  6.14209989e+00
  2.93829095e-01  9.22100156e-01  5.53320757e+00
  7.45117836e-01  1.78007308e+00  4.51020338e+00
  1.82336901e+00  1.52381768e+00  4.57892857e+00
  1.28292926e+00  2.34611640e+00  5.33118550e+00
  6.45020275e-01  2.72825027e+00  5.61778500e+00
  8.95739766e+00  2.91418003e+00  5.82694203e+00
  8.57570797e+00  2.55492015e+00  5.91082263e+00

molecule   89
  5.93241718e+00  5.30628523e+00  1.67264333e+00
  7.25678509e+00  5.39700212e+00  2.09210209e+00
  7.50441999e+00  6.34909707e+00  1.34825950e+00
  7.37576430e+00  7.48610245e+00  2.71479074e+00
  6.69791701e+00  8.15039561e+00  3.41426446e+00
  7.71776234e+00  8.82949839e+00  5.47728797e+00
  6.93866948e+00  6.40316016e-01  5.77545304e+00
  7.41985701e+00  1.78765544e+00  6.41192801e+00

molecule   90
  1.92074383e+00  5.27063404e+00  7.25135173e+00
  2.79198460e+00  4.58484427e+00  7.08509147e+00
  2.84765450e+00  2.76899230e+00  6.88271188e+00
  3.42307109e+00  2.96464448e+00  6.86835291e+00
  4.35133095e+00  3.78383616e+00  6.83492467e+00
  4.51137396e+00  4.27493612e+00  8.42528671e+00
  4.80445493e+00  3.72954910e+00  8.34978441e+00
  4.40927341e+00  3.04707463e+00  7.98454529e+00

molecule   91
  6.01760621e+00  8.68239713e+00  8.50908796e+00
  5.39997251e+00  8.59015016e+00  2.09753036e-01
  3.87259562e+00  8.18028189e+00  9.77483156e-01
  3.66517688e+00  8.11741878e+00  2.83575982e-02
  2.89531330e+00  7.73263372e+00  2.16511078e-01
  3.03392038e+00  7.27376647e+00  1.18410512e+00
  3.11498407e+00  8.05518567e+00  1.67055790e+00
  3.77928000e+00  8.10993985e+00  2.10882847e+00

molecule   92
  7.03351317e+00  9.80686573e-02  3.61914808e+00
  6.71999888e+00  8.26415115e+00  4.31288077e+00
  6.62699050e+00  6.41020110e+00  3.69259569e+00
  6.96603815e+00  7.52198917e+00  3.34906075e+00
  7.52647482e+00  8.26593074e+00  3.07532276e+00
  7.89450914e+00  7.85476142e+00  3.52940116e+00
  8.93499002e+00  7.13788756e+00  2.16368497e+00
  7.34879337e+00  7.43126856e+00  1.00883181e+00

molecule   93
  3.52470179e+00  3.13560092e+00  1.45370860e+00
  3.66485079e+00  3.22742641e+00  9.83656888e-01
  2.91792205e+00  2.99015918e+00  3.91956655e-01
  3.45363535e+00  3.08410082e+00  4.81097785e-01
  4.00249672e+00  3.54538573e+00  1.26192296e+00
  5.20589543e+00  4.00261451e+00  2.66842558e+00
  5.94300477e+00  4.70171758e+00  2.90835799e+00
  5.87732959e+00  4.90863208e+00  3.68362878e+00

molecule   94
  2.98427608e+00  7.51124129e+00  8.28015330e+00
  1.79106121e+00  7.84374638e+00  6.58926620e+00
  2.16799523e+00  1.71014469e+00  8.36830629e+00
  2.45572743e+00  2.89878518e+00  8.90545140e+00
  2.85632399e+00  2.31540122e+00  8.07103691e+00
  3.22589142e+00  1.55568757e+00  7.50618292e+00
  3.72276452e+00  1.97653646e+00  8.84536932e+00
  5.68834352e+00  3.16084654e+00  7.69055483e-01

molecule   95
  1.96838613e+00  3.87859936e+00  5.55480907e+00
  2.08629470e+00  4.27867008e+00  6.87442207e+00
  1.18730770e+00  4.34118094e+00  6.41089957e+00
  5.30970300e-01  4.60830166e+00  6.81827002e+00
  1.10269577e+00  6.61510657e+00  6.92827094e+00
  1.11067422e+00  7.36176420e+00  6.29295901e+00
  1.54711239e+00  6.31053849e+00  5.75969814e+00
  1.31771128e+00  3.87774483e+00  5.37921515e+00

molecule   96
  3.13734702e-01  8.67294308e+00  1.81553096e+00
  8.89373658e+00  5.08577681e-01  1.83896961e+00
  8.42926753e+00  8.76500590e-01  2.97613009e+00
  7.97844882e+00  4.90415546e-01  1.30116948e+00
  7.64385857e+00  6.82863477e-01  6.05207272e-01
  6.73489027e+00  7.01341080e-01  8.43581386e+00
  7.01077120e+00  1.72942554e+00  1.01579939e+00
  6.37481959e+00  2.52523451e+00  8.41499607e+00

molecule   97
  7.77829399e+00  2.25223449e+00  5.24970856e+00
  7.50405714e+00  3.59963440e+00  6.85206996e+00
  6.81598114e+00  3.22620549e+00  6.33001080e+00
  6.99946168e+00  3.97337132e+00  5.43838540e+00
  6.35724370e+00  3.92954007e+00  5.02003444e+00
  6.24846823e+00  3.83288760e+00  6.74222050e+00
  5.89942068e+00  4.85779386e+00  6.99772454e+00
  5.71106198e+00  5.74410322e+00  6.50614094e+00

molecule   98
  1.64621084e+00  5.90061240e+00  4.91554606e-01
  1.77706017e+00  5.91067016e+00  1.32421085e+00
  1.26622423e+00  5.91572216e+00  1.82333184e+00
  7.84101652e-01  5.68793017e+00  2.72680100e+00
  9.24960623e-01  4.67534699e+00  1.24976535e+00
  1.76056913e+00  5.09810896e+00  1.23379989e+00
  1.20133887e+00  5.18404268e+00  1.85067639e+00
  2.06292374e+00  5.22104475e+00  2.53452496e+00

molecule   99
  1.82287954e+00  3.69570767e+00  1.23520534e+00
  3.18384584e-01  4.29374413e+00  2.11092051e+00
  1.51285675e-01  4.33452090e+00  2.92702596e+00
  7.50257215e+00  5.25759017e+00  1.76596638e+00
  6.69658805e+00  4.13545503e+00  3.94684665e+00
  5.75659407e+00  3.70901993e+00  3.34800324e+00
  6.52537805e+00  2.71239948e+00  4.51193162e+00
  7.37670724e+00  2.70774977e+00  4.12267899e+00

LINKS

nLink               67
       0      48       1          0      48       4          0
       0       2       3          0       9       3          0
       0      61       5          0      76       5          0
       0      50       4          0      75       5          0
       0       2       2          0      81       4          0
       0      23       7          0      33       6          0
       0      78       1          0      99       3          0
       0      50       3          0      75       2          0
       0      58       5          0      66       4          0
       0      66       4          0      70       7          0
       0      29       3          0      83       5          0
       0      23       2          0      57       4          0
       0      50       0          0      83       7          0
       0      36       7          0      65       7          0
       0      58       1          0      58       3          0
       0      85       3          0      97       7          0
       0      59       4          0      90       1          0
       0      28       6          0      52       6          0
       0      38       2          0      82       1          0
       0      65       7          0      82       0          0
       0      36       6          0      71       3          0
       0      39       7          0      84       3          0
       0      25       3          0      70       0          0
       0      52       3          0      95       0          0
       0       0       6          0      41       5          0
       0      82       2          0      92       7          0
       0      38       7          0      57       5          0
       0      13       4          0      88       2          0
       0      71       0          0      91       6          0
       0      84       2          0      84       5          0
       0      21       7          0      59       6          0
       0      32       2          0      95       4          0
       0      32       2          0      95       6          0
       0       4       1          0       4       3          0
       0      62       4          0      87       5          0
       0      84       1          0      84       5          0
       0      47       3          0      59       7          0
       0      85       6          0      90       6          0
       0      24       7          0      40       7          0
       0      19       6          0      40       7          0
       0      10       0          0      17       6          0
       0      10       0          0      17       7          0
       0      17       4          0      47       7          0
       0       6       4          0      34       6          0
       0      34       6          0      85       6          0
       0      47       2          0      53       0          0
       0      15       4          0      73       5          0
       0      12       7          0      24       6          0
       0      12       4          0      12       7          0
       0       6       5          0      89       1          0
       0      20       0          0      74       6          0
       0      14       1          0      67       3          0
       0      40       3          0      40       5          0
       0       8       5          0      35       1          0
       0       8       5          0      43       0          0
       0       3       0          0      54       0          0
       0      48       0          0      69       5          0
       0      26       2          0      80       5          0
       0      26       3          0      80       4          0
       0      26       3          0      80       5          0
       0       7       6          0      89       3          0
       0      54       2          0      79       3          0
       0      37       1          0      37       5          0
       0      31       0          0      31       2          0
       0      20       4          0      74       5          0
       0      20       4          0      31       1          0
       0      27       2          0      76       5          0
